11-20-2017,16:21:05
Wavenumber(cm-1),Intensity
 250 , 10 
 251 , 10 
 252 , 10 
 253 , 10 
 254 , 10 
 255 , 35.4296875 
 256 , 20.9609375 
 257 , 14.67578125 
 258 , 25.69140625 
 259 , 39.78125 
 260 , 36.3984375 
 261 , 9.515625 
 262 ,-18.94921875 
 263 ,-28.80078125 
 264 ,-16.1953125 
 265 , 7.3984375 
 266 , 31.37109375 
 267 , 53.73046875 
 268 , 74.90625 
 269 , 95.4453125 
 270 , 110.69921875 
 271 , 113.63671875 
 272 , 98.78125 
 273 , 69.68359375 
 274 , 32.86328125 
 275 ,-0.7734375 
 276 ,-16.05859375 
 277 ,-2.9453125 
 278 , 25.9296875 
 279 , 51.76171875 
 280 , 65.51953125 
 281 , 76.87109375 
 282 , 98.31640625 
 283 , 135.9453125 
 284 , 185.359375 
 285 , 240.4296875 
 286 , 295.4375 
 287 , 343.80078125 
 288 , 377.97265625 
 289 , 393.10546875 
 290 , 385.84765625 
 291 , 362.69140625 
 292 , 338.28515625 
 293 , 325.37109375 
 294 , 320.7421875 
 295 , 313.7421875 
 296 , 296.55859375 
 297 , 267.546875 
 298 , 226.03125 
 299 , 179.0625 
 300 , 145.984375 
 301 , 144.63671875 
 302 , 167.26953125 
 303 , 190.625 
 304 , 197.7578125 
 305 , 194.79296875 
 306 , 192.99609375 
 307 , 195.07421875 
 308 , 193.203125 
 309 , 180.23046875 
 310 , 160.3828125 
 311 , 143.6796875 
 312 , 137.734375 
 313 , 142.57421875 
 314 , 156.74609375 
 315 , 177.58984375 
 316 , 197.8359375 
 317 , 209.8828125 
 318 , 216.65234375 
 319 , 230.9296875 
 320 , 262.51953125 
 321 , 303.1875 
 322 , 338.59375 
 323 , 362.44140625 
 324 , 383.68359375 
 325 , 412.50390625 
 326 , 450.546875 
 327 , 492.2734375 
 328 , 532.26171875 
 329 , 567.0390625 
 330 , 593.80859375 
 331 , 610.890625 
 332 , 619.76171875 
 333 , 622.46484375 
 334 , 621.73828125 
 335 , 620.9609375 
 336 , 623.26953125 
 337 , 629.30859375 
 338 , 638.453125 
 339 , 648.74609375 
 340 , 655.234375 
 341 , 652.63671875 
 342 , 638.671875 
 343 , 614.34765625 
 344 , 581.046875 
 345 , 541.47265625 
 346 , 498.81640625 
 347 , 456.03125 
 348 , 415.76953125 
 349 , 380.66015625 
 350 , 351.69921875 
 351 , 327.9453125 
 352 , 308.43359375 
 353 , 293.03125 
 354 , 281.9375 
 355 , 274.89453125 
 356 , 270.2734375 
 357 , 266.23828125 
 358 , 261.3203125 
 359 , 254.46484375 
 360 , 245.06640625 
 361 , 235.36328125 
 362 , 228.75 
 363 , 227.59765625 
 364 , 232.1171875 
 365 , 242.2890625 
 366 , 257.60546875 
 367 , 276.6953125 
 368 , 297.9609375 
 369 , 318.91015625 
 370 , 336.85546875 
 371 , 350.84765625 
 372 , 363.7890625 
 373 , 378.90625 
 374 , 395.76953125 
 375 , 410.56640625 
 376 , 420.61328125 
 377 , 430.875 
 378 , 449.1328125 
 379 , 476.54296875 
 380 , 500.08203125 
 381 , 505.67578125 
 382 , 491.765625 
 383 , 467.16015625 
 384 , 440.65625 
 385 , 420.1015625 
 386 , 413.3203125 
 387 , 422.1875 
 388 , 435.890625 
 389 , 442.19140625 
 390 , 432.8046875 
 391 , 403.30859375 
 392 , 354.33203125 
 393 , 307.49609375 
 394 , 289.546875 
 395 , 306.51953125 
 396 , 331.328125 
 397 , 336.41796875 
 398 , 321.63671875 
 399 , 304.41796875 
 400 , 297.21484375 
 401 , 294.05859375 
 402 , 285.3203125 
 403 , 271.14453125 
 404 , 263.37890625 
 405 , 272.28125 
 406 , 289.14453125 
 407 , 295.109375 
 408 , 281.69921875 
 409 , 271.82421875 
 410 , 293.4140625 
 411 , 348.234375 
 412 , 409.796875 
 413 , 453.4921875 
 414 , 476.796875 
 415 , 486.36328125 
 416 , 488.8828125 
 417 , 489.6015625 
 418 , 492.52734375 
 419 , 494.34765625 
 420 , 488.203125 
 421 , 468.78515625 
 422 , 433.921875 
 423 , 380.52734375 
 424 , 318.90625 
 425 , 283.484375 
 426 , 306.45703125 
 427 , 364.4296875 
 428 , 398.3125 
 429 , 367.046875 
 430 , 297.28125 
 431 , 231.3359375 
 432 , 187.640625 
 433 , 153.65625 
 434 , 117.89453125 
 435 , 91.87890625 
 436 , 95.7578125 
 437 , 135.671875 
 438 , 183.63671875 
 439 , 208.171875 
 440 , 210.3203125 
 441 , 222.5078125 
 442 , 270.25390625 
 443 , 335.66015625 
 444 , 386.6640625 
 445 , 406.7734375 
 446 , 406.0234375 
 447 , 396.421875 
 448 , 382.484375 
 449 , 364.078125 
 450 , 340.58203125 
 451 , 311.97265625 
 452 , 279.73828125 
 453 , 246.52734375 
 454 , 214.6484375 
 455 , 186.3828125 
 456 , 165.9921875 
 457 , 157.62109375 
 458 , 162.07421875 
 459 , 173.4453125 
 460 , 185.30859375 
 461 , 194.5703125 
 462 , 201.171875 
 463 , 205.89453125 
 464 , 212.88671875 
 465 , 227.07421875 
 466 , 242.47265625 
 467 , 238.65625 
 468 , 196.68359375 
 469 , 129.73046875 
 470 , 65.01171875 
 471 , 22.5625 
 472 , 5.7578125 
 473 , 15.7265625 
 474 , 48.02734375 
 475 , 93.91015625 
 476 , 144.515625 
 477 , 188.63671875 
 478 , 212.625 
 479 , 217.03125 
 480 , 220.1328125 
 481 , 239.5390625 
 482 , 269.75 
 483 , 291.75 
 484 , 292.1796875 
 485 , 275.5703125 
 486 , 251.546875 
 487 , 229.3125 
 488 , 218.62890625 
 489 , 227.15625 
 490 , 249.82421875 
 491 , 275.91015625 
 492 , 301.3203125 
 493 , 333.84375 
 494 , 381.34765625 
 495 , 433.73828125 
 496 , 466.83203125 
 497 , 465.51171875 
 498 , 444.97265625 
 499 , 429.38671875 
 500 , 437.7734375 
 501 , 478.1484375 
 502 , 548.78515625 
 503 , 621.66796875 
 504 , 668.1953125 
 505 , 680.21484375 
 506 , 671.75 
 507 , 654.5234375 
 508 , 631.578125 
 509 , 605.4765625 
 510 , 577.6953125 
 511 , 543.10546875 
 512 , 494.7578125 
 513 , 448.8984375 
 514 , 440.53125 
 515 , 489.6015625 
 516 , 558.546875 
 517 , 597.81640625 
 518 , 584.67578125 
 519 , 527.67578125 
 520 , 440.953125 
 521 , 358.11328125 
 522 , 319.05078125 
 523 , 335.8828125 
 524 , 372.3515625 
 525 , 390.609375 
 526 , 386.39453125 
 527 , 372.6953125 
 528 , 360.5703125 
 529 , 357.65625 
 530 , 371.359375 
 531 , 398.99609375 
 532 , 428.90625 
 533 , 450.7265625 
 534 , 462.3515625 
 535 , 466.24609375 
 536 , 468.9140625 
 537 , 479.12109375 
 538 , 501.48828125 
 539 , 525.671875 
 540 , 538.3828125 
 541 , 535.16796875 
 542 , 525.51171875 
 543 , 518.30078125 
 544 , 517.734375 
 545 , 523.80859375 
 546 , 532.81640625 
 547 , 534.09765625 
 548 , 519.97265625 
 549 , 499.140625 
 550 , 491.0859375 
 551 , 507.40625 
 552 , 535.1640625 
 553 , 558.93359375 
 554 , 570.60546875 
 555 , 570.0390625 
 556 , 559.4453125 
 557 , 554.48046875 
 558 , 572.4375 
 559 , 615.8984375 
 560 , 666.74609375 
 561 , 709.5625 
 562 , 729.69140625 
 563 , 705.2421875 
 564 , 628.66796875 
 565 , 540.765625 
 566 , 492.91015625 
 567 , 497.5625 
 568 , 534.34765625 
 569 , 581.90234375 
 570 , 622.140625 
 571 , 636.83203125 
 572 , 626.25390625 
 573 , 615.28125 
 574 , 628.84375 
 575 , 662.8046875 
 576 , 695.63671875 
 577 , 708.3359375 
 578 , 692.5859375 
 579 , 648.15625 
 580 , 593.94921875 
 581 , 555.8046875 
 582 , 545.97265625 
 583 , 552.609375 
 584 , 562.78125 
 585 , 568.5 
 586 , 563.47265625 
 587 , 546.1484375 
 588 , 527.0234375 
 589 , 514.76953125 
 590 , 509.99609375 
 591 , 510.15625 
 592 , 509.91015625 
 593 , 489.28515625 
 594 , 428.7890625 
 595 , 340.0625 
 596 , 261.14453125 
 597 , 217.6953125 
 598 , 190.3046875 
 599 , 152.27734375 
 600 , 104.69140625 
 601 , 78.31640625 
 602 , 95.5390625 
 603 , 137.30859375 
 604 , 172.95703125 
 605 , 190.984375 
 606 , 203.53125 
 607 , 217.0859375 
 608 , 225.14453125 
 609 , 221.265625 
 610 , 204.37109375 
 611 , 178.9375 
 612 , 153.78515625 
 613 , 144.4140625 
 614 , 165.48828125 
 615 , 218.4921875 
 616 , 282.578125 
 617 , 338.11328125 
 618 , 391.2421875 
 619 , 458.17578125 
 620 , 539.59765625 
 621 , 611.96875 
 622 , 660.40234375 
 623 , 691.80859375 
 624 , 723.1953125 
 625 , 761.34375 
 626 , 795.015625 
 627 , 811.96484375 
 628 , 800.6484375 
 629 , 749.625 
 630 , 659.421875 
 631 , 575.984375 
 632 , 551.12109375 
 633 , 585.6640625 
 634 , 631.74609375 
 635 , 652.99609375 
 636 , 648.92578125 
 637 , 620.41015625 
 638 , 572.08984375 
 639 , 523.3359375 
 640 , 498.76953125 
 641 , 497.2109375 
 642 , 502.58984375 
 643 , 504.9921875 
 644 , 509.45703125 
 645 , 523.59765625 
 646 , 541.05078125 
 647 , 547.4765625 
 648 , 537.4296875 
 649 , 522.33203125 
 650 , 513.12890625 
 651 , 498.74609375 
 652 , 461.1171875 
 653 , 396.71875 
 654 , 322.640625 
 655 , 254.82421875 
 656 , 204.1796875 
 657 , 178.3671875 
 658 , 175.42578125 
 659 , 178.3984375 
 660 , 173.45703125 
 661 , 168.09375 
 662 , 178.44921875 
 663 , 211.85546875 
 664 , 262.046875 
 665 , 321.14453125 
 666 , 366.30078125 
 667 , 367.6796875 
 668 , 320.59375 
 669 , 269.0390625 
 670 , 254.796875 
 671 , 269.96484375 
 672 , 283.03125 
 673 , 280.4453125 
 674 , 277.68359375 
 675 , 284.40234375 
 676 , 287.47265625 
 677 , 267.9921875 
 678 , 227.09765625 
 679 , 191.94921875 
 680 , 181.125 
 681 , 186.921875 
 682 , 193.65234375 
 683 , 200.828125 
 684 , 224.5703125 
 685 , 273.37890625 
 686 , 330.04296875 
 687 , 367.51953125 
 688 , 373.9140625 
 689 , 359.12109375 
 690 , 331.2421875 
 691 , 303.60546875 
 692 , 296.125 
 693 , 318.8359375 
 694 , 352.23828125 
 695 , 373.08203125 
 696 , 377.35546875 
 697 , 375.35546875 
 698 , 379.91796875 
 699 , 398.9140625 
 700 , 431.25390625 
 701 , 464.04296875 
 702 , 481.1953125 
 703 , 474.890625 
 704 , 449.46875 
 705 , 412.27734375 
 706 , 380.2109375 
 707 , 373.3359375 
 708 , 393.3203125 
 709 , 412.22265625 
 710 , 409.39453125 
 711 , 388.578125 
 712 , 357.96484375 
 713 , 319.03515625 
 714 , 279.09765625 
 715 , 255.86328125 
 716 , 255.54296875 
 717 , 270.20703125 
 718 , 281.3359375 
 719 , 269.30859375 
 720 , 225.20703125 
 721 , 173.4453125 
 722 , 148.24609375 
 723 , 159.09375 
 724 , 184.38671875 
 725 , 207.13671875 
 726 , 223.45703125 
 727 , 231.640625 
 728 , 228.77734375 
 729 , 214.33984375 
 730 , 189.43359375 
 731 , 154.80859375 
 732 , 111.6953125 
 733 , 72.4609375 
 734 , 61.84765625 
 735 , 93.7265625 
 736 , 143.45703125 
 737 , 179.87890625 
 738 , 200.56640625 
 739 , 227.97265625 
 740 , 270.03125 
 741 , 303.00390625 
 742 , 304.703125 
 743 , 286.171875 
 744 , 279.53125 
 745 , 298.27734375 
 746 , 324.453125 
 747 , 341.6796875 
 748 , 349.80859375 
 749 , 353.5859375 
 750 , 347.83984375 
 751 , 326.421875 
 752 , 292.82421875 
 753 , 260.91015625 
 754 , 243.55859375 
 755 , 241.87890625 
 756 , 248.97265625 
 757 , 262.5 
 758 , 280.85546875 
 759 , 297.66796875 
 760 , 306.66796875 
 761 , 315.66015625 
 762 , 336.41015625 
 763 , 363.86328125 
 764 , 381.37109375 
 765 , 379.796875 
 766 , 371.125 
 767 , 372.0546875 
 768 , 377.55078125 
 769 , 369.96484375 
 770 , 344.125 
 771 , 320.1328125 
 772 , 320.7890625 
 773 , 332.16015625 
 774 , 322.96875 
 775 , 283.43359375 
 776 , 237.5078125 
 777 , 212.45703125 
 778 , 202.9921875 
 779 , 189.234375 
 780 , 163.44140625 
 781 , 137.234375 
 782 , 125.265625 
 783 , 126.56640625 
 784 , 134.8828125 
 785 , 132.84375 
 786 , 107.0078125 
 787 , 59.91796875 
 788 , 12.77734375 
 789 ,-12.92578125 
 790 ,-1.59765625 
 791 , 59.98046875 
 792 , 157.1171875 
 793 , 233.32421875 
 794 , 246.00390625 
 795 , 223.15234375 
 796 , 216.5703125 
 797 , 230.5703125 
 798 , 228.9609375 
 799 , 196.03125 
 800 , 163.2421875 
 801 , 164.9296875 
 802 , 195.0234375 
 803 , 222.76953125 
 804 , 236.48046875 
 805 , 246.5234375 
 806 , 259.03515625 
 807 , 274.4296875 
 808 , 296.13671875 
 809 , 321.95703125 
 810 , 328.35546875 
 811 , 293.6953125 
 812 , 233.890625 
 813 , 181.34375 
 814 , 159.46484375 
 815 , 180.7578125 
 816 , 250.375 
 817 , 332.66796875 
 818 , 378.4765625 
 819 , 372.6640625 
 820 , 339.875 
 821 , 307.0546875 
 822 , 285.26171875 
 823 , 279.21484375 
 824 , 284.37890625 
 825 , 291.796875 
 826 , 298.890625 
 827 , 314.00390625 
 828 , 343.3984375 
 829 , 382.30859375 
 830 , 422.5546875 
 831 , 460.76953125 
 832 , 497.1875 
 833 , 528.7734375 
 834 , 544.36328125 
 835 , 533.33203125 
 836 , 501.32421875 
 837 , 465.41015625 
 838 , 435.171875 
 839 , 404.81640625 
 840 , 368.23828125 
 841 , 330.921875 
 842 , 303.68359375 
 843 , 289.12109375 
 844 , 281.2265625 
 845 , 276.1875 
 846 , 269.9453125 
 847 , 255.6875 
 848 , 235.11328125 
 849 , 227.125 
 850 , 246.8671875 
 851 , 279.046875 
 852 , 299.4453125 
 853 , 302.26953125 
 854 , 300.34375 
 855 , 303.98828125 
 856 , 307.65234375 
 857 , 301.99609375 
 858 , 284.05859375 
 859 , 256.3203125 
 860 , 227.98828125 
 861 , 217.8359375 
 862 , 241.28515625 
 863 , 289.07421875 
 864 , 342.83203125 
 865 , 384.65234375 
 866 , 397.74609375 
 867 , 371.453125 
 868 , 319.20703125 
 869 , 261.9140625 
 870 , 222.21484375 
 871 , 219.90234375 
 872 , 255.8359375 
 873 , 302 
 874 , 335.796875 
 875 , 372.3359375 
 876 , 437.84765625 
 877 , 531.71484375 
 878 , 629.97265625 
 879 , 719.8828125 
 880 , 810.4765625 
 881 , 910.0390625 
 882 , 1004.2265625 
 883 , 1067.5390625 
 884 , 1086.3671875 
 885 , 1065.515625 
 886 , 1011.44140625 
 887 , 938.65234375 
 888 , 866.23046875 
 889 , 802.80078125 
 890 , 742.08203125 
 891 , 677.78515625 
 892 , 610.50390625 
 893 , 543.4453125 
 894 , 484.0859375 
 895 , 442.1484375 
 896 , 415.60546875 
 897 , 376.69140625 
 898 , 300.015625 
 899 , 201.25390625 
 900 , 112.91015625 
 901 , 53.34375 
 902 , 23.98828125 
 903 , 21.6875 
 904 , 29.23046875 
 905 , 27.65234375 
 906 , 18.33203125 
 907 , 16.53515625 
 908 , 30.9921875 
 909 , 57.453125 
 910 , 88.38671875 
 911 , 112.515625 
 912 , 119.3671875 
 913 , 114.734375 
 914 , 117.49609375 
 915 , 134.60546875 
 916 , 142.0859375 
 917 , 115.796875 
 918 , 71.2421875 
 919 , 43.89453125 
 920 , 45.49609375 
 921 , 54.91796875 
 922 , 55.18359375 
 923 , 51.1875 
 924 , 52.046875 
 925 , 61.71875 
 926 , 82.828125 
 927 , 113.54296875 
 928 , 136.71484375 
 929 , 134.46484375 
 930 , 112.46484375 
 931 , 88.83203125 
 932 , 78.3359375 
 933 , 86.18359375 
 934 , 109.19140625 
 935 , 128.16796875 
 936 , 124.3828125 
 937 , 104.22265625 
 938 , 84.25390625 
 939 , 68.74609375 
 940 , 50.15234375 
 941 , 22.28125 
 942 ,-2.39453125 
 943 ,-6.625 
 944 , 11.3125 
 945 , 38.00390625 
 946 , 61.671875 
 947 , 79.90625 
 948 , 91.359375 
 949 , 96.015625 
 950 , 93.296875 
 951 , 85.4921875 
 952 , 87.1953125 
 953 , 108.3515625 
 954 , 139.6796875 
 955 , 168.703125 
 956 , 188.8125 
 957 , 196.33203125 
 958 , 193.5703125 
 959 , 192.77734375 
 960 , 202.015625 
 961 , 205.390625 
 962 , 182.6796875 
 963 , 143.1484375 
 964 , 116.9296875 
 965 , 115.8046875 
 966 , 120 
 967 , 112.71875 
 968 , 104.16015625 
 969 , 111.234375 
 970 , 134.65234375 
 971 , 163.1171875 
 972 , 184.34375 
 973 , 179.99609375 
 974 , 136.43359375 
 975 , 82.8828125 
 976 , 65.359375 
 977 , 91.5234375 
 978 , 127.00390625 
 979 , 145.96484375 
 980 , 155.0625 
 981 , 165.20703125 
 982 , 173.0703125 
 983 , 168.4609375 
 984 , 146.96484375 
 985 , 111.0546875 
 986 , 68.00390625 
 987 , 36.140625 
 988 , 32.66796875 
 989 , 52.3203125 
 990 , 78.96484375 
 991 , 102.73046875 
 992 , 120.65625 
 993 , 131.35546875 
 994 , 140.87109375 
 995 , 156.99609375 
 996 , 178.91015625 
 997 , 199.42578125 
 998 , 221.06640625 
 999 , 262.71484375 
 1000 , 340.76171875 
 1001 , 455.8828125 
 1002 , 605.48046875 
 1003 , 794.10546875 
 1004 , 1030.45703125 
 1005 , 1299.08203125 
 1006 , 1545.9296875 
 1007 , 1716.6171875 
 1008 , 1764.5625 
 1009 , 1649.48828125 
 1010 , 1408.26171875 
 1011 , 1135.34375 
 1012 , 890.8828125 
 1013 , 668.4375 
 1014 , 460.6953125 
 1015 , 298.3515625 
 1016 , 220.9296875 
 1017 , 211.53515625 
 1018 , 208.12109375 
 1019 , 170.91796875 
 1020 , 112.2890625 
 1021 , 49.00390625 
 1022 , 2.24609375 
 1023 ,-7.82421875 
 1024 , 13.74609375 
 1025 , 44.3828125 
 1026 , 67.6015625 
 1027 , 80.69140625 
 1028 , 84.72265625 
 1029 , 91.1640625 
 1030 , 114.65234375 
 1031 , 149.984375 
 1032 , 184.09375 
 1033 , 211.85546875 
 1034 , 240.71484375 
 1035 , 275.9140625 
 1036 , 310.19921875 
 1037 , 334.33984375 
 1038 , 347.71484375 
 1039 , 355.14453125 
 1040 , 358.9140625 
 1041 , 357.24609375 
 1042 , 348.2890625 
 1043 , 331.97265625 
 1044 , 309.57421875 
 1045 , 288.87109375 
 1046 , 280.82421875 
 1047 , 288.60546875 
 1048 , 305.3125 
 1049 , 325.015625 
 1050 , 346.9296875 
 1051 , 370.96484375 
 1052 , 393.703125 
 1053 , 409.7734375 
 1054 , 414.41015625 
 1055 , 403.98046875 
 1056 , 378.203125 
 1057 , 346.15625 
 1058 , 317.6640625 
 1059 , 296.24609375 
 1060 , 282.8125 
 1061 , 281.4140625 
 1062 , 299.1953125 
 1063 , 338.0390625 
 1064 , 386.703125 
 1065 , 433.01171875 
 1066 , 471.46484375 
 1067 , 499.140625 
 1068 , 511.46875 
 1069 , 502.02734375 
 1070 , 469.0234375 
 1071 , 420.453125 
 1072 , 366.4921875 
 1073 , 321.98046875 
 1074 , 301.77734375 
 1075 , 300.53515625 
 1076 , 298.12109375 
 1077 , 285.0078125 
 1078 , 269.8125 
 1079 , 262.015625 
 1080 , 268.78515625 
 1081 , 295.41015625 
 1082 , 331.25390625 
 1083 , 355.9296875 
 1084 , 361.484375 
 1085 , 357.10546875 
 1086 , 350.390625 
 1087 , 340.30859375 
 1088 , 325.703125 
 1089 , 316.67578125 
 1090 , 327.44140625 
 1091 , 352.640625 
 1092 , 367.48046875 
 1093 , 362.66015625 
 1094 , 365.32421875 
 1095 , 396.59375 
 1096 , 419.2734375 
 1097 , 381.171875 
 1098 , 296.87890625 
 1099 , 231.16015625 
 1100 , 218.984375 
 1101 , 244.30859375 
 1102 , 285.34375 
 1103 , 317.02734375 
 1104 , 316.62890625 
 1105 , 289.87109375 
 1106 , 257.62890625 
 1107 , 228.53125 
 1108 , 196.671875 
 1109 , 159.1328125 
 1110 , 122.7265625 
 1111 , 95.94140625 
 1112 , 88.16015625 
 1113 , 107.92578125 
 1114 , 144.34375 
 1115 , 170.6328125 
 1116 , 169.63671875 
 1117 , 141.5078125 
 1118 , 92.13671875 
 1119 , 44.33984375 
 1120 , 22.6875 
 1121 , 26.5625 
 1122 , 36.87890625 
 1123 , 39.83984375 
 1124 , 30.96484375 
 1125 , 12.125 
 1126 ,-2.10546875 
 1127 , 1.140625 
 1128 , 23.15234375 
 1129 , 62.23046875 
 1130 , 103.3359375 
 1131 , 116.15234375 
 1132 , 89.49609375 
 1133 , 48.35546875 
 1134 , 16.6328125 
 1135 , 2.32421875 
 1136 , 8.8359375 
 1137 , 27.02734375 
 1138 , 42.19921875 
 1139 , 46.19140625 
 1140 , 38.0625 
 1141 , 22.24609375 
 1142 , 15.828125 
 1143 , 30.51953125 
 1144 , 58.9375 
 1145 , 89.19140625 
 1146 , 110.69921875 
 1147 , 112.84765625 
 1148 , 93.23828125 
 1149 , 62.85546875 
 1150 , 36.9765625 
 1151 , 34.36328125 
 1152 , 67.25 
 1153 , 117.5546875 
 1154 , 160.5625 
 1155 , 192.359375 
 1156 , 219.66015625 
 1157 , 241.20703125 
 1158 , 249.97265625 
 1159 , 244.75 
 1160 , 237.65234375 
 1161 , 239.1875 
 1162 , 239.796875 
 1163 , 223.4609375 
 1164 , 197.546875 
 1165 , 190.5625 
 1166 , 211.3984375 
 1167 , 227.7578125 
 1168 , 214.93359375 
 1169 , 200.87890625 
 1170 , 221.23828125 
 1171 , 257.80078125 
 1172 , 267.41015625 
 1173 , 253.41796875 
 1174 , 262.140625 
 1175 , 308.35546875 
 1176 , 347.23046875 
 1177 , 343.4765625 
 1178 , 322.5078125 
 1179 , 320.58984375 
 1180 , 342.34765625 
 1181 , 377.06640625 
 1182 , 413.5390625 
 1183 , 436.8515625 
 1184 , 433.3828125 
 1185 , 396.91015625 
 1186 , 331.0625 
 1187 , 271.546875 
 1188 , 257.05859375 
 1189 , 284.1484375 
 1190 , 326.8203125 
 1191 , 359.65234375 
 1192 , 360.69140625 
 1193 , 329.2578125 
 1194 , 299.81640625 
 1195 , 301.12890625 
 1196 , 333.19140625 
 1197 , 389.46484375 
 1198 , 442.94140625 
 1199 , 453.8828125 
 1200 , 421.515625 
 1201 , 389.94140625 
 1202 , 384.31640625 
 1203 , 382.01953125 
 1204 , 360.34375 
 1205 , 325.8046875 
 1206 , 292.6484375 
 1207 , 269.328125 
 1208 , 260.2265625 
 1209 , 261.54296875 
 1210 , 261.75390625 
 1211 , 250.8671875 
 1212 , 230.515625 
 1213 , 208.29296875 
 1214 , 186.59375 
 1215 , 160.6015625 
 1216 , 129.47265625 
 1217 , 101.01953125 
 1218 , 95.64453125 
 1219 , 138.69921875 
 1220 , 220.96875 
 1221 , 288.29296875 
 1222 , 300.3828125 
 1223 , 241.0625 
 1224 , 111.51953125 
 1225 , 0.6328125 
 1226 , 14 
 1227 , 112.625 
 1228 , 171.42578125 
 1229 , 159.833984375 
 1230 , 159.677734375 
 1231 , 206.40234375 
 1232 , 227.275390625 
 1233 , 158.73828125 
 1234 , 56.484375 
 1235 , 0.271484375 
 1236 , 5.681640625 
 1237 , 60.080078125 
 1238 , 133.052734375 
 1239 , 170.533203125 
 1240 , 152.919921875 
 1241 , 129.65234375 
 1242 , 142.732421875 
 1243 , 159.53515625 
 1244 , 134.31640625 
 1245 , 83.796875 
 1246 , 57.33984375 
 1247 , 84.0546875 
 1248 , 167.6875 
 1249 , 273.388671875 
 1250 , 328.732421875 
 1251 , 299.78515625 
 1252 , 235.486328125 
 1253 , 185.2265625 
 1254 , 156.279296875 
 1255 , 142.689453125 
 1256 , 133.51171875 
 1257 , 119.923828125 
 1258 , 104.755859375 
 1259 , 97.521484375 
 1260 , 97.78515625 
 1261 , 90.546875 
 1262 , 68.95703125 
 1263 , 50.65234375 
 1264 , 51.92578125 
 1265 , 65.18359375 
 1266 , 78.994140625 
 1267 , 94.650390625 
 1268 , 113.947265625 
 1269 , 126.98828125 
 1270 , 123.73828125 
 1271 , 111.578125 
 1272 , 109.2578125 
 1273 , 119.1796875 
 1274 , 120.78515625 
 1275 , 104.111328125 
 1276 , 76.228515625 
 1277 , 39.376953125 
 1278 , 7.984375 
 1279 , 13.912109375 
 1280 , 62.328125 
 1281 , 119.63671875 
 1282 , 160.982421875 
 1283 , 187.353515625 
 1284 , 205.890625 
 1285 , 235.1171875 
 1286 , 289.787109375 
 1287 , 343.7421875 
 1288 , 357.185546875 
 1289 , 336.83203125 
 1290 , 321.21875 
 1291 , 327.748046875 
 1292 , 345.669921875 
 1293 , 358.671875 
 1294 , 348.984375 
 1295 , 308.904296875 
 1296 , 260.32421875 
 1297 , 227.25 
 1298 , 198.189453125 
 1299 , 149.50390625 
 1300 , 85.318359375 
 1301 , 30.494140625 
 1302 , 3.056640625 
 1303 , 6.951171875 
 1304 , 30.4296875 
 1305 , 47.046875 
 1306 , 45.798828125 
 1307 , 48.05859375 
 1308 , 68.0078125 
 1309 , 82.068359375 
 1310 , 62.142578125 
 1311 , 41.1640625 
 1312 , 80.599609375 
 1313 , 168.412109375 
 1314 , 230.703125 
 1315 , 232.939453125 
 1316 , 200.28125 
 1317 , 161.83203125 
 1318 , 139.109375 
 1319 , 144.90234375 
 1320 , 172.779296875 
 1321 , 212.958984375 
 1322 , 249.060546875 
 1323 , 260.68359375 
 1324 , 245.677734375 
 1325 , 219.806640625 
 1326 , 193.861328125 
 1327 , 166.13671875 
 1328 , 136.74609375 
 1329 , 116.720703125 
 1330 , 115.755859375 
 1331 , 129.98828125 
 1332 , 152.404296875 
 1333 , 177.02734375 
 1334 , 198.6328125 
 1335 , 222.576171875 
 1336 , 259.033203125 
 1337 , 298.900390625 
 1338 , 318.64453125 
 1339 , 313.79296875 
 1340 , 305.873046875 
 1341 , 308.037109375 
 1342 , 311.20703125 
 1343 , 308.39453125 
 1344 , 307 
 1345 , 312.388671875 
 1346 , 313.857421875 
 1347 , 301.220703125 
 1348 , 301.44921875 
 1349 , 359.759765625 
 1350 , 456.451171875 
 1351 , 511.69140625 
 1352 , 498.296875 
 1353 , 470.947265625 
 1354 , 467.76171875 
 1355 , 467.310546875 
 1356 , 448.61328125 
 1357 , 435.736328125 
 1358 , 456.798828125 
 1359 , 483.55859375 
 1360 , 470.009765625 
 1361 , 426.48828125 
 1362 , 397.892578125 
 1363 , 390.671875 
 1364 , 371.025390625 
 1365 , 331.8203125 
 1366 , 311.32421875 
 1367 , 328.197265625 
 1368 , 346.26171875 
 1369 , 332.232421875 
 1370 , 294.75 
 1371 , 254.6015625 
 1372 , 232.787109375 
 1373 , 243.63671875 
 1374 , 277.8828125 
 1375 , 314.884765625 
 1376 , 334.119140625 
 1377 , 322.189453125 
 1378 , 291.103515625 
 1379 , 272.87109375 
 1380 , 280.32421875 
 1381 , 297.283203125 
 1382 , 304.671875 
 1383 , 278.091796875 
 1384 , 204.42578125 
 1385 , 130.4921875 
 1386 , 110.88671875 
 1387 , 131.244140625 
 1388 , 152.091796875 
 1389 , 155.953125 
 1390 , 136.5078125 
 1391 , 106.2578125 
 1392 , 91.162109375 
 1393 , 95.357421875 
 1394 , 102.0625 
 1395 , 101.798828125 
 1396 , 93.5703125 
 1397 , 76.7890625 
 1398 , 59.3125 
 1399 , 51.767578125 
 1400 , 52.71484375 
 1401 , 50.736328125 
 1402 , 39.658203125 
 1403 , 24.580078125 
 1404 , 11.076171875 
 1405 ,-0.08203125 
 1406 ,-4.9140625 
 1407 , 8.75390625 
 1408 , 43.705078125 
 1409 , 84.267578125 
 1410 , 114.189453125 
 1411 , 126.197265625 
 1412 , 122.45703125 
 1413 , 108.939453125 
 1414 , 85.84375 
 1415 , 70.853515625 
 1416 , 90.318359375 
 1417 , 140.087890625 
 1418 , 195.11328125 
 1419 , 236.10546875 
 1420 , 259.015625 
 1421 , 272.19140625 
 1422 , 279.3125 
 1423 , 276.4453125 
 1424 , 267.748046875 
 1425 , 262.892578125 
 1426 , 263.611328125 
 1427 , 266.4140625 
 1428 , 274.619140625 
 1429 , 296.16796875 
 1430 , 330.13671875 
 1431 , 364.23046875 
 1432 , 365.896484375 
 1433 , 309.97265625 
 1434 , 242.333984375 
 1435 , 229.31640625 
 1436 , 261.4453125 
 1437 , 288.265625 
 1438 , 297.732421875 
 1439 , 310.7890625 
 1440 , 334.490234375 
 1441 , 355.029296875 
 1442 , 363.8984375 
 1443 , 366.728515625 
 1444 , 372.490234375 
 1445 , 391.54296875 
 1446 , 424.751953125 
 1447 , 444.1796875 
 1448 , 427.689453125 
 1449 , 409.84375 
 1450 , 436.0390625 
 1451 , 493.763671875 
 1452 , 543.689453125 
 1453 , 578.41015625 
 1454 , 617.521484375 
 1455 , 665.857421875 
 1456 , 706.43359375 
 1457 , 729.515625 
 1458 , 744.7578125 
 1459 , 760.990234375 
 1460 , 768.427734375 
 1461 , 753.7109375 
 1462 , 718.119140625 
 1463 , 669.662109375 
 1464 , 612.701171875 
 1465 , 549.837890625 
 1466 , 494.189453125 
 1467 , 460.302734375 
 1468 , 436.693359375 
 1469 , 402.66015625 
 1470 , 361.197265625 
 1471 , 325.001953125 
 1472 , 291.943359375 
 1473 , 255.189453125 
 1474 , 227.501953125 
 1475 , 231.494140625 
 1476 , 260.333984375 
 1477 , 281.59375 
 1478 , 282.34765625 
 1479 , 273.025390625 
 1480 , 255.916015625 
 1481 , 220.5234375 
 1482 , 167.61328125 
 1483 , 124.537109375 
 1484 , 111.015625 
 1485 , 111.0625 
 1486 , 108.619140625 
 1487 , 116.46484375 
 1488 , 148.423828125 
 1489 , 185.828125 
 1490 , 204.31640625 
 1491 , 218.744140625 
 1492 , 256.37109375 
 1493 , 298.759765625 
 1494 , 305.84375 
 1495 , 278.798828125 
 1496 , 246.599609375 
 1497 , 222.703125 
 1498 , 207.4140625 
 1499 , 197.345703125 
 1500 , 184.513671875 
 1501 , 171.6875 
 1502 , 176.388671875 
 1503 , 198.728515625 
 1504 , 205.5546875 
 1505 , 180.017578125 
 1506 , 151.375 
 1507 , 142.841796875 
 1508 , 146.09765625 
 1509 , 150.8515625 
 1510 , 142.5078125 
 1511 , 106.021484375 
 1512 , 57.4453125 
 1513 , 26.36328125 
 1514 , 15.21484375 
 1515 , 9.630859375 
 1516 , 6.701171875 
 1517 , 12.650390625 
 1518 , 30.044921875 
 1519 , 59.41796875 
 1520 , 93.09765625 
 1521 , 113.986328125 
 1522 , 119.791015625 
 1523 , 127.369140625 
 1524 , 139.775390625 
 1525 , 140.162109375 
 1526 , 120.787109375 
 1527 , 91.150390625 
 1528 , 63.23828125 
 1529 , 59.763671875 
 1530 , 97.30859375 
 1531 , 152.458984375 
 1532 , 193.638671875 
 1533 , 208.68359375 
 1534 , 201.513671875 
 1535 , 201.439453125 
 1536 , 232.55078125 
 1537 , 285.244140625 
 1538 , 339.794921875 
 1539 , 364.7890625 
 1540 , 330.65625 
 1541 , 263.39453125 
 1542 , 215.708984375 
 1543 , 190.2890625 
 1544 , 155.51953125 
 1545 , 116.982421875 
 1546 , 110.673828125 
 1547 , 130.8515625 
 1548 , 129.947265625 
 1549 , 95.603515625 
 1550 , 67.27734375 
 1551 , 58.779296875 
 1552 , 38.435546875 
 1553 , 4.501953125 
 1554 , 9.537109375 
 1555 , 73.462890625 
 1556 , 146.890625 
 1557 , 191.626953125 
 1558 , 210.44921875 
 1559 , 210.71875 
 1560 , 203.72265625 
 1561 , 199.673828125 
 1562 , 198.080078125 
 1563 , 197.96484375 
 1564 , 220.826171875 
 1565 , 282.029296875 
 1566 , 322.40234375 
 1567 , 277.771484375 
 1568 , 205.7265625 
 1569 , 196.84375 
 1570 , 249.40625 
 1571 , 321.21484375 
 1572 , 370.787109375 
 1573 , 364.970703125 
 1574 , 321.505859375 
 1575 , 282.513671875 
 1576 , 259.474609375 
 1577 , 242.9921875 
 1578 , 232.486328125 
 1579 , 237.400390625 
 1580 , 258.5859375 
 1581 , 285.4375 
 1582 , 309.287109375 
 1583 , 327.78515625 
 1584 , 343.53125 
 1585 , 359.517578125 
 1586 , 378.529296875 
 1587 , 408.076171875 
 1588 , 439.560546875 
 1589 , 434.208984375 
 1590 , 384.408203125 
 1591 , 349.26953125 
 1592 , 365.12890625 
 1593 , 398.255859375 
 1594 , 413.1953125 
 1595 , 402.248046875 
 1596 , 372.890625 
 1597 , 348.060546875 
 1598 , 342.525390625 
 1599 , 354.58203125 
 1600 , 378.6640625 
 1601 , 397.521484375 
 1602 , 399.306640625 
 1603 , 397.755859375 
 1604 , 407.01171875 
 1605 , 427.14453125 
 1606 , 457.3359375 
 1607 , 497.83203125 
 1608 , 543.44140625 
 1609 , 577.62890625 
 1610 , 585.54296875 
 1611 , 568.775390625 
 1612 , 534.541015625 
 1613 , 498.53125 
 1614 , 477.966796875 
 1615 , 463.353515625 
 1616 , 434.798828125 
 1617 , 397.169921875 
 1618 , 368.259765625 
 1619 , 345.306640625 
 1620 , 310.576171875 
 1621 , 271.5078125 
 1622 , 254.595703125 
 1623 , 252.90625 
 1624 , 235.74609375 
 1625 , 208.61328125 
 1626 , 204.751953125 
 1627 , 220.650390625 
 1628 , 219.48046875 
 1629 , 190.193359375 
 1630 , 148.654296875 
 1631 , 105.87109375 
 1632 , 62.8046875 
 1633 , 25.056640625 
 1634 , 5.32421875 
 1635 , 23.431640625 
 1636 , 97.896484375 
 1637 , 191.326171875 
 1638 , 217.595703125 
 1639 , 174.435546875 
 1640 , 149.921875 
 1641 , 178.517578125 
 1642 , 224.705078125 
 1643 , 257.685546875 
 1644 , 251.333984375 
 1645 , 204.283203125 
 1646 , 159.2734375 
 1647 , 142.693359375 
 1648 , 145.8828125 
 1649 , 155.740234375 
 1650 , 156.326171875 
 1651 , 145.79296875 
 1652 , 146.009765625 
 1653 , 166.4140625 
 1654 , 190.224609375 
 1655 , 205.794921875 
 1656 , 223.224609375 
 1657 , 245.240234375 
 1658 , 245.01171875 
 1659 , 207.62109375 
 1660 , 157.54296875 
 1661 , 118.65234375 
 1662 , 96.62890625 
 1663 , 88.71875 
 1664 , 86.13671875 
 1665 , 86.95703125 
 1666 , 101.689453125 
 1667 , 129.166015625 
 1668 , 136.064453125 
 1669 , 106.501953125 
 1670 , 80.966796875 
 1671 , 97.822265625 
 1672 , 167.07421875 
 1673 , 265.947265625 
 1674 , 305.529296875 
 1675 , 242.09375 
 1676 , 165.84375 
 1677 , 151.7421875 
 1678 , 184.45703125 
 1679 , 231.298828125 
 1680 , 255.16796875 
 1681 , 239.3515625 
 1682 , 217.171875 
 1683 , 212.57421875 
 1684 , 205.84765625 
 1685 , 179.58203125 
 1686 , 144.267578125 
 1687 , 117.3359375 
 1688 , 112.572265625 
 1689 , 127.06640625 
 1690 , 131.57421875 
 1691 , 110.4765625 
 1692 , 73.3203125 
 1693 , 31.265625 
 1694 , 8.76171875 
 1695 , 24.16015625 
 1696 , 57.166015625 
 1697 , 82.890625 
 1698 , 93.505859375 
 1699 , 93.044921875 
 1700 , 102.236328125 
 1701 , 128.4140625 
 1702 , 143.431640625 
 1703 , 130.3203125 
 1704 , 105.626953125 
 1705 , 83.43359375 
 1706 , 54.240234375 
 1707 , 17.53125 
 1708 , 6.287109375 
 1709 , 34.771484375 
 1710 , 62.388671875 
 1711 , 61.16015625 
 1712 , 48.384765625 
 1713 , 40.84765625 
 1714 , 40.5546875 
 1715 , 44.732421875 
 1716 , 44.005859375 
 1717 , 40.76171875 
 1718 , 56.259765625 
 1719 , 90.2109375 
 1720 , 100.8828125 
 1721 , 82.62890625 
 1722 , 98.82421875 
 1723 , 162.26953125 
 1724 , 196.537109375 
 1725 , 174.265625 
 1726 , 152.33984375 
 1727 , 153.916015625 
 1728 , 141.92578125 
 1729 , 100.71484375 
 1730 , 55.306640625 
 1731 , 33.03515625 
 1732 , 53.537109375 
 1733 , 97.544921875 
 1734 , 109.943359375 
 1735 , 91.744140625 
 1736 , 96.697265625 
 1737 , 130.046875 
 1738 , 152.685546875 
 1739 , 148.859375 
 1740 , 124.00390625 
 1741 , 102.7265625 
 1742 , 125.21484375 
 1743 , 175.3125 
 1744 , 191.40625 
 1745 , 164.603515625 
 1746 , 126.12890625 
 1747 , 97.71875 
 1748 , 96.978515625 
 1749 , 121.669921875 
 1750 , 151.875 
 1751 , 174.138671875 
 1752 , 181.94921875 
 1753 , 176.69140625 
 1754 , 163.79296875 
 1755 , 143.58203125 
 1756 , 115.109375 
 1757 , 97.517578125 
 1758 , 117.96875 
 1759 , 170.298828125 
 1760 , 227.052734375 
 1761 , 247.673828125 
 1762 , 203.61328125 
 1763 , 151.9609375 
 1764 , 161.015625 
 1765 , 201.583984375 
 1766 , 224.908203125 
 1767 , 227.912109375 
 1768 , 219.6171875 
 1769 , 205.634765625 
 1770 , 187.078125 
 1771 , 159.546875 
 1772 , 125.7109375 
 1773 , 112.341796875 
 1774 , 136.142578125 
 1775 , 168.482421875 
 1776 , 183.052734375 
 1777 , 184.943359375 
 1778 , 186.849609375 
 1779 , 199.234375 
 1780 , 216.025390625 
 1781 , 210.271484375 
 1782 , 173.1171875 
 1783 , 122.119140625 
 1784 , 79.029296875 
 1785 , 69.498046875 
 1786 , 87.62109375 
 1787 , 87.783203125 
 1788 , 63.3359375 
 1789 , 52.3984375 
 1790 , 56.4453125 
 1791 , 45.482421875 
 1792 , 28.064453125 
 1793 , 40.7265625 
 1794 , 82.759765625 
 1795 , 124.84375 
 1796 , 152.822265625 
 1797 , 164.197265625 
 1798 , 159.73828125 
 1799 , 141.765625 
 1800 , 128.62109375 
 1801 , 142.724609375 
 1802 , 156.875 
 1803 , 132.353515625 
 1804 , 102.02734375 
 1805 , 110.408203125 
 1806 , 119.111328125 
 1807 , 82.453125 
 1808 , 32.78515625 
 1809 , 11.798828125 
 1810 , 20.77734375 
 1811 , 50.31640625 
 1812 , 95.0625 
 1813 , 143.205078125 
 1814 , 154.7578125 
 1815 , 120.923828125 
 1816 , 111.88671875 
 1817 , 157.423828125 
 1818 , 197.447265625 
 1819 , 193.490234375 
 1820 , 156.125 
 1821 , 106.458984375 
 1822 , 70.4765625 
 1823 , 65.689453125 
 1824 , 98.759765625 
 1825 , 150.982421875 
 1826 , 186.759765625 
 1827 , 184.87890625 
 1828 , 134.767578125 
 1829 , 67.408203125 
 1830 , 33.052734375 
 1831 , 31.8984375 
 1832 , 43 
 1833 , 56.83984375 
 1834 , 69.248046875 
 1835 , 84.751953125 
 1836 , 106.73828125 
 1837 , 120.046875 
 1838 , 112.931640625 
 1839 , 100.673828125 
 1840 , 98.787109375 
 1841 , 110.3125 
 1842 , 127.669921875 
 1843 , 125.880859375 
 1844 , 106.796875 
 1845 , 119.966796875 
 1846 , 169.328125 
 1847 , 194.0390625 
 1848 , 185.080078125 
 1849 , 188.64453125 
 1850 , 208.509765625 
 1851 , 215.060546875 
 1852 , 205.5390625 
 1853 , 191.205078125 
 1854 , 175.728515625 
 1855 , 163.544921875 
 1856 , 153.583984375 
 1857 , 139.248046875 
 1858 , 118.173828125 
 1859 , 96.513671875 
 1860 , 102.765625 
 1861 , 146.7734375 
 1862 , 162.681640625 
 1863 , 111.712890625 
 1864 , 63.943359375 
 1865 , 72.18359375 
 1866 , 119.720703125 
 1867 , 174.189453125 
 1868 , 188.1484375 
 1869 , 151.634765625 
 1870 , 110.697265625 
 1871 , 96.19140625 
 1872 , 109.92578125 
 1873 , 127.728515625 
 1874 , 118.080078125 
 1875 , 89.65234375 
 1876 , 68.021484375 
 1877 , 72.439453125 
 1878 , 115.716796875 
 1879 , 155.908203125 
 1880 , 144.666015625 
 1881 , 118.251953125 
 1882 , 119.689453125 
 1883 , 123.380859375 
 1884 , 105.666015625 
 1885 , 85.16015625 
 1886 , 77.7421875 
 1887 , 82.451171875 
 1888 , 95.15234375 
 1889 , 110.294921875 
 1890 , 124.47265625 
 1891 , 138.7578125 
 1892 , 154.6171875 
 1893 , 170.259765625 
 1894 , 179.376953125 
 1895 , 174.044921875 
 1896 , 143.576171875 
 1897 , 84.015625 
 1898 , 50.19921875 
 1899 , 92.96484375 
 1900 , 143.52734375 
 1901 , 135.07421875 
 1902 , 111.658203125 
 1903 , 113.66796875 
 1904 , 122.41015625 
 1905 , 124.607421875 
 1906 , 130.3046875 
 1907 , 142.666015625 
 1908 , 150.734375 
 1909 , 153.310546875 
 1910 , 162.267578125 
 1911 , 168.1484375 
 1912 , 146.0625 
 1913 , 124.373046875 
 1914 , 152.94921875 
 1915 , 192.0625 
 1916 , 181.6484375 
 1917 , 152.369140625 
 1918 , 144.0546875 
 1919 , 132.837890625 
 1920 , 103.63671875 
 1921 , 95.056640625 
 1922 , 120.638671875 
 1923 , 141.546875 
 1924 , 141.75 
 1925 , 136.6328125 
 1926 , 138.74609375 
 1927 , 155.240234375 
 1928 , 162.1015625 
 1929 , 121.6640625 
 1930 , 73.451171875 
 1931 , 80.70703125 
 1932 , 110.6875 
 1933 , 111.0859375 
 1934 , 87.8671875 
 1935 , 62.3515625 
 1936 , 58.1171875 
 1937 , 85.615234375 
 1938 , 130.552734375 
 1939 , 173.140625 
 1940 , 193.828125 
 1941 , 199.810546875 
 1942 , 217.333984375 
 1943 , 240.1171875 
 1944 , 244.064453125 
 1945 , 233.439453125 
 1946 , 223.408203125 
 1947 , 212.572265625 
 1948 , 193.361328125 
 1949 , 151.62109375 
 1950 , 86.873046875 
 1951 , 40.73046875 
 1952 , 35.806640625 
 1953 , 46.75 
 1954 , 57.79296875 
 1955 , 76.39453125 
 1956 , 100.08203125 
 1957 , 111.79296875 
 1958 , 107.685546875 
 1959 , 96.208984375 
 1960 , 97.515625 
 1961 , 124.873046875 
 1962 , 138.78125 
 1963 , 109.111328125 
 1964 , 81.46484375 
 1965 , 85.115234375 
 1966 , 81.814453125 
 1967 , 60.740234375 
 1968 , 65.478515625 
 1969 , 101.375 
 1970 , 128.373046875 
 1971 , 131.1953125 
 1972 , 118.908203125 
 1973 , 98.91796875 
 1974 , 72.357421875 
 1975 , 48.9140625 
 1976 , 45.83984375 
 1977 , 74.3359375 
 1978 , 123.2265625 
 1979 , 148.73046875 
 1980 , 137.837890625 
 1981 , 122.244140625 
 1982 , 111.83203125 
 1983 , 93.55078125 
 1984 , 74.109375 
 1985 , 73.12109375 
 1986 , 96.5625 
 1987 , 139.021484375 
 1988 , 171.94140625 
 1989 , 173.4609375 
 1990 , 165.29296875 
 1991 , 165.58984375 
 1992 , 164.89453125 
 1993 , 153.6953125 
 1994 , 132.6328125 
 1995 , 125.126953125 
 1996 , 164.662109375 
 1997 , 207.818359375 
 1998 , 183.994140625 
 1999 , 139.236328125 
 2000 , 142.96875 
 2001 , 174.830078125 
 2002 , 197.33203125 
 2003 , 190.3671875 
 2004 , 164.33984375 
 2005 , 169.37890625 
 2006 , 212.572265625 
 2007 , 253.802734375 
 2008 , 261.38671875 
 2009 , 218.685546875 
 2010 , 173.15625 
 2011 , 180.5859375 
 2012 , 197.34375 
 2013 , 181.12109375 
 2014 , 174.6484375 
 2015 , 201.451171875 
 2016 , 221.07421875 
 2017 , 221.654296875 
 2018 , 234.369140625 
 2019 , 237.23046875 
 2020 , 182.87890625 
 2021 , 90.84765625 
 2022 , 13.53125 
 2023 ,-10.0546875 
 2024 , 29.076171875 
 2025 , 63.607421875 
 2026 , 53.5 
 2027 , 42.6484375 
 2028 , 62.01171875 
 2029 , 106.02734375 
 2030 , 135.923828125 
 2031 , 94.81640625 
 2032 , 29.140625 
 2033 , 14.74609375 
 2034 , 50.61328125 
 2035 , 108.3671875 
 2036 , 131.17578125 
 2037 , 104.708984375 
 2038 , 104.4453125 
 2039 , 135.94140625 
 2040 , 117.1640625 
 2041 , 65.173828125 
 2042 , 62.283203125 
 2043 , 92.873046875 
 2044 , 106.6640625 
 2045 , 102.15234375 
 2046 , 92.76953125 
 2047 , 93.166015625 
 2048 , 102.0546875 
 2049 , 95.6328125 
 2050 , 70.39453125 
 2051 , 44.09375 
 2052 , 27.728515625 
 2053 , 24.375 
 2054 , 20.72265625 
 2055 , 10.255859375 
 2056 , 28.35546875 
 2057 , 89.376953125 
 2058 , 148.00390625 
 2059 , 171.09765625 
 2060 , 152.029296875 
 2061 , 123.708984375 
 2062 , 138.314453125 
 2063 , 170.6484375 
 2064 , 168.537109375 
 2065 , 122.685546875 
 2066 , 61.234375 
 2067 , 73.21484375 
 2068 , 165.109375 
 2069 , 212.67578125 
 2070 , 197.4375 
 2071 , 196.875 
 2072 , 195.44921875 
 2073 , 143.556640625 
 2074 , 89.19140625 
 2075 , 89.435546875 
 2076 , 136.90625 
 2077 , 190.6953125 
 2078 , 174.7734375 
 2079 , 105.486328125 
 2080 , 87.73828125 
 2081 , 106.615234375 
 2082 , 88 
 2083 , 54.212890625 
 2084 , 44.89453125 
 2085 , 48.87890625 
 2086 , 52.947265625 
 2087 , 53.4375 
 2088 , 50.38671875 
 2089 , 51.712890625 
 2090 , 68.365234375 
 2091 , 105.75 
 2092 , 145.44140625 
 2093 , 168.109375 
 2094 , 170.35546875 
 2095 , 150.099609375 
 2096 , 108.216796875 
 2097 , 67.34375 
 2098 , 67.99609375 
 2099 , 113.29296875 
 2100 , 181.625 
 2101 , 240.076171875 
 2102 , 262.80078125 
 2103 , 261.86328125 
 2104 , 249.0625 
 2105 , 224.333984375 
 2106 , 197.609375 
 2107 , 187.37890625 
 2108 , 193.2421875 
 2109 , 202.767578125 
 2110 , 194.68359375 
 2111 , 158.666015625 
 2112 , 127.3046875 
 2113 , 122.875 
 2114 , 137.255859375 
 2115 , 151.5390625 
 2116 , 142.3359375 
 2117 , 109.994140625 
 2118 , 68.453125 
 2119 , 38.208984375 
 2120 , 30.923828125 
 2121 , 30.13671875 
 2122 , 29.73046875 
 2123 , 44.107421875 
 2124 , 74.947265625 
 2125 , 113.126953125 
 2126 , 156.337890625 
 2127 , 199.65234375 
 2128 , 217.130859375 
 2129 , 202.744140625 
 2130 , 198.56640625 
 2131 , 213.373046875 
 2132 , 213.4140625 
 2133 , 174.826171875 
 2134 , 93.275390625 
 2135 , 31.328125 
 2136 , 39.822265625 
 2137 , 71.375 
 2138 , 80.7578125 
 2139 , 55.25390625 
 2140 , 29.82421875 
 2141 , 66.060546875 
 2142 , 131.64453125 
 2143 , 165.240234375 
 2144 , 168.41796875 
 2145 , 162.90625 
 2146 , 178.2265625 
 2147 , 196.478515625 
 2148 , 154.84375 
 2149 , 90.591796875 
 2150 , 84.140625 
 2151 , 108.18359375 
 2152 , 110.982421875 
 2153 , 89.34375 
 2154 , 50.712890625 
 2155 , 10.212890625 
 2156 ,-6.46875 
 2157 , 24.38671875 
 2158 , 61.98046875 
 2159 , 64.8515625 
 2160 , 80.935546875 
 2161 , 135.75390625 
 2162 , 183.345703125 
 2163 , 202.71484375 
 2164 , 195.173828125 
 2165 , 175.482421875 
 2166 , 157.271484375 
 2167 , 127.33984375 
 2168 , 79.68359375 
 2169 , 36.51171875 
 2170 , 22.0859375 
 2171 , 54.822265625 
 2172 , 108.9375 
 2173 , 141.353515625 
 2174 , 149.890625 
 2175 , 146.171875 
 2176 , 144.61328125 
 2177 , 142.634765625 
 2178 , 120.408203125 
 2179 , 102.376953125 
 2180 , 124.630859375 
 2181 , 128.521484375 
 2182 , 75.77734375 
 2183 , 60.255859375 
 2184 , 109.52734375 
 2185 , 141.44140625 
 2186 , 153.982421875 
 2187 , 192.048828125 
 2188 , 215.673828125 
 2189 , 186.12109375 
 2190 , 150.859375 
 2191 , 135.732421875 
 2192 , 118.60546875 
 2193 , 99.541015625 
 2194 , 94.046875 
 2195 , 102.83984375 
 2196 , 123.302734375 
 2197 , 156.42578125 
 2198 , 189.20703125 
 2199 , 192.109375 
 2200 , 182.953125 
 2201 , 200.99609375 
 2202 , 203.849609375 
 2203 , 151.234375 
 2204 , 91.888671875 
 2205 , 63.267578125 
 2206 , 65.1015625 
 2207 , 87.021484375 
 2208 , 116.08984375 
 2209 , 151.62890625 
 2210 , 189.5 
 2211 , 206.888671875 
 2212 , 196.0625 
 2213 , 172.15234375 
 2214 , 151.994140625 
 2215 , 146.705078125 
 2216 , 136.4375 
 2217 , 108.125 
 2218 , 88.8515625 
 2219 , 94.240234375 
 2220 , 118.3203125 
 2221 , 141.9765625 
 2222 , 143.26171875 
 2223 , 121.705078125 
 2224 , 91.19140625 
 2225 , 79.93359375 
 2226 , 85.826171875 
 2227 , 78.33984375 
 2228 , 56.25390625 
 2229 , 34.92578125 
 2230 , 36.37890625 
 2231 , 65.47265625 
 2232 , 93.236328125 
 2233 , 105.1796875 
 2234 , 102.546875 
 2235 , 87.626953125 
 2236 , 71.72265625 
 2237 , 91.23046875 
 2238 , 134.0078125 
 2239 , 119.626953125 
 2240 , 82.388671875 
 2241 , 111.46484375 
 2242 , 134.873046875 
 2243 , 83.890625 
 2244 , 28.5234375 
 2245 , 22.134765625 
 2246 , 68.580078125 
 2247 , 106.578125 
 2248 , 74.681640625 
 2249 , 54.30078125 
 2250 , 94.96484375 
 2251 , 124.86328125 
 2252 , 121.7421875 
 2253 , 111.8828125 
 2254 , 80.548828125 
 2255 , 23.873046875 
 2256 , 19.22265625 
 2257 , 73.505859375 
 2258 , 84.224609375 
 2259 , 46.001953125 
 2260 , 19.189453125 
 2261 , 38.15234375 
 2262 , 100.61328125 
 2263 , 144.26171875 
 2264 , 139.931640625 
 2265 , 102.185546875 
 2266 , 59.068359375 
 2267 , 42.0703125 
 2268 , 76.05078125 
 2269 , 135.240234375 
 2270 , 128.9921875 
 2271 , 82.548828125 
 2272 , 84.59765625 
 2273 , 83.921875 
 2274 , 33.51953125 
 2275 ,-0.703125 
 2276 , 5.37890625 
 2277 , 19.125 
 2278 , 46.025390625 
 2279 , 89.814453125 
 2280 , 80.177734375 
 2281 , 19.248046875 
 2282 , 32.369140625 
 2283 , 98.001953125 
 2284 , 115.537109375 
 2285 , 115.9140625 
 2286 , 128.693359375 
 2287 , 103.25390625 
 2288 , 52.529296875 
 2289 , 45.8701171875 
 2290 , 62.88671875 
 2291 , 62 
 2292 , 54.3798828125 
 2293 , 50.83984375 
 2294 , 50.0654296875 
 2295 , 57.595703125 
 2296 , 79.0546875 
 2297 , 66.7646484375 
 2298 , 14.0205078125 
 2299 ,-0.87109375 
 2300 , 13.5380859375 
 2301 ,-1.068359375 
 2302 ,-0.56640625 
 2303 , 42.3935546875 
 2304 , 49.884765625 
 2305 , 26.2294921875 
 2306 , 55.4541015625 
 2307 , 90.974609375 
 2308 , 83.30859375 
 2309 , 120.6337890625 
 2310 , 196.3828125 
 2311 , 179.2890625 
 2312 , 112.8349609375 
 2313 , 95.326171875 
 2314 , 104.4091796875 
 2315 , 92.822265625 
 2316 , 31.673828125 
 2317 ,-15.5234375 
 2318 , 31.4462890625 
 2319 , 101.048828125 
 2320 , 111.91796875 
 2321 , 46.7138671875 
 2322 ,-28.802734375 
 2323 ,-13.751953125 
 2324 , 35.6396484375 
 2325 , 35.8974609375 
 2326 , 14.1318359375 
 2327 ,-1.1337890625 
 2328 ,-4.7109375 
 2329 ,-3.126953125 
 2330 , 10 
 2331 , 10 
 2332 , 10 
 2333 , 10 
 2334 , 10 
 2335 , 10 
 2336 , 10 
 2337 , 10 
 2338 , 10 
 2339 , 10 
