11-20-2017,16:29:23
Wavenumber(cm-1),Intensity
 250 , 10 
 251 , 10 
 252 , 10 
 253 , 10 
 254 , 10 
 255 , 86.62109375 
 256 , 33.38671875 
 257 ,-2.21875 
 258 , 10.875 
 259 , 44.00390625 
 260 , 49.375 
 261 , 3.54296875 
 262 ,-48.796875 
 263 ,-70.83984375 
 264 ,-49.12109375 
 265 ,-0.68359375 
 266 , 56.8203125 
 267 , 110.9453125 
 268 , 149.046875 
 269 , 165.02734375 
 270 , 163.296875 
 271 , 148.8515625 
 272 , 122.09765625 
 273 , 84.71875 
 274 , 39.4453125 
 275 , 1.77734375 
 276 ,-3.7109375 
 277 , 39.43359375 
 278 , 111.27734375 
 279 , 181.59765625 
 280 , 232.48828125 
 281 , 269.47265625 
 282 , 301.50390625 
 283 , 334.1875 
 284 , 365.8046875 
 285 , 396.2890625 
 286 , 425.2109375 
 287 , 451.3203125 
 288 , 468.5390625 
 289 , 465.16015625 
 290 , 430.72265625 
 291 , 381.4375 
 292 , 360.26171875 
 293 , 403.14453125 
 294 , 480.0390625 
 295 , 528.40234375 
 296 , 507.234375 
 297 , 443.140625 
 298 , 375.65234375 
 299 , 329.015625 
 300 , 307.92578125 
 301 , 314.015625 
 302 , 332.16015625 
 303 , 337.37109375 
 304 , 312.95703125 
 305 , 272.203125 
 306 , 235 
 307 , 209.48828125 
 308 , 188.9296875 
 309 , 167.14453125 
 310 , 149.88671875 
 311 , 148.44921875 
 312 , 170.953125 
 313 , 215.61328125 
 314 , 278.66796875 
 315 , 351.7109375 
 316 , 414.2890625 
 317 , 445.65625 
 318 , 451.6484375 
 319 , 462.09765625 
 320 , 501.0546875 
 321 , 556.23828125 
 322 , 602.81640625 
 323 , 626.62109375 
 324 , 634.00390625 
 325 , 633.28125 
 326 , 627.90625 
 327 , 617.9296875 
 328 , 604.8046875 
 329 , 599.32421875 
 330 , 615.90625 
 331 , 660.51953125 
 332 , 718.5703125 
 333 , 772.671875 
 334 , 811.71875 
 335 , 831.0859375 
 336 , 828.14453125 
 337 , 811.46875 
 338 , 794.234375 
 339 , 784.71875 
 340 , 778.69921875 
 341 , 770.1640625 
 342 , 757.87109375 
 343 , 745.81640625 
 344 , 737.11328125 
 345 , 725.83203125 
 346 , 701.86328125 
 347 , 658.29296875 
 348 , 597.4453125 
 349 , 523.5078125 
 350 , 446.08203125 
 351 , 380.54296875 
 352 , 340.6171875 
 353 , 325.83203125 
 354 , 329.3203125 
 355 , 343.83203125 
 356 , 361.078125 
 357 , 372.953125 
 358 , 379.3125 
 359 , 388.66015625 
 360 , 408.56640625 
 361 , 436.14453125 
 362 , 463.81640625 
 363 , 484.55859375 
 364 , 493.44140625 
 365 , 486.55078125 
 366 , 470.20703125 
 367 , 461.03515625 
 368 , 472.73046875 
 369 , 496.59375 
 370 , 514.8203125 
 371 , 518.83203125 
 372 , 522.265625 
 373 , 541.10546875 
 374 , 574.328125 
 375 , 604.5703125 
 376 , 616.62890625 
 377 , 612.51953125 
 378 , 600.75390625 
 379 , 588.31640625 
 380 , 579.41796875 
 381 , 577.8828125 
 382 , 584.3203125 
 383 , 595.9921875 
 384 , 608.328125 
 385 , 608.83984375 
 386 , 583.046875 
 387 , 529.3125 
 388 , 469.36328125 
 389 , 426.6171875 
 390 , 417.2890625 
 391 , 453.1015625 
 392 , 536.109375 
 393 , 623.5546875 
 394 , 659.96484375 
 395 , 622.9921875 
 396 , 544.9453125 
 397 , 461.42578125 
 398 , 387.15234375 
 399 , 323.64453125 
 400 , 273.33203125 
 401 , 243.8125 
 402 , 244.03515625 
 403 , 271.91015625 
 404 , 308.76953125 
 405 , 336.1015625 
 406 , 348.68359375 
 407 , 347.90234375 
 408 , 338.2265625 
 409 , 334.14453125 
 410 , 351.765625 
 411 , 391.75390625 
 412 , 437.9765625 
 413 , 475.56640625 
 414 , 504.06640625 
 415 , 529.06640625 
 416 , 553.66796875 
 417 , 573.4375 
 418 , 582.27734375 
 419 , 576.12109375 
 420 , 555.90234375 
 421 , 525.75 
 422 , 498.5078125 
 423 , 486.87890625 
 424 , 490.36328125 
 425 , 488.0859375 
 426 , 459.71875 
 427 , 407.00390625 
 428 , 345.17578125 
 429 , 285.6640625 
 430 , 229.71484375 
 431 , 178.5390625 
 432 , 138.30859375 
 433 , 119.59375 
 434 , 129.6328125 
 435 , 149.5078125 
 436 , 145.9140625 
 437 , 109.09765625 
 438 , 87.84765625 
 439 , 136.625 
 440 , 251.7578125 
 441 , 380.5234375 
 442 , 477.3984375 
 443 , 538.265625 
 444 , 571.10546875 
 445 , 581.16015625 
 446 , 569.4921875 
 447 , 537.42578125 
 448 , 492.1484375 
 449 , 444.3515625 
 450 , 401.8671875 
 451 , 365.37109375 
 452 , 335.64453125 
 453 , 309.76171875 
 454 , 278.43359375 
 455 , 234.30859375 
 456 , 187.66796875 
 457 , 154.70703125 
 458 , 142.79296875 
 459 , 141.0390625 
 460 , 137.06640625 
 461 , 129.046875 
 462 , 123.671875 
 463 , 126.59375 
 464 , 138.234375 
 465 , 157.8046875 
 466 , 180.1953125 
 467 , 194.328125 
 468 , 190.24609375 
 469 , 170.76171875 
 470 , 144.54296875 
 471 , 117.9140625 
 472 , 92.83984375 
 473 , 71.21484375 
 474 , 52.05078125 
 475 , 32.734375 
 476 , 15.3828125 
 477 , 21.19921875 
 478 , 74.2734375 
 479 , 170.03515625 
 480 , 261.9609375 
 481 , 306.0625 
 482 , 308.6328125 
 483 , 299.671875 
 484 , 296.27734375 
 485 , 286.015625 
 486 , 255.53125 
 487 , 209.4296875 
 488 , 169.23828125 
 489 , 155.67578125 
 490 , 179.71875 
 491 , 246.46875 
 492 , 341.26171875 
 493 , 423.23828125 
 494 , 457.06640625 
 495 , 457.62890625 
 496 , 458.66015625 
 497 , 476.81640625 
 498 , 495.703125 
 499 , 501.484375 
 500 , 507.6875 
 501 , 542.1328125 
 502 , 617.46875 
 503 , 696.96875 
 504 , 739.08203125 
 505 , 738.0234375 
 506 , 729.41015625 
 507 , 741.765625 
 508 , 754.546875 
 509 , 729.6640625 
 510 , 656 
 511 , 575.54296875 
 512 , 530.9140625 
 513 , 524.4296875 
 514 , 531.8359375 
 515 , 534.42578125 
 516 , 532.1640625 
 517 , 528.78515625 
 518 , 523.015625 
 519 , 509.375 
 520 , 484.03515625 
 521 , 449.12890625 
 522 , 408.578125 
 523 , 372.46484375 
 524 , 361.60546875 
 525 , 393.5 
 526 , 443.875 
 527 , 461.83984375 
 528 , 423.265625 
 529 , 380.83984375 
 530 , 397.9765625 
 531 , 476.359375 
 532 , 563.48046875 
 533 , 614.3984375 
 534 , 626.04296875 
 535 , 609.5 
 536 , 577.0078125 
 537 , 538.61328125 
 538 , 501.23046875 
 539 , 469.37890625 
 540 , 450.53125 
 541 , 449.80078125 
 542 , 463.9140625 
 543 , 486.5234375 
 544 , 511.59375 
 545 , 531.60546875 
 546 , 540.08984375 
 547 , 537.98828125 
 548 , 531.80078125 
 549 , 529.44140625 
 550 , 535.2421875 
 551 , 549.38671875 
 552 , 568.48046875 
 553 , 592.9765625 
 554 , 621.69921875 
 555 , 649.87109375 
 556 , 673.9375 
 557 , 701.7890625 
 558 , 741.234375 
 559 , 787.48828125 
 560 , 820.12890625 
 561 , 825.39453125 
 562 , 811.17578125 
 563 , 787.9296875 
 564 , 760.46484375 
 565 , 733.82421875 
 566 , 719.640625 
 567 , 721.94921875 
 568 , 735.74609375 
 569 , 754.015625 
 570 , 768.04296875 
 571 , 767.01953125 
 572 , 746.49609375 
 573 , 715.12109375 
 574 , 687.25390625 
 575 , 673.63671875 
 576 , 673.28515625 
 577 , 677.41015625 
 578 , 675.0625 
 579 , 662.3359375 
 580 , 646.1171875 
 581 , 636.46484375 
 582 , 641.53125 
 583 , 667.82421875 
 584 , 720.34375 
 585 , 779.06640625 
 586 , 808.1875 
 587 , 788.48828125 
 588 , 742.765625 
 589 , 695.1875 
 590 , 653.3984375 
 591 , 616.26171875 
 592 , 583.4375 
 593 , 550.79296875 
 594 , 515.93359375 
 595 , 478.1796875 
 596 , 434.5234375 
 597 , 380.37109375 
 598 , 320.22265625 
 599 , 265.9765625 
 600 , 227.33203125 
 601 , 207.109375 
 602 , 203.44140625 
 603 , 209.62890625 
 604 , 220.39453125 
 605 , 235.98828125 
 606 , 258.828125 
 607 , 283.33984375 
 608 , 297.25 
 609 , 292.6171875 
 610 , 269.875 
 611 , 239.515625 
 612 , 216.58203125 
 613 , 213.8828125 
 614 , 237.44921875 
 615 , 284.29296875 
 616 , 340.29296875 
 617 , 393.625 
 618 , 446.66796875 
 619 , 502.609375 
 620 , 555.18359375 
 621 , 595.84765625 
 622 , 630.0625 
 623 , 666.8359375 
 624 , 709.421875 
 625 , 753.26953125 
 626 , 789.36328125 
 627 , 811.08984375 
 628 , 811.61328125 
 629 , 783.2421875 
 630 , 722.94140625 
 631 , 644.27734375 
 632 , 561.15625 
 633 , 496.2265625 
 634 , 487.5078125 
 635 , 564.66796875 
 636 , 681.95703125 
 637 , 762.109375 
 638 , 768.984375 
 639 , 728.765625 
 640 , 679.703125 
 641 , 642.9765625 
 642 , 625.578125 
 643 , 620.46875 
 644 , 609.8984375 
 645 , 583.953125 
 646 , 555.9765625 
 647 , 544.078125 
 648 , 552.90234375 
 649 , 571.12890625 
 650 , 586.0390625 
 651 , 573.28515625 
 652 , 506.53515625 
 653 , 389.03125 
 654 , 268.67578125 
 655 , 189.58984375 
 656 , 158.9921875 
 657 , 166.0078125 
 658 , 194.34765625 
 659 , 220.9296875 
 660 , 228.39453125 
 661 , 230.66015625 
 662 , 254.66015625 
 663 , 308.44921875 
 664 , 367.76171875 
 665 , 407.3046875 
 666 , 407.4765625 
 667 , 352.703125 
 668 , 250.51171875 
 669 , 152.0625 
 670 , 104.7734375 
 671 , 104.18359375 
 672 , 121.9375 
 673 , 141.84375 
 674 , 162.078125 
 675 , 174.28125 
 676 , 175.6171875 
 677 , 175.32421875 
 678 , 186.640625 
 679 , 208.8515625 
 680 , 228.58984375 
 681 , 241.8828125 
 682 , 259.40625 
 683 , 293.20703125 
 684 , 336.36328125 
 685 , 370.9609375 
 686 , 387.15234375 
 687 , 386.49609375 
 688 , 377.5 
 689 , 368.54296875 
 690 , 361.26953125 
 691 , 355.94921875 
 692 , 356.4296875 
 693 , 366.109375 
 694 , 377.82421875 
 695 , 381.671875 
 696 , 376.13671875 
 697 , 368.5859375 
 698 , 370.82421875 
 699 , 391.50390625 
 700 , 428.60546875 
 701 , 466.0703125 
 702 , 484.30859375 
 703 , 476.953125 
 704 , 458.9765625 
 705 , 446.48828125 
 706 , 436.9609375 
 707 , 415.734375 
 708 , 376.76171875 
 709 , 339.109375 
 710 , 330.7890625 
 711 , 349.0234375 
 712 , 366.1171875 
 713 , 357.06640625 
 714 , 324.72265625 
 715 , 288.5546875 
 716 , 264.63671875 
 717 , 256.49609375 
 718 , 253.1953125 
 719 , 240.30859375 
 720 , 212.9921875 
 721 , 183.23046875 
 722 , 165.09765625 
 723 , 164.4921875 
 724 , 183.46484375 
 725 , 226 
 726 , 270.78515625 
 727 , 283.796875 
 728 , 254.9296875 
 729 , 212.20703125 
 730 , 183.51953125 
 731 , 170.81640625 
 732 , 167.62109375 
 733 , 169.4140625 
 734 , 172.3671875 
 735 , 170.734375 
 736 , 170.34375 
 737 , 184.77734375 
 738 , 215.80859375 
 739 , 244.5234375 
 740 , 248.51171875 
 741 , 235.61328125 
 742 , 230.8984375 
 743 , 250.9921875 
 744 , 291.78125 
 745 , 334.91796875 
 746 , 359.640625 
 747 , 355.12890625 
 748 , 332.52734375 
 749 , 310.4453125 
 750 , 294.90234375 
 751 , 289.87890625 
 752 , 308.47265625 
 753 , 343.6015625 
 754 , 364.53125 
 755 , 347.85546875 
 756 , 313.17578125 
 757 , 290.89453125 
 758 , 287.5546875 
 759 , 289.7578125 
 760 , 285.86328125 
 761 , 285.2578125 
 762 , 303.48046875 
 763 , 341.49609375 
 764 , 388.61328125 
 765 , 428.4921875 
 766 , 447.41015625 
 767 , 442.20703125 
 768 , 423.78125 
 769 , 401.88671875 
 770 , 376.6640625 
 771 , 347.6328125 
 772 , 324.75390625 
 773 , 314.875 
 774 , 313.93359375 
 775 , 306.73828125 
 776 , 281.4765625 
 777 , 242.609375 
 778 , 203.21875 
 779 , 167.72265625 
 780 , 134.8828125 
 781 , 110.3359375 
 782 , 104.76171875 
 783 , 114.75390625 
 784 , 129.88671875 
 785 , 135.59765625 
 786 , 117.875 
 787 , 78.63671875 
 788 , 34.31640625 
 789 ,-0.08984375 
 790 ,-13.72265625 
 791 , 2.5703125 
 792 , 50.03515625 
 793 , 119.27734375 
 794 , 203.47265625 
 795 , 285.00390625 
 796 , 337.078125 
 797 , 341.89453125 
 798 , 301.5546875 
 799 , 236.08984375 
 800 , 186.87890625 
 801 , 189.0078125 
 802 , 225.21875 
 803 , 245.3046875 
 804 , 230.4765625 
 805 , 212.5 
 806 , 219.421875 
 807 , 243.6640625 
 808 , 263.40234375 
 809 , 271.515625 
 810 , 279.078125 
 811 , 296.47265625 
 812 , 316.99609375 
 813 , 325.953125 
 814 , 320.57421875 
 815 , 318.34765625 
 816 , 334.953125 
 817 , 359.28125 
 818 , 369.8203125 
 819 , 361.22265625 
 820 , 350.44921875 
 821 , 354.3125 
 822 , 364.078125 
 823 , 364.18359375 
 824 , 358.2265625 
 825 , 366.56640625 
 826 , 400.17578125 
 827 , 443.09765625 
 828 , 475.08203125 
 829 , 494.91015625 
 830 , 513.3515625 
 831 , 538.8125 
 832 , 571.046875 
 833 , 604.140625 
 834 , 619.62890625 
 835 , 598.984375 
 836 , 545.41015625 
 837 , 477.99609375 
 838 , 410.83203125 
 839 , 353.2109375 
 840 , 315.19140625 
 841 , 297.046875 
 842 , 288.7265625 
 843 , 278.41015625 
 844 , 262.6328125 
 845 , 243.86328125 
 846 , 229.75 
 847 , 226.7265625 
 848 , 234.68359375 
 849 , 250.7109375 
 850 , 274.1015625 
 851 , 306.53515625 
 852 , 348.4453125 
 853 , 387.47265625 
 854 , 401.72265625 
 855 , 383.2109375 
 856 , 355.8671875 
 857 , 343.91015625 
 858 , 338.38671875 
 859 , 313.18359375 
 860 , 266.65234375 
 861 , 237.7109375 
 862 , 260.2578125 
 863 , 315.80859375 
 864 , 367.34765625 
 865 , 394.66796875 
 866 , 396.8203125 
 867 , 374.56640625 
 868 , 335.40234375 
 869 , 291.76171875 
 870 , 265.73828125 
 871 , 281.0625 
 872 , 339.7109375 
 873 , 411.2265625 
 874 , 470.8828125 
 875 , 531.7265625 
 876 , 617.046875 
 877 , 721.8046875 
 878 , 818 
 879 , 893.12109375 
 880 , 966.13671875 
 881 , 1055.375 
 882 , 1140.96875 
 883 , 1181.9140625 
 884 , 1167.04296875 
 885 , 1140.68359375 
 886 , 1142.50390625 
 887 , 1145.55859375 
 888 , 1097.3359375 
 889 , 988.8671875 
 890 , 863.35546875 
 891 , 756.51953125 
 892 , 667.67578125 
 893 , 588.6015625 
 894 , 515.0625 
 895 , 444.76953125 
 896 , 377.35546875 
 897 , 314.75390625 
 898 , 257.515625 
 899 , 199.5625 
 900 , 133.17578125 
 901 , 65.359375 
 902 , 20.18359375 
 903 , 13.01953125 
 904 , 23.74609375 
 905 , 26.09765625 
 906 , 17.52734375 
 907 , 11.83984375 
 908 , 16.70703125 
 909 , 27.4765625 
 910 , 38.01953125 
 911 , 50.0234375 
 912 , 69.55859375 
 913 , 95.63671875 
 914 , 115.390625 
 915 , 119.2421875 
 916 , 116.3984375 
 917 , 119.609375 
 918 , 125.05078125 
 919 , 117.3984375 
 920 , 92.73046875 
 921 , 70.3046875 
 922 , 69.25390625 
 923 , 85.81640625 
 924 , 107.53125 
 925 , 124.515625 
 926 , 132.70703125 
 927 , 132.75390625 
 928 , 129.3125 
 929 , 125.40625 
 930 , 125.0234375 
 931 , 135.17578125 
 932 , 155.05859375 
 933 , 168.0390625 
 934 , 158.98046875 
 935 , 133.171875 
 936 , 102.4765625 
 937 , 73.66015625 
 938 , 48.24609375 
 939 , 26.546875 
 940 , 9.1015625 
 941 ,-3.1484375 
 942 ,-6.25390625 
 943 , 4.6875 
 944 , 25.39453125 
 945 , 41.16015625 
 946 , 41.4296875 
 947 , 31.73046875 
 948 , 23.11328125 
 949 , 26.95703125 
 950 , 50.85546875 
 951 , 91.87890625 
 952 , 140.671875 
 953 , 187.51171875 
 954 , 219.1875 
 955 , 224.5546875 
 956 , 219.3203125 
 957 , 233.109375 
 958 , 271.5390625 
 959 , 306.45703125 
 960 , 315.00390625 
 961 , 303.2265625 
 962 , 283.1328125 
 963 , 253.12890625 
 964 , 201.9140625 
 965 , 129.16796875 
 966 , 59.671875 
 967 , 18.86328125 
 968 , 12.40234375 
 969 , 37.07421875 
 970 , 77.9140625 
 971 , 112.51171875 
 972 , 131.34375 
 973 , 149.2265625 
 974 , 179.7890625 
 975 , 213.328125 
 976 , 231.98046875 
 977 , 226.44921875 
 978 , 195.0078125 
 979 , 143.90625 
 980 , 104.7734375 
 981 , 108.22265625 
 982 , 137.0234375 
 983 , 151.3359375 
 984 , 138.12109375 
 985 , 117.36328125 
 986 , 106.71875 
 987 , 105.5625 
 988 , 108.38671875 
 989 , 109.79296875 
 990 , 106.47265625 
 991 , 97.62890625 
 992 , 83.3671875 
 993 , 67.328125 
 994 , 70.37109375 
 995 , 114.828125 
 996 , 183.6953125 
 997 , 234.43359375 
 998 , 256.45703125 
 999 , 290.796875 
 1000 , 372.99609375 
 1001 , 497.91796875 
 1002 , 652.29296875 
 1003 , 849.6953125 
 1004 , 1121.0078125 
 1005 , 1452.3203125 
 1006 , 1756.56640625 
 1007 , 1949.2265625 
 1008 , 1979.5546875 
 1009 , 1810.54296875 
 1010 , 1490.171875 
 1011 , 1130.41796875 
 1012 , 815.109375 
 1013 , 571.85546875 
 1014 , 412.3046875 
 1015 , 311.63671875 
 1016 , 239.12890625 
 1017 , 176.55078125 
 1018 , 118.42578125 
 1019 , 63.4609375 
 1020 , 19.6171875 
 1021 ,-3.0390625 
 1022 , 8.734375 
 1023 , 66.38671875 
 1024 , 140.1328125 
 1025 , 170.7265625 
 1026 , 136.68359375 
 1027 , 85.25 
 1028 , 66.67578125 
 1029 , 85.04296875 
 1030 , 130.6953125 
 1031 , 185.171875 
 1032 , 225.2265625 
 1033 , 242.21484375 
 1034 , 250.34765625 
 1035 , 263.67578125 
 1036 , 288.9921875 
 1037 , 329.88671875 
 1038 , 367.84375 
 1039 , 369.3359375 
 1040 , 328.35546875 
 1041 , 283.234375 
 1042 , 265.625 
 1043 , 265.80078125 
 1044 , 265.5078125 
 1045 , 262.76171875 
 1046 , 264.78515625 
 1047 , 276.75 
 1048 , 302.1796875 
 1049 , 343.1015625 
 1050 , 395.04296875 
 1051 , 450.81640625 
 1052 , 491.7109375 
 1053 , 493.1640625 
 1054 , 456.03515625 
 1055 , 414.0703125 
 1056 , 395.91796875 
 1057 , 407.15234375 
 1058 , 445.43359375 
 1059 , 482.23046875 
 1060 , 478.35546875 
 1061 , 436.41015625 
 1062 , 404.73828125 
 1063 , 415.76953125 
 1064 , 456.0234375 
 1065 , 504.4453125 
 1066 , 536.8984375 
 1067 , 529.59765625 
 1068 , 491.640625 
 1069 , 462.0078125 
 1070 , 459.6640625 
 1071 , 458.96875 
 1072 , 435.515625 
 1073 , 400.22265625 
 1074 , 373.87109375 
 1075 , 356.61328125 
 1076 , 333.515625 
 1077 , 296.4921875 
 1078 , 249.125 
 1079 , 199.859375 
 1080 , 173.4140625 
 1081 , 195.87890625 
 1082 , 260.09765625 
 1083 , 338.44921875 
 1084 , 402.69921875 
 1085 , 424.7421875 
 1086 , 394.515625 
 1087 , 356.8828125 
 1088 , 359.74609375 
 1089 , 394.41015625 
 1090 , 426.8984375 
 1091 , 442.7109375 
 1092 , 447.8984375 
 1093 , 453.19921875 
 1094 , 477.0390625 
 1095 , 529.43359375 
 1096 , 570.3828125 
 1097 , 547.64453125 
 1098 , 476.53515625 
 1099 , 423.015625 
 1100 , 415.8203125 
 1101 , 420.203125 
 1102 , 405.09765625 
 1103 , 376.3125 
 1104 , 347.078125 
 1105 , 317.296875 
 1106 , 279.84375 
 1107 , 238.40234375 
 1108 , 209.40625 
 1109 , 203.03125 
 1110 , 211.29296875 
 1111 , 223.61328125 
 1112 , 232.21875 
 1113 , 230.83203125 
 1114 , 218.390625 
 1115 , 198.6796875 
 1116 , 170.6015625 
 1117 , 127.71484375 
 1118 , 70.34375 
 1119 , 20.93359375 
 1120 , 6.53515625 
 1121 , 15.16796875 
 1122 , 11.34765625 
 1123 ,-7.05859375 
 1124 ,-0.0625 
 1125 , 53.83984375 
 1126 , 116.5234375 
 1127 , 147.0703125 
 1128 , 146.5390625 
 1129 , 132.28125 
 1130 , 114.9140625 
 1131 , 91.84765625 
 1132 , 63.796875 
 1133 , 44.16015625 
 1134 , 43.15625 
 1135 , 51.5390625 
 1136 , 55.796875 
 1137 , 52.0234375 
 1138 , 41.9140625 
 1139 , 30.6953125 
 1140 , 27.46484375 
 1141 , 36.8359375 
 1142 , 51.328125 
 1143 , 62.38671875 
 1144 , 67.95703125 
 1145 , 67.7890625 
 1146 , 60.5234375 
 1147 , 42.1015625 
 1148 , 17.58984375 
 1149 , 6.9765625 
 1150 , 22.51953125 
 1151 , 46.96875 
 1152 , 60.5390625 
 1153 , 72.66796875 
 1154 , 105.2890625 
 1155 , 153.05859375 
 1156 , 185.1171875 
 1157 , 189.640625 
 1158 , 194.90234375 
 1159 , 222.7734375 
 1160 , 255.73046875 
 1161 , 270.26953125 
 1162 , 267.70703125 
 1163 , 260.9765625 
 1164 , 256.58984375 
 1165 , 256.5859375 
 1166 , 259.33984375 
 1167 , 249.921875 
 1168 , 221.39453125 
 1169 , 212.57421875 
 1170 , 268.265625 
 1171 , 374.66796875 
 1172 , 488.96875 
 1173 , 581.421875 
 1174 , 632.8359375 
 1175 , 633.9375 
 1176 , 598.25390625 
 1177 , 539.59765625 
 1178 , 458.21875 
 1179 , 355.41796875 
 1180 , 275.77734375 
 1181 , 284.140625 
 1182 , 374.28125 
 1183 , 464.328125 
 1184 , 495.796875 
 1185 , 468.42578125 
 1186 , 400.17578125 
 1187 , 349.8359375 
 1188 , 376.546875 
 1189 , 455.29296875 
 1190 , 517.90625 
 1191 , 530.5703125 
 1192 , 497.5546875 
 1193 , 436.9375 
 1194 , 383.1796875 
 1195 , 362.63671875 
 1196 , 374.0859375 
 1197 , 412.01953125 
 1198 , 461.42578125 
 1199 , 497.875 
 1200 , 507.2421875 
 1201 , 494.9140625 
 1202 , 473.03125 
 1203 , 452.07421875 
 1204 , 435.484375 
 1205 , 415.0546875 
 1206 , 384.6328125 
 1207 , 356.78125 
 1208 , 349.95703125 
 1209 , 354.9609375 
 1210 , 338.09765625 
 1211 , 294.32421875 
 1212 , 277.05078125 
 1213 , 320.73828125 
 1214 , 357.29296875 
 1215 , 308.296875 
 1216 , 216.8984375 
 1217 , 177.28125 
 1218 , 206.35546875 
 1219 , 257.8125 
 1220 , 290.37109375 
 1221 , 275.9765625 
 1222 , 209.4375 
 1223 , 117.21484375 
 1224 , 30.67578125 
 1225 ,-1.7578125 
 1226 , 65.80859375 
 1227 , 176.328125 
 1228 , 213.10546875 
 1229 , 161.53515625 
 1230 , 122.01953125 
 1231 , 144.5546875 
 1232 , 152.61328125 
 1233 , 78.6796875 
 1234 ,-3.76953125 
 1235 , 1.40234375 
 1236 , 71.4765625 
 1237 , 132.76953125 
 1238 , 159.828125 
 1239 , 160.62890625 
 1240 , 143.98046875 
 1241 , 139.6171875 
 1242 , 172.77734375 
 1243 , 223.59375 
 1244 , 258.59375 
 1245 , 275.32421875 
 1246 , 296.1953125 
 1247 , 328.37109375 
 1248 , 355.828125 
 1249 , 362.29296875 
 1250 , 340.48046875 
 1251 , 298.19921875 
 1252 , 270.0625 
 1253 , 281.3828125 
 1254 , 304.71484375 
 1255 , 300.81640625 
 1256 , 261.265625 
 1257 , 197.2890625 
 1258 , 131.5 
 1259 , 92.0859375 
 1260 , 87.13671875 
 1261 , 95.58984375 
 1262 , 100.23828125 
 1263 , 100.2109375 
 1264 , 97.515625 
 1265 , 97.80859375 
 1266 , 109.1953125 
 1267 , 128.24609375 
 1268 , 138.02734375 
 1269 , 127.26171875 
 1270 , 103.48046875 
 1271 , 82.30078125 
 1272 , 69.99609375 
 1273 , 63.0390625 
 1274 , 68.9765625 
 1275 , 100.7109375 
 1276 , 131.01171875 
 1277 , 108.8984375 
 1278 , 45.39453125 
 1279 , 1.8359375 
 1280 , 9.20703125 
 1281 , 53.60546875 
 1282 , 114.96484375 
 1283 , 174.49609375 
 1284 , 221.140625 
 1285 , 266.265625 
 1286 , 325.47265625 
 1287 , 384.2109375 
 1288 , 416.40234375 
 1289 , 418.1484375 
 1290 , 403.48046875 
 1291 , 379.3671875 
 1292 , 338.10546875 
 1293 , 280.640625 
 1294 , 231.31640625 
 1295 , 206.09375 
 1296 , 186.17578125 
 1297 , 153.0546875 
 1298 , 113.09375 
 1299 , 75.6640625 
 1300 , 48.75 
 1301 , 45.375 
 1302 , 65 
 1303 , 85.56640625 
 1304 , 96.76953125 
 1305 , 121.328125 
 1306 , 170.54296875 
 1307 , 198.81640625 
 1308 , 161.765625 
 1309 , 91.55078125 
 1310 , 40.9453125 
 1311 , 22.78125 
 1312 , 29.55078125 
 1313 , 47.15234375 
 1314 , 56.30078125 
 1315 , 52.7890625 
 1316 , 56.19921875 
 1317 , 80.7109375 
 1318 , 116.234375 
 1319 , 148.91015625 
 1320 , 177.3046875 
 1321 , 204.6484375 
 1322 , 225.90234375 
 1323 , 230.44921875 
 1324 , 222.8203125 
 1325 , 223.8984375 
 1326 , 232.546875 
 1327 , 215.1328125 
 1328 , 160.5390625 
 1329 , 108.84375 
 1330 , 93.546875 
 1331 , 105.58203125 
 1332 , 128.3359375 
 1333 , 151.87109375 
 1334 , 169.28515625 
 1335 , 190.72265625 
 1336 , 234.1796875 
 1337 , 291.625 
 1338 , 335.01953125 
 1339 , 348.21484375 
 1340 , 332.21875 
 1341 , 297.84375 
 1342 , 272.15234375 
 1343 , 275.51171875 
 1344 , 296.05078125 
 1345 , 315.46875 
 1346 , 333.5390625 
 1347 , 358.62890625 
 1348 , 392 
 1349 , 431.5625 
 1350 , 472.9375 
 1351 , 505.4453125 
 1352 , 521.671875 
 1353 , 527.04296875 
 1354 , 531.12109375 
 1355 , 537.0703125 
 1356 , 541.046875 
 1357 , 537.71484375 
 1358 , 528.10546875 
 1359 , 523.16015625 
 1360 , 530.296875 
 1361 , 530.53125 
 1362 , 498.46875 
 1363 , 445.3125 
 1364 , 404.07421875 
 1365 , 382.69140625 
 1366 , 365.98046875 
 1367 , 348.1171875 
 1368 , 334.25390625 
 1369 , 326.08984375 
 1370 , 324.33203125 
 1371 , 332.1953125 
 1372 , 343.046875 
 1373 , 343.9765625 
 1374 , 336.60546875 
 1375 , 329.7578125 
 1376 , 324.62109375 
 1377 , 323.8984375 
 1378 , 329.421875 
 1379 , 331.8359375 
 1380 , 325.64453125 
 1381 , 319.60546875 
 1382 , 318.51953125 
 1383 , 306.87109375 
 1384 , 267.66015625 
 1385 , 204.30859375 
 1386 , 131.53125 
 1387 , 76.94921875 
 1388 , 70.265625 
 1389 , 110.359375 
 1390 , 173.76171875 
 1391 , 229.6015625 
 1392 , 238.3828125 
 1393 , 197.390625 
 1394 , 161.859375 
 1395 , 160.9296875 
 1396 , 156.546875 
 1397 , 120.140625 
 1398 , 84.51953125 
 1399 , 86.4765625 
 1400 , 108.7265625 
 1401 , 117.46484375 
 1402 , 103.46875 
 1403 , 75.65625 
 1404 , 45.87890625 
 1405 , 17.671875 
 1406 ,-3.6796875 
 1407 ,-5.328125 
 1408 , 15.7890625 
 1409 , 43.140625 
 1410 , 63.515625 
 1411 , 83.1328125 
 1412 , 110.68359375 
 1413 , 143.01171875 
 1414 , 169.12890625 
 1415 , 189.13671875 
 1416 , 217.49609375 
 1417 , 256.95703125 
 1418 , 294.328125 
 1419 , 319.38671875 
 1420 , 336.8359375 
 1421 , 349.55859375 
 1422 , 341.6640625 
 1423 , 303.97265625 
 1424 , 255.703125 
 1425 , 228.55078125 
 1426 , 252.015625 
 1427 , 321.45703125 
 1428 , 375.86328125 
 1429 , 377.16015625 
 1430 , 362.94140625 
 1431 , 370.59375 
 1432 , 392.2890625 
 1433 , 412.5078125 
 1434 , 426.5078125 
 1435 , 429.6640625 
 1436 , 416.7265625 
 1437 , 386.79296875 
 1438 , 342.45703125 
 1439 , 289.67578125 
 1440 , 246.36328125 
 1441 , 240.13671875 
 1442 , 276.48828125 
 1443 , 327.98046875 
 1444 , 375.89453125 
 1445 , 424.39453125 
 1446 , 476.03125 
 1447 , 520.7109375 
 1448 , 548.70703125 
 1449 , 567.22265625 
 1450 , 589.6484375 
 1451 , 612.0859375 
 1452 , 618.38671875 
 1453 , 618.90625 
 1454 , 649.06640625 
 1455 , 715.39453125 
 1456 , 789.09765625 
 1457 , 839.75 
 1458 , 850.41796875 
 1459 , 831.83984375 
 1460 , 812.7734375 
 1461 , 799.73046875 
 1462 , 777.0234375 
 1463 , 739.90234375 
 1464 , 698.03515625 
 1465 , 655.26171875 
 1466 , 604.26171875 
 1467 , 544.88671875 
 1468 , 499.05078125 
 1469 , 482.96484375 
 1470 , 463.10546875 
 1471 , 393.6640625 
 1472 , 305.640625 
 1473 , 272.20703125 
 1474 , 292.4140625 
 1475 , 305.75 
 1476 , 300.73046875 
 1477 , 320.36328125 
 1478 , 365.9375 
 1479 , 376.125 
 1480 , 324.37109375 
 1481 , 257.2890625 
 1482 , 217.7109375 
 1483 , 219.84765625 
 1484 , 261.91015625 
 1485 , 304.42578125 
 1486 , 312.53515625 
 1487 , 301.70703125 
 1488 , 296.0859375 
 1489 , 299.63671875 
 1490 , 310.16796875 
 1491 , 326.53125 
 1492 , 345.75390625 
 1493 , 359.015625 
 1494 , 358.83203125 
 1495 , 349.53125 
 1496 , 339.53125 
 1497 , 330.01171875 
 1498 , 318.71484375 
 1499 , 302.4453125 
 1500 , 276.20703125 
 1501 , 244.68359375 
 1502 , 224.5390625 
 1503 , 224.09765625 
 1504 , 239.328125 
 1505 , 265.33984375 
 1506 , 287.06640625 
 1507 , 285.125 
 1508 , 251.53515625 
 1509 , 192.34765625 
 1510 , 133.578125 
 1511 , 98.125 
 1512 , 88.18359375 
 1513 , 99.66015625 
 1514 , 109.63671875 
 1515 , 86.62890625 
 1516 , 39.57421875 
 1517 , 0.71875 
 1518 ,-14.95703125 
 1519 ,-4.171875 
 1520 , 29.12109375 
 1521 , 71.92578125 
 1522 , 118.546875 
 1523 , 172.1015625 
 1524 , 224.828125 
 1525 , 253.6484375 
 1526 , 246.0390625 
 1527 , 209.5703125 
 1528 , 158.53125 
 1529 , 124.8203125 
 1530 , 136.8125 
 1531 , 183.6015625 
 1532 , 241.51953125 
 1533 , 295.140625 
 1534 , 339.2890625 
 1535 , 373.71484375 
 1536 , 393.21875 
 1537 , 400.0859375 
 1538 , 400.90234375 
 1539 , 386.0078125 
 1540 , 342.6640625 
 1541 , 286.44921875 
 1542 , 247.44140625 
 1543 , 222.93359375 
 1544 , 185.61328125 
 1545 , 139.01953125 
 1546 , 113.76171875 
 1547 , 114.45703125 
 1548 , 116.44140625 
 1549 , 114.6875 
 1550 , 137.04296875 
 1551 , 183.41015625 
 1552 , 204.12890625 
 1553 , 177.046875 
 1554 , 131.9921875 
 1555 , 102.4765625 
 1556 , 122.625 
 1557 , 195.4921875 
 1558 , 251.140625 
 1559 , 241.59375 
 1560 , 210.33984375 
 1561 , 201.1796875 
 1562 , 195.98828125 
 1563 , 170.65234375 
 1564 , 146.38671875 
 1565 , 152.12109375 
 1566 , 177.37109375 
 1567 , 198.75 
 1568 , 216.98828125 
 1569 , 243.96875 
 1570 , 278.86328125 
 1571 , 312.06640625 
 1572 , 327.7890625 
 1573 , 313.9453125 
 1574 , 291.65625 
 1575 , 295.2578125 
 1576 , 319.85546875 
 1577 , 334.546875 
 1578 , 328.6875 
 1579 , 311.59375 
 1580 , 291.2890625 
 1581 , 269.7734375 
 1582 , 252.30859375 
 1583 , 251.81640625 
 1584 , 267.9609375 
 1585 , 278.9609375 
 1586 , 277.90234375 
 1587 , 285.56640625 
 1588 , 318.50390625 
 1589 , 376.79296875 
 1590 , 441.8984375 
 1591 , 476.71875 
 1592 , 466.52734375 
 1593 , 428.4140625 
 1594 , 380.03515625 
 1595 , 348.29296875 
 1596 , 351.92578125 
 1597 , 369.4609375 
 1598 , 378.375 
 1599 , 388.546875 
 1600 , 412.48828125 
 1601 , 441.7734375 
 1602 , 467.8671875 
 1603 , 493.5859375 
 1604 , 516.94921875 
 1605 , 515.765625 
 1606 , 479.70703125 
 1607 , 464.7578125 
 1608 , 522.984375 
 1609 , 603.67578125 
 1610 , 635.765625 
 1611 , 611.6484375 
 1612 , 546.171875 
 1613 , 461.125 
 1614 , 382.76171875 
 1615 , 335.65234375 
 1616 , 337.29296875 
 1617 , 362.7265625 
 1618 , 371.546875 
 1619 , 351.34765625 
 1620 , 300.34375 
 1621 , 240.1953125 
 1622 , 210.96875 
 1623 , 210.13671875 
 1624 , 204.3046875 
 1625 , 195.28515625 
 1626 , 212.6796875 
 1627 , 249.3515625 
 1628 , 263.8671875 
 1629 , 242.9765625 
 1630 , 205.546875 
 1631 , 162.9765625 
 1632 , 115.55859375 
 1633 , 77.19140625 
 1634 , 76.5390625 
 1635 , 110.3828125 
 1636 , 134.60546875 
 1637 , 138.984375 
 1638 , 165.2421875 
 1639 , 222.1640625 
 1640 , 264.484375 
 1641 , 267.2265625 
 1642 , 244.1015625 
 1643 , 206.90234375 
 1644 , 152.8515625 
 1645 , 89.38671875 
 1646 , 51.34375 
 1647 , 60.00390625 
 1648 , 105.984375 
 1649 , 160.359375 
 1650 , 167.609375 
 1651 , 122.8828125 
 1652 , 108.4296875 
 1653 , 155.3984375 
 1654 , 191.69140625 
 1655 , 178.76953125 
 1656 , 166.458984375 
 1657 , 186.5234375 
 1658 , 205.46484375 
 1659 , 199.126953125 
 1660 , 187.349609375 
 1661 , 184.021484375 
 1662 , 171.408203125 
 1663 , 138.07421875 
 1664 , 102.25390625 
 1665 , 82.306640625 
 1666 , 83.978515625 
 1667 , 106.376953125 
 1668 , 134.16015625 
 1669 , 150.39453125 
 1670 , 146.9375 
 1671 , 126.330078125 
 1672 , 107.208984375 
 1673 , 103.353515625 
 1674 , 114.025390625 
 1675 , 131.638671875 
 1676 , 137.984375 
 1677 , 132.505859375 
 1678 , 157.849609375 
 1679 , 231.26171875 
 1680 , 296.025390625 
 1681 , 304.818359375 
 1682 , 258.814453125 
 1683 , 180.580078125 
 1684 , 126.98828125 
 1685 , 131.6640625 
 1686 , 161.73046875 
 1687 , 182.1171875 
 1688 , 171.15234375 
 1689 , 117.2734375 
 1690 , 49.255859375 
 1691 , 5.4296875 
 1692 , 10.333984375 
 1693 , 64.916015625 
 1694 , 138.91015625 
 1695 , 208.91015625 
 1696 , 257.623046875 
 1697 , 264.6328125 
 1698 , 219.2890625 
 1699 , 132.341796875 
 1700 , 59.4921875 
 1701 , 40.904296875 
 1702 , 68.21484375 
 1703 , 117.693359375 
 1704 , 144.59375 
 1705 , 126.345703125 
 1706 , 90.966796875 
 1707 , 62.337890625 
 1708 , 48.966796875 
 1709 , 51.576171875 
 1710 , 51.55859375 
 1711 , 38.62890625 
 1712 , 31.22265625 
 1713 , 37.099609375 
 1714 , 31.029296875 
 1715 , 7.087890625 
 1716 , 6.23046875 
 1717 , 51.021484375 
 1718 , 117.095703125 
 1719 , 180.083984375 
 1720 , 224.064453125 
 1721 , 236.826171875 
 1722 , 214.46484375 
 1723 , 169.494140625 
 1724 , 139.970703125 
 1725 , 141.74609375 
 1726 , 150.15234375 
 1727 , 151.890625 
 1728 , 152.888671875 
 1729 , 151.236328125 
 1730 , 138.310546875 
 1731 , 114.501953125 
 1732 , 85.4453125 
 1733 , 53.048828125 
 1734 , 25.24609375 
 1735 , 12.6640625 
 1736 , 13.80078125 
 1737 , 23.072265625 
 1738 , 43.125 
 1739 , 73.44140625 
 1740 , 103.673828125 
 1741 , 131.716796875 
 1742 , 165.259765625 
 1743 , 211.123046875 
 1744 , 274.33203125 
 1745 , 325.29296875 
 1746 , 307.041015625 
 1747 , 235.8125 
 1748 , 185.8125 
 1749 , 174.5625 
 1750 , 174.958984375 
 1751 , 173.595703125 
 1752 , 169.078125 
 1753 , 165.2734375 
 1754 , 168.84375 
 1755 , 184.64453125 
 1756 , 213.001953125 
 1757 , 235.494140625 
 1758 , 232.58984375 
 1759 , 217.951171875 
 1760 , 213.4609375 
 1761 , 234.16015625 
 1762 , 286.8671875 
 1763 , 330.525390625 
 1764 , 318.984375 
 1765 , 270.171875 
 1766 , 222.080078125 
 1767 , 202.626953125 
 1768 , 225.5234375 
 1769 , 258.8203125 
 1770 , 268.4453125 
 1771 , 263.025390625 
 1772 , 255.814453125 
 1773 , 242.373046875 
 1774 , 221.5859375 
 1775 , 206.1953125 
 1776 , 200.802734375 
 1777 , 192.08984375 
 1778 , 174.90625 
 1779 , 157.37109375 
 1780 , 140.822265625 
 1781 , 122.0703125 
 1782 , 106.802734375 
 1783 , 106.73828125 
 1784 , 116.0703125 
 1785 , 106.1328125 
 1786 , 76.630859375 
 1787 , 67.1484375 
 1788 , 75.990234375 
 1789 , 52.71484375 
 1790 , 6.02734375 
 1791 , 8.0703125 
 1792 , 59.7265625 
 1793 , 96.53515625 
 1794 , 106.85546875 
 1795 , 118.001953125 
 1796 , 140.130859375 
 1797 , 172.857421875 
 1798 , 204.986328125 
 1799 , 220.08984375 
 1800 , 229.376953125 
 1801 , 256.1796875 
 1802 , 285.482421875 
 1803 , 286.55078125 
 1804 , 254.521484375 
 1805 , 200.005859375 
 1806 , 141.134765625 
 1807 , 95.71875 
 1808 , 83.248046875 
 1809 , 112.7265625 
 1810 , 148.314453125 
 1811 , 159.236328125 
 1812 , 167.25 
 1813 , 188.66015625 
 1814 , 192.177734375 
 1815 , 165.64453125 
 1816 , 160.09765625 
 1817 , 199.28515625 
 1818 , 239.37109375 
 1819 , 250.369140625 
 1820 , 239.06640625 
 1821 , 214.306640625 
 1822 , 181.359375 
 1823 , 154.95703125 
 1824 , 155.99609375 
 1825 , 170.67578125 
 1826 , 163.349609375 
 1827 , 147.701171875 
 1828 , 160.92578125 
 1829 , 182.92578125 
 1830 , 170.41015625 
 1831 , 127.16015625 
 1832 , 79.4296875 
 1833 , 56.056640625 
 1834 , 76.35546875 
 1835 , 113.279296875 
 1836 , 135.732421875 
 1837 , 147.337890625 
 1838 , 157.8203125 
 1839 , 172.08984375 
 1840 , 191.103515625 
 1841 , 208.62109375 
 1842 , 218.2265625 
 1843 , 215.314453125 
 1844 , 205.0625 
 1845 , 209.58984375 
 1846 , 231.08984375 
 1847 , 243.6484375 
 1848 , 243.869140625 
 1849 , 249.51171875 
 1850 , 252.462890625 
 1851 , 228.701171875 
 1852 , 190.564453125 
 1853 , 168.275390625 
 1854 , 170.123046875 
 1855 , 194.9921875 
 1856 , 212.6875 
 1857 , 185.638671875 
 1858 , 134.80859375 
 1859 , 98.82421875 
 1860 , 92.32421875 
 1861 , 114.3984375 
 1862 , 144.419921875 
 1863 , 163.98828125 
 1864 , 165.23828125 
 1865 , 151.068359375 
 1866 , 146.634765625 
 1867 , 163.9140625 
 1868 , 183.529296875 
 1869 , 186.455078125 
 1870 , 167.48828125 
 1871 , 149.84375 
 1872 , 170.0859375 
 1873 , 199.41015625 
 1874 , 174.396484375 
 1875 , 111.607421875 
 1876 , 64.443359375 
 1877 , 50.361328125 
 1878 , 72.91796875 
 1879 , 114.810546875 
 1880 , 146.9375 
 1881 , 150.53125 
 1882 , 122.47265625 
 1883 , 85.72265625 
 1884 , 67.326171875 
 1885 , 93.2265625 
 1886 , 163.396484375 
 1887 , 229.96484375 
 1888 , 263.146484375 
 1889 , 267.966796875 
 1890 , 254.396484375 
 1891 , 236.607421875 
 1892 , 219.197265625 
 1893 , 196.10546875 
 1894 , 177.32421875 
 1895 , 181.416015625 
 1896 , 192.03515625 
 1897 , 181.263671875 
 1898 , 168.642578125 
 1899 , 182.09375 
 1900 , 200.078125 
 1901 , 197.439453125 
 1902 , 182.005859375 
 1903 , 168.78125 
 1904 , 174.615234375 
 1905 , 203.71875 
 1906 , 237.599609375 
 1907 , 258.8203125 
 1908 , 251.978515625 
 1909 , 221.6171875 
 1910 , 195.349609375 
 1911 , 183.060546875 
 1912 , 174.611328125 
 1913 , 158.40234375 
 1914 , 134.89453125 
 1915 , 135.673828125 
 1916 , 183.732421875 
 1917 , 233.482421875 
 1918 , 235.55078125 
 1919 , 179.142578125 
 1920 , 84.826171875 
 1921 , 32.146484375 
 1922 , 60.982421875 
 1923 , 132.3359375 
 1924 , 197.6328125 
 1925 , 206.083984375 
 1926 , 175.880859375 
 1927 , 182.189453125 
 1928 , 209.09765625 
 1929 , 186.638671875 
 1930 , 133.697265625 
 1931 , 106.837890625 
 1932 , 105.4765625 
 1933 , 109.498046875 
 1934 , 109.16015625 
 1935 , 103.443359375 
 1936 , 105.546875 
 1937 , 119.33984375 
 1938 , 128.107421875 
 1939 , 132.1640625 
 1940 , 159.529296875 
 1941 , 209.890625 
 1942 , 250.259765625 
 1943 , 267.875 
 1944 , 267.77734375 
 1945 , 259.734375 
 1946 , 252.4375 
 1947 , 238.166015625 
 1948 , 211.40234375 
 1949 , 189.978515625 
 1950 , 185.62890625 
 1951 , 185.3203125 
 1952 , 183.62890625 
 1953 , 191.294921875 
 1954 , 199.08203125 
 1955 , 179.96875 
 1956 , 147.439453125 
 1957 , 140.326171875 
 1958 , 147.5625 
 1959 , 135.21484375 
 1960 , 112.3828125 
 1961 , 103.396484375 
 1962 , 119.193359375 
 1963 , 154.5859375 
 1964 , 167.359375 
 1965 , 137.568359375 
 1966 , 100.904296875 
 1967 , 81.267578125 
 1968 , 80.8671875 
 1969 , 86.373046875 
 1970 , 67.8515625 
 1971 , 37.73828125 
 1972 , 39.71875 
 1973 , 72.859375 
 1974 , 107.869140625 
 1975 , 122.048828125 
 1976 , 112.79296875 
 1977 , 109.7734375 
 1978 , 130.017578125 
 1979 , 163.669921875 
 1980 , 193.09765625 
 1981 , 189.25 
 1982 , 154.392578125 
 1983 , 122.033203125 
 1984 , 100.494140625 
 1985 , 83.568359375 
 1986 , 86.90234375 
 1987 , 124.853515625 
 1988 , 158.490234375 
 1989 , 154.478515625 
 1990 , 147.49609375 
 1991 , 166.6484375 
 1992 , 199.279296875 
 1993 , 226.697265625 
 1994 , 235.169921875 
 1995 , 225.458984375 
 1996 , 206.853515625 
 1997 , 174.73046875 
 1998 , 125.353515625 
 1999 , 111.052734375 
 2000 , 174.591796875 
 2001 , 232.29296875 
 2002 , 219.962890625 
 2003 , 204.94921875 
 2004 , 222.84375 
 2005 , 221.494140625 
 2006 , 188.90234375 
 2007 , 164.884765625 
 2008 , 150.0546875 
 2009 , 120.732421875 
 2010 , 103.82421875 
 2011 , 133.642578125 
 2012 , 168.0078125 
 2013 , 168.78515625 
 2014 , 172.328125 
 2015 , 197.103515625 
 2016 , 203.80859375 
 2017 , 182.126953125 
 2018 , 164.150390625 
 2019 , 153.107421875 
 2020 , 129.556640625 
 2021 , 98.283203125 
 2022 , 73.033203125 
 2023 , 45.66015625 
 2024 , 14.859375 
 2025 , 20.205078125 
 2026 , 69.072265625 
 2027 , 100.23046875 
 2028 , 100.365234375 
 2029 , 114.357421875 
 2030 , 144.869140625 
 2031 , 166.46875 
 2032 , 172.140625 
 2033 , 160.978515625 
 2034 , 145.62109375 
 2035 , 140.29296875 
 2036 , 131.392578125 
 2037 , 103.767578125 
 2038 , 57.869140625 
 2039 , 19.119140625 
 2040 , 31.603515625 
 2041 , 80.185546875 
 2042 , 123.7109375 
 2043 , 119.16796875 
 2044 , 45.62890625 
 2045 ,-14.951171875 
 2046 , 10.111328125 
 2047 , 98.392578125 
 2048 , 194.783203125 
 2049 , 222.240234375 
 2050 , 172 
 2051 , 99.75390625 
 2052 , 50.31640625 
 2053 , 42.17578125 
 2054 , 59.05078125 
 2055 , 78.25390625 
 2056 , 98.29296875 
 2057 , 113.45703125 
 2058 , 101.037109375 
 2059 , 72.826171875 
 2060 , 81.146484375 
 2061 , 113.33984375 
 2062 , 114.806640625 
 2063 , 106.634765625 
 2064 , 127.935546875 
 2065 , 141.79296875 
 2066 , 118.888671875 
 2067 , 98.1484375 
 2068 , 96.65234375 
 2069 , 87.076171875 
 2070 , 78.95703125 
 2071 , 111.63671875 
 2072 , 166.333984375 
 2073 , 200.349609375 
 2074 , 212.38671875 
 2075 , 214.8046875 
 2076 , 223.46484375 
 2077 , 234.94140625 
 2078 , 211.1875 
 2079 , 150.984375 
 2080 , 93.783203125 
 2081 , 61.7890625 
 2082 , 61.197265625 
 2083 , 67.611328125 
 2084 , 57.525390625 
 2085 , 53.564453125 
 2086 , 69.865234375 
 2087 , 81.435546875 
 2088 , 79.103515625 
 2089 , 80.49609375 
 2090 , 93.673828125 
 2091 , 113.439453125 
 2092 , 121.40234375 
 2093 , 105.82421875 
 2094 , 80.7578125 
 2095 , 64.73046875 
 2096 , 80.1484375 
 2097 , 118.69921875 
 2098 , 138.03515625 
 2099 , 134.125 
 2100 , 131.775390625 
 2101 , 159.322265625 
 2102 , 222.021484375 
 2103 , 249.79296875 
 2104 , 217.724609375 
 2105 , 209.16796875 
 2106 , 236.8125 
 2107 , 231.833984375 
 2108 , 189.63671875 
 2109 , 150.24609375 
 2110 , 163.142578125 
 2111 , 243.666015625 
 2112 , 302.75390625 
 2113 , 281.716796875 
 2114 , 202.796875 
 2115 , 123.810546875 
 2116 , 116.193359375 
 2117 , 132.470703125 
 2118 , 89.099609375 
 2119 , 35.3828125 
 2120 , 30.447265625 
 2121 , 58.93359375 
 2122 , 95.74609375 
 2123 , 120.373046875 
 2124 , 129.748046875 
 2125 , 133.486328125 
 2126 , 138.55078125 
 2127 , 149.595703125 
 2128 , 168.0234375 
 2129 , 186.60546875 
 2130 , 182.416015625 
 2131 , 153.640625 
 2132 , 124.212890625 
 2133 , 111.787109375 
 2134 , 122.1015625 
 2135 , 123.93359375 
 2136 , 93.529296875 
 2137 , 63.716796875 
 2138 , 60.4140625 
 2139 , 82.1171875 
 2140 , 102.451171875 
 2141 , 84.30078125 
 2142 , 60.771484375 
 2143 , 79.169921875 
 2144 , 110.5703125 
 2145 , 126.349609375 
 2146 , 136.341796875 
 2147 , 142.5234375 
 2148 , 134.65625 
 2149 , 126.87109375 
 2150 , 143.484375 
 2151 , 169.28125 
 2152 , 176.375 
 2153 , 129.96484375 
 2154 , 43.517578125 
 2155 ,-3.361328125 
 2156 , 5.703125 
 2157 , 36.423828125 
 2158 , 64.888671875 
 2159 , 84.9453125 
 2160 , 133.708984375 
 2161 , 201.052734375 
 2162 , 190.708984375 
 2163 , 117.283203125 
 2164 , 94.48046875 
 2165 , 104.498046875 
 2166 , 84.08984375 
 2167 , 63.94921875 
 2168 , 65.126953125 
 2169 , 42.59375 
 2170 , 14.021484375 
 2171 , 61.876953125 
 2172 , 139.015625 
 2173 , 148.439453125 
 2174 , 126.96875 
 2175 , 124.07421875 
 2176 , 124.904296875 
 2177 , 126.5390625 
 2178 , 148.78125 
 2179 , 170.369140625 
 2180 , 152.568359375 
 2181 , 111.3125 
 2182 , 77.765625 
 2183 , 74.97265625 
 2184 , 102.736328125 
 2185 , 132.9453125 
 2186 , 153.45703125 
 2187 , 166.328125 
 2188 , 182.54296875 
 2189 , 208.423828125 
 2190 , 227.912109375 
 2191 , 227.36328125 
 2192 , 204.37890625 
 2193 , 178.130859375 
 2194 , 176.203125 
 2195 , 192.11328125 
 2196 , 203.845703125 
 2197 , 179.70703125 
 2198 , 139.92578125 
 2199 , 171.583984375 
 2200 , 234.58203125 
 2201 , 219.625 
 2202 , 178.23046875 
 2203 , 176.826171875 
 2204 , 162.73828125 
 2205 , 129.255859375 
 2206 , 152.3046875 
 2207 , 211.283203125 
 2208 , 229.88671875 
 2209 , 222.826171875 
 2210 , 218.935546875 
 2211 , 201.71875 
 2212 , 173.439453125 
 2213 , 166.189453125 
 2214 , 176.3671875 
 2215 , 177.443359375 
 2216 , 150.88671875 
 2217 , 104.65234375 
 2218 , 101.798828125 
 2219 , 137.03515625 
 2220 , 126.681640625 
 2221 , 93.314453125 
 2222 , 101.005859375 
 2223 , 91.3984375 
 2224 , 30.50390625 
 2225 , 2.171875 
 2226 , 30.328125 
 2227 , 66.62109375 
 2228 , 87.109375 
 2229 , 85.767578125 
 2230 , 74.576171875 
 2231 , 63.83984375 
 2232 , 56.08984375 
 2233 , 63.783203125 
 2234 , 104.46484375 
 2235 , 145.75 
 2236 , 154.736328125 
 2237 , 161.55859375 
 2238 , 171.42578125 
 2239 , 142.18359375 
 2240 , 99.421875 
 2241 , 101.279296875 
 2242 , 116.1875 
 2243 , 113.544921875 
 2244 , 134.93359375 
 2245 , 174.64453125 
 2246 , 167.5546875 
 2247 , 121.25 
 2248 , 78.59375 
 2249 , 48.4140625 
 2250 , 31.009765625 
 2251 , 31.552734375 
 2252 , 49.326171875 
 2253 , 76.123046875 
 2254 , 109.62890625 
 2255 , 142.64453125 
 2256 , 141.548828125 
 2257 , 118.421875 
 2258 , 147.998046875 
 2259 , 193.921875 
 2260 , 173.8515625 
 2261 , 156.853515625 
 2262 , 192.203125 
 2263 , 188.873046875 
 2264 , 121.49609375 
 2265 , 48.720703125 
 2266 , 19.162109375 
 2267 , 51.8671875 
 2268 , 91.87890625 
 2269 , 107.0234375 
 2270 , 117.5625 
 2271 , 111.294921875 
 2272 , 69.021484375 
 2273 , 60.720703125 
 2274 , 119.16015625 
 2275 , 140.330078125 
 2276 , 94.771484375 
 2277 , 40.5234375 
 2278 , 14.53125 
 2279 , 30.236328125 
 2280 , 54.3359375 
 2281 , 67.4453125 
 2282 , 86.6953125 
 2283 , 101.90625 
 2284 , 92.6953125 
 2285 , 95.244140625 
 2286 , 127.345703125 
 2287 , 136.634765625 
 2288 , 112.96875 
 2289 , 87.8359375 
 2290 , 68.30859375 
 2291 , 47.58984375 
 2292 , 20.85546875 
 2293 , 3.28515625 
 2294 , 26.03125 
 2295 , 57.482421875 
 2296 , 51.064453125 
 2297 , 44.17578125 
 2298 , 60.4609375 
 2299 , 82.708984375 
 2300 , 79.08203125 
 2301 , 20.955078125 
 2302 ,-29.0390625 
 2303 ,-21.197265625 
 2304 , 7.76953125 
 2305 , 27.443359375 
 2306 , 27.36328125 
 2307 , 47.361328125 
 2308 , 109.5234375 
 2309 , 133.517578125 
 2310 , 101.896484375 
 2311 , 95.634765625 
 2312 , 115.72265625 
 2313 , 122.87890625 
 2314 , 114.728515625 
 2315 , 96.576171875 
 2316 , 73.6015625 
 2317 , 44.216796875 
 2318 , 10.45703125 
 2319 , 5.876953125 
 2320 , 42.953125 
 2321 , 74.63671875 
 2322 , 73.6328125 
 2323 , 48.2265625 
 2324 , 4.26171875 
 2325 ,-41.19140625 
 2326 ,-28.20703125 
 2327 , 38.388671875 
 2328 , 99.39453125 
 2329 , 107.708984375 
 2330 , 10 
 2331 , 10 
 2332 , 10 
 2333 , 10 
 2334 , 10 
 2335 , 10 
 2336 , 10 
 2337 , 10 
 2338 , 10 
 2339 , 10 
