11-20-2017,17:34:32
Wavenumber(cm-1),Intensity
 250 , 10 
 251 , 10 
 252 , 10 
 253 , 10 
 254 , 10 
 255 , 38.21875 
 256 , 37.984375 
 257 , 45.19140625 
 258 , 55.72265625 
 259 , 59.98828125 
 260 , 49.53515625 
 261 , 25.1640625 
 262 , 0.31640625 
 263 ,-15.58984375 
 264 ,-22.21484375 
 265 ,-25.23046875 
 266 ,-30.74609375 
 267 ,-29.79296875 
 268 ,-7.953125 
 269 , 40.65234375 
 270 , 93.22265625 
 271 , 121.40625 
 272 , 116.34375 
 273 , 93.640625 
 274 , 71.17578125 
 275 , 61.0234375 
 276 , 71.0546875 
 277 , 107.93359375 
 278 , 163.94921875 
 279 , 227.25390625 
 280 , 283.5 
 281 , 313.62109375 
 282 , 300.21484375 
 283 , 257.9375 
 284 , 229.78125 
 285 , 253.328125 
 286 , 321.58984375 
 287 , 409.3828125 
 288 , 492.6640625 
 289 , 557.30078125 
 290 , 592.03125 
 291 , 595.4765625 
 292 , 574.16015625 
 293 , 534.390625 
 294 , 482.140625 
 295 , 424.0078125 
 296 , 367.72265625 
 297 , 320.65234375 
 298 , 289.25390625 
 299 , 270.9140625 
 300 , 252.1015625 
 301 , 220.26171875 
 302 , 183.6015625 
 303 , 163.85546875 
 304 , 176.80078125 
 305 , 208.078125 
 306 , 234.84765625 
 307 , 242.3515625 
 308 , 234.41015625 
 309 , 217.82421875 
 310 , 200.22265625 
 311 , 186.61328125 
 312 , 180.96484375 
 313 , 189.03125 
 314 , 218.14453125 
 315 , 268.1953125 
 316 , 321.56640625 
 317 , 359.4375 
 318 , 385.24609375 
 319 , 422.61328125 
 320 , 488.20703125 
 321 , 555.93359375 
 322 , 584.92578125 
 323 , 558.890625 
 324 , 513.4921875 
 325 , 489.33203125 
 326 , 495.14453125 
 327 , 510.40625 
 328 , 517.625 
 329 , 526.01953125 
 330 , 555.3984375 
 331 , 613.28125 
 332 , 676.953125 
 333 , 719.98828125 
 334 , 736.546875 
 335 , 742.14453125 
 336 , 751.109375 
 337 , 761.2890625 
 338 , 763.15625 
 339 , 751.22265625 
 340 , 731.42578125 
 341 , 711.44921875 
 342 , 693.734375 
 343 , 675.0703125 
 344 , 652.9921875 
 345 , 632.52734375 
 346 , 621.92578125 
 347 , 621.2890625 
 348 , 608.73046875 
 349 , 559.75 
 350 , 477.24609375 
 351 , 394.26171875 
 352 , 341.60546875 
 353 , 322.72265625 
 354 , 328.60546875 
 355 , 347.75390625 
 356 , 361.95703125 
 357 , 352.71484375 
 358 , 322.57421875 
 359 , 296.9140625 
 360 , 297.86328125 
 361 , 315.44921875 
 362 , 325.48828125 
 363 , 314.0234375 
 364 , 294.72265625 
 365 , 285.3046875 
 366 , 291.12890625 
 367 , 304.20703125 
 368 , 317.36328125 
 369 , 333.7734375 
 370 , 361.10546875 
 371 , 400.2109375 
 372 , 434.9296875 
 373 , 447.265625 
 374 , 437.54296875 
 375 , 424.0859375 
 376 , 422.296875 
 377 , 424.953125 
 378 , 416.19140625 
 379 , 386.23046875 
 380 , 339.3203125 
 381 , 282.203125 
 382 , 229.8984375 
 383 , 204.12109375 
 384 , 222.125 
 385 , 277.8125 
 386 , 357.75390625 
 387 , 446.484375 
 388 , 523.109375 
 389 , 566.91015625 
 390 , 574.421875 
 391 , 556.3359375 
 392 , 523.890625 
 393 , 487.69921875 
 394 , 457.515625 
 395 , 440.3828125 
 396 , 439.73046875 
 397 , 456.41796875 
 398 , 464.16796875 
 399 , 419.64453125 
 400 , 301.16015625 
 401 , 168.171875 
 402 , 97.79296875 
 403 , 116.9375 
 404 , 183.43359375 
 405 , 253.6171875 
 406 , 314.859375 
 407 , 370.21875 
 408 , 418.390625 
 409 , 445.97265625 
 410 , 438.5859375 
 411 , 400.61328125 
 412 , 356.64453125 
 413 , 329.09375 
 414 , 320.0546875 
 415 , 323.5 
 416 , 335.1171875 
 417 , 352.4296875 
 418 , 372.18359375 
 419 , 386.4609375 
 420 , 386.78125 
 421 , 369.2734375 
 422 , 346.3125 
 423 , 332.4921875 
 424 , 333.42578125 
 425 , 341.6328125 
 426 , 349.06640625 
 427 , 349.57421875 
 428 , 337.68359375 
 429 , 309.92578125 
 430 , 273.81640625 
 431 , 241.1953125 
 432 , 219.86328125 
 433 , 210.6953125 
 434 , 213.80859375 
 435 , 227.47265625 
 436 , 246.609375 
 437 , 266.14453125 
 438 , 281.5546875 
 439 , 288.56640625 
 440 , 288.26953125 
 441 , 289.5078125 
 442 , 299.84375 
 443 , 315.27734375 
 444 , 327.2890625 
 445 , 329.375 
 446 , 318.859375 
 447 , 294.40234375 
 448 , 263.8828125 
 449 , 240.73828125 
 450 , 234.37890625 
 451 , 243.28515625 
 452 , 265.12890625 
 453 , 288.98828125 
 454 , 291.9375 
 455 , 255.1015625 
 456 , 193.24609375 
 457 , 133.5 
 458 , 95.5390625 
 459 , 83.62890625 
 460 , 99.78125 
 461 , 140.1796875 
 462 , 197.1796875 
 463 , 262.84765625 
 464 , 328.2421875 
 465 , 384.21875 
 466 , 413.4609375 
 467 , 387.46484375 
 468 , 284.953125 
 469 , 148.75 
 470 , 52.0390625 
 471 , 35.5234375 
 472 , 62.0234375 
 473 , 85.48828125 
 474 , 91.43359375 
 475 , 92.98046875 
 476 , 102.77734375 
 477 , 124.671875 
 478 , 157.87109375 
 479 , 196.71484375 
 480 , 228.5625 
 481 , 241.69921875 
 482 , 236.75390625 
 483 , 218.55859375 
 484 , 192.40234375 
 485 , 168.9453125 
 486 , 162.25390625 
 487 , 181.3671875 
 488 , 232.1171875 
 489 , 316.1484375 
 490 , 412.34375 
 491 , 490.4765625 
 492 , 530.30078125 
 493 , 529.0546875 
 494 , 490.078125 
 495 , 442.82421875 
 496 , 423.23046875 
 497 , 448.375 
 498 , 498.28515625 
 499 , 554.234375 
 500 , 610.328125 
 501 , 662.45703125 
 502 , 702.91015625 
 503 , 726.20703125 
 504 , 735.3515625 
 505 , 737.5546875 
 506 , 738.9296875 
 507 , 741.1796875 
 508 , 739.4453125 
 509 , 730.4609375 
 510 , 712.19921875 
 511 , 679.6953125 
 512 , 625.453125 
 513 , 560.09765625 
 514 , 509.9765625 
 515 , 494.3125 
 516 , 502.55078125 
 517 , 517.4296875 
 518 , 526.265625 
 519 , 523.015625 
 520 , 504.48046875 
 521 , 476.96875 
 522 , 449.703125 
 523 , 430.4453125 
 524 , 424.34375 
 525 , 435.52734375 
 526 , 462.40234375 
 527 , 497.43359375 
 528 , 533.6484375 
 529 , 568.96875 
 530 , 603.21484375 
 531 , 633.45703125 
 532 , 654.14453125 
 533 , 661.1015625 
 534 , 658.203125 
 535 , 654.27734375 
 536 , 652.16015625 
 537 , 642.875 
 538 , 616.43359375 
 539 , 579.0078125 
 540 , 547.67578125 
 541 , 537.2421875 
 542 , 554.109375 
 543 , 600.01953125 
 544 , 660.65625 
 545 , 710.0625 
 546 , 724.73828125 
 547 , 693.2421875 
 548 , 612.80859375 
 549 , 520.70703125 
 550 , 484.79296875 
 551 , 548.0625 
 552 , 656.55078125 
 553 , 736.76953125 
 554 , 762.578125 
 555 , 766.01953125 
 556 , 779.125 
 557 , 812.40234375 
 558 , 863.05859375 
 559 , 917.21875 
 560 , 948.484375 
 561 , 938.56640625 
 562 , 898.47265625 
 563 , 845.4921875 
 564 , 789.08203125 
 565 , 734.18359375 
 566 , 692.3046875 
 567 , 673.68359375 
 568 , 684.2109375 
 569 , 723.5546875 
 570 , 774.59375 
 571 , 814.6171875 
 572 , 829.7109375 
 573 , 821.984375 
 574 , 802.6015625 
 575 , 793.30859375 
 576 , 807.703125 
 577 , 838.6953125 
 578 , 859.28125 
 579 , 850.78125 
 580 , 821.18359375 
 581 , 788.3515625 
 582 , 762.74609375 
 583 , 742.81640625 
 584 , 727.546875 
 585 , 720.9140625 
 586 , 728.19921875 
 587 , 749.01953125 
 588 , 769.1640625 
 589 , 769.3203125 
 590 , 745.39453125 
 591 , 708.53125 
 592 , 668.48828125 
 593 , 621.7734375 
 594 , 564.93359375 
 595 , 497.7265625 
 596 , 418.80078125 
 597 , 327.1796875 
 598 , 240.47265625 
 599 , 185.92578125 
 600 , 171.1953125 
 601 , 175.91796875 
 602 , 177.83203125 
 603 , 173.08203125 
 604 , 167.3671875 
 605 , 168.2265625 
 606 , 179.34765625 
 607 , 195.87890625 
 608 , 208.61328125 
 609 , 214.1796875 
 610 , 216.26953125 
 611 , 225.80859375 
 612 , 256.078125 
 613 , 297.86328125 
 614 , 324.03125 
 615 , 319.70703125 
 616 , 307.65625 
 617 , 317.56640625 
 618 , 369.015625 
 619 , 465.91796875 
 620 , 592.6015625 
 621 , 705.5 
 622 , 773.74609375 
 623 , 800.69921875 
 624 , 807.17578125 
 625 , 805.6796875 
 626 , 801.94140625 
 627 , 803.3203125 
 628 , 807.7265625 
 629 , 803.6796875 
 630 , 783.89453125 
 631 , 756.765625 
 632 , 729.83984375 
 633 , 701.0546875 
 634 , 664.91015625 
 635 , 626.3671875 
 636 , 602.5390625 
 637 , 601.40234375 
 638 , 613.46875 
 639 , 621.87109375 
 640 , 622.6875 
 641 , 617.0859375 
 642 , 599.3359375 
 643 , 572.3125 
 644 , 559.51171875 
 645 , 584.48046875 
 646 , 632.03515625 
 647 , 668.7421875 
 648 , 675.1484375 
 649 , 657.48828125 
 650 , 625.85546875 
 651 , 589.95703125 
 652 , 561.83984375 
 653 , 543.8203125 
 654 , 517.54296875 
 655 , 463.2578125 
 656 , 389.734375 
 657 , 317.65234375 
 658 , 268.30078125 
 659 , 267.15234375 
 660 , 336.515625 
 661 , 444.9453125 
 662 , 532.0625 
 663 , 562.69921875 
 664 , 555.5078125 
 665 , 534.48828125 
 666 , 496.71484375 
 667 , 426.19140625 
 668 , 331.37890625 
 669 , 267.25390625 
 670 , 282.4375 
 671 , 348.484375 
 672 , 399.63671875 
 673 , 401.8671875 
 674 , 376.171875 
 675 , 339.84765625 
 676 , 300.62109375 
 677 , 270.453125 
 678 , 264.890625 
 679 , 283.01171875 
 680 , 308.78125 
 681 , 323.74609375 
 682 , 318.09765625 
 683 , 303.51953125 
 684 , 315.74609375 
 685 , 378.8125 
 686 , 465.921875 
 687 , 527.56640625 
 688 , 537.046875 
 689 , 502.51171875 
 690 , 431.60546875 
 691 , 351.5234375 
 692 , 305.62890625 
 693 , 315.92578125 
 694 , 346.4296875 
 695 , 355.609375 
 696 , 347.05078125 
 697 , 354.65625 
 698 , 404.08984375 
 699 , 489.13671875 
 700 , 588.54296875 
 701 , 668.6484375 
 702 , 693.58203125 
 703 , 656.71875 
 704 , 605.234375 
 705 , 587.703125 
 706 , 599.89453125 
 707 , 606.89453125 
 708 , 586.4140625 
 709 , 550.08203125 
 710 , 522.70703125 
 711 , 516.95703125 
 712 , 528.78515625 
 713 , 539.12109375 
 714 , 526.34375 
 715 , 486.9609375 
 716 , 439.77734375 
 717 , 401.828125 
 718 , 371.15625 
 719 , 336.55078125 
 720 , 296.109375 
 721 , 260.83203125 
 722 , 241.703125 
 723 , 236.359375 
 724 , 231.55859375 
 725 , 222.7890625 
 726 , 222.1796875 
 727 , 243.81640625 
 728 , 278.7421875 
 729 , 291.49609375 
 730 , 255.46875 
 731 , 191.140625 
 732 , 134.8046875 
 733 , 105.31640625 
 734 , 98.00390625 
 735 , 104.10546875 
 736 , 124.65625 
 737 , 168.49609375 
 738 , 234.97265625 
 739 , 304.4921875 
 740 , 348.5859375 
 741 , 350.9375 
 742 , 310.96484375 
 743 , 262.7578125 
 744 , 259.08984375 
 745 , 319.55078125 
 746 , 395.7265625 
 747 , 437.6484375 
 748 , 443.375 
 749 , 438.53515625 
 750 , 430.296875 
 751 , 408.984375 
 752 , 375.37109375 
 753 , 344.9375 
 754 , 332.11328125 
 755 , 333.91796875 
 756 , 333.44140625 
 757 , 321.46875 
 758 , 307.4296875 
 759 , 304.16015625 
 760 , 311.42578125 
 761 , 322.578125 
 762 , 337.5703125 
 763 , 365.0390625 
 764 , 412.1015625 
 765 , 468.77734375 
 766 , 510.69921875 
 767 , 524.26953125 
 768 , 514.98828125 
 769 , 488.625 
 770 , 447.68359375 
 771 , 403.3671875 
 772 , 374.78125 
 773 , 357.73828125 
 774 , 331.3125 
 775 , 287.421875 
 776 , 247.3359375 
 777 , 238.05078125 
 778 , 248.53515625 
 779 , 249.1015625 
 780 , 230.25390625 
 781 , 211.5078125 
 782 , 214.2734375 
 783 , 234.31640625 
 784 , 256.89453125 
 785 , 269.08203125 
 786 , 264.51171875 
 787 , 234.90234375 
 788 , 177.03515625 
 789 , 87.40625 
 790 , 2.87890625 
 791 ,-21.4453125 
 792 , 31.09765625 
 793 , 121.453125 
 794 , 215.125 
 795 , 299.84375 
 796 , 362.12890625 
 797 , 389.7421875 
 798 , 396.66015625 
 799 , 398.27734375 
 800 , 395.0546875 
 801 , 373.7578125 
 802 , 331.65625 
 803 , 289.26953125 
 804 , 273.23828125 
 805 , 279.85546875 
 806 , 290.375 
 807 , 297.609375 
 808 , 310.8984375 
 809 , 335.9609375 
 810 , 356.9609375 
 811 , 358.58203125 
 812 , 354.52734375 
 813 , 370.63671875 
 814 , 408.93359375 
 815 , 439.89453125 
 816 , 441.59765625 
 817 , 432.07421875 
 818 , 437.87890625 
 819 , 456.48828125 
 820 , 461.63671875 
 821 , 442.16796875 
 822 , 418.19140625 
 823 , 411.7265625 
 824 , 424.875 
 825 , 448.5078125 
 826 , 475.38671875 
 827 , 497.9375 
 828 , 507.3671875 
 829 , 511.80859375 
 830 , 530.45703125 
 831 , 567.36328125 
 832 , 597.5546875 
 833 , 595.49609375 
 834 , 561.4296875 
 835 , 507.97265625 
 836 , 455.69140625 
 837 , 425.6484375 
 838 , 425.86328125 
 839 , 436.69140625 
 840 , 437.375 
 841 , 431.7265625 
 842 , 436.9375 
 843 , 452.8828125 
 844 , 454.5625 
 845 , 423.4765625 
 846 , 380.421875 
 847 , 359.8359375 
 848 , 370.375 
 849 , 391.5625 
 850 , 406.71875 
 851 , 416.890625 
 852 , 426.33984375 
 853 , 430.40625 
 854 , 418.68359375 
 855 , 388.96875 
 856 , 353.3046875 
 857 , 323.359375 
 858 , 304.99609375 
 859 , 302.91796875 
 860 , 317.40234375 
 861 , 338.19140625 
 862 , 355.65234375 
 863 , 370.44921875 
 864 , 386.546875 
 865 , 403.5234375 
 866 , 417.16015625 
 867 , 423.40625 
 868 , 424.52734375 
 869 , 427.2734375 
 870 , 439.0078125 
 871 , 462.12109375 
 872 , 492.77734375 
 873 , 527.4765625 
 874 , 567.71484375 
 875 , 618.28515625 
 876 , 680.015625 
 877 , 742.3984375 
 878 , 794.1796875 
 879 , 836.03125 
 880 , 877.5 
 881 , 923.8046875 
 882 , 973.60546875 
 883 , 1028.2890625 
 884 , 1085.4140625 
 885 , 1124.015625 
 886 , 1121.30078125 
 887 , 1076.42578125 
 888 , 999.91015625 
 889 , 900.56640625 
 890 , 782.63671875 
 891 , 653.96875 
 892 , 542.23046875 
 893 , 477.8125 
 894 , 452 
 895 , 426.57421875 
 896 , 379.21875 
 897 , 320.21484375 
 898 , 262.10546875 
 899 , 211.3671875 
 900 , 172.45703125 
 901 , 147.671875 
 902 , 136.44140625 
 903 , 135.78515625 
 904 , 133.015625 
 905 , 113.9453125 
 906 , 80.3984375 
 907 , 45.32421875 
 908 , 19.59765625 
 909 , 9.4609375 
 910 , 19.44140625 
 911 , 57.08984375 
 912 , 131.8984375 
 913 , 223.57421875 
 914 , 276.015625 
 915 , 252.84765625 
 916 , 190.00390625 
 917 , 135.0859375 
 918 , 102.52734375 
 919 , 85.29296875 
 920 , 78.640625 
 921 , 87.6875 
 922 , 116.9375 
 923 , 149.3515625 
 924 , 160.3203125 
 925 , 145.5859375 
 926 , 122.16015625 
 927 , 104.53125 
 928 , 92.921875 
 929 , 85.171875 
 930 , 95.3203125 
 931 , 146.7578125 
 932 , 220.40625 
 933 , 241.234375 
 934 , 161.67578125 
 935 , 53.14453125 
 936 , 6.69140625 
 937 , 25.3203125 
 938 , 54.640625 
 939 , 61.71484375 
 940 , 55.8828125 
 941 , 48.73046875 
 942 , 38.9609375 
 943 , 23.52734375 
 944 , 10.28515625 
 945 , 14.6953125 
 946 , 39.36328125 
 947 , 62.984375 
 948 , 67.05859375 
 949 , 63.65234375 
 950 , 75.12109375 
 951 , 105.36328125 
 952 , 142.1328125 
 953 , 174.97265625 
 954 , 197.76171875 
 955 , 206.453125 
 956 , 207.609375 
 957 , 212.81640625 
 958 , 226.08203125 
 959 , 242.65234375 
 960 , 257.39453125 
 961 , 261.55859375 
 962 , 246.80859375 
 963 , 207.1875 
 964 , 145.4765625 
 965 , 70.89453125 
 966 , 11.79296875 
 967 ,-4.0390625 
 968 , 26.79296875 
 969 , 97.296875 
 970 , 181.19140625 
 971 , 238.90625 
 972 , 252.05078125 
 973 , 244.0390625 
 974 , 243.1171875 
 975 , 246.48046875 
 976 , 243.1328125 
 977 , 228.64453125 
 978 , 203.79296875 
 979 , 172.66796875 
 980 , 152.04296875 
 981 , 158.33984375 
 982 , 181.2734375 
 983 , 197.7734375 
 984 , 198.671875 
 985 , 191.6328125 
 986 , 185.625 
 987 , 185.8203125 
 988 , 193.51953125 
 989 , 193.78125 
 990 , 165.37890625 
 991 , 112.16015625 
 992 , 70.33984375 
 993 , 66.3671875 
 994 , 86.4140625 
 995 , 110.33203125 
 996 , 139.6953125 
 997 , 187.953125 
 998 , 260.55859375 
 999 , 351.796875 
 1000 , 455.671875 
 1001 , 569.59375 
 1002 , 694.0546875 
 1003 , 853.08984375 
 1004 , 1085.4140625 
 1005 , 1365.95703125 
 1006 , 1565.13671875 
 1007 , 1579.578125 
 1008 , 1456.78125 
 1009 , 1279.2890625 
 1010 , 1067.99609375 
 1011 , 803.37109375 
 1012 , 506.40234375 
 1013 , 265.28515625 
 1014 , 149.66015625 
 1015 , 124.546875 
 1016 , 129.35546875 
 1017 , 135.015625 
 1018 , 132.9765625 
 1019 , 120.0390625 
 1020 , 103.13671875 
 1021 , 90.9296875 
 1022 , 93.27734375 
 1023 , 117.29296875 
 1024 , 142.01171875 
 1025 , 126.41015625 
 1026 , 63.15234375 
 1027 , 7.88671875 
 1028 , 9.515625 
 1029 , 48.875 
 1030 , 87.5703125 
 1031 , 112.66015625 
 1032 , 131.10546875 
 1033 , 151.515625 
 1034 , 183.58984375 
 1035 , 230.3828125 
 1036 , 271.45703125 
 1037 , 282.6484375 
 1038 , 263.16796875 
 1039 , 227.5625 
 1040 , 195.9765625 
 1041 , 197.140625 
 1042 , 245.87890625 
 1043 , 299.3671875 
 1044 , 306.3359375 
 1045 , 276.02734375 
 1046 , 253.8671875 
 1047 , 261.90625 
 1048 , 289.3515625 
 1049 , 325.8359375 
 1050 , 369.82421875 
 1051 , 419.4609375 
 1052 , 452.83984375 
 1053 , 437.7421875 
 1054 , 379.47265625 
 1055 , 331.828125 
 1056 , 334.83984375 
 1057 , 375.87109375 
 1058 , 432.16796875 
 1059 , 482.08984375 
 1060 , 505.625 
 1061 , 501.09765625 
 1062 , 486.59375 
 1063 , 478.359375 
 1064 , 486.54296875 
 1065 , 518.25390625 
 1066 , 565.1953125 
 1067 , 612.328125 
 1068 , 634.41796875 
 1069 , 596.53125 
 1070 , 493.39453125 
 1071 , 382.8984375 
 1072 , 319.09375 
 1073 , 294.88671875 
 1074 , 283.99609375 
 1075 , 269.5078125 
 1076 , 242.2421875 
 1077 , 206.890625 
 1078 , 190.640625 
 1079 , 211.79296875 
 1080 , 245.58203125 
 1081 , 261.48046875 
 1082 , 278.82421875 
 1083 , 344.64453125 
 1084 , 448.0078125 
 1085 , 501.421875 
 1086 , 451.62109375 
 1087 , 365.65625 
 1088 , 323.82421875 
 1089 , 333.05078125 
 1090 , 366.45703125 
 1091 , 400.078125 
 1092 , 413.71875 
 1093 , 403.76953125 
 1094 , 402.9453125 
 1095 , 436.625 
 1096 , 465.25390625 
 1097 , 432.26171875 
 1098 , 350.625 
 1099 , 285.60546875 
 1100 , 268.8515625 
 1101 , 274.4296875 
 1102 , 276.87109375 
 1103 , 273.5546875 
 1104 , 266.890625 
 1105 , 254.359375 
 1106 , 231.01171875 
 1107 , 201.23046875 
 1108 , 180.43359375 
 1109 , 176.66796875 
 1110 , 177.15625 
 1111 , 168.19921875 
 1112 , 150.87890625 
 1113 , 131.65234375 
 1114 , 113.1015625 
 1115 , 94.5625 
 1116 , 75.765625 
 1117 , 57.08203125 
 1118 , 40.109375 
 1119 , 29.75390625 
 1120 , 30.58984375 
 1121 , 34.8671875 
 1122 , 25.68359375 
 1123 , 5.71484375 
 1124 , 3.80078125 
 1125 , 35.23046875 
 1126 , 70.64453125 
 1127 , 79.21875 
 1128 , 76.36328125 
 1129 , 93.9296875 
 1130 , 123.59765625 
 1131 , 122.62890625 
 1132 , 80.1875 
 1133 , 45.59375 
 1134 , 57 
 1135 , 89.17578125 
 1136 , 105.80859375 
 1137 , 103.1328125 
 1138 , 94.12109375 
 1139 , 89.92578125 
 1140 , 100.25390625 
 1141 , 126.484375 
 1142 , 149.875 
 1143 , 153.0546875 
 1144 , 141.6640625 
 1145 , 128.6171875 
 1146 , 118.65625 
 1147 , 109.73046875 
 1148 , 99.0234375 
 1149 , 86.8046875 
 1150 , 78.734375 
 1151 , 86.08203125 
 1152 , 114.49609375 
 1153 , 148.43359375 
 1154 , 169.36328125 
 1155 , 164.87109375 
 1156 , 120.3359375 
 1157 , 51.30859375 
 1158 , 28.875 
 1159 , 97.984375 
 1160 , 195.9296875 
 1161 , 247.59765625 
 1162 , 256.265625 
 1163 , 259.0234375 
 1164 , 268.3984375 
 1165 , 276.78515625 
 1166 , 278.91796875 
 1167 , 266.3203125 
 1168 , 236.48046875 
 1169 , 223.703125 
 1170 , 267.60546875 
 1171 , 355.671875 
 1172 , 449.78515625 
 1173 , 533.7734375 
 1174 , 609.98828125 
 1175 , 669.3671875 
 1176 , 685.328125 
 1177 , 643.984375 
 1178 , 584.15234375 
 1179 , 552.23046875 
 1180 , 553.8828125 
 1181 , 575.05859375 
 1182 , 599.00390625 
 1183 , 601.609375 
 1184 , 570.20703125 
 1185 , 521.74609375 
 1186 , 475.9765625 
 1187 , 443.65234375 
 1188 , 431.10546875 
 1189 , 430.2578125 
 1190 , 425.25390625 
 1191 , 413.98828125 
 1192 , 411.84375 
 1193 , 427.7890625 
 1194 , 448.26953125 
 1195 , 460.8671875 
 1196 , 482.828125 
 1197 , 537.7265625 
 1198 , 603.87109375 
 1199 , 632.8984375 
 1200 , 622.6640625 
 1201 , 626.43359375 
 1202 , 665.45703125 
 1203 , 683.72265625 
 1204 , 633.6328125 
 1205 , 544.21875 
 1206 , 461.33203125 
 1207 , 405.109375 
 1208 , 381.93359375 
 1209 , 387.35546875 
 1210 , 406.58984375 
 1211 , 425.296875 
 1212 , 443.078125 
 1213 , 459.01953125 
 1214 , 435.66015625 
 1215 , 333.99609375 
 1216 , 219.7421875 
 1217 , 202.2109375 
 1218 , 285.8984375 
 1219 , 390.55078125 
 1220 , 445.79296875 
 1221 , 409.171875 
 1222 , 280.44140625 
 1223 , 147.58203125 
 1224 , 91.73046875 
 1225 , 103.73828125 
 1226 , 146.27734375 
 1227 , 179.6796875 
 1228 , 166.55078125 
 1229 , 118.62890625 
 1230 , 97.52734375 
 1231 , 130.0390625 
 1232 , 139.5390625 
 1233 , 64.94921875 
 1234 ,-14.33203125 
 1235 , 3.11328125 
 1236 , 92.59765625 
 1237 , 175.4140625 
 1238 , 223.828125 
 1239 , 243.59765625 
 1240 , 239.92578125 
 1241 , 244.66015625 
 1242 , 280.234375 
 1243 , 313.90625 
 1244 , 301.43359375 
 1245 , 268.26953125 
 1246 , 278.51953125 
 1247 , 343.20703125 
 1248 , 422.80859375 
 1249 , 476.77734375 
 1250 , 475.14453125 
 1251 , 418.0390625 
 1252 , 363.13671875 
 1253 , 356.88671875 
 1254 , 369.12109375 
 1255 , 352.94140625 
 1256 , 303.90234375 
 1257 , 242.578125 
 1258 , 185.46484375 
 1259 , 141.37890625 
 1260 , 110.87890625 
 1261 , 83.16796875 
 1262 , 52.3359375 
 1263 , 27.875 
 1264 , 22.17578125 
 1265 , 52.10546875 
 1266 , 133.3359375 
 1267 , 226.6875 
 1268 , 256.90625 
 1269 , 219.65625 
 1270 , 192.86328125 
 1271 , 210.234375 
 1272 , 197.39453125 
 1273 , 100.95703125 
 1274 , 5.0625 
 1275 , 10.16015625 
 1276 , 80.03515625 
 1277 , 121.6640625 
 1278 , 123.41796875 
 1279 , 138.390625 
 1280 , 185.87109375 
 1281 , 235.296875 
 1282 , 264.05859375 
 1283 , 281.1953125 
 1284 , 297.35546875 
 1285 , 316.9140625 
 1286 , 343.59765625 
 1287 , 368.61328125 
 1288 , 376.03125 
 1289 , 370.265625 
 1290 , 372.95703125 
 1291 , 383.29296875 
 1292 , 368.72265625 
 1293 , 312.50390625 
 1294 , 236.87890625 
 1295 , 167.08203125 
 1296 , 123.1015625 
 1297 , 120.8828125 
 1298 , 144.52734375 
 1299 , 162.44140625 
 1300 , 160.34375 
 1301 , 142.359375 
 1302 , 122.54296875 
 1303 , 114.1015625 
 1304 , 112.60546875 
 1305 , 100.00390625 
 1306 , 74.97265625 
 1307 , 65.08203125 
 1308 , 89.578125 
 1309 , 130.83203125 
 1310 , 164.12109375 
 1311 , 181.0625 
 1312 , 182.8671875 
 1313 , 175.17578125 
 1314 , 167.12890625 
 1315 , 159.21484375 
 1316 , 143.0703125 
 1317 , 121.76953125 
 1318 , 116.56640625 
 1319 , 140.16015625 
 1320 , 177.76171875 
 1321 , 213.09765625 
 1322 , 242.48828125 
 1323 , 263.3671875 
 1324 , 270.296875 
 1325 , 264.10546875 
 1326 , 251.31640625 
 1327 , 234.80078125 
 1328 , 217.8125 
 1329 , 214.18359375 
 1330 , 232.578125 
 1331 , 253.921875 
 1332 , 258.671875 
 1333 , 257.07421875 
 1334 , 266.31640625 
 1335 , 292.80078125 
 1336 , 336.9921875 
 1337 , 381.23046875 
 1338 , 394.99609375 
 1339 , 371.9453125 
 1340 , 338.6953125 
 1341 , 317.421875 
 1342 , 314.70703125 
 1343 , 331.8125 
 1344 , 355.3828125 
 1345 , 370.28515625 
 1346 , 388.0234375 
 1347 , 429.4140625 
 1348 , 479.8125 
 1349 , 507.375 
 1350 , 517.31640625 
 1351 , 541.890625 
 1352 , 581.5625 
 1353 , 601.5078125 
 1354 , 585.046875 
 1355 , 544.171875 
 1356 , 494.078125 
 1357 , 472.03125 
 1358 , 512.3359375 
 1359 , 570.5859375 
 1360 , 576.78515625 
 1361 , 534.68359375 
 1362 , 495.01171875 
 1363 , 473.3828125 
 1364 , 444.23828125 
 1365 , 398.66796875 
 1366 , 364.30078125 
 1367 , 360.27734375 
 1368 , 370.3046875 
 1369 , 373.17578125 
 1370 , 362.7421875 
 1371 , 344.16015625 
 1372 , 336.55859375 
 1373 , 353.57421875 
 1374 , 374.68359375 
 1375 , 366.2265625 
 1376 , 342.69140625 
 1377 , 361.62109375 
 1378 , 414.98046875 
 1379 , 407.875 
 1380 , 303.1796875 
 1381 , 178.26953125 
 1382 , 106.99609375 
 1383 , 116.8984375 
 1384 , 204.51171875 
 1385 , 286.2578125 
 1386 , 280.53125 
 1387 , 217.3125 
 1388 , 165.16796875 
 1389 , 137.578125 
 1390 , 112.1796875 
 1391 , 90.6171875 
 1392 , 91.91015625 
 1393 , 115.1015625 
 1394 , 144.40625 
 1395 , 168.97265625 
 1396 , 177.546875 
 1397 , 163.015625 
 1398 , 144.05078125 
 1399 , 143.2265625 
 1400 , 146.19140625 
 1401 , 123.86328125 
 1402 , 78.203125 
 1403 , 30.0390625 
 1404 ,-0.74609375 
 1405 ,-3.29296875 
 1406 , 27.54296875 
 1407 , 99.00390625 
 1408 , 186.15234375 
 1409 , 215.22265625 
 1410 , 158.0703125 
 1411 , 94.765625 
 1412 , 93.52734375 
 1413 , 129.13671875 
 1414 , 164.70703125 
 1415 , 219.4453125 
 1416 , 327.02734375 
 1417 , 437.35546875 
 1418 , 462.875 
 1419 , 407.75390625 
 1420 , 342.0078125 
 1421 , 304.61328125 
 1422 , 288.09765625 
 1423 , 271.15234375 
 1424 , 242.75 
 1425 , 214.36328125 
 1426 , 208.921875 
 1427 , 226.54296875 
 1428 , 238.40234375 
 1429 , 234.21484375 
 1430 , 247.1640625 
 1431 , 299.87109375 
 1432 , 358.015625 
 1433 , 381.171875 
 1434 , 370.609375 
 1435 , 340.859375 
 1436 , 312.65234375 
 1437 , 314.2421875 
 1438 , 345.1796875 
 1439 , 380.859375 
 1440 , 409.33984375 
 1441 , 429.7734375 
 1442 , 442.9453125 
 1443 , 456.34375 
 1444 , 475.19140625 
 1445 , 493.3046875 
 1446 , 504.8125 
 1447 , 513.546875 
 1448 , 523.31640625 
 1449 , 533.03125 
 1450 , 542.65234375 
 1451 , 537.6953125 
 1452 , 494.8984375 
 1453 , 455.49609375 
 1454 , 505.12109375 
 1455 , 633.88671875 
 1456 , 744.91015625 
 1457 , 791.21875 
 1458 , 796.69921875 
 1459 , 793.01953125 
 1460 , 794.4609375 
 1461 , 800.5625 
 1462 , 812.53125 
 1463 , 825.4765625 
 1464 , 793.58203125 
 1465 , 682.41015625 
 1466 , 543.5390625 
 1467 , 442.0234375 
 1468 , 382.48828125 
 1469 , 344.1953125 
 1470 , 306.3203125 
 1471 , 253.078125 
 1472 , 204.4765625 
 1473 , 202.1640625 
 1474 , 249.93359375 
 1475 , 316.640625 
 1476 , 368.22265625 
 1477 , 374.95703125 
 1478 , 338.2109375 
 1479 , 294.33984375 
 1480 , 265.08984375 
 1481 , 248.5390625 
 1482 , 237.09375 
 1483 , 212.16015625 
 1484 , 164.9765625 
 1485 , 121.05859375 
 1486 , 108.02734375 
 1487 , 135.5703125 
 1488 , 201.58984375 
 1489 , 269.71484375 
 1490 , 298.89453125 
 1491 , 298.23046875 
 1492 , 296.2421875 
 1493 , 304.1796875 
 1494 , 326.40625 
 1495 , 348.0703125 
 1496 , 335.12109375 
 1497 , 287.859375 
 1498 , 245.609375 
 1499 , 222.48828125 
 1500 , 197.3359375 
 1501 , 166.875 
 1502 , 156.1015625 
 1503 , 173.125 
 1504 , 194.20703125 
 1505 , 205.48046875 
 1506 , 216.43359375 
 1507 , 227.94921875 
 1508 , 222.12109375 
 1509 , 190.97265625 
 1510 , 151.9921875 
 1511 , 121.30078125 
 1512 , 102.57421875 
 1513 , 100.546875 
 1514 , 101.87109375 
 1515 , 83.125 
 1516 , 46.83984375 
 1517 , 12.765625 
 1518 ,-5.625 
 1519 , 1.3125 
 1520 , 28.640625 
 1521 , 54.9921875 
 1522 , 79.828125 
 1523 , 128.359375 
 1524 , 195.56640625 
 1525 , 236.55859375 
 1526 , 228.4765625 
 1527 , 193.44921875 
 1528 , 155.3125 
 1529 , 142.44140625 
 1530 , 177.41796875 
 1531 , 236.765625 
 1532 , 286.6484375 
 1533 , 319.90625 
 1534 , 342.078125 
 1535 , 349.54296875 
 1536 , 331.49609375 
 1537 , 302.69921875 
 1538 , 287.1328125 
 1539 , 277.35546875 
 1540 , 255.37109375 
 1541 , 221.9453125 
 1542 , 189.44140625 
 1543 , 154.6796875 
 1544 , 99.8046875 
 1545 , 41.45703125 
 1546 , 25.9609375 
 1547 , 56.6484375 
 1548 , 90.55859375 
 1549 , 102.94921875 
 1550 , 104.078125 
 1551 , 110.41015625 
 1552 , 130.8515625 
 1553 , 163.765625 
 1554 , 195.42578125 
 1555 , 219.37109375 
 1556 , 248.06640625 
 1557 , 282.4453125 
 1558 , 289.63671875 
 1559 , 251.2734375 
 1560 , 206.4375 
 1561 , 194.140625 
 1562 , 206.2265625 
 1563 , 223.40625 
 1564 , 243.75390625 
 1565 , 271.46484375 
 1566 , 291.35546875 
 1567 , 283.34765625 
 1568 , 270.38671875 
 1569 , 289.1953125 
 1570 , 330.03125 
 1571 , 362.93359375 
 1572 , 377.84375 
 1573 , 378.3359375 
 1574 , 366.74609375 
 1575 , 342.36328125 
 1576 , 311.5078125 
 1577 , 283.05859375 
 1578 , 257.10546875 
 1579 , 232.51171875 
 1580 , 216.98828125 
 1581 , 219.82421875 
 1582 , 233.0625 
 1583 , 237.6484375 
 1584 , 240.4921875 
 1585 , 271.2578125 
 1586 , 336.42578125 
 1587 , 417.7734375 
 1588 , 493.5234375 
 1589 , 530.86328125 
 1590 , 515.796875 
 1591 , 481.44921875 
 1592 , 459.85546875 
 1593 , 453.12109375 
 1594 , 458.57421875 
 1595 , 490.1328125 
 1596 , 546.515625 
 1597 , 562.6328125 
 1598 , 494.2265625 
 1599 , 406.89453125 
 1600 , 368.62109375 
 1601 , 377.93359375 
 1602 , 418.578125 
 1603 , 467.390625 
 1604 , 505.49609375 
 1605 , 551.84765625 
 1606 , 624.33984375 
 1607 , 670.83984375 
 1608 , 632.43359375 
 1609 , 553.234375 
 1610 , 504.0546875 
 1611 , 485.65625 
 1612 , 472.03125 
 1613 , 449.4765625 
 1614 , 413.484375 
 1615 , 373.6875 
 1616 , 343.34765625 
 1617 , 324.51953125 
 1618 , 316.44921875 
 1619 , 310.3046875 
 1620 , 286.8359375 
 1621 , 255.671875 
 1622 , 249.8125 
 1623 , 258 
 1624 , 236.83984375 
 1625 , 190.19140625 
 1626 , 160.234375 
 1627 , 165.9765625 
 1628 , 198.61328125 
 1629 , 235.28515625 
 1630 , 252.8671875 
 1631 , 252.9921875 
 1632 , 253.55859375 
 1633 , 244.8515625 
 1634 , 194.96484375 
 1635 , 128.90234375 
 1636 , 119.8515625 
 1637 , 178.2421875 
 1638 , 257.97265625 
 1639 , 323.82421875 
 1640 , 342.859375 
 1641 , 313.53125 
 1642 , 284.2734375 
 1643 , 282.05859375 
 1644 , 289.82421875 
 1645 , 282.56640625 
 1646 , 243.71875 
 1647 , 200.078125 
 1648 , 231.9453125 
 1649 , 341.55078125 
 1650 , 402.30859375 
 1651 , 364.171875 
 1652 , 321.57421875 
 1653 , 319.03515625 
 1654 , 290.60546875 
 1655 , 216.43359375 
 1656 , 190.38671875 
 1657 , 247.15625 
 1658 , 271.60546875 
 1659 , 200.87890625 
 1660 , 120.61328125 
 1661 , 91.90625 
 1662 , 80.2890625 
 1663 , 60.7578125 
 1664 , 62.359375 
 1665 , 98.328125 
 1666 , 127.40234375 
 1667 , 129.5703125 
 1668 , 143.57421875 
 1669 , 185.61328125 
 1670 , 212.03515625 
 1671 , 200.9765625 
 1672 , 193.67578125 
 1673 , 215.1171875 
 1674 , 233.13671875 
 1675 , 222.8359375 
 1676 , 198.1875 
 1677 , 178.69921875 
 1678 , 178.28515625 
 1679 , 204.5078125 
 1680 , 257.9921875 
 1681 , 319.015625 
 1682 , 315.43359375 
 1683 , 221.78515625 
 1684 , 150.5078125 
 1685 , 175.54296875 
 1686 , 225.53125 
 1687 , 240.40234375 
 1688 , 231.14453125 
 1689 , 208.0234375 
 1690 , 173.58984375 
 1691 , 143.14453125 
 1692 , 140.33203125 
 1693 , 170.12890625 
 1694 , 215.62890625 
 1695 , 263.87109375 
 1696 , 292.56640625 
 1697 , 286.15234375 
 1698 , 268.328125 
 1699 , 259.84765625 
 1700 , 250.89453125 
 1701 , 235.45703125 
 1702 , 232.48046875 
 1703 , 235.359375 
 1704 , 196.6953125 
 1705 , 99.24609375 
 1706 , 9.0546875 
 1707 ,-20.34375 
 1708 , 22.52734375 
 1709 , 114.3125 
 1710 , 157.734375 
 1711 , 108.74609375 
 1712 , 58.30859375 
 1713 , 63.3984375 
 1714 , 89.46875 
 1715 , 99.16015625 
 1716 , 95.5234375 
 1717 , 89.609375 
 1718 , 95.18359375 
 1719 , 120.83984375 
 1720 , 163.87890625 
 1721 , 219.19140625 
 1722 , 281.34765625 
 1723 , 334.3203125 
 1724 , 348.25390625 
 1725 , 323.16015625 
 1726 , 302.66015625 
 1727 , 299.015625 
 1728 , 272.0234375 
 1729 , 205.328125 
 1730 , 127.89453125 
 1731 , 66.9609375 
 1732 , 34.26171875 
 1733 , 22.61328125 
 1734 , 16.81640625 
 1735 , 21.76171875 
 1736 , 47.48828125 
 1737 , 86.5234375 
 1738 , 126.9453125 
 1739 , 159.1640625 
 1740 , 169.328125 
 1741 , 167.296875 
 1742 , 185.45703125 
 1743 , 218.42578125 
 1744 , 230.75390625 
 1745 , 220.2890625 
 1746 , 206.984375 
 1747 , 199.015625 
 1748 , 201.8828125 
 1749 , 203.66796875 
 1750 , 177.48828125 
 1751 , 138.2734375 
 1752 , 125.7734375 
 1753 , 130.95703125 
 1754 , 122.03515625 
 1755 , 121.94921875 
 1756 , 173.3984375 
 1757 , 251.7421875 
 1758 , 310.47265625 
 1759 , 352.53125 
 1760 , 392.20703125 
 1761 , 418 
 1762 , 416.34765625 
 1763 , 401.36328125 
 1764 , 393.08203125 
 1765 , 394.06640625 
 1766 , 399.8984375 
 1767 , 389.81640625 
 1768 , 350.328125 
 1769 , 316.23828125 
 1770 , 316 
 1771 , 322.734375 
 1772 , 311.4140625 
 1773 , 298.83203125 
 1774 , 301.3828125 
 1775 , 305.40234375 
 1776 , 295.30078125 
 1777 , 273.10546875 
 1778 , 253.91015625 
 1779 , 262.85546875 
 1780 , 294.67578125 
 1781 , 298.48828125 
 1782 , 262.125 
 1783 , 234.65625 
 1784 , 233.0546875 
 1785 , 222.25 
 1786 , 189.69140625 
 1787 , 157.15625 
 1788 , 130.6484375 
 1789 , 95.44140625 
 1790 , 60.14453125 
 1791 , 62.5625 
 1792 , 94.16796875 
 1793 , 103.54296875 
 1794 , 99.73828125 
 1795 , 132.29296875 
 1796 , 193.11328125 
 1797 , 241.08984375 
 1798 , 276.546875 
 1799 , 315.75390625 
 1800 , 335.94140625 
 1801 , 311.21484375 
 1802 , 288.78125 
 1803 , 321.1015625 
 1804 , 346.3046875 
 1805 , 291.1015625 
 1806 , 191.88671875 
 1807 , 103.890625 
 1808 , 42.41015625 
 1809 , 15.6328125 
 1810 , 30.28515625 
 1811 , 74.0703125 
 1812 , 98.4609375 
 1813 , 83.3203125 
 1814 , 71.6328125 
 1815 , 94.2109375 
 1816 , 156.5 
 1817 , 237.27734375 
 1818 , 264.10546875 
 1819 , 224.1484375 
 1820 , 201.6875 
 1821 , 209.8515625 
 1822 , 171.62890625 
 1823 , 96.671875 
 1824 , 77.3515625 
 1825 , 127.4140625 
 1826 , 198.4765625 
 1827 , 258.359375 
 1828 , 284.41796875 
 1829 , 281.0234375 
 1830 , 269.07421875 
 1831 , 252.32421875 
 1832 , 229.83203125 
 1833 , 219.42578125 
 1834 , 236.48828125 
 1835 , 255.53125 
 1836 , 251.8515625 
 1837 , 246.77734375 
 1838 , 260.25 
 1839 , 275.84375 
 1840 , 275.49609375 
 1841 , 255.53515625 
 1842 , 224.34765625 
 1843 , 209.61328125 
 1844 , 222.5078125 
 1845 , 245.4765625 
 1846 , 258.76953125 
 1847 , 244.046875 
 1848 , 216.5 
 1849 , 219.81640625 
 1850 , 241.46875 
 1851 , 229.6328125 
 1852 , 200.81640625 
 1853 , 206.05859375 
 1854 , 222.66796875 
 1855 , 203.23828125 
 1856 , 165.4453125 
 1857 , 142.68359375 
 1858 , 121.203125 
 1859 , 88.78515625 
 1860 , 101.375 
 1861 , 191.54296875 
 1862 , 260.87890625 
 1863 , 239.29296875 
 1864 , 197.5625 
 1865 , 188.17578125 
 1866 , 183.08203125 
 1867 , 168.921875 
 1868 , 165.046875 
 1869 , 172.03125 
 1870 , 173.71875 
 1871 , 171.8984375 
 1872 , 174.70703125 
 1873 , 182.4453125 
 1874 , 199.6796875 
 1875 , 211.8984375 
 1876 , 188.68359375 
 1877 , 152.4375 
 1878 , 149.48046875 
 1879 , 165.984375 
 1880 , 164.59765625 
 1881 , 136.63671875 
 1882 , 97.87890625 
 1883 , 99.41796875 
 1884 , 161.4375 
 1885 , 211.8515625 
 1886 , 213.2578125 
 1887 , 221.37890625 
 1888 , 245.9765625 
 1889 , 217.94140625 
 1890 , 142.625 
 1891 , 114.046875 
 1892 , 149.97265625 
 1893 , 195.96875 
 1894 , 217.74609375 
 1895 , 201.90625 
 1896 , 166.0625 
 1897 , 138.26171875 
 1898 , 132.0625 
 1899 , 149.2890625 
 1900 , 153.4296875 
 1901 , 118.05859375 
 1902 , 84.01953125 
 1903 , 81.30859375 
 1904 , 84.4453125 
 1905 , 75.5234375 
 1906 , 63.01953125 
 1907 , 62.3671875 
 1908 , 89.50390625 
 1909 , 129.13671875 
 1910 , 145.5546875 
 1911 , 157.67578125 
 1912 , 209.640625 
 1913 , 273.375 
 1914 , 299.6484375 
 1915 , 295.5078125 
 1916 , 279.7578125 
 1917 , 254.86328125 
 1918 , 226.63671875 
 1919 , 211.921875 
 1920 , 213.3046875 
 1921 , 201.25 
 1922 , 166.45703125 
 1923 , 143.49609375 
 1924 , 148.13671875 
 1925 , 163.59765625 
 1926 , 167.30078125 
 1927 , 138.53125 
 1928 , 92.9921875 
 1929 , 62.69140625 
 1930 , 48.234375 
 1931 , 43.65625 
 1932 , 56.4375 
 1933 , 87.921875 
 1934 , 111.650390625 
 1935 , 113.1015625 
 1936 , 123.7421875 
 1937 , 156.232421875 
 1938 , 175.53515625 
 1939 , 166.353515625 
 1940 , 150.845703125 
 1941 , 154.412109375 
 1942 , 194.078125 
 1943 , 249.224609375 
 1944 , 281.92578125 
 1945 , 303.201171875 
 1946 , 336.16796875 
 1947 , 338.7265625 
 1948 , 271.46484375 
 1949 , 180.912109375 
 1950 , 119.744140625 
 1951 , 110.326171875 
 1952 , 142.73828125 
 1953 , 155.16796875 
 1954 , 124.587890625 
 1955 , 90.3671875 
 1956 , 77.3515625 
 1957 , 84.83203125 
 1958 , 99.91015625 
 1959 , 107.67578125 
 1960 , 107.333984375 
 1961 , 101.9765625 
 1962 , 87.087890625 
 1963 , 65.4921875 
 1964 , 69.376953125 
 1965 , 108.8984375 
 1966 , 131.47265625 
 1967 , 117.94921875 
 1968 , 113.328125 
 1969 , 119.505859375 
 1970 , 88.529296875 
 1971 , 39.8515625 
 1972 , 38.29296875 
 1973 , 59.701171875 
 1974 , 49.962890625 
 1975 , 67.80078125 
 1976 , 165.3984375 
 1977 , 225.953125 
 1978 , 170.900390625 
 1979 , 97.373046875 
 1980 , 81.751953125 
 1981 , 126.435546875 
 1982 , 183.943359375 
 1983 , 172.041015625 
 1984 , 109.7265625 
 1985 , 78.052734375 
 1986 , 91.6328125 
 1987 , 130.30859375 
 1988 , 156.734375 
 1989 , 150.4375 
 1990 , 160.791015625 
 1991 , 211.337890625 
 1992 , 242.587890625 
 1993 , 220.146484375 
 1994 , 163.28125 
 1995 , 101.15625 
 1996 , 62.744140625 
 1997 , 51.35546875 
 1998 , 59.939453125 
 1999 , 109.146484375 
 2000 , 203.2109375 
 2001 , 235.88671875 
 2002 , 154.892578125 
 2003 , 116.142578125 
 2004 , 191.650390625 
 2005 , 261.919921875 
 2006 , 276.12109375 
 2007 , 277.234375 
 2008 , 275.119140625 
 2009 , 255.1171875 
 2010 , 231.759765625 
 2011 , 226.50390625 
 2012 , 228.0078125 
 2013 , 221.13671875 
 2014 , 206.13671875 
 2015 , 184.306640625 
 2016 , 152.294921875 
 2017 , 118.98828125 
 2018 , 109.5234375 
 2019 , 120.55859375 
 2020 , 124.953125 
 2021 , 99.2265625 
 2022 , 41.294921875 
 2023 , 38.474609375 
 2024 , 140.48046875 
 2025 , 199.708984375 
 2026 , 134.671875 
 2027 , 69.5234375 
 2028 , 57.349609375 
 2029 , 35.642578125 
 2030 , 3.361328125 
 2031 , 10.77734375 
 2032 , 42.099609375 
 2033 , 52.888671875 
 2034 , 58.15234375 
 2035 , 79.453125 
 2036 , 81.189453125 
 2037 , 49.2109375 
 2038 , 30.09375 
 2039 , 40.20703125 
 2040 , 48.724609375 
 2041 , 61.541015625 
 2042 , 107.2265625 
 2043 , 129.564453125 
 2044 , 68.529296875 
 2045 , 20.826171875 
 2046 , 71.02734375 
 2047 , 162.10546875 
 2048 , 217.458984375 
 2049 , 171.712890625 
 2050 , 67.216796875 
 2051 , 36.62109375 
 2052 , 64.732421875 
 2053 , 64.09765625 
 2054 , 67.08203125 
 2055 , 121.5703125 
 2056 , 175.033203125 
 2057 , 183.57421875 
 2058 , 165.0234375 
 2059 , 132.080078125 
 2060 , 83.451171875 
 2061 , 46.509765625 
 2062 , 63.083984375 
 2063 , 109.701171875 
 2064 , 144.908203125 
 2065 , 185.00390625 
 2066 , 237.3984375 
 2067 , 245.36328125 
 2068 , 201.90625 
 2069 , 188.541015625 
 2070 , 208.056640625 
 2071 , 192.091796875 
 2072 , 159.583984375 
 2073 , 168.12890625 
 2074 , 210.31640625 
 2075 , 255.361328125 
 2076 , 268.6875 
 2077 , 238.626953125 
 2078 , 190.40625 
 2079 , 143.845703125 
 2080 , 115.291015625 
 2081 , 127.279296875 
 2082 , 200.173828125 
 2083 , 209.67578125 
 2084 , 67.548828125 
 2085 ,-24.90234375 
 2086 , 47.130859375 
 2087 , 128.5703125 
 2088 , 145.7421875 
 2089 , 152.390625 
 2090 , 179.587890625 
 2091 , 223.03125 
 2092 , 239.326171875 
 2093 , 194.470703125 
 2094 , 169.205078125 
 2095 , 205.763671875 
 2096 , 239.646484375 
 2097 , 238.2734375 
 2098 , 214.125 
 2099 , 200.64453125 
 2100 , 236.1875 
 2101 , 301.89453125 
 2102 , 356.900390625 
 2103 , 360.84765625 
 2104 , 317.998046875 
 2105 , 312.359375 
 2106 , 347.9140625 
 2107 , 342.2421875 
 2108 , 299.310546875 
 2109 , 270.611328125 
 2110 , 257.00390625 
 2111 , 248.966796875 
 2112 , 260.712890625 
 2113 , 274.763671875 
 2114 , 219.673828125 
 2115 , 128.10546875 
 2116 , 117.91015625 
 2117 , 151.517578125 
 2118 , 133.052734375 
 2119 , 94.494140625 
 2120 , 80.025390625 
 2121 , 68.9921875 
 2122 , 61.318359375 
 2123 , 97.400390625 
 2124 , 166.427734375 
 2125 , 216.509765625 
 2126 , 214.92578125 
 2127 , 160.08984375 
 2128 , 133.826171875 
 2129 , 171.53515625 
 2130 , 178.15234375 
 2131 , 139.53125 
 2132 , 142.06640625 
 2133 , 177.1328125 
 2134 , 182.220703125 
 2135 , 150.34765625 
 2136 , 101.76953125 
 2137 , 78.404296875 
 2138 , 100.599609375 
 2139 , 148.642578125 
 2140 , 185.5703125 
 2141 , 171.19140625 
 2142 , 136.0234375 
 2143 , 130.44921875 
 2144 , 150.564453125 
 2145 , 188.919921875 
 2146 , 258.228515625 
 2147 , 327.998046875 
 2148 , 324.330078125 
 2149 , 267.12890625 
 2150 , 214.830078125 
 2151 , 164.486328125 
 2152 , 99.07421875 
 2153 , 29.91015625 
 2154 ,-13.828125 
 2155 , 10.4296875 
 2156 , 76.83984375 
 2157 , 115.7265625 
 2158 , 131.53515625 
 2159 , 152.599609375 
 2160 , 179.958984375 
 2161 , 209.00390625 
 2162 , 215.916015625 
 2163 , 184.544921875 
 2164 , 111.751953125 
 2165 , 47.849609375 
 2166 , 47.193359375 
 2167 , 70.142578125 
 2168 , 83.171875 
 2169 , 112.337890625 
 2170 , 145.28125 
 2171 , 128.591796875 
 2172 , 96.8359375 
 2173 , 114.794921875 
 2174 , 141.017578125 
 2175 , 139.341796875 
 2176 , 158.55078125 
 2177 , 197.5234375 
 2178 , 187.65234375 
 2179 , 156.181640625 
 2180 , 174.771484375 
 2181 , 204.896484375 
 2182 , 201.109375 
 2183 , 194.595703125 
 2184 , 196.751953125 
 2185 , 180.185546875 
 2186 , 164.943359375 
 2187 , 192.4453125 
 2188 , 223.58203125 
 2189 , 219.193359375 
 2190 , 217.302734375 
 2191 , 218.095703125 
 2192 , 160.55078125 
 2193 , 99.208984375 
 2194 , 145.48046875 
 2195 , 235.6171875 
 2196 , 279.396484375 
 2197 , 292.15625 
 2198 , 296.439453125 
 2199 , 298.568359375 
 2200 , 287.697265625 
 2201 , 246.521484375 
 2202 , 189.00390625 
 2203 , 135.216796875 
 2204 , 92.61328125 
 2205 , 75.337890625 
 2206 , 104.677734375 
 2207 , 150.630859375 
 2208 , 161.85546875 
 2209 , 169.2265625 
 2210 , 211.0546875 
 2211 , 270.650390625 
 2212 , 309.2265625 
 2213 , 275.478515625 
 2214 , 184.87109375 
 2215 , 94.181640625 
 2216 , 41.078125 
 2217 , 38.96875 
 2218 , 60.296875 
 2219 , 77.11328125 
 2220 , 73.56640625 
 2221 , 88.12109375 
 2222 , 157.14453125 
 2223 , 162.033203125 
 2224 , 53.171875 
 2225 , 6.912109375 
 2226 , 60.150390625 
 2227 , 90.55078125 
 2228 , 79.6328125 
 2229 , 61.73828125 
 2230 , 59.599609375 
 2231 , 69.642578125 
 2232 , 49.650390625 
 2233 , 18.626953125 
 2234 , 41.19140625 
 2235 , 94.216796875 
 2236 , 132.169921875 
 2237 , 157.013671875 
 2238 , 173.291015625 
 2239 , 178.2734375 
 2240 , 176.169921875 
 2241 , 170.787109375 
 2242 , 150.5 
 2243 , 113.017578125 
 2244 , 87.45703125 
 2245 , 97.591796875 
 2246 , 150.15625 
 2247 , 190.970703125 
 2248 , 161.033203125 
 2249 , 119.173828125 
 2250 , 116.587890625 
 2251 , 138.1796875 
 2252 , 147.193359375 
 2253 , 104.560546875 
 2254 , 66.89453125 
 2255 , 94.583984375 
 2256 , 131.017578125 
 2257 , 138.451171875 
 2258 , 137.404296875 
 2259 , 147.794921875 
 2260 , 178.72265625 
 2261 , 198.748046875 
 2262 , 191.31640625 
 2263 , 194.341796875 
 2264 , 192.87109375 
 2265 , 128.63671875 
 2266 , 72.490234375 
 2267 , 109.009765625 
 2268 , 163.943359375 
 2269 , 178.927734375 
 2270 , 165.6171875 
 2271 , 134.955078125 
 2272 , 99.05859375 
 2273 , 88.791015625 
 2274 , 122.87109375 
 2275 , 178.3828125 
 2276 , 204.091796875 
 2277 , 137.0859375 
 2278 , 37.365234375 
 2279 ,-4.455078125 
 2280 ,-2.357421875 
 2281 , 11.4296875 
 2282 , 17.2421875 
 2283 , 27.3515625 
 2284 , 59.837890625 
 2285 , 68.318359375 
 2286 , 34.595703125 
 2287 , 25.0546875 
 2288 , 54.478515625 
 2289 , 85.716796875 
 2290 , 88.884765625 
 2291 , 59.96484375 
 2292 , 60 
 2293 , 90.150390625 
 2294 , 70.369140625 
 2295 , 40.640625 
 2296 , 74.53515625 
 2297 , 88.03515625 
 2298 , 38.375 
 2299 , 19.244140625 
 2300 , 33.40625 
 2301 , 14.810546875 
 2302 ,-15.947265625 
 2303 ,-19.83984375 
 2304 , 24.765625 
 2305 , 97.9765625 
 2306 , 141.56640625 
 2307 , 146.931640625 
 2308 , 128.361328125 
 2309 , 101.794921875 
 2310 , 78.3359375 
 2311 , 59.4609375 
 2312 , 64.578125 
 2313 , 105.908203125 
 2314 , 144.267578125 
 2315 , 147.486328125 
 2316 , 105.51171875 
 2317 , 55.275390625 
 2318 , 40.9453125 
 2319 , 27.3515625 
 2320 ,-4.0625 
 2321 , 32.4921875 
 2322 , 89.15234375 
 2323 , 29.904296875 
 2324 ,-33.765625 
 2325 ,-6.576171875 
 2326 , 2.12109375 
 2327 ,-22.1953125 
 2328 , 5.890625 
 2329 , 59.841796875 
 2330 , 10 
 2331 , 10 
 2332 , 10 
 2333 , 10 
 2334 , 10 
 2335 , 10 
 2336 , 10 
 2337 , 10 
 2338 , 10 
 2339 , 10 
