11-20-2017,17:34:18
Wavenumber(cm-1),Intensity
 250 , 31055.4317579754 
 251 , 31097.2985849949 
 252 , 31128.5208783965 
 253 , 31152.0505547749 
 254 , 31171.915959318 
 255 , 31192.0661238078 
 256 , 31213.9762781477 
 257 , 31237.2816434135 
 258 , 31261.5214873546 
 259 , 31285.9530351262 
 260 , 31309.7441257174 
 261 , 31333.3998549008 
 262 , 31360.5036764809 
 263 , 31394.8971099745 
 264 , 31436.0038327562 
 265 , 31478.5787009689 
 266 , 31518.2977798815 
 267 , 31560.1618774974 
 268 , 31613.7133203177 
 269 , 31683.5529411186 
 270 , 31757.790970312 
 271 , 31821.2996146317 
 272 , 31867.9535682065 
 273 , 31904.7421007525 
 274 , 31939.5934657558 
 275 , 31979.2523140193 
 276 , 32029.669030742 
 277 , 32094.8893775691 
 278 , 32170.1345321214 
 279 , 32248.0407361044 
 280 , 32319.8145349015 
 281 , 32373.8591861083 
 282 , 32399.3452353408 
 283 , 32405.9113246915 
 284 , 32421.3612025752 
 285 , 32469.4243336427 
 286 , 32543.8015670149 
 287 , 32626.3977896306 
 288 , 32702.7358404813 
 289 , 32767.7582755046 
 290 , 32818.0087908071 
 291 , 32852.9612115471 
 292 , 32875.4145380533 
 293 , 32888.5146412481 
 294 , 32896.8329924456 
 295 , 32905.6626329406 
 296 , 32919.5731018763 
 297 , 32940.7113610216 
 298 , 32970.6317870513 
 299 , 33006.6588525992 
 300 , 33040.1593864535 
 301 , 33063.3510608102 
 302 , 33082.9531287839 
 303 , 33114.7626064194 
 304 , 33169.2926982398 
 305 , 33234.5601641889 
 306 , 33292.8691055599 
 307 , 33335.8643331999 
 308 , 33371.0614832752 
 309 , 33407.1121497463 
 310 , 33446.8641250084 
 311 , 33488.8329905105 
 312 , 33532.6026854315 
 313 , 33583.6227864637 
 314 , 33649.1199604158 
 315 , 33729.1821046628 
 316 , 33809.6773677188 
 317 , 33875.7360774128 
 318 , 33929.3473046033 
 319 , 33987.0124591333 
 320 , 34061.2312139519 
 321 , 34138.3898121959 
 322 , 34195.4869237176 
 323 , 34222.418583151 
 324 , 34238.3344175023 
 325 , 34265.5750352941 
 326 , 34308.506806017 
 327 , 34354.2126855157 
 328 , 34391.6676207519 
 329 , 34426.8840005621 
 330 , 34472.7346129891 
 331 , 34534.5489649951 
 332 , 34598.7663609603 
 333 , 34649.4634767853 
 334 , 34684.0460991846 
 335 , 34713.796836165 
 336 , 34748.8661182008 
 337 , 34786.6779890786 
 338 , 34819.1226546008 
 339 , 34841.475171442 
 340 , 34858.0902621746 
 341 , 34874.6959220041 
 342 , 34893.6966916697 
 343 , 34913.8653584824 
 344 , 34934.2617356608 
 345 , 34957.4764229684 
 346 , 34987.6951129197 
 347 , 35024.8176345747 
 348 , 35056.9461851921 
 349 , 35070.7413058116 
 350 , 35068.7727953757 
 351 , 35071.3012635554 
 352 , 35097.2405586188 
 353 , 35148.3413411132 
 354 , 35218.5084226938 
 355 , 35299.742988201 
 356 , 35378.9450184053 
 357 , 35442.6636974325 
 358 , 35491.5085566765 
 359 , 35541.513290399 
 360 , 35606.8563023504 
 361 , 35682.3206836919 
 362 , 35754.0613819506 
 363 , 35813.8576817112 
 364 , 35868.4203565953 
 365 , 35926.6301077276 
 366 , 35990.792644723 
 367 , 36056.3148755463 
 368 , 36119.1301602006 
 369 , 36181.0264752156 
 370 , 36246.2378186622 
 371 , 36314.9559275158 
 372 , 36377.4292646659 
 373 , 36422.9594273553 
 374 , 36452.9215466965 
 375 , 36480.4392818306 
 376 , 36516.6480268644 
 377 , 36557.3613903018 
 378 , 36592.5535796634 
 379 , 36615.8668160743 
 380 , 36629.0857302523 
 381 , 36635.4611056773 
 382 , 36645.0998038059 
 383 , 36674.1074134665 
 384 , 36735.4549169162 
 385 , 36824.1025180072 
 386 , 36928.957015298 
 387 , 37038.4046711676 
 388 , 37139.8336976856 
 389 , 37221.2077951137 
 390 , 37280.6594516045 
 391 , 37324.0734796234 
 392 , 37357.8911441075 
 393 , 37390.1976410774 
 394 , 37429.5120604083 
 395 , 37482.0057256946 
 396 , 37549.9959900782 
 397 , 37633.7723150492 
 398 , 37714.3050211425 
 399 , 37760.145005735 
 400 , 37754.675720899 
 401 , 37737.0228201756 
 402 , 37758.4292105805 
 403 , 37836.0747978185 
 404 , 37940.9953323912 
 405 , 38043.4658287906 
 406 , 38136.1454542622 
 407 , 38223.404232678 
 408 , 38306.2399214632 
 409 , 38375.4869733791 
 410 , 38420.6284377227 
 411 , 38444.4943528197 
 412 , 38464.4234539836 
 413 , 38496.2555971409 
 414 , 38540.9496932826 
 415 , 38593.37733827 
 416 , 38650.0047124646 
 417 , 38710.9254026617 
 418 , 38776.4021959769 
 419 , 38841.0416080186 
 420 , 38894.6608273814 
 421 , 38930.2011180679 
 422 , 38956.7007081748 
 423 , 38988.0461201065 
 424 , 39031.3019442993 
 425 , 39081.9881411762 
 426 , 39134.6658643891 
 427 , 39185.6899633628 
 428 , 39232.5588830885 
 429 , 39273.9242257715 
 430 , 39312.4296660995 
 431 , 39351.5313675235 
 432 , 39392.3823466086 
 433 , 39433.2663310506 
 434 , 39472.4133515971 
 435 , 39509.015922061 
 436 , 39542.7103892139 
 437 , 39573.320962524 
 438 , 39601.1275488109 
 439 , 39626.6192845554 
 440 , 39652.9490691695 
 441 , 39685.6515750831 
 442 , 39728.8822206915 
 443 , 39779.3749431636 
 444 , 39831.5349848021 
 445 , 39881.2035599079 
 446 , 39926.6531160341 
 447 , 39967.0051283156 
 448 , 40008.1482636739 
 449 , 40060.1663007204 
 450 , 40130.0539362558 
 451 , 40214.3825002609 
 452 , 40307.3745134397 
 453 , 40397.3617536493 
 454 , 40465.9129308667 
 455 , 40498.0973206782 
 456 , 40504.8529984898 
 457 , 40507.6839141391 
 458 , 40522.6979362754 
 459 , 40554.4821441247 
 460 , 40605.8453921645 
 461 , 40675.0978741229 
 462 , 40757.1339196625 
 463 , 40846.517132747 
 464 , 40936.8106342858 
 465 , 41021.1801220105 
 466 , 41086.6748314755 
 467 , 41112.0511729338 
 468 , 41081.4800889996 
 469 , 41027.26129386 
 470 , 41004.7519902401 
 471 , 41045.1015950794 
 472 , 41119.8972723028 
 473 , 41193.1259415495 
 474 , 41252.1853011935 
 475 , 41304.4211887291 
 476 , 41356.7039154545 
 477 , 41410.8264765104 
 478 , 41467.0679983379 
 479 , 41522.1719217503 
 480 , 41567.6780870221 
 481 , 41595.8776093297 
 482 , 41609.2129244188 
 483 , 41615.3477315529 
 484 , 41622.3665242323 
 485 , 41639.3267703292 
 486 , 41675.2156523211 
 487 , 41734.8828936089 
 488 , 41819.5439546091 
 489 , 41926.9205099666 
 490 , 42039.1259320926 
 491 , 42133.9030403772 
 492 , 42196.5123282435 
 493 , 42223.2415600006 
 494 , 42213.861149734 
 495 , 42190.1945113863 
 496 , 42185.1287003676 
 497 , 42217.9052251266 
 498 , 42273.8132587318 
 499 , 42333.6396487781 
 500 , 42389.2142417684 
 501 , 42441.5572700141 
 502 , 42491.3684148359 
 503 , 42536.7837171109 
 504 , 42575.3281242638 
 505 , 42607.5824015072 
 506 , 42638.2292404 
 507 , 42671.3830088474 
 508 , 42704.7918122565 
 509 , 42733.3374220205 
 510 , 42752.296164497 
 511 , 42757.8305643284 
 512 , 42747.2086641204 
 513 , 42731.2294941244 
 514 , 42730.4928889504 
 515 , 42759.4795710818 
 516 , 42810.0109898393 
 517 , 42868.9634601832 
 518 , 42926.5899416264 
 519 , 42976.9589056356 
 520 , 43015.610054535 
 521 , 43045.5900396103 
 522 , 43072.689303038 
 523 , 43101.7090603672 
 524 , 43135.7130757342 
 525 , 43177.2014906548 
 526 , 43224.7743876262 
 527 , 43274.7817057296 
 528 , 43324.6744741038 
 529 , 43374.9870738742 
 530 , 43426.6563136078 
 531 , 43478.4317880374 
 532 , 43527.1480032575 
 533 , 43570.7567630744 
 534 , 43612.3173849765 
 535 , 43656.1438897696 
 536 , 43701.678546033 
 537 , 43742.0173132485 
 538 , 43771.5427500806 
 539 , 43796.3297585271 
 540 , 43827.3174922404 
 541 , 43872.9241027724 
 542 , 43936.6680707485 
 543 , 44020.4028321332 
 544 , 44113.7530229472 
 545 , 44198.7449476535 
 546 , 44259.8505391807 
 547 , 44288.921357491 
 548 , 44280.7834208025 
 549 , 44261.7887249485 
 550 , 44286.584814744 
 551 , 44392.802091015 
 552 , 44540.0762411145 
 553 , 44667.9276309094 
 554 , 44752.3632851468 
 555 , 44815.8809223776 
 556 , 44881.5075219291 
 557 , 44956.1837615886 
 558 , 45040.3684133264 
 559 , 45126.7192988177 
 560 , 45193.9031989226 
 561 , 45221.6048177402 
 562 , 45213.7301763438 
 563 , 45187.870004221 
 564 , 45159.030726382 
 565 , 45135.2664704937 
 566 , 45123.4397667615 
 567 , 45128.8044603661 
 568 , 45155.3577442499 
 569 , 45203.5035076088 
 570 , 45260.8508199448 
 571 , 45312.4127404211 
 572 , 45350.2871386758 
 573 , 45374.0707780234 
 574 , 45385.8050063636 
 575 , 45398.0742093749 
 576 , 45426.4919931876 
 577 , 45472.5337434028 
 578 , 45517.6392392652 
 579 , 45544.7277529163 
 580 , 45557.9646411544 
 581 , 45570.6356442123 
 582 , 45590.597308477 
 583 , 45615.4064584909 
 584 , 45641.8870684395 
 585 , 45670.9303823705 
 586 , 45705.753761498 
 587 , 45745.7141458669 
 588 , 45780.4539108196 
 589 , 45799.0084324523 
 590 , 45803.0798575393 
 591 , 45803.8324594592 
 592 , 45809.1878336674 
 593 , 45815.6047488418 
 594 , 45817.2834651816 
 595 , 45810.6501388862 
 596 , 45794.2548090851 
 597 , 45770.0307864334 
 598 , 45754.2114815094 
 599 , 45766.3812318672 
 600 , 45808.9350894969 
 601 , 45863.6103516829 
 602 , 45913.5497023776 
 603 , 45956.6799604246 
 604 , 45996.0979640788 
 605 , 46035.324454658 
 606 , 46078.5067366419 
 607 , 46129.3494980054 
 608 , 46187.9830382111 
 609 , 46252.9887347501 
 610 , 46325.3462842162 
 611 , 46410.4802437675 
 612 , 46512.27786223 
 613 , 46615.9000830954 
 614 , 46696.4086884392 
 615 , 46742.2678278622 
 616 , 46772.4974439989 
 617 , 46809.612125907 
 618 , 46867.7135146693 
 619 , 46955.3683018863 
 620 , 47071.4344064639 
 621 , 47188.3535725826 
 622 , 47275.7284150424 
 623 , 47328.5167891074 
 624 , 47361.4706818799 
 625 , 47388.0722086144 
 626 , 47415.8677364534 
 627 , 47450.730834291 
 628 , 47489.7161180163 
 629 , 47521.8099318736 
 630 , 47539.2020760111 
 631 , 47547.8478195296 
 632 , 47556.8249772844 
 633 , 47568.5697672522 
 634 , 47578.4946280465 
 635 , 47584.0650465952 
 636 , 47593.7673253068 
 637 , 47618.9667939292 
 638 , 47661.2418729318 
 639 , 47710.3597340791 
 640 , 47756.0926714646 
 641 , 47791.9978299429 
 642 , 47813.1537883856 
 643 , 47826.0879531657 
 644 , 47852.8981715747 
 645 , 47911.3371021523 
 646 , 47985.9412124356 
 647 , 48049.0025530564 
 648 , 48086.8181064454 
 649 , 48106.9243672516 
 650 , 48118.5195340312 
 651 , 48130.0632602451 
 652 , 48149.5679644007 
 653 , 48174.9471978299 
 654 , 48187.3027196304 
 655 , 48169.433370015 
 656 , 48129.1667240947 
 657 , 48085.8572915223 
 658 , 48060.5489227558 
 659 , 48077.2294392719 
 660 , 48154.611884605 
 661 , 48264.8403987545 
 662 , 48357.1143040063 
 663 , 48404.0950853975 
 664 , 48424.2352232018 
 665 , 48438.6041094501 
 666 , 48444.5978497515 
 667 , 48427.2179440534 
 668 , 48391.2820355136 
 669 , 48382.4663033334 
 670 , 48444.600960163 
 671 , 48555.9427103441 
 672 , 48658.435387623 
 673 , 48716.5756438928 
 674 , 48743.9550435865 
 675 , 48759.9372016168 
 676 , 48778.3084555544 
 677 , 48809.6159871658 
 678 , 48858.5694152359 
 679 , 48917.1029487794 
 680 , 48975.6197994906 
 681 , 49026.2977010442 
 682 , 49062.403852551 
 683 , 49087.0712228332 
 684 , 49125.4711107444 
 685 , 49201.7952179784 
 686 , 49298.9938215684 
 687 , 49375.6354382093 
 688 , 49403.8782795385 
 689 , 49387.0354139492 
 690 , 49334.5663665186 
 691 , 49275.6552598451 
 692 , 49251.0008670866 
 693 , 49278.3633809231 
 694 , 49324.4425085064 
 695 , 49353.1272112892 
 696 , 49368.8520683922 
 697 , 49399.4356424725 
 698 , 49460.2998683386 
 699 , 49539.5544258754 
 700 , 49621.0070690327 
 701 , 49681.1825490785 
 702 , 49692.6754849199 
 703 , 49650.807831644 
 704 , 49598.0099752348 
 705 , 49577.403385014 
 706 , 49585.1959057317 
 707 , 49592.6277444209 
 708 , 49585.3715095578 
 709 , 49577.8601417221 
 710 , 49586.1422133875 
 711 , 49611.6375226098 
 712 , 49648.3805918036 
 713 , 49688.3901885826 
 714 , 49720.0911390369 
 715 , 49733.349035656 
 716 , 49732.1900282072 
 717 , 49727.1932362058 
 718 , 49723.9414182731 
 719 , 49719.4918011866 
 720 , 49711.3182944228 
 721 , 49705.5904147381 
 722 , 49712.0804303052 
 723 , 49733.7854775519 
 724 , 49763.2157054578 
 725 , 49793.9944329821 
 726 , 49832.2920142899 
 727 , 49888.7321689127 
 728 , 49956.7642216158 
 729 , 50005.922011848 
 730 , 50011.576083175 
 731 , 49990.8221337087 
 732 , 49974.523181924 
 733 , 49977.206519475 
 734 , 49993.1483090366 
 735 , 50017.4999284491 
 736 , 50055.5728474766 
 737 , 50115.1842574747 
 738 , 50190.2660699768 
 739 , 50259.6244879172 
 740 , 50304.6212319586 
 741 , 50320.1494347185 
 742 , 50305.5640724935 
 743 , 50281.3627530486 
 744 , 50288.0409572897 
 745 , 50349.800576015 
 746 , 50432.0538767665 
 747 , 50489.7389848031 
 748 , 50512.8755131682 
 749 , 50519.9181194075 
 750 , 50525.5350468417 
 751 , 50531.1669054983 
 752 , 50536.1914357543 
 753 , 50543.7366856706 
 754 , 50559.4826875969 
 755 , 50584.4543135376 
 756 , 50608.5091249561 
 757 , 50621.0706279797 
 758 , 50623.2661256574 
 759 , 50622.8663829548 
 760 , 50625.1666752261 
 761 , 50630.4957986058 
 762 , 50639.1519213243 
 763 , 50655.6060649261 
 764 , 50686.1376528137 
 765 , 50728.6682152545 
 766 , 50767.8766924617 
 767 , 50789.404090533 
 768 , 50791.719176499 
 769 , 50778.2128379492 
 770 , 50757.9068619088 
 771 , 50746.9991702048 
 772 , 50756.4205685031 
 773 , 50770.3792585174 
 774 , 50766.3544394468 
 775 , 50746.8020282037 
 776 , 50739.6299886765 
 777 , 50762.6079704325 
 778 , 50793.1861014735 
 779 , 50801.7657018799 
 780 , 50789.9558046339 
 781 , 50784.423324845 
 782 , 50802.5793030352 
 783 , 50834.7816172688 
 784 , 50867.4416661077 
 785 , 50893.6373188719 
 786 , 50910.5863885511 
 787 , 50913.3095898338 
 788 , 50892.1806876877 
 789 , 50841.9513902734 
 790 , 50796.3597029912 
 791 , 50807.0371339068 
 792 , 50891.4421029738 
 793 , 51013.7756324929 
 794 , 51136.575804212 
 795 , 51238.9378321253 
 796 , 51306.2716418293 
 797 , 51339.7470828898 
 798 , 51358.9324921993 
 799 , 51378.5175174558 
 800 , 51389.2549506468 
 801 , 51377.1141413356 
 802 , 51350.9745812677 
 803 , 51339.6259397347 
 804 , 51360.2702611017 
 805 , 51394.9400944575 
 806 , 51421.4184169299 
 807 , 51440.5991119704 
 808 , 51468.0263744825 
 809 , 51508.5662297551 
 810 , 51544.8118127908 
 811 , 51560.3284060495 
 812 , 51566.4635637039 
 813 , 51586.8285061969 
 814 , 51624.8496430103 
 815 , 51654.500035972 
 816 , 51654.5558136138 
 817 , 51639.8733135268 
 818 , 51635.812760777 
 819 , 51645.9329353229 
 820 , 51651.247345917 
 821 , 51639.2160544718 
 822 , 51622.7784687501 
 823 , 51619.220008386 
 824 , 51631.1438899631 
 825 , 51650.4873860642 
 826 , 51668.4622893726 
 827 , 51675.1700721675 
 828 , 51662.9492295799 
 829 , 51644.1557471393 
 830 , 51640.8201536285 
 831 , 51656.8304289336 
 832 , 51667.8484164461 
 833 , 51652.1922899226 
 834 , 51615.1498694914 
 835 , 51570.9099392523 
 836 , 51533.4456535143 
 837 , 51516.4963351452 
 838 , 51526.9994697667 
 839 , 51548.8998016725 
 840 , 51562.7087833834 
 841 , 51567.7997501851 
 842 , 51576.8291218027 
 843 , 51593.05605676 
 844 , 51598.7414631516 
 845 , 51577.4515447018 
 846 , 51543.8209147957 
 847 , 51526.450827073 
 848 , 51535.3935322295 
 849 , 51554.4477947714 
 850 , 51568.6187202558 
 851 , 51577.6930182237 
 852 , 51585.4453570095 
 853 , 51589.7506939683 
 854 , 51583.0753822741 
 855 , 51561.6824491173 
 856 , 51533.1445453523 
 857 , 51506.8561824812 
 858 , 51490.5250825699 
 859 , 51490.7965268534 
 860 , 51508.1438801031 
 861 , 51532.2544112553 
 862 , 51553.4118078871 
 863 , 51571.7344538366 
 864 , 51590.7865452909 
 865 , 51611.1106016897 
 866 , 51629.924242835 
 867 , 51646.3946359975 
 868 , 51666.9091857563 
 869 , 51698.8340738598 
 870 , 51742.5157439088 
 871 , 51793.5137237684 
 872 , 51849.2536387807 
 873 , 51911.1054692996 
 874 , 51980.3387110029 
 875 , 52054.3731157438 
 876 , 52129.1013360972 
 877 , 52202.3203255982 
 878 , 52274.1496404554 
 879 , 52344.2724528049 
 880 , 52410.2045346128 
 881 , 52469.3518708994 
 882 , 52524.6927184307 
 883 , 52583.2409345778 
 884 , 52642.1369183717 
 885 , 52677.2555185607 
 886 , 52665.381546544 
 887 , 52608.9210007732 
 888 , 52521.1559465921 
 889 , 52411.1949639625 
 890 , 52282.896761713 
 891 , 52145.2282486877 
 892 , 52027.7692210706 
 893 , 51962.0827512337 
 894 , 51939.7283284503 
 895 , 51923.2157962812 
 896 , 51889.2248338792 
 897 , 51845.2852910576 
 898 , 51802.1374060973 
 899 , 51766.244266523 
 900 , 51742.2290404667 
 901 , 51732.1523855669 
 902 , 51735.0613089273 
 903 , 51746.8712902002 
 904 , 51753.1533424783 
 905 , 51738.5890100841 
 906 , 51704.5479024371 
 907 , 51663.5147826783 
 908 , 51625.7087081229 
 909 , 51596.7358396993 
 910 , 51582.8431431181 
 911 , 51596.9609662882 
 912 , 51652.9663803061 
 913 , 51728.9886067486 
 914 , 51766.2968563755 
 915 , 51729.4856951971 
 916 , 51657.0899790983 
 917 , 51597.3707211943 
 918 , 51560.931273827 
 919 , 51537.2819168496 
 920 , 51523.7735180499 
 921 , 51530.291054896 
 922 , 51561.9396829531 
 923 , 51596.6154540784 
 924 , 51605.9002496848 
 925 , 51588.161790078 
 926 , 51564.1123941127 
 927 , 51547.4376126745 
 928 , 51534.0529695659 
 929 , 51520.5953181053 
 930 , 51526.7485807634 
 931 , 51580.7177389274 
 932 , 51660.8518245045 
 933 , 51685.8514354619 
 934 , 51607.2240358433 
 935 , 51499.72424964 
 936 , 51455.8971237641 
 937 , 51475.7778781944 
 938 , 51502.0797716259 
 939 , 51503.2834045931 
 940 , 51492.4137971518 
 941 , 51483.9774805329 
 942 , 51478.9493617663 
 943 , 51474.539300677 
 944 , 51474.6495868319 
 945 , 51488.8701024745 
 946 , 51518.4237621065 
 947 , 51544.8691755162 
 948 , 51550.5947775044 
 949 , 51542.864115227 
 950 , 51539.1133656263 
 951 , 51545.8138055217 
 952 , 51556.9412904335 
 953 , 51566.394235343 
 954 , 51569.9350341191 
 955 , 51564.5191868032 
 956 , 51555.1647921562 
 957 , 51551.3250346062 
 958 , 51557.5452184266 
 959 , 51571.0812829745 
 960 , 51586.9843754266 
 961 , 51593.6111517953 
 962 , 51578.0845492996 
 963 , 51534.1728354436 
 964 , 51460.5254434564 
 965 , 51368.1540268443 
 966 , 51290.8732036275 
 967 , 51259.3168700589 
 968 , 51273.9960402942 
 969 , 51324.8144920396 
 970 , 51389.8237094964 
 971 , 51436.653368327 
 972 , 51448.4628094819 
 973 , 51444.9880936939 
 974 , 51447.7287667953 
 975 , 51455.7520528875 
 976 , 51459.0744651151 
 977 , 51450.9190313469 
 978 , 51427.9512989894 
 979 , 51393.179015646 
 980 , 51366.7857256904 
 981 , 51368.585018759 
 982 , 51391.2206945943 
 983 , 51414.4528891488 
 984 , 51430.8139288164 
 985 , 51448.7786424522 
 986 , 51475.1851543532 
 987 , 51508.2670394849 
 988 , 51543.6192986734 
 989 , 51568.2830989682 
 990 , 51564.92341743 
 991 , 51536.5993171899 
 992 , 51515.1754180509 
 993 , 51525.3551221664 
 994 , 51556.9164131451 
 995 , 51592.9043085592 
 996 , 51632.5183693104 
 997 , 51685.0234805445 
 998 , 51753.9498119131 
 999 , 51833.6440190925 
 1000 , 51918.8163420605 
 1001 , 52008.989604564 
 1002 , 52106.6641815178 
 1003 , 52236.092114619 
 1004 , 52435.5964454412 
 1005 , 52684.642303824 
 1006 , 52863.4834267258 
 1007 , 52873.5051679664 
 1008 , 52752.6168949115 
 1009 , 52573.083439992 
 1010 , 52357.0354716943 
 1011 , 52090.840163065 
 1012 , 51793.503916527 
 1013 , 51542.7399557477 
 1014 , 51402.9840420779 
 1015 , 51349.4041205242 
 1016 , 51332.7608405488 
 1017 , 51324.7122429121 
 1018 , 51312.4613983675 
 1019 , 51290.58670147 
 1020 , 51266.1906783555 
 1021 , 51247.3121679173 
 1022 , 51240.299955082 
 1023 , 51249.1872474141 
 1024 , 51252.3703879673 
 1025 , 51209.7414654605 
 1026 , 51119.0562181097 
 1027 , 51045.7252455833 
 1028 , 51044.4298589328 
 1029 , 51089.1426720587 
 1030 , 51133.1915858133 
 1031 , 51162.6420837501 
 1032 , 51187.015170424 
 1033 , 51214.032145542 
 1034 , 51247.48903554 
 1035 , 51286.8579604462 
 1036 , 51314.5262190035 
 1037 , 51309.9068678233 
 1038 , 51272.9488415537 
 1039 , 51217.599612737 
 1040 , 51163.7558802568 
 1041 , 51140.3352840122 
 1042 , 51163.1836327091 
 1043 , 51192.9858823774 
 1044 , 51181.6441092774 
 1045 , 51135.5321255377 
 1046 , 51094.5080832751 
 1047 , 51080.0222956859 
 1048 , 51086.2279135966 
 1049 , 51106.6484715697 
 1050 , 51140.1019641696 
 1051 , 51184.3207231767 
 1052 , 51215.537227537 
 1053 , 51199.1193319793 
 1054 , 51139.6587105083 
 1055 , 51092.0179634736 
 1056 , 51095.9291856603 
 1057 , 51134.9003771576 
 1058 , 51182.387954362 
 1059 , 51216.9998418666 
 1060 , 51220.3868511947 
 1061 , 51190.0711254703 
 1062 , 51141.0486425575 
 1063 , 51089.0677050853 
 1064 , 51049.4989627482 
 1065 , 51035.1365577116 
 1066 , 51042.3662195966 
 1067 , 51060.3186037378 
 1068 , 51064.4732943021 
 1069 , 51017.8734126269 
 1070 , 50912.9668243635 
 1071 , 50805.0811173423 
 1072 , 50745.466006353 
 1073 , 50722.9115811214 
 1074 , 50706.9875731938 
 1075 , 50681.6690809267 
 1076 , 50641.9597033371 
 1077 , 50593.3164028217 
 1078 , 50558.3792605367 
 1079 , 50553.3493050823 
 1080 , 50561.8229241672 
 1081 , 50562.5406000917 
 1082 , 50569.5131124193 
 1083 , 50616.6300613746 
 1084 , 50688.2209172387 
 1085 , 50702.6655405469 
 1086 , 50612.7610786295 
 1087 , 50489.7023157654 
 1088 , 50416.0229118399 
 1089 , 50390.4833948943 
 1090 , 50374.4757001157 
 1091 , 50351.5566329868 
 1092 , 50327.968372818 
 1093 , 50309.8881477597 
 1094 , 50301.0704302495 
 1095 , 50300.7834118836 
 1096 , 50285.900989718 
 1097 , 50228.1929443177 
 1098 , 50134.5420481054 
 1099 , 50038.2194673162 
 1100 , 49959.1196818358 
 1101 , 49894.138059077 
 1102 , 49838.7184764949 
 1103 , 49790.8660941984 
 1104 , 49748.8303208377 
 1105 , 49707.5034872176 
 1106 , 49660.2203089174 
 1107 , 49608.931360997 
 1108 , 49565.7178701568 
 1109 , 49536.4242197275 
 1110 , 49509.3240256074 
 1111 , 49472.2432857906 
 1112 , 49427.3030098888 
 1113 , 49381.7739202612 
 1114 , 49339.0078837957 
 1115 , 49299.1357402446 
 1116 , 49263.4735081774 
 1117 , 49235.578178399 
 1118 , 49217.4597647514 
 1119 , 49204.1200821785 
 1120 , 49189.3204902581 
 1121 , 49171.5436588314 
 1122 , 49151.9092688982 
 1123 , 49131.6338818129 
 1124 , 49112.0112385813 
 1125 , 49093.1578134039 
 1126 , 49072.2128352171 
 1127 , 49046.8927101651 
 1128 , 49020.940312893 
 1129 , 48999.3049897885 
 1130 , 48972.4489058367 
 1131 , 48919.9524681016 
 1132 , 48842.501469362 
 1133 , 48775.1022209604 
 1134 , 48743.0093240997 
 1135 , 48726.4363522533 
 1136 , 48698.8241850625 
 1137 , 48658.9527487471 
 1138 , 48617.8162244173 
 1139 , 48582.1518778791 
 1140 , 48554.2674164114 
 1141 , 48532.6522055351 
 1142 , 48508.1767515705 
 1143 , 48472.9931214173 
 1144 , 48429.7173025197 
 1145 , 48384.0945969142 
 1146 , 48342.7902402589 
 1147 , 48312.7436854766 
 1148 , 48289.7586031332 
 1149 , 48255.5014340519 
 1150 , 48203.3657661355 
 1151 , 48160.2121637921 
 1152 , 48149.8335593088 
 1153 , 48145.7250356213 
 1154 , 48105.4054467954 
 1155 , 48021.0168900516 
 1156 , 47911.1871815945 
 1157 , 47808.2310108512 
 1158 , 47764.2602421588 
 1159 , 47806.3690317555 
 1160 , 47876.7714067938 
 1161 , 47910.3446883854 
 1162 , 47909.2079830727 
 1163 , 47902.9223103098 
 1164 , 47892.8911568093 
 1165 , 47856.0047787631 
 1166 , 47782.5335647137 
 1167 , 47687.4067701646 
 1168 , 47590.3528333142 
 1169 , 47519.600011039 
 1170 , 47499.9848509746 
 1171 , 47513.4518998012 
 1172 , 47522.5441110614 
 1173 , 47517.5310525915 
 1174 , 47515.2459224869 
 1175 , 47516.8624168972 
 1176 , 47491.9250768198 
 1177 , 47420.2633878349 
 1178 , 47336.0982665508 
 1179 , 47282.0450443448 
 1180 , 47257.3125742599 
 1181 , 47239.1205059788 
 1182 , 47211.4010202086 
 1183 , 47165.0666688857 
 1184 , 47098.1363483903 
 1185 , 47021.963501392 
 1186 , 46948.4522194874 
 1187 , 46885.4654167805 
 1188 , 46838.5876904176 
 1189 , 46802.3506360488 
 1190 , 46765.8422820562 
 1191 , 46725.0132689506 
 1192 , 46682.7459458216 
 1193 , 46641.4094888883 
 1194 , 46601.7924187668 
 1195 , 46566.5905985373 
 1196 , 46546.7185433672 
 1197 , 46552.1422485174 
 1198 , 46567.8620963091 
 1199 , 46567.609573196 
 1200 , 46550.9786866203 
 1201 , 46542.1647562217 
 1202 , 46542.8592805491 
 1203 , 46512.0256086414 
 1204 , 46420.1559777511 
 1205 , 46295.9803591922 
 1206 , 46178.8165692245 
 1207 , 46088.1793453347 
 1208 , 46034.02585793 
 1209 , 46017.4288329287 
 1210 , 46031.6242047398 
 1211 , 46059.8797426108 
 1212 , 46069.6487238275 
 1213 , 46031.5394487822 
 1214 , 45930.7776873333 
 1215 , 45766.4214830734 
 1216 , 45608.3319503558 
 1217 , 45548.3582451252 
 1218 , 45588.2646144303 
 1219 , 45661.7633431607 
 1220 , 45703.5707252952 
 1221 , 45652.2205238585 
 1222 , 45488.4565512643 
 1223 , 45303.664811675 
 1224 , 45189.9020539754 
 1225 , 45147.985254546 
 1226 , 45148.2606366985 
 1227 , 45154.2901535827 
 1228 , 45126.7580202 
 1229 , 45065.873229725 
 1230 , 45016.7413923148 
 1231 , 44992.626894716 
 1232 , 44934.8214028646 
 1233 , 44804.9951979976 
 1234 , 44684.4042286559 
 1235 , 44668.7703330253 
 1236 , 44724.0498536273 
 1237 , 44756.1800258586 
 1238 , 44733.990736306 
 1239 , 44682.5751051593 
 1240 , 44620.5293739059 
 1241 , 44552.8756022233 
 1242 , 44481.6898018931 
 1243 , 44403.8980915214 
 1244 , 44318.8458437386 
 1245 , 44245.4803228642 
 1246 , 44207.6886694425 
 1247 , 44203.8470823334 
 1248 , 44215.2223958013 
 1249 , 44216.5606578565 
 1250 , 44175.4447621784 
 1251 , 44085.589897679 
 1252 , 43996.8298582476 
 1253 , 43950.3786295755 
 1254 , 43924.9068490622 
 1255 , 43887.1934998624 
 1256 , 43832.0243884836 
 1257 , 43767.2333557563 
 1258 , 43701.0107104279 
 1259 , 43641.6478143909 
 1260 , 43590.6608988128 
 1261 , 43539.7399650785 
 1262 , 43484.9966579143 
 1263 , 43436.0569731259 
 1264 , 43404.3908026158 
 1265 , 43399.8783593804 
 1266 , 43428.0402645184 
 1267 , 43457.5761595327 
 1268 , 43439.237593809 
 1269 , 43375.1441687913 
 1270 , 43316.5384941209 
 1271 , 43280.4591393856 
 1272 , 43223.6962339889 
 1273 , 43123.8673368702 
 1274 , 43037.4512510912 
 1275 , 43019.6469663286 
 1276 , 43038.2321549838 
 1277 , 43035.9848149392 
 1278 , 43008.6889440294 
 1279 , 42983.4696744555 
 1280 , 42966.4944812543 
 1281 , 42941.8130316202 
 1282 , 42902.8723388312 
 1283 , 42861.6326970598 
 1284 , 42828.1812031448 
 1285 , 42800.7600282892 
 1286 , 42774.8338935014 
 1287 , 42743.2270828621 
 1288 , 42698.9140759374 
 1289 , 42646.8523015794 
 1290 , 42598.8005824548 
 1291 , 42551.189534317 
 1292 , 42484.5088262001 
 1293 , 42392.8456651731 
 1294 , 42295.5044424148 
 1295 , 42211.3064878506 
 1296 , 42149.7876637728 
 1297 , 42115.6395192761 
 1298 , 42096.692767714 
 1299 , 42075.6581248246 
 1300 , 42041.6242028189 
 1301 , 41988.0991390802 
 1302 , 41923.5104992885 
 1303 , 41870.5042551238 
 1304 , 41832.8383596081 
 1305 , 41782.8106773344 
 1306 , 41705.6112649061 
 1307 , 41629.6469203205 
 1308 , 41582.786959424 
 1309 , 41554.9236436049 
 1310 , 41526.0499623966 
 1311 , 41489.4288617506 
 1312 , 41445.3748796573 
 1313 , 41397.9987563762 
 1314 , 41354.3800863999 
 1315 , 41312.4494845796 
 1316 , 41257.4070628967 
 1317 , 41185.5392572779 
 1318 , 41120.5963256742 
 1319 , 41082.1700757726 
 1320 , 41058.6772617981 
 1321 , 41033.2923891683 
 1322 , 41005.3943120905 
 1323 , 40980.3680526183 
 1324 , 40953.9330309483 
 1325 , 40915.4771162402 
 1326 , 40863.149586448 
 1327 , 40804.9021748019 
 1328 , 40749.0479418487 
 1329 , 40703.6392113021 
 1330 , 40670.0381983238 
 1331 , 40630.0721728942 
 1332 , 40567.6433911987 
 1333 , 40494.7126759452 
 1334 , 40430.7597908482 
 1335 , 40384.8954096818 
 1336 , 40359.8788034817 
 1337 , 40341.5025956952 
 1338 , 40302.2133944359 
 1339 , 40234.5820728213 
 1340 , 40157.6907407449 
 1341 , 40086.6483964485 
 1342 , 40024.7552621127 
 1343 , 39971.9309334509 
 1344 , 39921.5983551905 
 1345 , 39868.8907834198 
 1346 , 39826.3197891747 
 1347 , 39809.2543152828 
 1348 , 39801.5308315915 
 1349 , 39771.0772378268 
 1350 , 39720.740545054 
 1351 , 39683.6775881548 
 1352 , 39663.5815426596 
 1353 , 39622.462448983 
 1354 , 39537.7867944877 
 1355 , 39426.6907027157 
 1356 , 39313.6138390843 
 1357 , 39230.5007459288 
 1358 , 39200.3200170036 
 1359 , 39185.8385927809 
 1360 , 39134.4188068244 
 1361 , 39049.34552017 
 1362 , 38963.7202997933 
 1363 , 38886.487037107 
 1364 , 38805.8937036088 
 1365 , 38722.1977674795 
 1366 , 38652.1773745552 
 1367 , 38604.0575769109 
 1368 , 38566.6269138249 
 1369 , 38527.3747096716 
 1370 , 38477.040834257 
 1371 , 38411.0237744788 
 1372 , 38345.1126784376 
 1373 , 38298.0177528688 
 1374 , 38259.1183114048 
 1375 , 38205.6378772417 
 1376 , 38148.983758216 
 1377 , 38124.5607923367 
 1378 , 38116.1196408107 
 1379 , 38049.135912932 
 1380 , 37899.1270453128 
 1381 , 37731.6461485975 
 1382 , 37608.0550925142 
 1383 , 37556.3587655485 
 1384 , 37580.7714196451 
 1385 , 37610.8796244288 
 1386 , 37571.9197544776 
 1387 , 37481.6181502184 
 1388 , 37390.0290306137 
 1389 , 37305.3612247366 
 1390 , 37212.1390231881 
 1391 , 37117.443763147 
 1392 , 37047.9702477631 
 1393 , 37011.109992 
 1394 , 36988.4615791036 
 1395 , 36963.9866070725 
 1396 , 36929.435155587 
 1397 , 36881.864460483 
 1398 , 36831.0746471096 
 1399 , 36785.2301074139 
 1400 , 36735.2333898596 
 1401 , 36669.3512187858 
 1402 , 36590.3593173179 
 1403 , 36507.467044165 
 1404 , 36433.9186655636 
 1405 , 36385.0495380165 
 1406 , 36368.8464562 
 1407 , 36386.0294619148 
 1408 , 36412.0863372938 
 1409 , 36390.6474989236 
 1410 , 36303.4215488168 
 1411 , 36207.1807750657 
 1412 , 36146.273852297 
 1413 , 36108.3190802826 
 1414 , 36078.2019297974 
 1415 , 36069.304018929 
 1416 , 36093.7320004851 
 1417 , 36110.19336117 
 1418 , 36063.4791098723 
 1419 , 35961.1140804737 
 1420 , 35844.5254631342 
 1421 , 35738.64637118 
 1422 , 35654.4935023315 
 1423 , 35588.1182824815 
 1424 , 35519.4679660497 
 1425 , 35444.9180843792 
 1426 , 35388.1895595226 
 1427 , 35358.6288605912 
 1428 , 35327.5589872045 
 1429 , 35275.1291176158 
 1430 , 35227.631574724 
 1431 , 35210.2772710878 
 1432 , 35197.5436262274 
 1433 , 35153.9101964266 
 1434 , 35081.2591700031 
 1435 , 34997.8499824298 
 1436 , 34923.6258170727 
 1437 , 34878.1789521211 
 1438 , 34857.5963209159 
 1439 , 34838.3031059432 
 1440 , 34807.9788726979 
 1441 , 34768.3128248793 
 1442 , 34722.7995304981 
 1443 , 34676.5538352307 
 1444 , 34632.0448881174 
 1445 , 34585.3965802576 
 1446 , 34534.1944766884 
 1447 , 34483.5331994616 
 1448 , 34438.2351311622 
 1449 , 34394.965023797 
 1450 , 34347.5434535466 
 1451 , 34286.4615130251 
 1452 , 34205.0840951223 
 1453 , 34137.6198806397 
 1454 , 34136.5670647672 
 1455 , 34186.2948099818 
 1456 , 34220.4200980334 
 1457 , 34208.5649379823 
 1458 , 34159.0361765757 
 1459 , 34087.4409068707 
 1460 , 34017.0017854347 
 1461 , 33962.86367579 
 1462 , 33923.8352340855 
 1463 , 33887.9431761747 
 1464 , 33820.0593545167 
 1465 , 33697.603829188 
 1466 , 33555.9795166623 
 1467 , 33435.7197530217 
 1468 , 33338.5608943685 
 1469 , 33254.0505827501 
 1470 , 33170.5895792152 
 1471 , 33078.573387063 
 1472 , 32992.9888672674 
 1473 , 32941.0687914763 
 1474 , 32923.5693034283 
 1475 , 32920.9022627425 
 1476 , 32910.650246052 
 1477 , 32868.6541709191 
 1478 , 32794.1378450223 
 1479 , 32717.0979374608 
 1480 , 32657.0517501666 
 1481 , 32611.659526975 
 1482 , 32572.8285514602 
 1483 , 32524.2480067502 
 1484 , 32457.0391750599 
 1485 , 32388.7799939288 
 1486 , 32339.1929139499 
 1487 , 32315.7985801653 
 1488 , 32318.2983936214 
 1489 , 32320.3008139811 
 1490 , 32291.3784617761 
 1491 , 32239.749130891 
 1492 , 32189.993416392 
 1493 , 32151.2375703846 
 1494 , 32122.4329768864 
 1495 , 32090.0303243615 
 1496 , 32031.9706967768 
 1497 , 31951.1979341341 
 1498 , 31875.2723517793 
 1499 , 31812.2929651217 
 1500 , 31744.4000807112 
 1501 , 31667.8112476554 
 1502 , 31604.3929716886 
 1503 , 31564.5442647882 
 1504 , 31529.6703090433 
 1505 , 31486.5549029943 
 1506 , 31446.4682754438 
 1507 , 31418.0393227839 
 1508 , 31386.0503283366 
 1509 , 31335.4244721213 
 1510 , 31275.9908614227 
 1511 , 31222.5350304241 
 1512 , 31176.4985809944 
 1513 , 31133.6465641999 
 1514 , 31084.148924033 
 1515 , 31017.0954702157 
 1516 , 30938.3073763957 
 1517 , 30863.2606713225 
 1518 , 30801.4013298935 
 1519 , 30757.0291897464 
 1520 , 30724.1314142613 
 1521 , 30687.6460584285 
 1522 , 30648.2224021743 
 1523 , 30624.7971088776 
 1524 , 30615.6100945428 
 1525 , 30587.734367351 
 1526 , 30526.0327220439 
 1527 , 30451.5865212957 
 1528 , 30385.7869825935 
 1529 , 30342.3122274046 
 1530 , 30326.2172795176 
 1531 , 30321.4194641309 
 1532 , 30311.1385655922 
 1533 , 30288.9488896155 
 1534 , 30251.242040134 
 1535 , 30196.8409928427 
 1536 , 30127.7802264966 
 1537 , 30060.1516939754 
 1538 , 30011.5253334755 
 1539 , 29976.1210179508 
 1540 , 29939.5212082316 
 1541 , 29898.7372602916 
 1542 , 29856.0669610658 
 1543 , 29805.9906263519 
 1544 , 29739.5757119475 
 1545 , 29671.220936379 
 1546 , 29631.7663240603 
 1547 , 29622.9357749513 
 1548 , 29619.67174825 
 1549 , 29607.82008624 
 1550 , 29586.435385556 
 1551 , 29558.2569834711 
 1552 , 29529.9092653343 
 1553 , 29503.387255685 
 1554 , 29473.0282954893 
 1555 , 29438.2522051181 
 1556 , 29409.2669917538 
 1557 , 29387.2506167625 
 1558 , 29350.3706988356 
 1559 , 29286.848026408 
 1560 , 29220.5705043857 
 1561 , 29173.1478749224 
 1562 , 29139.4245408126 
 1563 , 29110.5760576284 
 1564 , 29084.6316250248 
 1565 , 29059.6386893027 
 1566 , 29025.8845783153 
 1567 , 28975.9440869637 
 1568 , 28928.0372232473 
 1569 , 28904.8509213344 
 1570 , 28898.7626749196 
 1571 , 28891.0401205514 
 1572 , 28874.5429360246 
 1573 , 28847.8196863173 
 1574 , 28809.7685772845 
 1575 , 28759.959240747 
 1576 , 28703.8883964731 
 1577 , 28650.434073604 
 1578 , 28600.7443200741 
 1579 , 28550.4068524493 
 1580 , 28502.0010373195 
 1581 , 28463.8423421271 
 1582 , 28432.0105688229 
 1583 , 28390.6721351842 
 1584 , 28342.3419990692 
 1585 , 28310.9029866192 
 1586 , 28304.630347725 
 1587 , 28309.6385171864 
 1588 , 28309.1449584431 
 1589 , 28284.4521296336 
 1590 , 28230.0486374965 
 1591 , 28163.2183130287 
 1592 , 28098.3418510399 
 1593 , 28039.8046695018 
 1594 , 27992.3040504519 
 1595 , 27963.7430100186 
 1596 , 27948.5994397647 
 1597 , 27906.4780877333 
 1598 , 27815.191397727 
 1599 , 27720.1445767078 
 1600 , 27664.2326508752 
 1601 , 27643.1009040084 
 1602 , 27642.2989927657 
 1603 , 27645.5067562329 
 1604 , 27641.3583043819 
 1605 , 27640.9907478246 
 1606 , 27652.4244700297 
 1607 , 27641.2466508102 
 1608 , 27572.911130801 
 1609 , 27478.6320673698 
 1610 , 27403.8471953836 
 1611 , 27348.8867357716 
 1612 , 27298.4059384974 
 1613 , 27243.9266359389 
 1614 , 27181.1352398753 
 1615 , 27115.7238383076 
 1616 , 27056.862363648 
 1617 , 27004.5631504457 
 1618 , 26954.0892539005 
 1619 , 26899.4516498441 
 1620 , 26835.4475837347 
 1621 , 26772.4359590268 
 1622 , 26727.8749334619 
 1623 , 26691.5441218973 
 1624 , 26637.1123094953 
 1625 , 26568.0252493735 
 1626 , 26508.4132611168 
 1627 , 26469.3587482145 
 1628 , 26450.8226187998 
 1629 , 26441.7930557792 
 1630 , 26423.1319631052 
 1631 , 26391.6293671267 
 1632 , 26357.8506868894 
 1633 , 26314.3680781196 
 1634 , 26237.4307140315 
 1635 , 26142.4860817707 
 1636 , 26084.8364779986 
 1637 , 26077.4462548723 
 1638 , 26084.5173403394 
 1639 , 26077.0566412026 
 1640 , 26037.6911187844 
 1641 , 25970.3776728441 
 1642 , 25904.656569551 
 1643 , 25855.974751832 
 1644 , 25818.7650132337 
 1645 , 25782.4669550652 
 1646 , 25732.0171615182 
 1647 , 25677.7724604857 
 1648 , 25667.5312948036 
 1649 , 25700.4239569537 
 1650 , 25695.5220920576 
 1651 , 25622.1362233258 
 1652 , 25543.0088464204 
 1653 , 25489.4778951224 
 1654 , 25424.348435858 
 1655 , 25339.2058165131 
 1656 , 25289.0390792477 
 1657 , 25288.9570061577 
 1658 , 25267.4050813533 
 1659 , 25188.8031361055 
 1660 , 25105.8918947996 
 1661 , 25053.9600415383 
 1662 , 25012.6635651195 
 1663 , 24969.2400877439 
 1664 , 24940.6157054076 
 1665 , 24931.734592524 
 1666 , 24913.847891892 
 1667 , 24872.4830112531 
 1668 , 24834.3774688076 
 1669 , 24813.5322949126 
 1670 , 24782.534025676 
 1671 , 24726.1090280891 
 1672 , 24670.4378208515 
 1673 , 24632.3218197211 
 1674 , 24592.4158648259 
 1675 , 24535.6538993163 
 1676 , 24469.9417117081 
 1677 , 24406.207197812 
 1678 , 24354.4577533154 
 1679 , 24321.8608495314 
 1680 , 24308.85434783 
 1681 , 24302.1247859089 
 1682 , 24256.6161442525 
 1683 , 24156.6978496367 
 1684 , 24072.9752616224 
 1685 , 24052.3080454546 
 1686 , 24047.9476110506 
 1687 , 24018.7432926099 
 1688 , 23974.409125145 
 1689 , 23926.9907053606 
 1690 , 23874.4988278596 
 1691 , 23818.8795642027 
 1692 , 23777.378196673 
 1693 , 23760.049407504 
 1694 , 23753.1954169486 
 1695 , 23741.1706353123 
 1696 , 23712.4947392387 
 1697 , 23664.3385408674 
 1698 , 23613.3267689525 
 1699 , 23571.6645221681 
 1700 , 23534.1041648773 
 1701 , 23497.8150734095 
 1702 , 23471.5505902283 
 1703 , 23452.2148064417 
 1704 , 23405.856173647 
 1705 , 23318.8782850157 
 1706 , 23232.7949636864 
 1707 , 23183.1615358433 
 1708 , 23176.1605655716 
 1709 , 23194.9008025498 
 1710 , 23182.1441893856 
 1711 , 23114.3187992914 
 1712 , 23047.0028772354 
 1713 , 23015.4496648149 
 1714 , 22995.721015699 
 1715 , 22967.4898828056 
 1716 , 22930.5296325495 
 1717 , 22888.8108923809 
 1718 , 22849.834747572 
 1719 , 22818.9266634298 
 1720 , 22796.929829749 
 1721 , 22783.5995642146 
 1722 , 22777.5182099783 
 1723 , 22770.125538945 
 1724 , 22741.9390702865 
 1725 , 22690.6707908828 
 1726 , 22641.2838781513 
 1727 , 22601.1228475241 
 1728 , 22549.1538302447 
 1729 , 22478.1678033411 
 1730 , 22402.8253683837 
 1731 , 22336.7660107578 
 1732 , 22289.9130451176 
 1733 , 22259.8130195511 
 1734 , 22229.7075084245 
 1735 , 22196.1403640587 
 1736 , 22171.4553474551 
 1737 , 22157.5035264175 
 1738 , 22144.0003607078 
 1739 , 22121.7731103839 
 1740 , 22084.0699179624 
 1741 , 22038.6142898171 
 1742 , 22005.3335196458 
 1743 , 21981.2582734663 
 1744 , 21944.3356259518 
 1745 , 21893.4460618161 
 1746 , 21844.2891212035 
 1747 , 21803.2646721791 
 1748 , 21768.7952450548 
 1749 , 21731.0401702685 
 1750 , 21676.6582772903 
 1751 , 21616.0475177036 
 1752 , 21571.9601652422 
 1753 , 21538.7187190416 
 1754 , 21497.488994793 
 1755 , 21461.5992233691 
 1756 , 21456.5682768515 
 1757 , 21467.1216227807 
 1758 , 21462.6350216752 
 1759 , 21444.9252760123 
 1760 , 21427.4817405657 
 1761 , 21406.8343886725 
 1762 , 21375.4917915645 
 1763 , 21341.6175939019 
 1764 , 21316.6420774112 
 1765 , 21300.1567650216 
 1766 , 21286.1239625537 
 1767 , 21260.0824400933 
 1768 , 21212.7306870217 
 1769 , 21165.1629531982 
 1770 , 21136.7957644025 
 1771 , 21113.8426716282 
 1772 , 21082.270398694 
 1773 , 21050.476289219 
 1774 , 21026.1386396912 
 1775 , 21002.7671319473 
 1776 , 20973.763635217 
 1777 , 20938.2457537417 
 1778 , 20901.676508831 
 1779 , 20881.1839881572 
 1780 , 20877.811065046 
 1781 , 20859.5209032788 
 1782 , 20814.6492990774 
 1783 , 20771.3696334926 
 1784 , 20741.2288821282 
 1785 , 20706.1320691025 
 1786 , 20660.544433263 
 1787 , 20617.9001086717 
 1788 , 20582.9032537019 
 1789 , 20549.4239185333 
 1790 , 20522.2185912687 
 1791 , 20516.0245927729 
 1792 , 20520.2788145905 
 1793 , 20504.5525168231 
 1794 , 20473.9954123485 
 1795 , 20458.3680879687 
 1796 , 20454.6611641194 
 1797 , 20440.5290799294 
 1798 , 20418.4361601981 
 1799 , 20402.015577755 
 1800 , 20380.0531066532 
 1801 , 20335.6535770549 
 1802 , 20295.6242037516 
 1803 , 20292.8778677263 
 1804 , 20292.1871307345 
 1805 , 20247.890737555 
 1806 , 20178.4590556754 
 1807 , 20115.2257632639 
 1808 , 20065.2473327357 
 1809 , 20030.6283568764 
 1810 , 20016.983275893 
 1811 , 20021.1131574349 
 1812 , 20013.5075121119 
 1813 , 19978.6319885926 
 1814 , 19943.6736692179 
 1815 , 19930.7345506249 
 1816 , 19940.1323033759 
 1817 , 19956.4745257873 
 1818 , 19943.6017701061 
 1819 , 19898.867810219 
 1820 , 19866.8348363587 
 1821 , 19851.6898176713 
 1822 , 19809.4211507411 
 1823 , 19744.926585603 
 1824 , 19710.2381346507 
 1825 , 19712.828403144 
 1826 , 19723.4430016504 
 1827 , 19724.1937711181 
 1828 , 19706.9320388831 
 1829 , 19676.5605064967 
 1830 , 19643.8854077845 
 1831 , 19609.8298540409 
 1832 , 19572.57703432 
 1833 , 19541.4799569174 
 1834 , 19525.2562453519 
 1835 , 19509.1245567701 
 1836 , 19478.0524155422 
 1837 , 19443.7890507885 
 1838 , 19418.2656607338 
 1839 , 19393.6702847757 
 1840 , 19361.3847325114 
 1841 , 19320.4160338744 
 1842 , 19276.2099974247 
 1843 , 19244.6984593294 
 1844 , 19232.3058548738 
 1845 , 19227.8181611358 
 1846 , 19218.2540049762 
 1847 , 19191.1989560531 
 1848 , 19154.045241363 
 1849 , 19133.7183515678 
 1850 , 19125.0022826326 
 1851 , 19096.7987102491 
 1852 , 19058.0459177308 
 1853 , 19041.9480697975 
 1854 , 19036.7264757487 
 1855 , 19010.1175612822 
 1856 , 18968.9717181277 
 1857 , 18933.0552668576 
 1858 , 18894.7911847635 
 1859 , 18846.0697350128 
 1860 , 18819.1531530197 
 1861 , 18835.5125589252 
 1862 , 18842.1369309627 
 1863 , 18799.8122438402 
 1864 , 18747.3484476374 
 1865 , 18713.9023623337 
 1866 , 18682.7626803476 
 1867 , 18645.6078881507 
 1868 , 18616.4687937073 
 1869 , 18597.8570523367 
 1870 , 18575.5779125075 
 1871 , 18547.8524420866 
 1872 , 18525.9065124457 
 1873 , 18512.488981044 
 1874 , 18502.7402029106 
 1875 , 18486.7388853704 
 1876 , 18454.4092969347 
 1877 , 18418.3702855302 
 1878 , 18397.7371198131 
 1879 , 18385.774284749 
 1880 , 18368.218354618 
 1881 , 18339.4652539929 
 1882 , 18302.9422010088 
 1883 , 18284.0121362554 
 1884 , 18293.2210850571 
 1885 , 18293.016936831 
 1886 , 18264.9477933177 
 1887 , 18240.2586901833 
 1888 , 18225.4029247505 
 1889 , 18184.1684137682 
 1890 , 18118.8698093648 
 1891 , 18076.3341843025 
 1892 , 18064.3336904316 
 1893 , 18055.9983620239 
 1894 , 18034.4104058814 
 1895 , 17992.0858802429 
 1896 , 17939.6420495853 
 1897 , 17894.8612013588 
 1898 , 17865.2246418992 
 1899 , 17849.9356853216 
 1900 , 17828.8855796919 
 1901 , 17787.9363079974 
 1902 , 17748.3579381082 
 1903 , 17725.4952090383 
 1904 , 17704.749673608 
 1905 , 17675.3435301921 
 1906 , 17640.5520300271 
 1907 , 17608.6520231931 
 1908 , 17591.749133446 
 1909 , 17583.698962022 
 1910 , 17562.7209364959 
 1911 , 17539.2880556764 
 1912 , 17542.994389872 
 1913 , 17558.9461315719 
 1914 , 17553.5798839845 
 1915 , 17529.1861692352 
 1916 , 17499.354300149 
 1917 , 17464.3882358464 
 1918 , 17423.9895781959 
 1919 , 17388.0455764395 
 1920 , 17360.7683852921 
 1921 , 17328.6679177125 
 1922 , 17287.6382345153 
 1923 , 17253.230099554 
 1924 , 17231.7195327014 
 1925 , 17215.4808538665 
 1926 , 17193.5446307443 
 1927 , 17154.4526974646 
 1928 , 17107.9772857174 
 1929 , 17075.2217332061 
 1930 , 17055.4156266627 
 1931 , 17039.2923485162 
 1932 , 17028.8927239882 
 1933 , 17026.0518794497 
 1934 , 17017.2676928455 
 1935 , 16994.9571704856 
 1936 , 16976.570844288 
 1937 , 16970.154290184 
 1938 , 16958.843028255 
 1939 , 16934.467147129 
 1940 , 16904.3057002404 
 1941 , 16879.730787626 
 1942 , 16873.4061634551 
 1943 , 16877.3295500513 
 1944 , 16872.1951390426 
 1945 , 16863.6871196097 
 1946 , 16863.4447077417 
 1947 , 16847.8240758398 
 1948 , 16793.8743631833 
 1949 , 16726.0505130766 
 1950 , 16673.0269740316 
 1951 , 16646.0416833481 
 1952 , 16640.0933067301 
 1953 , 16626.8406870819 
 1954 , 16595.3069203077 
 1955 , 16558.8635087462 
 1956 , 16527.2109064229 
 1957 , 16504.7471523226 
 1958 , 16487.8299153228 
 1959 , 16469.0171106189 
 1960 , 16448.3134233688 
 1961 , 16427.8919920782 
 1962 , 16405.1211943189 
 1963 , 16380.3339374709 
 1964 , 16367.1572907371 
 1965 , 16368.5439802967 
 1966 , 16360.3614234568 
 1967 , 16334.6812696196 
 1968 , 16310.6940080403 
 1969 , 16288.4756442925 
 1970 , 16249.2896052172 
 1971 , 16202.8055345506 
 1972 , 16174.2510717525 
 1973 , 16153.3461294085 
 1974 , 16122.0435476501 
 1975 , 16107.7437459153 
 1976 , 16129.320955234 
 1977 , 16131.4632601513 
 1978 , 16080.5037884227 
 1979 , 16021.9581836767 
 1980 , 15990.2860444292 
 1981 , 15987.6550560651 
 1982 , 15991.4613318719 
 1983 , 15960.9878381004 
 1984 , 15905.9708828701 
 1985 , 15866.5790676538 
 1986 , 15849.786981142 
 1987 , 15845.4977664744 
 1988 , 15835.6715026689 
 1989 , 15810.7920134386 
 1990 , 15794.2940550427 
 1991 , 15797.2151126951 
 1992 , 15793.8145181695 
 1993 , 15769.2189616877 
 1994 , 15729.0561675807 
 1995 , 15685.2333710278 
 1996 , 15652.72683808 
 1997 , 15633.2017123216 
 1998 , 15622.4860159742 
 1999 , 15630.0916007816 
 2000 , 15657.4352057148 
 2001 , 15652.8833481262 
 2002 , 15592.1611027236 
 2003 , 15551.4331064567 
 2004 , 15565.166680991 
 2005 , 15576.3648960359 
 2006 , 15561.5282184735 
 2007 , 15540.9246021629 
 2008 , 15519.1470692498 
 2009 , 15489.9618757023 
 2010 , 15461.1814465384 
 2011 , 15443.4664849962 
 2012 , 15430.0320565635 
 2013 , 15411.836793651 
 2014 , 15387.9946967408 
 2015 , 15359.2342461322 
 2016 , 15326.712036032 
 2017 , 15296.3498479199 
 2018 , 15278.7893897939 
 2019 , 15271.3772033701 
 2020 , 15260.9859663422 
 2021 , 15234.8550578572 
 2022 , 15189.8665599164 
 2023 , 15169.3184002287 
 2024 , 15198.8790140276 
 2025 , 15207.5195443381 
 2026 , 15156.7967730806 
 2027 , 15103.1615701564 
 2028 , 15071.0988378901 
 2029 , 15035.5121582004 
 2030 , 14996.7735392487 
 2031 , 14974.4724597111 
 2032 , 14964.5744519408 
 2033 , 14954.2108360437 
 2034 , 14945.2939101603 
 2035 , 14938.9048320183 
 2036 , 14920.8494686876 
 2037 , 14886.9649351768 
 2038 , 14855.4992459834 
 2039 , 14833.7699726747 
 2040 , 14815.0078172677 
 2041 , 14803.8299729982 
 2042 , 14808.4059490929 
 2043 , 14799.3371914224 
 2044 , 14748.1104789293 
 2045 , 14701.3140106956 
 2046 , 14699.4024581327 
 2047 , 14716.6746168372 
 2048 , 14717.868229736 
 2049 , 14671.2687113943 
 2050 , 14597.5592905974 
 2051 , 14561.1274429383 
 2052 , 14554.1276753704 
 2053 , 14533.7869972914 
 2054 , 14515.3313080768 
 2055 , 14521.2392880712 
 2056 , 14525.7647237889 
 2057 , 14507.6814157288 
 2058 , 14475.6041912636 
 2059 , 14435.6869638025 
 2060 , 14387.5104808024 
 2061 , 14344.5137921033 
 2062 , 14326.9961391288 
 2063 , 14323.7997389047 
 2064 , 14315.1413550557 
 2065 , 14307.81195176 
 2066 , 14304.6409692597 
 2067 , 14280.859025568 
 2068 , 14234.9571585211 
 2069 , 14204.6862981351 
 2070 , 14190.5633663436 
 2071 , 14160.390058892 
 2072 , 14122.5913218855 
 2073 , 14103.2832378534 
 2074 , 14100.0706991071 
 2075 , 14099.5731287533 
 2076 , 14083.6109892062 
 2077 , 14045.6044876568 
 2078 , 14000.1416597381 
 2079 , 13958.310602167 
 2080 , 13925.9707733752 
 2081 , 13914.5578391949 
 2082 , 13928.453432685 
 2083 , 13910.2277851735 
 2084 , 13820.9980917138 
 2085 , 13752.7346297339 
 2086 , 13758.6070415921 
 2087 , 13773.0224190036 
 2088 , 13763.0160327171 
 2089 , 13745.1835785188 
 2090 , 13734.5445293775 
 2091 , 13737.5634195248 
 2092 , 13724.9652009274 
 2093 , 13674.8640519329 
 2094 , 13634.116243481 
 2095 , 13629.7705429163 
 2096 , 13625.7589447329 
 2097 , 13604.5114612165 
 2098 , 13576.6374425844 
 2099 , 13555.5131066477 
 2100 , 13551.8507749233 
 2101 , 13555.4547070202 
 2102 , 13549.3570504506 
 2103 , 13519.7386362919 
 2104 , 13471.9468208825 
 2105 , 13443.1355660736 
 2106 , 13435.1622615034 
 2107 , 13412.9771364982 
 2108 , 13376.8862973739 
 2109 , 13346.3683136526 
 2110 , 13323.0510886866 
 2111 , 13305.12389626 
 2112 , 13298.3972301698 
 2113 , 13293.4298153995 
 2114 , 13256.2067689868 
 2115 , 13201.1071997705 
 2116 , 13182.02873813 
 2117 , 13182.1580206796 
 2118 , 13158.0794995405 
 2119 , 13122.248747628 
 2120 , 13093.2149622205 
 2121 , 13064.2366506144 
 2122 , 13036.7224326723 
 2123 , 13027.2948441609 
 2124 , 13030.5612997006 
 2125 , 13024.0972993806 
 2126 , 12994.7379151961 
 2127 , 12943.4039203151 
 2128 , 12907.4807601617 
 2129 , 12902.7056872325 
 2130 , 12885.7113362997 
 2131 , 12849.6102697261 
 2132 , 12832.5497917774 
 2133 , 12830.6235800099 
 2134 , 12816.2271337406 
 2135 , 12785.8413559502 
 2136 , 12747.7627029777 
 2137 , 12719.860890811 
 2138 , 12710.2013547429 
 2139 , 12708.8801866232 
 2140 , 12699.919173917 
 2141 , 12667.4862752902 
 2142 , 12627.4715222151 
 2143 , 12603.9977674325 
 2144 , 12594.6436572251 
 2145 , 12594.5758307044 
 2146 , 12606.7853784954 
 2147 , 12616.6817161425 
 2148 , 12592.6014509291 
 2149 , 12543.4661630171 
 2150 , 12498.5204105834 
 2151 , 12458.8616003925 
 2152 , 12418.627563858 
 2153 , 12378.4127248149 
 2154 , 12348.4654808429 
 2155 , 12348.9475514986 
 2156 , 12366.2612132929 
 2157 , 12365.7838334727 
 2158 , 12351.8305905652 
 2159 , 12340.655222625 
 2160 , 12333.5477375292 
 2161 , 12325.3623215841 
 2162 , 12305.4437050684 
 2163 , 12266.9782392014 
 2164 , 12210.1520321474 
 2165 , 12159.517809136 
 2166 , 12140.6607993365 
 2167 , 12134.2292763004 
 2168 , 12122.6916947098 
 2169 , 12115.053717367 
 2170 , 12105.7117484049 
 2171 , 12073.3584994519 
 2172 , 12034.5852747685 
 2173 , 12018.7233261037 
 2174 , 12008.5255781216 
 2175 , 11988.47786838 
 2176 , 11978.8931172332 
 2177 , 11978.8922330061 
 2178 , 11959.0264653808 
 2179 , 11932.0854789082 
 2180 , 11929.8839758243 
 2181 , 11933.0855955841 
 2182 , 11919.2583825067 
 2183 , 11901.7986241528 
 2184 , 11885.2730460303 
 2185 , 11856.7366458834 
 2186 , 11826.171398394 
 2187 , 11814.27544505 
 2188 , 11806.2500571019 
 2189 , 11785.6688079887 
 2190 , 11766.1500065279 
 2191 , 11746.5791277195 
 2192 , 11701.7938155366 
 2193 , 11654.5738128909 
 2194 , 11651.6577951133 
 2195 , 11667.510674006 
 2196 , 11665.1808263637 
 2197 , 11650.724744997 
 2198 , 11634.1280258325 
 2199 , 11619.7326625936 
 2200 , 11602.8651064586 
 2201 , 11574.6409212442 
 2202 , 11538.2157528885 
 2203 , 11500.314429385 
 2204 , 11465.3451197583 
 2205 , 11439.6010821217 
 2206 , 11430.910120906 
 2207 , 11426.2893444704 
 2208 , 11404.3203042354 
 2209 , 11378.807477281 
 2210 , 11367.4955978387 
 2211 , 11366.0676012701 
 2212 , 11358.746156292 
 2213 , 11322.0999597982 
 2214 , 11262.9586212651 
 2215 , 11206.3703999624 
 2216 , 11167.0784818388 
 2217 , 11149.5628866274 
 2218 , 11142.0753830254 
 2219 , 11133.0042646636 
 2220 , 11115.8507611363 
 2221 , 11106.7900910276 
 2222 , 11120.443274347 
 2223 , 11105.3559656601 
 2224 , 11039.6134800752 
 2225 , 10998.7510214278 
 2226 , 10999.4994343338 
 2227 , 10990.3571905885 
 2228 , 10962.4144754756 
 2229 , 10929.7434339965 
 2230 , 10904.5370726167 
 2231 , 10886.5788429672 
 2232 , 10856.0845734938 
 2233 , 10819.9893612103 
 2234 , 10805.0997720046 
 2235 , 10801.4769102974 
 2236 , 10789.9064931508 
 2237 , 10771.761896098 
 2238 , 10751.3186267781 
 2239 , 10731.0994832093 
 2240 , 10710.8188283484 
 2241 , 10687.955262706 
 2242 , 10658.2681063538 
 2243 , 10621.8604518832 
 2244 , 10590.6559661545 
 2245 , 10575.0223615732 
 2246 , 10578.7372100723 
 2247 , 10578.7991222474 
 2248 , 10548.9609522398 
 2249 , 10510.935617416 
 2250 , 10486.4915442666 
 2251 , 10473.9012364627 
 2252 , 10458.1112677618 
 2253 , 10420.7537503127 
 2254 , 10387.5215802629 
 2255 , 10384.7736498373 
 2256 , 10384.7697114211 
 2257 , 10369.0065713006 
 2258 , 10345.8878699156 
 2259 , 10325.3524466248 
 2260 , 10313.3968393761 
 2261 , 10298.3357086569 
 2262 , 10273.7174937114 
 2263 , 10254.7074813083 
 2264 , 10234.6460644502 
 2265 , 10189.0021849871 
 2266 , 10147.5624935325 
 2267 , 10146.0863068742 
 2268 , 10153.7385650729 
 2269 , 10144.7640881829 
 2270 , 10121.6526139095 
 2271 , 10089.2291819199 
 2272 , 10053.5127404667 
 2273 , 10026.4831932869 
 2274 , 10016.6692942073 
 2275 , 10020.1380314334 
 2276 , 10015.03128084 
 2277 , 9970.19174370618 
 2278 , 9911.53214080962 
 2279 , 9877.42473015178 
 2280 , 9858.38557090097 
 2281 , 9840.98623399247 
 2282 , 9820.95592735495 
 2283 , 9804.56198050275 
 2284 , 9799.14683420421 
 2285 , 9785.81940883153 
 2286 , 9755.75048211816 
 2287 , 9735.18868806396 
 2288 , 9730.88005372733 
 2289 , 9727.69095856795 
 2290 , 9711.72243601323 
 2291 , 9680.67246734251 
 2292 , 9661.6682449996 
 2293 , 9654.77182140835 
 2294 , 9624.91089482454 
 2295 , 9589.86204092311 
 2296 , 9581.73251084467 
 2297 , 9564.57655033497 
 2298 , 9521.13195209776 
 2299 , 9490.77624952242 
 2300 , 9475.20829724232 
 2301 , 9449.03687460934 
 2302 , 9418.11981741181 
 2303 , 9397.35965111124 
 2304 , 9397.09840899242 
 2305 , 9406.8461308699 
 2306 , 9399.77634729453 
 2307 , 9375.30862855638 
 2308 , 9343.22959344906 
 2309 , 9308.89722993741 
 2310 , 9276.18237389943 
 2311 , 9248.42744644637 
 2312 , 9232.14595831236 
 2313 , 9230.752490542 
 2314 , 9229.45784792385 
 2315 , 9214.86341874581 
 2316 , 9183.69187586087 
 2317 , 9149.79844726002 
 2318 , 9131.11300942213 
 2319 , 9111.1312429624 
 2320 , 9084.36161229004 
 2321 , 9083.16570243242 
 2322 , 9088.03485275596 
 2323 , 9047.52628700206 
 2324 , 9003.81891229699 
 2325 , 8997.67582219083 
 2326 , 8987.06424098152 
 2327 , 8962.42847455175 
 2328 , 8954.13678171508 
 2329 , 8956.4301507429 
 2330 , 8952.79190726366 
 2331 , 8943.12674087594 
 2332 , 8920.70810220809 
 2333 , 8872.74324506966 
 2334 , 8831.62134263283 
 2335 , 8829.61506772771 
 2336 , 8821.8898828718 
 2337 , 8786.35420864085 
 2338 , 8752.46121345152 
 2339 , 8739.34341964905 
