11-20-2017,17:35:41
Wavenumber(cm-1),Intensity
 250 , 23263.9876369102 
 251 , 23297.8275866194 
 252 , 23323.6443979974 
 253 , 23339.8079118072 
 254 , 23349.1738674339 
 255 , 23354.8719939089 
 256 , 23358.3168172454 
 257 , 23359.6470989255 
 258 , 23359.5084807368 
 259 , 23361.4496636701 
 260 , 23369.9921880919 
 261 , 23388.8444204528 
 262 , 23419.841224922 
 263 , 23464.354246954 
 264 , 23518.6491829923 
 265 , 23573.5957097989 
 266 , 23620.7850731267 
 267 , 23659.791229742 
 268 , 23694.0767538599 
 269 , 23726.385230329 
 270 , 23756.9890454368 
 271 , 23785.6857373222 
 272 , 23814.1520712217 
 273 , 23846.8024186281 
 274 , 23888.2276165191 
 275 , 23942.5316255254 
 276 , 24013.4916841937 
 277 , 24101.2380464344 
 278 , 24188.9005070676 
 279 , 24254.7470374485 
 280 , 24289.0878508647 
 281 , 24305.8512128427 
 282 , 24321.2213411765 
 283 , 24342.2107147394 
 284 , 24367.6920416717 
 285 , 24396.4391824173 
 286 , 24428.3984437011 
 287 , 24463.9722172053 
 288 , 24501.3588914726 
 289 , 24533.059979214 
 290 , 24550.9782676703 
 291 , 24556.0439942502 
 292 , 24559.4319462143 
 293 , 24571.7867328391 
 294 , 24594.5112204837 
 295 , 24624.3296532987 
 296 , 24658.1608604912 
 297 , 24693.6909763376 
 298 , 24728.7907667904 
 299 , 24762.5271224944 
 300 , 24795.6516259553 
 301 , 24828.6169271503 
 302 , 24857.1238531692 
 303 , 24873.8986642665 
 304 , 24876.3377886447 
 305 , 24881.4000941263 
 306 , 24910.897650662 
 307 , 24969.6049683683 
 308 , 25033.3480088265 
 309 , 25076.8686104945 
 310 , 25099.6126148948 
 311 , 25119.4660102858 
 312 , 25151.4359878104 
 313 , 25193.9122930149 
 314 , 25240.115267742 
 315 , 25285.5823246998 
 316 , 25330.4693021186 
 317 , 25375.4665623186 
 318 , 25421.0416216026 
 319 , 25467.4701660207 
 320 , 25514.7344051435 
 321 , 25561.1407724013 
 322 , 25604.3911771444 
 323 , 25642.538073918 
 324 , 25674.4301035495 
 325 , 25699.2152935837 
 326 , 25720.1125547483 
 327 , 25744.2552198412 
 328 , 25777.7537022076 
 329 , 25818.9518371505 
 330 , 25863.0587054407 
 331 , 25905.9278898121 
 332 , 25945.0447178872 
 333 , 25978.3221839818 
 334 , 26008.057104445 
 335 , 26041.110254601 
 336 , 26083.047263942 
 337 , 26128.6512359664 
 338 , 26168.0171531509 
 339 , 26194.3687574788 
 340 , 26209.3178233914 
 341 , 26215.9320429633 
 342 , 26219.2897064487 
 343 , 26226.6662146401 
 344 , 26243.9025239125 
 345 , 26265.2585795241 
 346 , 26279.7492549772 
 347 , 26281.2891990048 
 348 , 26277.3273526401 
 349 , 26277.5024133909 
 350 , 26288.2435590875 
 351 , 26312.4110389843 
 352 , 26352.0828656408 
 353 , 26404.8348370146 
 354 , 26466.183043334 
 355 , 26530.0590898135 
 356 , 26586.0856392937 
 357 , 26623.6660168271 
 358 , 26646.1845514691 
 359 , 26672.3626957959 
 360 , 26718.8385585065 
 361 , 26781.2140903913 
 362 , 26845.7313372091 
 363 , 26903.779874888 
 364 , 26960.4326254558 
 365 , 27022.6794116633 
 366 , 27089.6851322243 
 367 , 27152.4043940565 
 368 , 27202.3267048374 
 369 , 27237.2802616102 
 370 , 27257.7621884003 
 371 , 27266.9509858902 
 372 , 27274.5846817409 
 373 , 27291.0249338789 
 374 , 27318.6463770453 
 375 , 27352.0516244034 
 376 , 27386.2671976636 
 377 , 27420.9357186224 
 378 , 27457.4551254214 
 379 , 27495.3094378706 
 380 , 27529.7398205416 
 381 , 27555.9687619803 
 382 , 27579.2782976375 
 383 , 27613.7520663841 
 384 , 27670.0397565365 
 385 , 27738.6541864798 
 386 , 27803.4086478153 
 387 , 27855.6926529602 
 388 , 27901.5575299725 
 389 , 27948.3800597666 
 390 , 27998.3688060937 
 391 , 28049.7922666917 
 392 , 28100.2376468107 
 393 , 28144.643815454 
 394 , 28177.255859028 
 395 , 28196.4679142791 
 396 , 28207.4849738828 
 397 , 28216.2464034367 
 398 , 28229.8686528457 
 399 , 28256.2248443758 
 400 , 28300.7563749625 
 401 , 28359.8442661508 
 402 , 28427.789066312 
 403 , 28499.6807605709 
 404 , 28571.6787610154 
 405 , 28640.2712770642 
 406 , 28704.1901279107 
 407 , 28763.3407778145 
 408 , 28817.1087820458 
 409 , 28863.3289818664 
 410 , 28899.7663628603 
 411 , 28929.8846238658 
 412 , 28963.3421870152 
 413 , 29008.3573154211 
 414 , 29061.4516001077 
 415 , 29114.3652916972 
 416 , 29160.8375743301 
 417 , 29199.1355454869 
 418 , 29228.3553448165 
 419 , 29251.2495590705 
 420 , 29273.6667934397 
 421 , 29300.6521008689 
 422 , 29332.8209638477 
 423 , 29369.4247106767 
 424 , 29409.2836933518 
 425 , 29450.489674845 
 426 , 29490.9126152291 
 427 , 29526.6906703199 
 428 , 29552.8581215722 
 429 , 29567.0977218364 
 430 , 29576.4726445053 
 431 , 29589.9445405581 
 432 , 29610.6846497135 
 433 , 29634.6504457401 
 434 , 29658.127657095 
 435 , 29683.354603485 
 436 , 29715.3037905615 
 437 , 29756.421824184 
 438 , 29802.9144870476 
 439 , 29850.1400763281 
 440 , 29895.2288096382 
 441 , 29936.8952468891 
 442 , 29974.0692137027 
 443 , 30006.4893259292 
 444 , 30034.1859056281 
 445 , 30059.9512895934 
 446 , 30091.251000976 
 447 , 30134.9889110877 
 448 , 30186.9026356473 
 449 , 30235.8072722212 
 450 , 30274.0185056943 
 451 , 30305.7710329867 
 452 , 30337.6599759132 
 453 , 30373.2848267568 
 454 , 30412.8058433284 
 455 , 30455.7771677087 
 456 , 30498.969771865 
 457 , 30538.0323793264 
 458 , 30571.670604207 
 459 , 30605.0854495641 
 460 , 30643.9877171549 
 461 , 30689.4015475389 
 462 , 30738.7924671763 
 463 , 30789.0368710511 
 464 , 30834.9722790381 
 465 , 30870.9827547181 
 466 , 30894.2724804051 
 467 , 30905.8692136299 
 468 , 30907.8182068987 
 469 , 30908.1371178727 
 470 , 30917.704188261 
 471 , 30944.1692728602 
 472 , 30987.2422467397 
 473 , 31045.0961318349 
 474 , 31109.8483400483 
 475 , 31168.4563459405 
 476 , 31210.9587022873 
 477 , 31242.1956160555 
 478 , 31271.1578222886 
 479 , 31303.3766394592 
 480 , 31339.2914282941 
 481 , 31378.3276619722 
 482 , 31414.6438962466 
 483 , 31439.7006860841 
 484 , 31449.7051974746 
 485 , 31453.1449135977 
 486 , 31460.2185801778 
 487 , 31476.7354295345 
 488 , 31504.6490314191 
 489 , 31545.4825224346 
 490 , 31599.372843791 
 491 , 31665.9603297799 
 492 , 31739.9204275707 
 493 , 31808.6463584347 
 494 , 31860.3290474213 
 495 , 31894.8329504694 
 496 , 31917.8999891221 
 497 , 31935.5354939082 
 498 , 31954.285592789 
 499 , 31980.5002183118 
 500 , 32015.8321962266 
 501 , 32058.0252489667 
 502 , 32104.4315559354 
 503 , 32151.2399764326 
 504 , 32194.294059412 
 505 , 32227.974800558 
 506 , 32244.6999696452 
 507 , 32239.2456472334 
 508 , 32224.9477915996 
 509 , 32223.4495002891 
 510 , 32246.01913266 
 511 , 32281.3256847519 
 512 , 32315.7264202761 
 513 , 32344.4623557671 
 514 , 32369.2093610243 
 515 , 32390.7515237271 
 516 , 32406.1706738385 
 517 , 32411.9999247625 
 518 , 32412.8350307298 
 519 , 32422.3822999477 
 520 , 32452.2602381922 
 521 , 32498.8145160412 
 522 , 32552.8135574354 
 523 , 32607.4620825153 
 524 , 32660.2407059974 
 525 , 32708.6225377788 
 526 , 32745.6757136607 
 527 , 32761.9370259663 
 528 , 32755.954068848 
 529 , 32748.249030102 
 530 , 32762.1011910331 
 531 , 32803.1701886454 
 532 , 32861.6881877546 
 533 , 32927.2192041914 
 534 , 32988.6927850282 
 535 , 33035.1136702139 
 536 , 33065.1306520666 
 537 , 33089.9555347881 
 538 , 33119.5994847506 
 539 , 33150.1196222637 
 540 , 33171.8246103956 
 541 , 33184.7527999389 
 542 , 33207.7682323761 
 543 , 33259.386901504 
 544 , 33330.5291368648 
 545 , 33394.9720311035 
 546 , 33435.3118200381 
 547 , 33460.3115758423 
 548 , 33483.1918801158 
 549 , 33512.7981071668 
 550 , 33554.0487461892 
 551 , 33609.4850739086 
 552 , 33671.9631698976 
 553 , 33731.9440141479 
 554 , 33788.2465411401 
 555 , 33850.3392047334 
 556 , 33926.3621757185 
 557 , 34011.3995128222 
 558 , 34095.344011013 
 559 , 34168.2226978467 
 560 , 34220.3277135454 
 561 , 34243.6327325791 
 562 , 34246.2742606411 
 563 , 34245.5087316616 
 564 , 34251.9722009993 
 565 , 34259.2363665563 
 566 , 34258.7574998659 
 567 , 34250.4226648023 
 568 , 34240.7039976016 
 569 , 34235.7035117375 
 570 , 34239.5640687826 
 571 , 34255.7633210131 
 572 , 34282.0282173857 
 573 , 34309.998894385 
 574 , 34333.5812668854 
 575 , 34359.6223944006 
 576 , 34398.7773673434 
 577 , 34448.6261706417 
 578 , 34488.2192074429 
 579 , 34499.7640790407 
 580 , 34497.784479752 
 581 , 34510.6122040395 
 582 , 34551.3209679867 
 583 , 34604.1264216674 
 584 , 34651.2046229585 
 585 , 34686.2643888349 
 586 , 34709.6421299448 
 587 , 34722.7521808483 
 588 , 34729.5047494503 
 589 , 34733.9872393458 
 590 , 34737.3366841895 
 591 , 34738.4863388527 
 592 , 34737.8529161131 
 593 , 34740.9284879475 
 594 , 34753.7770806637 
 595 , 34772.4162701553 
 596 , 34783.2776118865 
 597 , 34777.9001245656 
 598 , 34771.6231564151 
 599 , 34785.7130219196 
 600 , 34824.317669491 
 601 , 34871.0124670586 
 602 , 34910.6323474896 
 603 , 34941.9482200791 
 604 , 34968.6262875594 
 605 , 34995.9296640005 
 606 , 35031.5045651683 
 607 , 35081.8482786539 
 608 , 35143.7307685403 
 609 , 35209.6537801715 
 610 , 35273.2523178569 
 611 , 35330.2899716295 
 612 , 35377.6377707512 
 613 , 35420.3091533192 
 614 , 35467.7052386749 
 615 , 35522.5968965226 
 616 , 35572.6524659246 
 617 , 35605.2632969259 
 618 , 35629.2358994802 
 619 , 35667.4172675896 
 620 , 35733.3916905505 
 621 , 35814.614732039 
 622 , 35894.6336282955 
 623 , 35965.2611688695 
 624 , 36024.7628611711 
 625 , 36071.1296040755 
 626 , 36100.8780651074 
 627 , 36110.6774483789 
 628 , 36106.1949777046 
 629 , 36101.3299729522 
 630 , 36107.3400184874 
 631 , 36123.9023240944 
 632 , 36147.8283170589 
 633 , 36175.4264924951 
 634 , 36202.4734727358 
 635 , 36225.1808857157 
 636 , 36241.8838758248 
 637 , 36251.6177988268 
 638 , 36256.3520656226 
 639 , 36261.5968526065 
 640 , 36271.615206834 
 641 , 36282.8939102625 
 642 , 36289.5293390601 
 643 , 36293.8679708798 
 644 , 36309.4795806834 
 645 , 36347.4066216455 
 646 , 36398.4284589695 
 647 , 36445.8664095898 
 648 , 36482.2332273257 
 649 , 36513.979577548 
 650 , 36547.2662373138 
 651 , 36578.311542059 
 652 , 36599.2379923459 
 653 , 36607.4226994881 
 654 , 36609.0148064724 
 655 , 36610.6311721124 
 656 , 36616.130373174 
 657 , 36628.0487466712 
 658 , 36643.82393569 
 659 , 36651.6883585301 
 660 , 36641.9228139679 
 661 , 36629.9622331586 
 662 , 36643.599981055 
 663 , 36693.7335274732 
 664 , 36758.3431753472 
 665 , 36813.0952493812 
 666 , 36846.7781339236 
 667 , 36855.1995137205 
 668 , 36845.2819299844 
 669 , 36846.6045215129 
 670 , 36887.5931735406 
 671 , 36959.0723095771 
 672 , 37031.0384329149 
 673 , 37085.4974407179 
 674 , 37130.6325539891 
 675 , 37176.6623513589 
 676 , 37220.4077276399 
 677 , 37251.0142698484 
 678 , 37264.7846417493 
 679 , 37273.992309277 
 680 , 37292.0972736404 
 681 , 37322.8628613104 
 682 , 37364.3478145262 
 683 , 37414.0375964111 
 684 , 37468.2986133861 
 685 , 37523.1554077714 
 686 , 37572.6588412712 
 687 , 37609.6935114282 
 688 , 37627.9168495392 
 689 , 37622.7515665325 
 690 , 37591.8164920626 
 691 , 37552.9065873816 
 692 , 37535.6343536735 
 693 , 37554.1543538099 
 694 , 37588.0965697919 
 695 , 37614.8617255944 
 696 , 37635.9564279166 
 697 , 37666.7848224048 
 698 , 37714.4533096443 
 699 , 37767.8327075973 
 700 , 37814.2331225013 
 701 , 37848.7679313143 
 702 , 37870.9384187916 
 703 , 37883.1068125698 
 704 , 37893.4543374174 
 705 , 37909.3724931066 
 706 , 37924.480782863 
 707 , 37925.0853127339 
 708 , 37903.7477609564 
 709 , 37865.4307519345 
 710 , 37818.0723317855 
 711 , 37782.6073584399 
 712 , 37786.2968957475 
 713 , 37834.8623561656 
 714 , 37894.4314447729 
 715 , 37931.0227383199 
 716 , 37942.6905996484 
 717 , 37942.4050503123 
 718 , 37938.8332309682 
 719 , 37933.2110919764 
 720 , 37926.6326791481 
 721 , 37924.2339878617 
 722 , 37932.777457343 
 723 , 37953.0102791927 
 724 , 37976.3780003359 
 725 , 37995.4328719267 
 726 , 38014.6006514968 
 727 , 38042.6808130377 
 728 , 38079.4924772964 
 729 , 38112.3435756259 
 730 , 38130.8580979145 
 731 , 38142.4430771372 
 732 , 38160.3200741732 
 733 , 38188.8911065491 
 734 , 38221.6264603081 
 735 , 38252.4879589432 
 736 , 38281.0128181588 
 737 , 38308.4202697312 
 738 , 38336.5889166602 
 739 , 38368.1153146288 
 740 , 38404.635776087 
 741 , 38443.723967476 
 742 , 38481.8286933998 
 743 , 38513.5292295532 
 744 , 38531.6368689772 
 745 , 38533.3460571804 
 746 , 38531.1782565 
 747 , 38540.0400330042 
 748 , 38560.0946816962 
 749 , 38579.5572910245 
 750 , 38590.047015781 
 751 , 38593.9482436342 
 752 , 38595.6477979529 
 753 , 38600.5654326476 
 754 , 38614.8136657913 
 755 , 38640.3329676356 
 756 , 38669.1291459759 
 757 , 38692.5220983593 
 758 , 38709.286631471 
 759 , 38722.4412912867 
 760 , 38734.8995197503 
 761 , 38749.2745163542 
 762 , 38767.1821440581 
 763 , 38782.8149115462 
 764 , 38787.0684574434 
 765 , 38780.6415115507 
 766 , 38779.775539083 
 767 , 38798.0917529768 
 768 , 38825.1903547541 
 769 , 38842.1616293943 
 770 , 38845.9789716436 
 771 , 38853.9054356224 
 772 , 38878.3961477336 
 773 , 38903.3472950483 
 774 , 38905.3481710688 
 775 , 38884.9327234485 
 776 , 38867.0354766924 
 777 , 38869.7124605978 
 778 , 38882.5182179979 
 779 , 38889.5356867366 
 780 , 38889.1001750923 
 781 , 38890.9931305109 
 782 , 38902.2762511164 
 783 , 38921.7486057402 
 784 , 38946.2095804501 
 785 , 38965.6797448721 
 786 , 38966.012452203 
 787 , 38941.6713746516 
 788 , 38904.9555534426 
 789 , 38871.5962042089 
 790 , 38867.0754409722 
 791 , 38920.9894020163 
 792 , 39032.5769536245 
 793 , 39153.875890019 
 794 , 39239.7302561606 
 795 , 39283.8270090363 
 796 , 39293.5426397226 
 797 , 39278.405558933 
 798 , 39250.4402240192 
 799 , 39221.9961619285 
 800 , 39206.1657310926 
 801 , 39215.3444337261 
 802 , 39245.9097387717 
 803 , 39280.3167818547 
 804 , 39307.3808469992 
 805 , 39335.5073245046 
 806 , 39375.4307493484 
 807 , 39424.5786370612 
 808 , 39471.9173608006 
 809 , 39508.8269247468 
 810 , 39531.8910807322 
 811 , 39539.5224550652 
 812 , 39539.1324412304 
 813 , 39542.1158664379 
 814 , 39553.8987924345 
 815 , 39571.1951157821 
 816 , 39590.9212262433 
 817 , 39614.495595017 
 818 , 39644.4306141368 
 819 , 39675.2200695814 
 820 , 39693.0666858285 
 821 , 39686.7135104297 
 822 , 39654.8508311045 
 823 , 39599.6493663122 
 824 , 39542.0385534252 
 825 , 39516.4945106117 
 826 , 39539.2635426799 
 827 , 39584.2126886833 
 828 , 39622.1032271068 
 829 , 39647.0521505839 
 830 , 39664.7188247055 
 831 , 39674.849643758 
 832 , 39667.8963054272 
 833 , 39637.1351585191 
 834 , 39595.0687041559 
 835 , 39560.1178977874 
 836 , 39539.7671111345 
 837 , 39529.987036238 
 838 , 39526.414835657 
 839 , 39525.4132961518 
 840 , 39523.7274505973 
 841 , 39521.1241220968 
 842 , 39519.5048332706 
 843 , 39520.5144370229 
 844 , 39525.1432292489 
 845 , 39533.9396162303 
 846 , 39544.7244133865 
 847 , 39554.1050852597 
 848 , 39560.9207789222 
 849 , 39567.1657117445 
 850 , 39574.4432019335 
 851 , 39581.4385405511 
 852 , 39585.9872804583 
 853 , 39585.853079987 
 854 , 39578.7357106163 
 855 , 39564.0666713843 
 856 , 39546.1841353396 
 857 , 39530.5103035641 
 858 , 39524.7480979021 
 859 , 39537.8382919815 
 860 , 39570.082737657 
 861 , 39606.6250220944 
 862 , 39634.1484990952 
 863 , 39657.2504311592 
 864 , 39686.3747564128 
 865 , 39714.6749972215 
 866 , 39716.3004371288 
 867 , 39679.4977607308 
 868 , 39643.8452034607 
 869 , 39656.2985909637 
 870 , 39719.1882419396 
 871 , 39804.371330279 
 872 , 39889.7591195384 
 873 , 39966.643339762 
 874 , 40029.438174209 
 875 , 40082.7382548741 
 876 , 40135.1489620153 
 877 , 40189.3102435004 
 878 , 40240.5891572906 
 879 , 40287.3923210719 
 880 , 40341.2009490128 
 881 , 40415.0897499333 
 882 , 40501.5153366672 
 883 , 40577.8085248173 
 884 , 40624.084025361 
 885 , 40627.1417660409 
 886 , 40578.528849896 
 887 , 40497.1449349899 
 888 , 40413.2074615967 
 889 , 40342.090709552 
 890 , 40280.62834034 
 891 , 40224.7872520299 
 892 , 40171.6528954721 
 893 , 40118.6691739684 
 894 , 40064.5684432311 
 895 , 40009.0222355779 
 896 , 39951.8010801239 
 897 , 39892.8372072955 
 898 , 39832.0787895263 
 899 , 39769.445643019 
 900 , 39705.3451050141 
 901 , 39655.9264184809 
 902 , 39655.8883601898 
 903 , 39720.5794260401 
 904 , 39793.9605663654 
 905 , 39809.6320922383 
 906 , 39764.9332200284 
 907 , 39699.6728292552 
 908 , 39646.7074912187 
 909 , 39624.4541610404 
 910 , 39644.2226753811 
 911 , 39685.1096079596 
 912 , 39715.5071451925 
 913 , 39726.6316519159 
 914 , 39733.2549180793 
 915 , 39744.0150845568 
 916 , 39746.2243582072 
 917 , 39725.6954293384 
 918 , 39691.817877499 
 919 , 39667.0618810912 
 920 , 39661.4425681698 
 921 , 39665.4201515656 
 922 , 39669.4245825334 
 923 , 39671.566522149 
 924 , 39672.2001401592 
 925 , 39671.946105853 
 926 , 39671.6425328765 
 927 , 39670.9089344886 
 928 , 39666.5417751501 
 929 , 39656.3398646756 
 930 , 39648.1273816439 
 931 , 39653.6058038993 
 932 , 39668.3343539676 
 933 , 39668.5537542566 
 934 , 39640.5145109093 
 935 , 39608.2946289271 
 936 , 39600.9540285583 
 937 , 39613.8476727894 
 938 , 39621.4911404527 
 939 , 39611.1491590247 
 940 , 39591.9352394334 
 941 , 39573.9900934513 
 942 , 39562.2923702886 
 943 , 39560.2388585736 
 944 , 39571.2149698308 
 945 , 39598.5749265774 
 946 , 39640.3469059021 
 947 , 39682.3120855241 
 948 , 39710.5102983989 
 949 , 39724.6817239189 
 950 , 39730.2978460836 
 951 , 39730.5532822755 
 952 , 39726.0341373027 
 953 , 39719.5336902191 
 954 , 39721.157395737 
 955 , 39740.6995317152 
 956 , 39771.1734947874 
 957 , 39796.2944659943 
 958 , 39806.4732399276 
 959 , 39802.1182579158 
 960 , 39783.959615378 
 961 , 39750.754833344 
 962 , 39701.639646198 
 963 , 39647.6993695001 
 964 , 39608.4759269412 
 965 , 39592.374687179 
 966 , 39586.7377093415 
 967 , 39578.623972827 
 968 , 39565.7912394567 
 969 , 39549.7349978984 
 970 , 39535.6073232188 
 971 , 39531.7709869115 
 972 , 39540.7428089457 
 973 , 39551.3273983941 
 974 , 39552.5414932713 
 975 , 39547.6346525982 
 976 , 39545.4789134358 
 977 , 39549.8285306502 
 978 , 39558.9845598904 
 979 , 39571.1738363778 
 980 , 39585.1497924876 
 981 , 39599.6863880721 
 982 , 39612.9844681396 
 983 , 39623.0695103697 
 984 , 39631.6175136871 
 985 , 39644.8313222104 
 986 , 39666.3734327798 
 987 , 39690.6687919767 
 988 , 39711.052638442 
 989 , 39728.6049548542 
 990 , 39748.7034196315 
 991 , 39774.0204735293 
 992 , 39803.3491001486 
 993 , 39833.2892955029 
 994 , 39853.3250643586 
 995 , 39853.7446491298 
 996 , 39852.5760652167 
 997 , 39884.9044545047 
 998 , 39962.1739230315 
 999 , 40058.5625310795 
 1000 , 40151.4690331816 
 1001 , 40245.0658716508 
 1002 , 40349.9768035967 
 1003 , 40470.6038068839 
 1004 , 40606.9078323661 
 1005 , 40744.4733690933 
 1006 , 40844.9076300209 
 1007 , 40871.8554617469 
 1008 , 40808.2674829666 
 1009 , 40645.7751208346 
 1010 , 40420.8568432506 
 1011 , 40201.9699014484 
 1012 , 40027.3493387954 
 1013 , 39880.9148853651 
 1014 , 39746.961823203 
 1015 , 39637.0846904322 
 1016 , 39569.4188947629 
 1017 , 39542.6807544784 
 1018 , 39541.2302915101 
 1019 , 39550.5647338353 
 1020 , 39558.8160452767 
 1021 , 39556.7319683559 
 1022 , 39546.0316570317 
 1023 , 39531.3804563078 
 1024 , 39513.7470221951 
 1025 , 39491.4310162241 
 1026 , 39468.1490737834 
 1027 , 39457.2977889982 
 1028 , 39468.8846495645 
 1029 , 39492.8856063888 
 1030 , 39514.5250540524 
 1031 , 39532.1741459385 
 1032 , 39553.5387767698 
 1033 , 39579.0499764236 
 1034 , 39596.4404332286 
 1035 , 39597.7508246507 
 1036 , 39599.0276330236 
 1037 , 39619.5727471165 
 1038 , 39638.3512032667 
 1039 , 39607.6849594687 
 1040 , 39522.7572783471 
 1041 , 39447.5745635477 
 1042 , 39434.105847651 
 1043 , 39462.1635161455 
 1044 , 39495.4907013108 
 1045 , 39518.4310316215 
 1046 , 39528.1476672255 
 1047 , 39522.6273296423 
 1048 , 39500.7674243131 
 1049 , 39468.2799671627 
 1050 , 39454.729850211 
 1051 , 39489.6900091887 
 1052 , 39552.5677181844 
 1053 , 39595.6257255491 
 1054 , 39595.4198209715 
 1055 , 39559.9272149901 
 1056 , 39503.4108638966 
 1057 , 39453.077015124 
 1058 , 39434.5740889098 
 1059 , 39441.4476975278 
 1060 , 39452.2161888778 
 1061 , 39455.0355762875 
 1062 , 39448.8008241962 
 1063 , 39437.9312807332 
 1064 , 39439.6077027419 
 1065 , 39466.6842260422 
 1066 , 39490.6450733192 
 1067 , 39468.4405566925 
 1068 , 39398.089776043 
 1069 , 39315.6106580758 
 1070 , 39249.9768369473 
 1071 , 39212.3221020851 
 1072 , 39206.7886998674 
 1073 , 39212.9270791477 
 1074 , 39204.014386838 
 1075 , 39177.8389368788 
 1076 , 39150.606702602 
 1077 , 39130.5570538921 
 1078 , 39111.7169715867 
 1079 , 39089.3935315606 
 1080 , 39069.5632231355 
 1081 , 39060.5735344763 
 1082 , 39067.4548949451 
 1083 , 39092.858291034 
 1084 , 39123.4148065987 
 1085 , 39124.5981077324 
 1086 , 39078.0130818047 
 1087 , 39018.7194717923 
 1088 , 38985.5490214757 
 1089 , 38969.3187296903 
 1090 , 38940.0527296111 
 1091 , 38895.2378902399 
 1092 , 38860.2870839729 
 1093 , 38849.984848113 
 1094 , 38852.4105763689 
 1095 , 38853.3918887297 
 1096 , 38846.267431878 
 1097 , 38826.9213640955 
 1098 , 38791.6274988478 
 1099 , 38737.0509841007 
 1100 , 38666.7087805725 
 1101 , 38595.3336318265 
 1102 , 38535.0397694964 
 1103 , 38484.1607499285 
 1104 , 38437.9076378993 
 1105 , 38392.6347304845 
 1106 , 38345.4575128813 
 1107 , 38297.7908713166 
 1108 , 38256.0913506115 
 1109 , 38225.823056854 
 1110 , 38209.1485947082 
 1111 , 38205.9678800621 
 1112 , 38205.5856379856 
 1113 , 38193.8237284819 
 1114 , 38164.9544011442 
 1115 , 38120.280873729 
 1116 , 38066.7868785366 
 1117 , 38021.0256151131 
 1118 , 37994.1177966377 
 1119 , 37971.8961677986 
 1120 , 37936.84010378 
 1121 , 37899.259976936 
 1122 , 37884.3947986899 
 1123 , 37898.7467265591 
 1124 , 37926.6041420242 
 1125 , 37951.5283495606 
 1126 , 37958.4492635964 
 1127 , 37936.8153229408 
 1128 , 37901.0610058422 
 1129 , 37873.2004320977 
 1130 , 37854.0213723424 
 1131 , 37828.0341225752 
 1132 , 37789.060179575 
 1133 , 37746.5413148301 
 1134 , 37708.1194239044 
 1135 , 37670.189622752 
 1136 , 37628.0743988359 
 1137 , 37588.4868342634 
 1138 , 37563.1449144037 
 1139 , 37550.3715038896 
 1140 , 37534.9000435541 
 1141 , 37508.7617547665 
 1142 , 37480.6225735558 
 1143 , 37459.4337909473 
 1144 , 37445.6749383118 
 1145 , 37436.6980375249 
 1146 , 37422.4855296755 
 1147 , 37388.793271443 
 1148 , 37335.5165016617 
 1149 , 37280.5977347496 
 1150 , 37238.583062976 
 1151 , 37211.9383902743 
 1152 , 37198.9956682884 
 1153 , 37185.3817021214 
 1154 , 37153.0537197186 
 1155 , 37098.0632669743 
 1156 , 37027.3448032543 
 1157 , 36959.3409782444 
 1158 , 36929.5717280726 
 1159 , 36957.4214480257 
 1160 , 37006.3820206716 
 1161 , 37034.5444243435 
 1162 , 37040.2479347205 
 1163 , 37038.4608769038 
 1164 , 37031.0050545648 
 1165 , 37008.2502595568 
 1166 , 36967.3209708265 
 1167 , 36917.7362930354 
 1168 , 36869.393913164 
 1169 , 36829.0676963632 
 1170 , 36801.9581666264 
 1171 , 36786.3091449676 
 1172 , 36776.9260902563 
 1173 , 36766.8853030872 
 1174 , 36747.6556766634 
 1175 , 36713.9221203582 
 1176 , 36666.5723216544 
 1177 , 36606.4522177123 
 1178 , 36531.5262595226 
 1179 , 36442.4758999831 
 1180 , 36369.7063431781 
 1181 , 36356.8533254975 
 1182 , 36400.5880728868 
 1183 , 36450.4041110862 
 1184 , 36469.3008628218 
 1185 , 36450.8156674463 
 1186 , 36397.1862461996 
 1187 , 36331.4997069592 
 1188 , 36279.1694938222 
 1189 , 36239.6819418861 
 1190 , 36199.6045665292 
 1191 , 36158.1328481174 
 1192 , 36127.1923897036 
 1193 , 36111.8151026386 
 1194 , 36102.6113963419 
 1195 , 36090.715603692 
 1196 , 36075.8157195237 
 1197 , 36058.6367171095 
 1198 , 36030.9337407984 
 1199 , 35980.8800356953 
 1200 , 35915.879041704 
 1201 , 35861.6187289808 
 1202 , 35829.5819895367 
 1203 , 35804.0791459384 
 1204 , 35772.1532013074 
 1205 , 35741.1999725938 
 1206 , 35721.1191534672 
 1207 , 35705.8243019443 
 1208 , 35682.5342179645 
 1209 , 35649.8200745055 
 1210 , 35616.068183442 
 1211 , 35582.8455062182 
 1212 , 35540.0736313309 
 1213 , 35479.9903897381 
 1214 , 35405.5752236899 
 1215 , 35324.1777167925 
 1216 , 35257.6793411285 
 1217 , 35232.2559671444 
 1218 , 35252.415250788 
 1219 , 35305.8437679574 
 1220 , 35359.6873575931 
 1221 , 35353.0963467832 
 1222 , 35253.9247813487 
 1223 , 35111.2467354643 
 1224 , 34984.144993483 
 1225 , 34914.7263962215 
 1226 , 34932.8938035518 
 1227 , 34994.6780737539 
 1228 , 35012.1947135817 
 1229 , 34960.7597267704 
 1230 , 34888.3878218404 
 1231 , 34829.2633242958 
 1232 , 34780.2338752237 
 1233 , 34735.5288261466 
 1234 , 34697.8537850555 
 1235 , 34671.5929196882 
 1236 , 34657.2690461266 
 1237 , 34653.0364475128 
 1238 , 34647.9505983786 
 1239 , 34623.1865231785 
 1240 , 34573.5300885906 
 1241 , 34516.0332776217 
 1242 , 34464.1878787722 
 1243 , 34414.8685973933 
 1244 , 34362.6862590908 
 1245 , 34307.0381064118 
 1246 , 34249.6039119917 
 1247 , 34198.8135742973 
 1248 , 34167.1775507114 
 1249 , 34154.9739517365 
 1250 , 34148.0148639541 
 1251 , 34136.4949763405 
 1252 , 34121.629505198 
 1253 , 34104.6551359948 
 1254 , 34081.3329006942 
 1255 , 34047.2046159242 
 1256 , 34006.6063159093 
 1257 , 33967.1320547744 
 1258 , 33922.4207780314 
 1259 , 33854.9486292344 
 1260 , 33768.1171941044 
 1261 , 33696.1580283612 
 1262 , 33662.3656714596 
 1263 , 33655.2742147802 
 1264 , 33658.4584740427 
 1265 , 33658.5268157411 
 1266 , 33645.1880884266 
 1267 , 33628.8397700835 
 1268 , 33630.0347868115 
 1269 , 33641.9886537355 
 1270 , 33631.7887403781 
 1271 , 33586.2349660073 
 1272 , 33526.7103344617 
 1273 , 33472.918402633 
 1274 , 33429.8455602542 
 1275 , 33399.9050725925 
 1276 , 33386.3324315322 
 1277 , 33389.7107302485 
 1278 , 33379.1600313043 
 1279 , 33307.427921721 
 1280 , 33194.4408128865 
 1281 , 33129.5489685276 
 1282 , 33150.2084155494 
 1283 , 33195.991409172 
 1284 , 33213.4216942249 
 1285 , 33202.3869081547 
 1286 , 33173.7377753317 
 1287 , 33141.3397985351 
 1288 , 33118.6261888469 
 1289 , 33102.4782881318 
 1290 , 33079.7084776745 
 1291 , 33041.5385305234 
 1292 , 32984.0788604292 
 1293 , 32914.8146552236 
 1294 , 32860.8180760854 
 1295 , 32837.5195174666 
 1296 , 32818.7378358727 
 1297 , 32777.1016914235 
 1298 , 32722.0614918986 
 1299 , 32673.4915106824 
 1300 , 32629.5757368559 
 1301 , 32576.5875433064 
 1302 , 32518.6369102204 
 1303 , 32477.1255339736 
 1304 , 32456.2628742458 
 1305 , 32431.3219209565 
 1306 , 32383.3221470404 
 1307 , 32316.2662826256 
 1308 , 32239.1921435799 
 1309 , 32166.5781455478 
 1310 , 32113.2447596414 
 1311 , 32082.7399410949 
 1312 , 32072.2668160366 
 1313 , 32069.6103733826 
 1314 , 32054.931460633 
 1315 , 32023.0051439405 
 1316 , 31989.1385648168 
 1317 , 31967.5856080191 
 1318 , 31966.7581007074 
 1319 , 31983.2970597809 
 1320 , 31971.0093428253 
 1321 , 31886.1270414159 
 1322 , 31772.8783208001 
 1323 , 31707.229894483 
 1324 , 31701.5410390635 
 1325 , 31724.1892236883 
 1326 , 31736.7986399613 
 1327 , 31694.9906802227 
 1328 , 31598.3318041871 
 1329 , 31524.9390919689 
 1330 , 31528.7111086479 
 1331 , 31568.8879263285 
 1332 , 31590.9314190449 
 1333 , 31557.6145878612 
 1334 , 31446.2872886341 
 1335 , 31314.1022943324 
 1336 , 31253.7705682281 
 1337 , 31269.0342619763 
 1338 , 31291.2923217891 
 1339 , 31284.4537012605 
 1340 , 31257.2369423916 
 1341 , 31218.2372492213 
 1342 , 31169.6706527142 
 1343 , 31114.3160786676 
 1344 , 31059.5044427214 
 1345 , 31012.6799831333 
 1346 , 30976.5134984517 
 1347 , 30951.7791914589 
 1348 , 30937.0687870858 
 1349 , 30929.5589676004 
 1350 , 30922.9919029397 
 1351 , 30908.1676354853 
 1352 , 30879.1953070841 
 1353 , 30834.867517724 
 1354 , 30776.4892976189 
 1355 , 30710.0360774308 
 1356 , 30639.65735604 
 1357 , 30561.0890260411 
 1358 , 30471.5644562536 
 1359 , 30387.1563395433 
 1360 , 30327.7867677026 
 1361 , 30286.5466636906 
 1362 , 30242.2927365652 
 1363 , 30186.7014740484 
 1364 , 30122.7800867788 
 1365 , 30061.4685983729 
 1366 , 30023.5062692519 
 1367 , 30016.7147168323 
 1368 , 30021.6155820359 
 1369 , 30015.5996986327 
 1370 , 29976.4924504081 
 1371 , 29892.2840183256 
 1372 , 29802.1210584213 
 1373 , 29754.0261068003 
 1374 , 29735.2861158622 
 1375 , 29705.8761609773 
 1376 , 29665.5865549438 
 1377 , 29643.0971863042 
 1378 , 29631.9715364837 
 1379 , 29585.7521010116 
 1380 , 29487.6294358126 
 1381 , 29374.6369762323 
 1382 , 29282.2475471766 
 1383 , 29228.4318029765 
 1384 , 29219.3516873474 
 1385 , 29224.7358651022 
 1386 , 29208.9702117312 
 1387 , 29161.0528645709 
 1388 , 29081.7513032006 
 1389 , 28993.7104420879 
 1390 , 28930.695151714 
 1391 , 28892.1237624682 
 1392 , 28847.6657907378 
 1393 , 28789.6866576141 
 1394 , 28741.1048290627 
 1395 , 28714.3125334979 
 1396 , 28697.7156976083 
 1397 , 28679.2053705108 
 1398 , 28652.9590262241 
 1399 , 28615.8175903504 
 1400 , 28571.417342386 
 1401 , 28525.4708318031 
 1402 , 28485.0766986447 
 1403 , 28456.7592243807 
 1404 , 28434.3909116665 
 1405 , 28404.772012187 
 1406 , 28368.7239274999 
 1407 , 28339.4619632541 
 1408 , 28320.5177296935 
 1409 , 28302.4082563607 
 1410 , 28280.1040082965 
 1411 , 28258.4997219814 
 1412 , 28239.6225771557 
 1413 , 28214.632943259 
 1414 , 28178.6029407884 
 1415 , 28150.3134188008 
 1416 , 28146.253367915 
 1417 , 28130.8428048211 
 1418 , 28055.9638048479 
 1419 , 27944.5718025501 
 1420 , 27856.0386004344 
 1421 , 27799.8213294565 
 1422 , 27746.2634711681 
 1423 , 27689.8823194088 
 1424 , 27653.2244859036 
 1425 , 27639.2688133803 
 1426 , 27617.6787559993 
 1427 , 27575.2190662121 
 1428 , 27544.0483417481 
 1429 , 27546.7492131689 
 1430 , 27553.9722462124 
 1431 , 27532.5027277983 
 1432 , 27481.7529985239 
 1433 , 27411.7843984357 
 1434 , 27338.65297513 
 1435 , 27280.0005632238 
 1436 , 27242.4772541442 
 1437 , 27225.2794705421 
 1438 , 27215.0294869785 
 1439 , 27188.325477129 
 1440 , 27140.4999652101 
 1441 , 27089.2457655287 
 1442 , 27047.980100535 
 1443 , 27021.0462813727 
 1444 , 27005.9162681074 
 1445 , 26986.3511938039 
 1446 , 26951.3192877885 
 1447 , 26912.5961256351 
 1448 , 26882.2775792594 
 1449 , 26852.9482111162 
 1450 , 26813.9004036231 
 1451 , 26769.6119301955 
 1452 , 26731.5630536724 
 1453 , 26719.5037026962 
 1454 , 26754.4706949206 
 1455 , 26808.0737777154 
 1456 , 26816.4432114525 
 1457 , 26772.0846335777 
 1458 , 26725.9461358466 
 1459 , 26695.6946356791 
 1460 , 26649.071164742 
 1461 , 26576.0434647312 
 1462 , 26515.4774151128 
 1463 , 26488.6081147784 
 1464 , 26457.1608420955 
 1465 , 26387.9662387589 
 1466 , 26299.9191819226 
 1467 , 26218.2348563535 
 1468 , 26141.8039526208 
 1469 , 26062.8377790379 
 1470 , 25983.8261778972 
 1471 , 25911.1511476015 
 1472 , 25846.5243745246 
 1473 , 25789.253577366 
 1474 , 25742.6567457291 
 1475 , 25712.4286184276 
 1476 , 25688.3232954238 
 1477 , 25644.6096886015 
 1478 , 25577.2518396633 
 1479 , 25511.562998219 
 1480 , 25463.2069165327 
 1481 , 25427.6194165348 
 1482 , 25399.405210632 
 1483 , 25375.9049769836 
 1484 , 25355.4089162578 
 1485 , 25337.9516333097 
 1486 , 25322.3357342731 
 1487 , 25300.8512053564 
 1488 , 25266.920872004 
 1489 , 25229.8181884441 
 1490 , 25202.053497431 
 1491 , 25178.6601920437 
 1492 , 25147.7618703304 
 1493 , 25109.6725374549 
 1494 , 25071.8557613823 
 1495 , 25038.6275921318 
 1496 , 25011.7184805032 
 1497 , 24991.394319006 
 1498 , 24976.231491466 
 1499 , 24953.7157019764 
 1500 , 24897.6924665957 
 1501 , 24809.9091671669 
 1502 , 24738.9498322129 
 1503 , 24711.3835954722 
 1504 , 24698.5671384066 
 1505 , 24672.4714955561 
 1506 , 24625.5837924841 
 1507 , 24562.4363080388 
 1508 , 24517.9383335048 
 1509 , 24518.0241113627 
 1510 , 24516.3553018246 
 1511 , 24459.231282415 
 1512 , 24373.9570675581 
 1513 , 24310.7208845319 
 1514 , 24261.8862792517 
 1515 , 24196.2468320272 
 1516 , 24124.7376730814 
 1517 , 24081.3465432216 
 1518 , 24065.408353473 
 1519 , 24050.7262138951 
 1520 , 24028.086654122 
 1521 , 24004.6489723948 
 1522 , 23982.8411503295 
 1523 , 23958.8288902317 
 1524 , 23928.0074637936 
 1525 , 23885.2556497082 
 1526 , 23833.3649177484 
 1527 , 23789.3529218273 
 1528 , 23765.9470592165 
 1529 , 23763.0011895834 
 1530 , 23773.3680625204 
 1531 , 23775.2314362564 
 1532 , 23752.8908123281 
 1533 , 23720.9395622147 
 1534 , 23695.2246640366 
 1535 , 23667.9458851294 
 1536 , 23628.188778799 
 1537 , 23583.7783709678 
 1538 , 23546.6933527129 
 1539 , 23512.9928925308 
 1540 , 23473.273356605 
 1541 , 23429.6996136412 
 1542 , 23390.0141084248 
 1543 , 23356.6905816824 
 1544 , 23328.6733672703 
 1545 , 23302.5454797718 
 1546 , 23273.498714195 
 1547 , 23244.1598460497 
 1548 , 23223.6196173187 
 1549 , 23209.6564937998 
 1550 , 23187.5207743474 
 1551 , 23150.6958715487 
 1552 , 23104.4684584344 
 1553 , 23060.7372483031 
 1554 , 23040.3954473724 
 1555 , 23048.5711099157 
 1556 , 23059.2577553661 
 1557 , 23050.2138822377 
 1558 , 23015.4423250894 
 1559 , 22957.5017835038 
 1560 , 22896.0666032204 
 1561 , 22849.0240092747 
 1562 , 22819.1638624061 
 1563 , 22804.7073973812 
 1564 , 22797.9803849708 
 1565 , 22789.5031584671 
 1566 , 22768.0784972647 
 1567 , 22725.9859154943 
 1568 , 22677.8861186397 
 1569 , 22643.3136573525 
 1570 , 22621.9369426553 
 1571 , 22605.7632247663 
 1572 , 22591.3217195662 
 1573 , 22577.332169798 
 1574 , 22562.318181957 
 1575 , 22544.5308487416 
 1576 , 22520.3890548851 
 1577 , 22485.7471137453 
 1578 , 22445.9347661202 
 1579 , 22412.9981706882 
 1580 , 22389.4726061754 
 1581 , 22369.4408820069 
 1582 , 22348.0550794634 
 1583 , 22321.7257132118 
 1584 , 22283.6068354221 
 1585 , 22223.7207427446 
 1586 , 22159.5796452838 
 1587 , 22144.2075211267 
 1588 , 22180.5112439389 
 1589 , 22193.04288146 
 1590 , 22147.717261659 
 1591 , 22092.0824951778 
 1592 , 22057.7766058411 
 1593 , 22029.9172498835 
 1594 , 21995.9945594394 
 1595 , 21960.6142476078 
 1596 , 21927.3903041108 
 1597 , 21891.6606352592 
 1598 , 21850.7737735852 
 1599 , 21811.5057986175 
 1600 , 21783.2256750856 
 1601 , 21778.2836277181 
 1602 , 21798.4984426458 
 1603 , 21804.5911621584 
 1604 , 21763.623026005 
 1605 , 21708.7513615935 
 1606 , 21679.0426563051 
 1607 , 21660.0026984296 
 1608 , 21627.009110823 
 1609 , 21585.4945640376 
 1610 , 21547.9883434505 
 1611 , 21509.9646722855 
 1612 , 21462.9213612288 
 1613 , 21414.0607261578 
 1614 , 21374.8723498968 
 1615 , 21340.372596119 
 1616 , 21299.2359390628 
 1617 , 21250.1310202656 
 1618 , 21196.6220090684 
 1619 , 21140.8437007659 
 1620 , 21084.3091752533 
 1621 , 21030.5487034467 
 1622 , 20984.0054606962 
 1623 , 20945.3914235397 
 1624 , 20913.1707823736 
 1625 , 20888.7930060003 
 1626 , 20875.1920753361 
 1627 , 20864.9424825084 
 1628 , 20843.3779022245 
 1629 , 20809.9358240847 
 1630 , 20775.6673132679 
 1631 , 20744.5362629197 
 1632 , 20713.7072364688 
 1633 , 20678.6327530284 
 1634 , 20633.8500155378 
 1635 , 20586.381707104 
 1636 , 20555.5831458837 
 1637 , 20542.3203554187 
 1638 , 20526.7046052684 
 1639 , 20500.6568605812 
 1640 , 20471.2223115511 
 1641 , 20442.0380258113 
 1642 , 20411.4192965674 
 1643 , 20379.6909671859 
 1644 , 20350.2750769167 
 1645 , 20325.4146367884 
 1646 , 20305.285002353 
 1647 , 20284.332158221 
 1648 , 20248.9516421929 
 1649 , 20199.2384886494 
 1650 , 20157.5233887845 
 1651 , 20133.0665733141 
 1652 , 20110.5305118466 
 1653 , 20075.557764123 
 1654 , 20019.6143169963 
 1655 , 19954.4001213583 
 1656 , 19926.5402639378 
 1657 , 19944.2141729335 
 1658 , 19937.1428655152 
 1659 , 19867.3886918733 
 1660 , 19776.6437787581 
 1661 , 19706.4269575286 
 1662 , 19679.2791504348 
 1663 , 19693.2729635345 
 1664 , 19700.3221491091 
 1665 , 19672.2196946099 
 1666 , 19635.9133875827 
 1667 , 19612.6525915282 
 1668 , 19595.2345668617 
 1669 , 19574.4557050594 
 1670 , 19545.2432696302 
 1671 , 19506.2880716193 
 1672 , 19463.697510135 
 1673 , 19422.8078246963 
 1674 , 19384.6367554815 
 1675 , 19350.4954622859 
 1676 , 19323.8973959957 
 1677 , 19303.0940665524 
 1678 , 19272.6736313106 
 1679 , 19222.9863405806 
 1680 , 19163.7514546561 
 1681 , 19108.0678582551 
 1682 , 19070.0908101904 
 1683 , 19054.8567153292 
 1684 , 19044.0598324363 
 1685 , 19021.514492227 
 1686 , 18985.5192622409 
 1687 , 18940.3178361871 
 1688 , 18899.4684532112 
 1689 , 18869.6986374263 
 1690 , 18836.8945367185 
 1691 , 18793.4632510584 
 1692 , 18756.2420510689 
 1693 , 18736.4527182657 
 1694 , 18721.9930493582 
 1695 , 18703.0255966419 
 1696 , 18684.0535664595 
 1697 , 18669.6069925229 
 1698 , 18659.0150000108 
 1699 , 18648.6742583264 
 1700 , 18629.8402533749 
 1701 , 18597.1975036246 
 1702 , 18555.2327241906 
 1703 , 18511.1115967568 
 1704 , 18474.9101373337 
 1705 , 18453.0743301328 
 1706 , 18442.9873698349 
 1707 , 18434.8608379157 
 1708 , 18406.0805027852 
 1709 , 18351.5204830729 
 1710 , 18306.438381284 
 1711 , 18289.3564617009 
 1712 , 18274.1494352833 
 1713 , 18241.6446571437 
 1714 , 18197.201178547 
 1715 , 18149.8701042954 
 1716 , 18110.2160790519 
 1717 , 18084.9276511482 
 1718 , 18073.2292592319 
 1719 , 18068.0504821162 
 1720 , 18052.8304816205 
 1721 , 18021.295033769 
 1722 , 17985.9187719595 
 1723 , 17954.3702993803 
 1724 , 17923.8458540129 
 1725 , 17894.5632594992 
 1726 , 17872.5619501751 
 1727 , 17854.2907449576 
 1728 , 17822.0368575645 
 1729 , 17774.2619731586 
 1730 , 17732.6411046245 
 1731 , 17704.2788517867 
 1732 , 17675.5656673039 
 1733 , 17641.0263879111 
 1734 , 17606.7325281043 
 1735 , 17578.3746709541 
 1736 , 17559.9460679754 
 1737 , 17543.2836886825 
 1738 , 17508.4692459009 
 1739 , 17463.041989891 
 1740 , 17440.9117152017 
 1741 , 17439.6581602562 
 1742 , 17423.5049819482 
 1743 , 17388.7354938162 
 1744 , 17359.1590701791 
 1745 , 17333.4515091788 
 1746 , 17291.0236805126 
 1747 , 17237.6017633388 
 1748 , 17197.6775176801 
 1749 , 17178.1949892063 
 1750 , 17172.9573553629 
 1751 , 17167.8982481124 
 1752 , 17146.2087396017 
 1753 , 17112.4192368815 
 1754 , 17081.9693383293 
 1755 , 17056.0948755943 
 1756 , 17029.1556736095 
 1757 , 17001.7159276236 
 1758 , 16977.3454145341 
 1759 , 16959.3646142984 
 1760 , 16949.3701633783 
 1761 , 16938.6113863444 
 1762 , 16917.2764238042 
 1763 , 16893.0145311079 
 1764 , 16876.8089626656 
 1765 , 16864.872163949 
 1766 , 16848.5440652738 
 1767 , 16818.4220113157 
 1768 , 16771.7066284041 
 1769 , 16733.0309111045 
 1770 , 16720.8292111334 
 1771 , 16706.8964675599 
 1772 , 16669.9438326481 
 1773 , 16643.0004086579 
 1774 , 16650.5136171906 
 1775 , 16663.6727217244 
 1776 , 16654.8420861559 
 1777 , 16621.656834435 
 1778 , 16572.397273925 
 1779 , 16529.9973394664 
 1780 , 16505.8858520744 
 1781 , 16486.1851310519 
 1782 , 16464.6726275138 
 1783 , 16452.2572964899 
 1784 , 16441.3534319972 
 1785 , 16395.9606124008 
 1786 , 16323.4881035795 
 1787 , 16288.5393894871 
 1788 , 16304.2151281106 
 1789 , 16321.9982310327 
 1790 , 16316.6168397629 
 1791 , 16289.836128939 
 1792 , 16255.4896147369 
 1793 , 16235.429391853 
 1794 , 16230.5444010787 
 1795 , 16226.3471465083 
 1796 , 16216.170334927 
 1797 , 16199.5137281734 
 1798 , 16183.644524204 
 1799 , 16178.0319575028 
 1800 , 16174.8315345221 
 1801 , 16160.5952150359 
 1802 , 16140.9835583964 
 1803 , 16126.1030432935 
 1804 , 16106.2727536796 
 1805 , 16070.3479910397 
 1806 , 16033.2441482605 
 1807 , 16008.6761799869 
 1808 , 15975.0193450206 
 1809 , 15917.6276827136 
 1810 , 15873.9177848504 
 1811 , 15871.1390632135 
 1812 , 15878.7063305106 
 1813 , 15868.0515845401 
 1814 , 15838.3269418368 
 1815 , 15803.3107661465 
 1816 , 15797.157585269 
 1817 , 15825.4812544327 
 1818 , 15844.0739672811 
 1819 , 15831.0836840191 
 1820 , 15801.6883914876 
 1821 , 15774.2718100084 
 1822 , 15766.5429172906 
 1823 , 15768.4562991193 
 1824 , 15745.215458498 
 1825 , 15695.2940793986 
 1826 , 15644.5492418948 
 1827 , 15614.1512163861 
 1828 , 15617.6250212028 
 1829 , 15630.4094283471 
 1830 , 15613.5700090182 
 1831 , 15580.4180537825 
 1832 , 15560.9662185056 
 1833 , 15540.1541179718 
 1834 , 15496.7404898019 
 1835 , 15461.863497244 
 1836 , 15464.9811049251 
 1837 , 15467.119688854 
 1838 , 15432.2774608513 
 1839 , 15385.6050004476 
 1840 , 15353.240531062 
 1841 , 15334.0595487176 
 1842 , 15325.4229003697 
 1843 , 15329.9205645527 
 1844 , 15337.5304766878 
 1845 , 15317.3703992113 
 1846 , 15270.09525055 
 1847 , 15239.510047173 
 1848 , 15236.8615260009 
 1849 , 15236.1834007952 
 1850 , 15230.9910537691 
 1851 , 15231.8985954791 
 1852 , 15229.3687488063 
 1853 , 15202.0754176134 
 1854 , 15156.4351079145 
 1855 , 15112.9900335913 
 1856 , 15079.5120802887 
 1857 , 15057.0113058102 
 1858 , 15041.1356356608 
 1859 , 15025.8993095263 
 1860 , 15006.4312719165 
 1861 , 14981.5573603209 
 1862 , 14961.6177859632 
 1863 , 14948.639219481 
 1864 , 14916.4507530208 
 1865 , 14863.7385782726 
 1866 , 14849.0854077924 
 1867 , 14886.3437407941 
 1868 , 14906.3685618853 
 1869 , 14881.5654387867 
 1870 , 14846.0077070083 
 1871 , 14815.2001763141 
 1872 , 14782.8563361391 
 1873 , 14756.0532472125 
 1874 , 14750.2801053123 
 1875 , 14749.236659732 
 1876 , 14722.6756675616 
 1877 , 14686.9418684982 
 1878 , 14673.645401835 
 1879 , 14672.1521842627 
 1880 , 14662.0896273066 
 1881 , 14648.6159438432 
 1882 , 14639.6919172606 
 1883 , 14629.1717018904 
 1884 , 14611.5904288998 
 1885 , 14590.4746132936 
 1886 , 14571.0007802467 
 1887 , 14558.6329944809 
 1888 , 14547.4542903807 
 1889 , 14515.9185096841 
 1890 , 14468.8660635209 
 1891 , 14440.1388598839 
 1892 , 14431.6513495251 
 1893 , 14417.8747260525 
 1894 , 14387.8678637677 
 1895 , 14343.0964772651 
 1896 , 14303.8639019763 
 1897 , 14292.3085315379 
 1898 , 14286.4405452724 
 1899 , 14257.8522205782 
 1900 , 14221.0854246037 
 1901 , 14197.0625771359 
 1902 , 14190.0009314649 
 1903 , 14196.0039923556 
 1904 , 14200.0091614708 
 1905 , 14188.9791532773 
 1906 , 14156.4621278762 
 1907 , 14109.7490387625 
 1908 , 14072.5418141848 
 1909 , 14057.277309815 
 1910 , 14062.9530155166 
 1911 , 14068.8278329196 
 1912 , 14044.558194087 
 1913 , 14000.0127680538 
 1914 , 13964.5561241665 
 1915 , 13952.5358708614 
 1916 , 13965.212288482 
 1917 , 13971.7406006962 
 1918 , 13944.5381414943 
 1919 , 13895.826940317 
 1920 , 13846.4129726277 
 1921 , 13818.2610280387 
 1922 , 13819.4742589665 
 1923 , 13834.3013751536 
 1924 , 13835.7190067704 
 1925 , 13788.6612384548 
 1926 , 13716.483273312 
 1927 , 13689.2824035367 
 1928 , 13697.8668331418 
 1929 , 13687.1647436662 
 1930 , 13663.9642186254 
 1931 , 13657.5459243646 
 1932 , 13656.1975450269 
 1933 , 13641.6325650433 
 1934 , 13623.4841409695 
 1935 , 13610.6406090267 
 1936 , 13592.7547544981 
 1937 , 13569.5412426559 
 1938 , 13564.8129793122 
 1939 , 13582.1882720254 
 1940 , 13595.0191767447 
 1941 , 13581.8624125052 
 1942 , 13531.2926532252 
 1943 , 13469.8960182663 
 1944 , 13444.6107990564 
 1945 , 13455.6712618506 
 1946 , 13478.4008937401 
 1947 , 13478.4374662692 
 1948 , 13434.1744678285 
 1949 , 13383.4731259363 
 1950 , 13360.4055759337 
 1951 , 13354.3010134622 
 1952 , 13348.820504442 
 1953 , 13330.3558330058 
 1954 , 13298.8252002013 
 1955 , 13270.3596247931 
 1956 , 13256.375530289 
 1957 , 13261.1887936924 
 1958 , 13266.5014959244 
 1959 , 13245.4466402949 
 1960 , 13208.0803016913 
 1961 , 13176.2725413143 
 1962 , 13153.2623273747 
 1963 , 13137.6109096157 
 1964 , 13130.0324573507 
 1965 , 13126.4906428561 
 1966 , 13112.4490231934 
 1967 , 13083.4911141392 
 1968 , 13051.3298538146 
 1969 , 13023.3196466333 
 1970 , 13001.5433659059 
 1971 , 12991.7321591837 
 1972 , 12999.1677087815 
 1973 , 13004.8277035098 
 1974 , 12986.8325688984 
 1975 , 12966.2190590771 
 1976 , 12962.7436643801 
 1977 , 12948.1978780643 
 1978 , 12907.3729138897 
 1979 , 12873.9014727418 
 1980 , 12863.6530393758 
 1981 , 12857.4833118665 
 1982 , 12840.9533950755 
 1983 , 12808.508456566 
 1984 , 12772.368730095 
 1985 , 12753.1851834664 
 1986 , 12746.0569288128 
 1987 , 12736.1463472603 
 1988 , 12717.1161831473 
 1989 , 12689.751397729 
 1990 , 12668.7173151796 
 1991 , 12660.8375513282 
 1992 , 12652.4429587342 
 1993 , 12642.6930124733 
 1994 , 12649.6879036341 
 1995 , 12667.460292816 
 1996 , 12669.5378178227 
 1997 , 12651.7854842119 
 1998 , 12623.3297851031 
 1999 , 12590.1895885718 
 2000 , 12559.715971211 
 2001 , 12549.5363011541 
 2002 , 12564.2563572404 
 2003 , 12569.8516867836 
 2004 , 12548.1304398964 
 2005 , 12516.0641510035 
 2006 , 12486.0623908672 
 2007 , 12461.5917504774 
 2008 , 12438.3080594431 
 2009 , 12409.2797243059 
 2010 , 12387.8061495806 
 2011 , 12389.8472906517 
 2012 , 12400.1217078826 
 2013 , 12401.5308665022 
 2014 , 12397.935480494 
 2015 , 12392.356570656 
 2016 , 12379.6122427947 
 2017 , 12360.7241160642 
 2018 , 12344.2959786772 
 2019 , 12326.5733691649 
 2020 , 12296.5366388193 
 2021 , 12265.3775215575 
 2022 , 12249.5762019167 
 2023 , 12236.2808830884 
 2024 , 12213.2196528432 
 2025 , 12197.4385945665 
 2026 , 12195.7092867878 
 2027 , 12185.3866140833 
 2028 , 12156.8120921785 
 2029 , 12120.6234042055 
 2030 , 12097.9696403291 
 2031 , 12110.4787131541 
 2032 , 12124.1765549725 
 2033 , 12093.3428604408 
 2034 , 12047.9785526224 
 2035 , 12025.0374447294 
 2036 , 12015.2387413454 
 2037 , 12003.4568842647 
 2038 , 11979.5086602508 
 2039 , 11947.9211406514 
 2040 , 11927.9815470841 
 2041 , 11922.290731269 
 2042 , 11921.363443143 
 2043 , 11918.774934352 
 2044 , 11911.2531519866 
 2045 , 11902.6491190353 
 2046 , 11895.5342488842 
 2047 , 11884.446737625 
 2048 , 11862.6175155181 
 2049 , 11824.0140994532 
 2050 , 11780.5439682121 
 2051 , 11758.3303964508 
 2052 , 11750.3869981165 
 2053 , 11733.8044475617 
 2054 , 11711.9196379805 
 2055 , 11696.1568723864 
 2056 , 11692.38970711 
 2057 , 11693.5171432518 
 2058 , 11669.6861296617 
 2059 , 11628.080707408 
 2060 , 11621.3531292626 
 2061 , 11645.9838104502 
 2062 , 11656.8139076607 
 2063 , 11636.3832214256 
 2064 , 11586.2231254147 
 2065 , 11532.1297939354 
 2066 , 11500.7850784293 
 2067 , 11504.1566520148 
 2068 , 11527.2584009785 
 2069 , 11520.587064526 
 2070 , 11481.8943805106 
 2071 , 11451.0165279652 
 2072 , 11432.5291463557 
 2073 , 11413.5550979333 
 2074 , 11396.5278990456 
 2075 , 11385.1403404411 
 2076 , 11372.1043535541 
 2077 , 11351.6308353979 
 2078 , 11324.172757424 
 2079 , 11296.4795883067 
 2080 , 11279.1332943707 
 2081 , 11260.5962465961 
 2082 , 11221.7765366272 
 2083 , 11179.8446332574 
 2084 , 11157.4662775647 
 2085 , 11152.7146644421 
 2086 , 11155.5347875462 
 2087 , 11150.4545777152 
 2088 , 11133.9915686759 
 2089 , 11115.858291833 
 2090 , 11099.2486640507 
 2091 , 11082.764726562 
 2092 , 11065.5676517618 
 2093 , 11046.7393872786 
 2094 , 11024.3957791561 
 2095 , 11006.5172890021 
 2096 , 11018.6356578412 
 2097 , 11050.8523403999 
 2098 , 11056.5583177236 
 2099 , 11039.3288014507 
 2100 , 11029.1195990452 
 2101 , 11012.5950759603 
 2102 , 10973.4615932963 
 2103 , 10937.489959462 
 2104 , 10919.6545519209 
 2105 , 10900.8990795282 
 2106 , 10873.2419301175 
 2107 , 10844.1421793596 
 2108 , 10823.2495970291 
 2109 , 10817.1145821885 
 2110 , 10810.6197359173 
 2111 , 10790.6859083654 
 2112 , 10771.2824896453 
 2113 , 10755.2678076625 
 2114 , 10721.3596574688 
 2115 , 10684.9092892275 
 2116 , 10689.4206731069 
 2117 , 10704.5627099346 
 2118 , 10676.9492153378 
 2119 , 10632.2902320827 
 2120 , 10607.7921607097 
 2121 , 10611.2953081422 
 2122 , 10627.1978754821 
 2123 , 10616.0936279942 
 2124 , 10576.4985060276 
 2125 , 10537.2404617999 
 2126 , 10519.2901847284 
 2127 , 10528.4820170392 
 2128 , 10528.4918449979 
 2129 , 10499.9526194404 
 2130 , 10476.5277114026 
 2131 , 10473.5591532195 
 2132 , 10478.2311205341 
 2133 , 10471.5841373147 
 2134 , 10437.4143918687 
 2135 , 10390.8188509697 
 2136 , 10353.1957304595 
 2137 , 10333.3086882128 
 2138 , 10331.7279537118 
 2139 , 10339.1658245336 
 2140 , 10333.7088213989 
 2141 , 10290.1231228134 
 2142 , 10236.4275564048 
 2143 , 10213.6984288807 
 2144 , 10215.2024144094 
 2145 , 10224.2389652859 
 2146 , 10228.0226267771 
 2147 , 10219.6645142801 
 2148 , 10199.0277788987 
 2149 , 10173.4701062098 
 2150 , 10151.9451640514 
 2151 , 10128.610952921 
 2152 , 10099.3515168279 
 2153 , 10077.3496182423 
 2154 , 10068.8939260366 
 2155 , 10066.2608175422 
 2156 , 10057.9800034779 
 2157 , 10033.712894392 
 2158 , 10004.850157779 
 2159 , 9988.08086734774 
 2160 , 9987.53743199298 
 2161 , 9993.89708086685 
 2162 , 9980.69533291826 
 2163 , 9953.3028215718 
 2164 , 9942.99053645204 
 2165 , 9934.7728235162 
 2166 , 9902.62080925304 
 2167 , 9872.02251651816 
 2168 , 9862.64781555725 
 2169 , 9855.78273462367 
 2170 , 9841.38378624882 
 2171 , 9823.66796890124 
 2172 , 9803.8689095069 
 2173 , 9783.69501160421 
 2174 , 9777.30022516661 
 2175 , 9789.13282320281 
 2176 , 9792.85677700152 
 2177 , 9779.39726540878 
 2178 , 9765.02156151376 
 2179 , 9752.64200126672 
 2180 , 9736.97593063608 
 2181 , 9720.77392250857 
 2182 , 9707.72657048677 
 2183 , 9696.89520157603 
 2184 , 9684.82707067336 
 2185 , 9666.1990429222 
 2186 , 9641.98733853107 
 2187 , 9617.97032395093 
 2188 , 9601.61588044788 
 2189 , 9596.24624393421 
 2190 , 9592.35554747048 
 2191 , 9583.18145953426 
 2192 , 9568.86964297922 
 2193 , 9550.57871585629 
 2194 , 9529.94483355079 
 2195 , 9509.26368873031 
 2196 , 9489.31834216319 
 2197 , 9466.08163867374 
 2198 , 9439.37785235807 
 2199 , 9415.98197608341 
 2200 , 9407.83599681543 
 2201 , 9422.61752200921 
 2202 , 9423.13422244038 
 2203 , 9383.32531684814 
 2204 , 9351.89076008479 
 2205 , 9349.126029036 
 2206 , 9340.96190101438 
 2207 , 9319.05984414494 
 2208 , 9295.25778435347 
 2209 , 9277.32319253348 
 2210 , 9269.77856917471 
 2211 , 9272.38012966502 
 2212 , 9269.39716144079 
 2213 , 9230.41897120481 
 2214 , 9176.0814094698 
 2215 , 9151.83110472752 
 2216 , 9155.13950365683 
 2217 , 9166.66695126594 
 2218 , 9164.51874879412 
 2219 , 9146.78644237278 
 2220 , 9132.88837475635 
 2221 , 9116.01261843324 
 2222 , 9080.53336714302 
 2223 , 9044.07972237358 
 2224 , 9023.89355682302 
 2225 , 9016.84846000003 
 2226 , 9017.5533646755 
 2227 , 9019.53001607098 
 2228 , 9004.43410855717 
 2229 , 8960.00860112417 
 2230 , 8919.75118406359 
 2231 , 8904.29919035919 
 2232 , 8893.23298165154 
 2233 , 8880.17447448433 
 2234 , 8872.12767313574 
 2235 , 8858.05013771519 
 2236 , 8829.2779551192 
 2237 , 8808.34516654459 
 2238 , 8800.38429550408 
 2239 , 8779.52893464723 
 2240 , 8760.13212122513 
 2241 , 8773.39467375109 
 2242 , 8775.71929018986 
 2243 , 8731.34506223723 
 2244 , 8684.50208748554 
 2245 , 8660.04647892917 
 2246 , 8646.48610960056 
 2247 , 8631.51068789477 
 2248 , 8607.87781442161 
 2249 , 8586.24595621559 
 2250 , 8572.19142846394 
 2251 , 8554.19844247046 
 2252 , 8536.58805902539 
 2253 , 8535.63300945454 
 2254 , 8540.42051435998 
 2255 , 8531.70781834333 
 2256 , 8501.02458824601 
 2257 , 8461.81770429766 
 2258 , 8451.0481260842 
 2259 , 8456.80660478374 
 2260 , 8444.17558915733 
 2261 , 8430.60642444022 
 2262 , 8429.03923074236 
 2263 , 8409.90173905472 
 2264 , 8374.33347966849 
 2265 , 8354.48825547102 
 2266 , 8339.97125599584 
 2267 , 8312.38398881973 
 2268 , 8295.50228156725 
 2269 , 8298.03866885213 
 2270 , 8294.52920918782 
 2271 , 8275.73887761977 
 2272 , 8247.20839077438 
 2273 , 8221.20460351927 
 2274 , 8204.24184366524 
 2275 , 8186.22981897652 
 2276 , 8168.40628549438 
 2277 , 8162.69908072318 
 2278 , 8156.73327424748 
 2279 , 8135.52108871381 
 2280 , 8113.42615294397 
 2281 , 8097.22157093349 
 2282 , 8075.66775715581 
 2283 , 8055.68132909653 
 2284 , 8051.39819114986 
 2285 , 8048.6768187721 
 2286 , 8033.92691515042 
 2287 , 8012.19891852221 
 2288 , 7998.09053252375 
 2289 , 8005.5436362673 
 2290 , 7997.35254396756 
 2291 , 7946.96125072451 
 2292 , 7917.36668667824 
 2293 , 7927.30777901023 
 2294 , 7924.28850968243 
 2295 , 7895.76098088487 
 2296 , 7855.66697811672 
 2297 , 7821.09072588155 
 2298 , 7805.79974782716 
 2299 , 7814.74747716979 
 2300 , 7821.61469078005 
 2301 , 7789.75805294094 
 2302 , 7751.72744933207 
 2303 , 7740.77813836088 
 2304 , 7740.51653722773 
 2305 , 7733.93422560351 
 2306 , 7713.04955608534 
 2307 , 7692.0868107411 
 2308 , 7684.23101282007 
 2309 , 7672.25099879676 
 2310 , 7648.21018172636 
 2311 , 7622.01342005463 
 2312 , 7597.44225681978 
 2313 , 7576.28056339118 
 2314 , 7567.90241270073 
 2315 , 7570.53508191138 
 2316 , 7563.44607145813 
 2317 , 7541.82076115495 
 2318 , 7515.83238823841 
 2319 , 7508.05544803359 
 2320 , 7516.80758477468 
 2321 , 7490.61440033423 
 2322 , 7442.39940838036 
 2323 , 7431.06118232942 
 2324 , 7434.86833894731 
 2325 , 7422.61469311534 
 2326 , 7410.67582784369 
 2327 , 7403.64106343964 
 2328 , 7388.33506896066 
 2329 , 7359.41962859203 
 2330 , 7325.26870560794 
 2331 , 7320.46003227293 
 2332 , 7335.35204322845 
 2333 , 7311.92427045543 
 2334 , 7274.08549245131 
 2335 , 7265.43257216639 
 2336 , 7250.80189977264 
 2337 , 7216.03556608729 
 2338 , 7195.34281925349 
 2339 , 7198.89676164417 
