11-20-2017,17:39:00
Wavenumber(cm-1),Intensity
 250 , 23123.4996373518 
 251 , 23144.8961436055 
 252 , 23180.604549447 
 253 , 23228.8016073556 
 254 , 23264.2226082021 
 255 , 23261.9525625968 
 256 , 23231.3656267956 
 257 , 23207.340154151 
 258 , 23218.2059431137 
 259 , 23253.6276967851 
 260 , 23290.3037390448 
 261 , 23313.4608499641 
 262 , 23327.9795982236 
 263 , 23341.5431775101 
 264 , 23363.0349292907 
 265 , 23402.6065236091 
 266 , 23467.8029990737 
 267 , 23544.4458072127 
 268 , 23607.7755725346 
 269 , 23641.7175192938 
 270 , 23659.2366772119 
 271 , 23679.1259852326 
 272 , 23710.7456467249 
 273 , 23749.7145157773 
 274 , 23790.9054605847 
 275 , 23833.3503834967 
 276 , 23878.8721384378 
 277 , 23928.9356513527 
 278 , 23983.0936466695 
 279 , 24040.3224851187 
 280 , 24097.2536136093 
 281 , 24145.9198277359 
 282 , 24178.2990336524 
 283 , 24195.3514964849 
 284 , 24206.0091804348 
 285 , 24219.2212919129 
 286 , 24242.280978413 
 287 , 24281.8178821727 
 288 , 24338.6915994169 
 289 , 24398.8588421006 
 290 , 24446.1799844793 
 291 , 24472.6427368468 
 292 , 24479.4578899522 
 293 , 24469.9391375323 
 294 , 24461.0821690193 
 295 , 24476.8070066613 
 296 , 24529.9297166628 
 297 , 24596.1929556252 
 298 , 24644.071174345 
 299 , 24661.8479533251 
 300 , 24665.7072080535 
 301 , 24672.9912639266 
 302 , 24690.5346964877 
 303 , 24718.5943941553 
 304 , 24754.8385836172 
 305 , 24786.6156676676 
 306 , 24798.7941799634 
 307 , 24791.491974442 
 308 , 24790.7370470835 
 309 , 24823.0889000648 
 310 , 24886.7246014293 
 311 , 24958.6353308932 
 312 , 25019.6689605517 
 313 , 25072.5134361718 
 314 , 25126.6351579124 
 315 , 25186.3814741405 
 316 , 25245.8994249567 
 317 , 25298.3851120905 
 318 , 25341.6168920243 
 319 , 25377.3176166374 
 320 , 25407.4512390548 
 321 , 25434.63695753 
 322 , 25461.7321652142 
 323 , 25491.871533085 
 324 , 25528.8172821729 
 325 , 25576.0545924212 
 326 , 25629.2703757574 
 327 , 25676.6529962372 
 328 , 25708.7916592926 
 329 , 25734.0547404838 
 330 , 25767.9718678085 
 331 , 25819.0238806683 
 332 , 25878.0345155794 
 333 , 25933.2941759963 
 334 , 25977.5080094656 
 335 , 26007.9773151962 
 336 , 26023.2040363069 
 337 , 26028.7391313225 
 338 , 26033.1982628499 
 339 , 26043.0794809355 
 340 , 26059.2048205183 
 341 , 26081.36588284 
 342 , 26106.7661144803 
 343 , 26129.7807181952 
 344 , 26145.5913969413 
 345 , 26156.4967005077 
 346 , 26168.019141979 
 347 , 26183.1741330454 
 348 , 26198.0445201995 
 349 , 26207.8288106932 
 350 , 26216.030331175 
 351 , 26235.3872191795 
 352 , 26276.7911885179 
 353 , 26333.53374995 
 354 , 26390.870776693 
 355 , 26438.8795850526 
 356 , 26480.9506074309 
 357 , 26522.6135470355 
 358 , 26566.1578913192 
 359 , 26610.3186198279 
 360 , 26654.415255832 
 361 , 26703.388992202 
 362 , 26764.6750525969 
 363 , 26840.5136426915 
 364 , 26919.4194102462 
 365 , 26987.9133347807 
 366 , 27038.5856481396 
 367 , 27070.3947376085 
 368 , 27084.5755569657 
 369 , 27095.919288649 
 370 , 27124.8738966757 
 371 , 27180.1623631802 
 372 , 27241.6783434101 
 373 , 27285.9118766503 
 374 , 27309.9365394619 
 375 , 27330.8553601985 
 376 , 27363.1131440725 
 377 , 27399.562825852 
 378 , 27424.8553362436 
 379 , 27434.3324001538 
 380 , 27447.0284240512 
 381 , 27483.9559940288 
 382 , 27544.2283453652 
 383 , 27607.7978701292 
 384 , 27657.506769724 
 385 , 27695.2838378276 
 386 , 27729.4523849857 
 387 , 27766.4480307441 
 388 , 27809.0465011747 
 389 , 27859.5082161649 
 390 , 27918.6637527164 
 391 , 27986.2536261751 
 392 , 28060.1183516677 
 393 , 28129.5794906872 
 394 , 28181.6697155487 
 395 , 28212.7419777663 
 396 , 28234.4489767109 
 397 , 28258.9617036194 
 398 , 28288.0063863987 
 399 , 28316.5946857791 
 400 , 28341.8439036053 
 401 , 28369.0875284729 
 402 , 28405.4583619442 
 403 , 28453.6366179386 
 404 , 28510.2707196543 
 405 , 28571.7945958872 
 406 , 28636.5467580954 
 407 , 28703.8610561422 
 408 , 28771.5268334114 
 409 , 28832.7904947307 
 410 , 28880.3456631605 
 411 , 28914.229621175 
 412 , 28942.4624950936 
 413 , 28972.5530646602 
 414 , 29005.9147713513 
 415 , 29041.4578668531 
 416 , 29076.5949396385 
 417 , 29105.3873794546 
 418 , 29122.1722651676 
 419 , 29134.005739771 
 420 , 29158.7135419774 
 421 , 29209.8995878069 
 422 , 29278.7478820475 
 423 , 29349.6309637982 
 424 , 29411.9029169807 
 425 , 29463.3494596259 
 426 , 29502.8272494905 
 427 , 29532.1230262227 
 428 , 29554.8915327109 
 429 , 29575.073561896 
 430 , 29597.5102303019 
 431 , 29627.0966080011 
 432 , 29663.6246980595 
 433 , 29700.5290395646 
 434 , 29731.823235859 
 435 , 29758.9767041844 
 436 , 29786.8873256424 
 437 , 29818.5950121837 
 438 , 29852.5306014263 
 439 , 29886.4956829604 
 440 , 29919.5369853003 
 441 , 29951.8145636229 
 442 , 29984.1638231657 
 443 , 30020.646778455 
 444 , 30066.2785786716 
 445 , 30120.8865129716 
 446 , 30175.519284994 
 447 , 30221.3612740611 
 448 , 30260.4409281387 
 449 , 30301.5093944612 
 450 , 30349.5494506815 
 451 , 30396.7491289303 
 452 , 30433.004010528 
 453 , 30458.6446575511 
 454 , 30485.9818669993 
 455 , 30525.5076638201 
 456 , 30571.1590392682 
 457 , 30610.135158331 
 458 , 30637.1711865681 
 459 , 30663.0404940659 
 460 , 30699.6446041501 
 461 , 30745.398149691 
 462 , 30788.4750748262 
 463 , 30820.0666603607 
 464 , 30844.6991513169 
 465 , 30870.2067167823 
 466 , 30900.6510219267 
 467 , 30934.9788923627 
 468 , 30971.390489024 
 469 , 31005.0211969678 
 470 , 31029.5460508312 
 471 , 31042.8322486699 
 472 , 31053.0222683213 
 473 , 31069.615090994 
 474 , 31098.8658439579 
 475 , 31144.2655922369 
 476 , 31206.6303146614 
 477 , 31274.9811314497 
 478 , 31335.1447729811 
 479 , 31381.6247995147 
 480 , 31421.6955283285 
 481 , 31462.0760967327 
 482 , 31495.7710608654 
 483 , 31508.7556362931 
 484 , 31497.5651376779 
 485 , 31486.0774706208 
 486 , 31501.3221371449 
 487 , 31548.4317127486 
 488 , 31613.3049417128 
 489 , 31682.1485429283 
 490 , 31745.624845771 
 491 , 31795.799380021 
 492 , 31830.6710110184 
 493 , 31856.9411778589 
 494 , 31881.3744768756 
 495 , 31905.3945736503 
 496 , 31927.740984634 
 497 , 31948.7896484978 
 498 , 31973.0137275702 
 499 , 32005.3453623544 
 500 , 32047.9606994827 
 501 , 32100.7422471315 
 502 , 32160.1693184169 
 503 , 32208.489946528 
 504 , 32224.6562520523 
 505 , 32208.6219138859 
 506 , 32188.5316928893 
 507 , 32190.4913927582 
 508 , 32210.7354855407 
 509 , 32232.0799819957 
 510 , 32244.9546895006 
 511 , 32256.4513592256 
 512 , 32275.3392517358 
 513 , 32303.4703452744 
 514 , 32337.6861386314 
 515 , 32375.1308699282 
 516 , 32414.4313704796 
 517 , 32454.5371140873 
 518 , 32494.1500753755 
 519 , 32531.6925619628 
 520 , 32565.9617372911 
 521 , 32598.0656184553 
 522 , 32629.9438961289 
 523 , 32662.1297160378 
 524 , 32692.6940020997 
 525 , 32719.9325432144 
 526 , 32746.8921576398 
 527 , 32779.3590919025 
 528 , 32820.6515775998 
 529 , 32867.2529576652 
 530 , 32914.6047021472 
 531 , 32960.2533542661 
 532 , 33003.5886248599 
 533 , 33043.7718698008 
 534 , 33078.7085865662 
 535 , 33106.0310866222 
 536 , 33125.951523047 
 537 , 33142.042735664 
 538 , 33157.9658390973 
 539 , 33176.4447206016 
 540 , 33199.8253899202 
 541 , 33232.0814859599 
 542 , 33280.3321194125 
 543 , 33350.3073291999 
 544 , 33428.4111549451 
 545 , 33489.0456554814 
 546 , 33516.7421011231 
 547 , 33525.7523059603 
 548 , 33535.2766177969 
 549 , 33557.364683446 
 550 , 33597.6481723753 
 551 , 33658.5435019037 
 552 , 33729.5375581854 
 553 , 33796.9423361162 
 554 , 33859.0659676862 
 555 , 33929.5017898695 
 556 , 34019.4950672586 
 557 , 34118.6967485813 
 558 , 34208.2175135132 
 559 , 34273.6502224814 
 560 , 34308.6829026496 
 561 , 34309.171321036 
 562 , 34283.8976117314 
 563 , 34248.9500342593 
 564 , 34220.2390398018 
 565 , 34213.0137338937 
 566 , 34241.1687992204 
 567 , 34299.4630355968 
 568 , 34367.708727025 
 569 , 34427.1435908329 
 570 , 34465.5559527331 
 571 , 34472.8988214088 
 572 , 34456.8337934805 
 573 , 34443.7660605569 
 574 , 34455.4070486867 
 575 , 34485.1682397623 
 576 , 34517.6951876144 
 577 , 34545.331128745 
 578 , 34571.3316916307 
 579 , 34599.1052828644 
 580 , 34627.2762096756 
 581 , 34652.4392164994 
 582 , 34675.0360690791 
 583 , 34702.7737116003 
 584 , 34743.1828399684 
 585 , 34794.010261294 
 586 , 34847.3816057915 
 587 , 34895.0300209075 
 588 , 34927.8753979123 
 589 , 34937.5868876391 
 590 , 34928.3420056529 
 591 , 34913.6619328281 
 592 , 34903.26359246 
 593 , 34893.5553598989 
 594 , 34878.6763303516 
 595 , 34862.8200059213 
 596 , 34859.7735009764 
 597 , 34881.2548561409 
 598 , 34928.352757505 
 599 , 34998.9814634989 
 600 , 35081.3784248391 
 601 , 35152.1517981513 
 602 , 35192.4578633803 
 603 , 35212.8964383435 
 604 , 35234.1087002794 
 605 , 35263.6196216792 
 606 , 35289.3022529907 
 607 , 35299.9582526758 
 608 , 35302.77052892 
 609 , 35312.9511101535 
 610 , 35339.8732776508 
 611 , 35382.0551608765 
 612 , 35436.8068278043 
 613 , 35501.1165045665 
 614 , 35571.7973439009 
 615 , 35645.5527943177 
 616 , 35718.8419716791 
 617 , 35788.4236207476 
 618 , 35855.0215764829 
 619 , 35921.9592051252 
 620 , 35990.76646436 
 621 , 36057.9200720049 
 622 , 36119.3753585524 
 623 , 36176.2699032172 
 624 , 36233.7860000446 
 625 , 36292.562239996 
 626 , 36337.8590985827 
 627 , 36352.8011040953 
 628 , 36340.9581780527 
 629 , 36324.6052959737 
 630 , 36322.1684209088 
 631 , 36334.2288267894 
 632 , 36356.9918444571 
 633 , 36386.9091168856 
 634 , 36420.6927729076 
 635 , 36455.3854365869 
 636 , 36489.4960256215 
 637 , 36521.8538598812 
 638 , 36547.9105638876 
 639 , 36559.0414940828 
 640 , 36550.2449787237 
 641 , 36537.134230795 
 642 , 36541.8707363416 
 643 , 36573.8731050171 
 644 , 36625.222187919 
 645 , 36686.3469473839 
 646 , 36745.1730878515 
 647 , 36788.804738973 
 648 , 36811.1065933835 
 649 , 36816.1823190945 
 650 , 36809.7102494675 
 651 , 36802.3132508323 
 652 , 36806.5451121242 
 653 , 36824.5705105918 
 654 , 36841.2455815771 
 655 , 36842.9310741484 
 656 , 36839.9091613096 
 657 , 36853.3321768366 
 658 , 36892.0764645328 
 659 , 36942.7208780822 
 660 , 36990.8442928823 
 661 , 37033.2399675136 
 662 , 37072.2327411337 
 663 , 37105.2389555208 
 664 , 37120.0847932037 
 665 , 37106.3880439227 
 666 , 37079.7842616674 
 667 , 37069.5895663474 
 668 , 37092.0128850776 
 669 , 37136.1352866288 
 670 , 37188.2940731147 
 671 , 37240.3944012577 
 672 , 37287.4526148876 
 673 , 37327.4883843835 
 674 , 37364.8768004679 
 675 , 37404.1526119258 
 676 , 37443.2525838145 
 677 , 37476.3370447099 
 678 , 37501.7793713655 
 679 , 37527.3346391879 
 680 , 37561.2996031221 
 681 , 37604.6780360028 
 682 , 37654.1821755826 
 683 , 37705.8677145021 
 684 , 37754.4445601054 
 685 , 37795.4207341904 
 686 , 37834.4917704255 
 687 , 37883.3421655798 
 688 , 37942.9961123009 
 689 , 37990.4244405766 
 690 , 38001.8013627241 
 691 , 37978.8000256597 
 692 , 37938.1261109764 
 693 , 37896.7776381877 
 694 , 37871.9704050785 
 695 , 37879.1628222271 
 696 , 37915.8316680718 
 697 , 37969.0558391902 
 698 , 38026.4612064871 
 699 , 38077.1243432849 
 700 , 38111.8247934534 
 701 , 38135.9681551281 
 702 , 38163.0920046658 
 703 , 38197.8783202649 
 704 , 38226.503359975 
 705 , 38234.6640659056 
 706 , 38224.5920025298 
 707 , 38207.3370915879 
 708 , 38191.1867284557 
 709 , 38178.8485169763 
 710 , 38172.1618397989 
 711 , 38171.1045228304 
 712 , 38174.7177398775 
 713 , 38182.0983491556 
 714 , 38192.4584153304 
 715 , 38205.0568107661 
 716 , 38219.4198102515 
 717 , 38235.2342423058 
 718 , 38254.933389893 
 719 , 38285.6008370527 
 720 , 38331.7595251826 
 721 , 38376.847607925 
 722 , 38395.6322170418 
 723 , 38383.160546934 
 724 , 38365.8582945326 
 725 , 38368.3980394538 
 726 , 38387.7528163532 
 727 , 38410.3637021516 
 728 , 38428.6326981888 
 729 , 38443.2886919922 
 730 , 38456.4515995726 
 731 , 38474.4931709165 
 732 , 38505.0482162832 
 733 , 38549.1892049658 
 734 , 38599.8578898991 
 735 , 38649.9906519429 
 736 , 38694.9044138831 
 737 , 38730.7212188088 
 738 , 38756.1893840787 
 739 , 38772.917887836 
 740 , 38784.0025623402 
 741 , 38798.0124639669 
 742 , 38824.5343504078 
 743 , 38865.294584495 
 744 , 38914.583912899 
 745 , 38965.2569128821 
 746 , 39006.2291839602 
 747 , 39026.4493608771 
 748 , 39029.1171653388 
 749 , 39028.9804707658 
 750 , 39036.3368128632 
 751 , 39047.7466971149 
 752 , 39057.9333902253 
 753 , 39069.3663176262 
 754 , 39089.7987933417 
 755 , 39121.0349334594 
 756 , 39150.5137676297 
 757 , 39165.0499702441 
 758 , 39165.8622850191 
 759 , 39162.353628329 
 760 , 39161.8479301028 
 761 , 39167.4393650088 
 762 , 39181.7249501217 
 763 , 39207.2233813801 
 764 , 39246.222192875 
 765 , 39288.6455599054 
 766 , 39304.8541369585 
 767 , 39271.883774755 
 768 , 39217.3102874347 
 769 , 39186.7707303032 
 770 , 39198.3315740019 
 771 , 39234.8325910404 
 772 , 39277.5807280803 
 773 , 39311.4209485273 
 774 , 39322.8728361106 
 775 , 39313.8007793138 
 776 , 39301.70545936 
 777 , 39300.6627809795 
 778 , 39309.9974815663 
 779 , 39325.5524816347 
 780 , 39340.1664189555 
 781 , 39344.2724587476 
 782 , 39333.5294058393 
 783 , 39317.9686241185 
 784 , 39309.4807942912 
 785 , 39313.7811809621 
 786 , 39332.7079693974 
 787 , 39363.8198666151 
 788 , 39395.9964878443 
 789 , 39418.8870961237 
 790 , 39436.6134274386 
 791 , 39460.0439682606 
 792 , 39493.6590649207 
 793 , 39531.9517759899 
 794 , 39570.6215134219 
 795 , 39617.0455542383 
 796 , 39682.0137722422 
 797 , 39755.1965408965 
 798 , 39801.5939041433 
 799 , 39796.5432868802 
 800 , 39762.8245559376 
 801 , 39734.2090793562 
 802 , 39726.4189134337 
 803 , 39739.4804784296 
 804 , 39772.9663514087 
 805 , 39826.6480092757 
 806 , 39898.9436185902 
 807 , 39972.3974441888 
 808 , 40019.5426648111 
 809 , 40027.7601469678 
 810 , 40015.0599569637 
 811 , 40001.7088240111 
 812 , 39996.841229604 
 813 , 40004.4267795085 
 814 , 40023.7660197322 
 815 , 40047.4056473579 
 816 , 40068.7470757665 
 817 , 40088.2158366655 
 818 , 40108.1721835454 
 819 , 40124.0387996228 
 820 , 40124.0652674618 
 821 , 40103.057295002 
 822 , 40079.2591373184 
 823 , 40074.1153110366 
 824 , 40084.6123226317 
 825 , 40090.0130217928 
 826 , 40078.811832996 
 827 , 40061.5226958363 
 828 , 40051.1291909081 
 829 , 40055.6441596572 
 830 , 40080.4095843592 
 831 , 40119.1764882718 
 832 , 40147.7632703129 
 833 , 40145.9832338692 
 834 , 40123.0251177988 
 835 , 40097.4532409995 
 836 , 40079.5294715842 
 837 , 40070.7714211438 
 838 , 40069.2528693079 
 839 , 40062.7958424331 
 840 , 40038.876343457 
 841 , 40009.026391142 
 842 , 40001.692606012 
 843 , 40028.4025574173 
 844 , 40063.1981961937 
 845 , 40079.2959736824 
 846 , 40081.2056786337 
 847 , 40087.6017253896 
 848 , 40103.0320320181 
 849 , 40112.0235674197 
 850 , 40102.0595445774 
 851 , 40081.3483742639 
 852 , 40063.9466085652 
 853 , 40060.7184050094 
 854 , 40079.5888981074 
 855 , 40120.0786961425 
 856 , 40158.2355349767 
 857 , 40168.638368405 
 858 , 40153.0931325012 
 859 , 40129.3690974642 
 860 , 40113.4883126377 
 861 , 40118.0564297368 
 862 , 40151.2624365359 
 863 , 40197.5438851613 
 864 , 40233.1893160362 
 865 , 40246.5240886043 
 866 , 40239.1115392494 
 867 , 40217.2756159857 
 868 , 40201.2463138065 
 869 , 40212.7485213698 
 870 , 40255.0702652889 
 871 , 40318.9020392761 
 872 , 40396.3756620757 
 873 , 40483.0172950077 
 874 , 40574.3238094148 
 875 , 40662.8628661707 
 876 , 40740.1830373494 
 877 , 40804.0957685298 
 878 , 40860.0360748838 
 879 , 40914.8804957304 
 880 , 40979.1918983416 
 881 , 41062.9109565442 
 882 , 41155.2117614646 
 883 , 41230.0612488147 
 884 , 41269.0377801166 
 885 , 41270.7092992244 
 886 , 41235.99260122 
 887 , 41166.9725354632 
 888 , 41066.6091671781 
 889 , 40951.1113525442 
 890 , 40853.1844868473 
 891 , 40796.0510409086 
 892 , 40763.0637831242 
 893 , 40729.3101097949 
 894 , 40686.1678651021 
 895 , 40636.8725480783 
 896 , 40583.278185103 
 897 , 40523.8057025657 
 898 , 40457.7037688696 
 899 , 40392.6449710565 
 900 , 40339.5787080011 
 901 , 40303.5603699524 
 902 , 40282.6869524844 
 903 , 40274.6777873016 
 904 , 40277.3294859262 
 905 , 40287.6204045396 
 906 , 40292.3574458954 
 907 , 40271.7394074985 
 908 , 40224.9490481251 
 909 , 40186.8714989546 
 910 , 40189.2832807525 
 911 , 40223.0261216516 
 912 , 40264.3851575343 
 913 , 40295.4275603573 
 914 , 40304.2123703385 
 915 , 40287.2310266066 
 916 , 40265.082005757 
 917 , 40259.4380777163 
 918 , 40259.2750840934 
 919 , 40235.5601838716 
 920 , 40184.4594950798 
 921 , 40141.5551296415 
 922 , 40136.9351512484 
 923 , 40159.4101383356 
 924 , 40186.5450926541 
 925 , 40208.2473875449 
 926 , 40224.7308980455 
 927 , 40235.3917062504 
 928 , 40237.0127876724 
 929 , 40227.592272609 
 930 , 40216.468021901 
 931 , 40217.5052669641 
 932 , 40230.9155285253 
 933 , 40240.5632170346 
 934 , 40234.5128539676 
 935 , 40218.345564476 
 936 , 40201.0704201485 
 937 , 40188.5350783224 
 938 , 40184.5379869542 
 939 , 40187.0514884533 
 940 , 40184.3571123243 
 941 , 40167.8937313427 
 942 , 40149.1237133725 
 943 , 40144.7142601556 
 944 , 40154.9725326277 
 945 , 40166.2452133529 
 946 , 40171.242709415 
 947 , 40178.3451739212 
 948 , 40196.6703655628 
 949 , 40225.2237986648 
 950 , 40258.6276021438 
 951 , 40288.7045389061 
 952 , 40304.1190640494 
 953 , 40300.1954437425 
 954 , 40293.5274016096 
 955 , 40302.2090528058 
 956 , 40318.8521135691 
 957 , 40322.0538756526 
 958 , 40306.0784532404 
 959 , 40288.4565644668 
 960 , 40283.2764964258 
 961 , 40282.7367633094 
 962 , 40274.213906763 
 963 , 40256.1996793455 
 964 , 40235.1342782004 
 965 , 40215.6634264757 
 966 , 40198.7718123312 
 967 , 40185.3314692704 
 968 , 40177.7366370487 
 969 , 40178.7658441244 
 970 , 40188.9674683836 
 971 , 40206.9004288234 
 972 , 40227.3967855699 
 973 , 40236.8678246896 
 974 , 40223.6128910255 
 975 , 40196.3936038779 
 976 , 40172.0459401089 
 977 , 40159.8174139872 
 978 , 40160.8686881026 
 979 , 40174.819039913 
 980 , 40198.0879690813 
 981 , 40227.0661877199 
 982 , 40262.409239325 
 983 , 40306.5057230654 
 984 , 40349.5928202356 
 985 , 40366.830543996 
 986 , 40345.251242181 
 987 , 40313.8209272965 
 988 , 40307.1111028006 
 989 , 40330.9343148397 
 990 , 40374.7169787655 
 991 , 40417.8565658041 
 992 , 40425.8766996864 
 993 , 40382.0167317484 
 994 , 40339.7434591393 
 995 , 40362.5159491895 
 996 , 40441.4673764219 
 997 , 40522.7856299594 
 998 , 40585.5438304335 
 999 , 40661.1674758351 
 1000 , 40777.3038105872 
 1001 , 40927.0853475376 
 1002 , 41095.6708020063 
 1003 , 41280.5518157665 
 1004 , 41487.3234841314 
 1005 , 41697.6103310571 
 1006 , 41852.5548323182 
 1007 , 41896.8656941266 
 1008 , 41808.4084323225 
 1009 , 41579.2004698284 
 1010 , 41267.9970143564 
 1011 , 40981.1198899353 
 1012 , 40778.0538738818 
 1013 , 40634.1856190827 
 1014 , 40518.4570357024 
 1015 , 40409.4562634328 
 1016 , 40290.8727803295 
 1017 , 40178.9090636084 
 1018 , 40113.5443554069 
 1019 , 40109.3328985637 
 1020 , 40134.4050908834 
 1021 , 40157.1273187959 
 1022 , 40169.4884329854 
 1023 , 40170.6331559884 
 1024 , 40163.1831319153 
 1025 , 40152.3246668305 
 1026 , 40142.9995345098 
 1027 , 40139.611445421 
 1028 , 40144.8722412862 
 1029 , 40154.00312056 
 1030 , 40160.9663651547 
 1031 , 40171.624227629 
 1032 , 40200.2263628912 
 1033 , 40249.6282126172 
 1034 , 40303.0275724076 
 1035 , 40344.326589692 
 1036 , 40368.7450554536 
 1037 , 40374.680992687 
 1038 , 40361.9445662197 
 1039 , 40331.4161426926 
 1040 , 40291.2682168912 
 1041 , 40261.2139919521 
 1042 , 40254.4581681367 
 1043 , 40254.2524774609 
 1044 , 40238.8112592218 
 1045 , 40212.9616153543 
 1046 , 40197.7986491454 
 1047 , 40200.8814429486 
 1048 , 40209.8780067421 
 1049 , 40214.5061940402 
 1050 , 40217.2151011249 
 1051 , 40222.7448466108 
 1052 , 40230.8558818631 
 1053 , 40238.5970145351 
 1054 , 40244.7855729005 
 1055 , 40250.5362877628 
 1056 , 40257.3252928606 
 1057 , 40267.2751837584 
 1058 , 40281.4378144275 
 1059 , 40291.3328964495 
 1060 , 40284.3113223643 
 1061 , 40258.6718057111 
 1062 , 40224.8082643196 
 1063 , 40193.0343324224 
 1064 , 40171.8594651445 
 1065 , 40167.3065791512 
 1066 , 40171.0480372249 
 1067 , 40169.1232249617 
 1068 , 40149.9383489095 
 1069 , 40104.176767435 
 1070 , 40034.5364819702 
 1071 , 39968.8245009664 
 1072 , 39931.8505268647 
 1073 , 39916.3745610848 
 1074 , 39905.57230961 
 1075 , 39894.0607329568 
 1076 , 39885.0782483696 
 1077 , 39879.8202269958 
 1078 , 39875.674919379 
 1079 , 39870.4709626172 
 1080 , 39865.2877587973 
 1081 , 39862.5387698492 
 1082 , 39870.060178937 
 1083 , 39898.3551955303 
 1084 , 39934.5181557705 
 1085 , 39934.6150122128 
 1086 , 39873.8524883746 
 1087 , 39792.1026386361 
 1088 , 39738.0386129162 
 1089 , 39734.3091244311 
 1090 , 39789.4807006776 
 1091 , 39860.5978195216 
 1092 , 39852.7757953589 
 1093 , 39731.4593085567 
 1094 , 39602.9818789535 
 1095 , 39567.4967533204 
 1096 , 39588.2055856335 
 1097 , 39586.4431707403 
 1098 , 39542.7965863073 
 1099 , 39482.5972919041 
 1100 , 39422.3535863636 
 1101 , 39362.293488014 
 1102 , 39301.1636199752 
 1103 , 39237.8134993437 
 1104 , 39171.7311421704 
 1105 , 39108.1517925893 
 1106 , 39055.2893543526 
 1107 , 39016.3900092917 
 1108 , 38988.821469218 
 1109 , 38967.8339158371 
 1110 , 38944.0854558237 
 1111 , 38910.1147243893 
 1112 , 38874.3736581831 
 1113 , 38850.3244029837 
 1114 , 38835.0704563189 
 1115 , 38812.3782817058 
 1116 , 38778.0932369772 
 1117 , 38749.8836958871 
 1118 , 38740.5427612655 
 1119 , 38734.8950587993 
 1120 , 38713.5588499825 
 1121 , 38683.1491970479 
 1122 , 38664.3725752948 
 1123 , 38665.0304971062 
 1124 , 38677.5670036393 
 1125 , 38690.3272005302 
 1126 , 38683.5415688115 
 1127 , 38641.7685484557 
 1128 , 38581.9758283549 
 1129 , 38531.4966358993 
 1130 , 38498.1783085886 
 1131 , 38474.856130392 
 1132 , 38458.5761271542 
 1133 , 38453.7668284856 
 1134 , 38457.8337798794 
 1135 , 38441.2211820483 
 1136 , 38375.5472404758 
 1137 , 38290.3971647105 
 1138 , 38241.8569129125 
 1139 , 38242.2067555814 
 1140 , 38259.1116079175 
 1141 , 38266.9820998449 
 1142 , 38258.6182767319 
 1143 , 38231.4190922604 
 1144 , 38193.3870632571 
 1145 , 38155.085852736 
 1146 , 38121.2084932983 
 1147 , 38092.6835173047 
 1148 , 38067.0008441393 
 1149 , 38037.3585298197 
 1150 , 37999.8325759835 
 1151 , 37958.8528075114 
 1152 , 37920.0327921284 
 1153 , 37887.9095723349 
 1154 , 37866.1255292307 
 1155 , 37850.9866403068 
 1156 , 37833.3937526732 
 1157 , 37812.856968386 
 1158 , 37802.1756985423 
 1159 , 37809.4408905123 
 1160 , 37824.2210289704 
 1161 , 37834.185973177 
 1162 , 37839.5742062613 
 1163 , 37845.4149163305 
 1164 , 37845.3012793051 
 1165 , 37822.9481928692 
 1166 , 37772.1440031608 
 1167 , 37704.7415601199 
 1168 , 37636.0354104542 
 1169 , 37587.2774833615 
 1170 , 37577.1053877158 
 1171 , 37592.1838449276 
 1172 , 37604.4446734081 
 1173 , 37600.7139083682 
 1174 , 37582.1928346199 
 1175 , 37550.3534614459 
 1176 , 37506.0852519633 
 1177 , 37450.6363227314 
 1178 , 37386.9235598749 
 1179 , 37319.0453294881 
 1180 , 37257.7823121419 
 1181 , 37216.7711957503 
 1182 , 37196.3449290708 
 1183 , 37183.4644511354 
 1184 , 37167.0135102118 
 1185 , 37140.7955009274 
 1186 , 37102.2518298339 
 1187 , 37061.232564264 
 1188 , 37029.4631449546 
 1189 , 37007.5569231292 
 1190 , 36990.3370492962 
 1191 , 36972.1713101998 
 1192 , 36947.0348997759 
 1193 , 36910.687382103 
 1194 , 36862.3752337221 
 1195 , 36805.3403412773 
 1196 , 36756.980656092 
 1197 , 36735.3650725508 
 1198 , 36734.9323649625 
 1199 , 36738.8585170006 
 1200 , 36742.0967511989 
 1201 , 36750.8610079931 
 1202 , 36762.4880842397 
 1203 , 36757.3459811109 
 1204 , 36717.0878782697 
 1205 , 36634.5485451799 
 1206 , 36511.4905227868 
 1207 , 36398.1209797796 
 1208 , 36362.5128909244 
 1209 , 36394.3762789687 
 1210 , 36415.749409591 
 1211 , 36392.4226341604 
 1212 , 36365.1567161367 
 1213 , 36357.885908592 
 1214 , 36319.3184823771 
 1215 , 36200.9823661563 
 1216 , 36068.9359370945 
 1217 , 36027.5903630783 
 1218 , 36076.1537261831 
 1219 , 36134.8570565291 
 1220 , 36148.8899937188 
 1221 , 36100.9713854321 
 1222 , 35989.9719510326 
 1223 , 35850.048325659 
 1224 , 35720.6107444179 
 1225 , 35638.4511077439 
 1226 , 35634.3012948712 
 1227 , 35681.0786774225 
 1228 , 35716.8588543695 
 1229 , 35715.3071378354 
 1230 , 35691.2015726025 
 1231 , 35651.4029390373 
 1232 , 35581.4560172279 
 1233 , 35476.1603697476 
 1234 , 35378.805524548 
 1235 , 35337.6833086148 
 1236 , 35341.4144746941 
 1237 , 35350.456610247 
 1238 , 35343.5652030697 
 1239 , 35316.0362366615 
 1240 , 35268.3007839384 
 1241 , 35208.09682733 
 1242 , 35141.8664878144 
 1243 , 35070.2178880062 
 1244 , 34994.4784709099 
 1245 , 34926.44657179 
 1246 , 34881.0237914979 
 1247 , 34865.0858074654 
 1248 , 34879.6611407759 
 1249 , 34909.1493993067 
 1250 , 34918.6079927414 
 1251 , 34892.9824307155 
 1252 , 34861.6124354069 
 1253 , 34849.4052664084 
 1254 , 34841.2673635416 
 1255 , 34815.961202278 
 1256 , 34781.4399368556 
 1257 , 34757.4155106333 
 1258 , 34733.1115316292 
 1259 , 34673.0476892262 
 1260 , 34572.5824326776 
 1261 , 34472.8924133764 
 1262 , 34409.2215793501 
 1263 , 34392.0166270749 
 1264 , 34419.7021806582 
 1265 , 34451.5246769326 
 1266 , 34439.9133446933 
 1267 , 34385.7275906112 
 1268 , 34316.5642692684 
 1269 , 34259.6292339237 
 1270 , 34241.1112227159 
 1271 , 34260.0887216134 
 1272 , 34270.5791772502 
 1273 , 34240.399159226 
 1274 , 34191.0607249076 
 1275 , 34149.0797954854 
 1276 , 34113.8179907327 
 1277 , 34076.3021865261 
 1278 , 34037.9167302625 
 1279 , 34006.1189446541 
 1280 , 33982.9651826339 
 1281 , 33964.8205532127 
 1282 , 33948.6346292494 
 1283 , 33932.865029954 
 1284 , 33916.6147157793 
 1285 , 33900.5250985384 
 1286 , 33886.2420024774 
 1287 , 33879.4424034662 
 1288 , 33885.3021305194 
 1289 , 33887.711089657 
 1290 , 33858.3196361146 
 1291 , 33792.0778716167 
 1292 , 33708.4504136797 
 1293 , 33628.1622245622 
 1294 , 33572.1271820146 
 1295 , 33549.3166305563 
 1296 , 33532.1802779521 
 1297 , 33493.2568113741 
 1298 , 33443.6112810947 
 1299 , 33405.4524882176 
 1300 , 33380.7266017972 
 1301 , 33359.5762260065 
 1302 , 33333.9252866706 
 1303 , 33297.6698053898 
 1304 , 33250.6317213993 
 1305 , 33202.0692827 
 1306 , 33155.926778491 
 1307 , 33099.216030759 
 1308 , 33022.8124045338 
 1309 , 32950.0714986517 
 1310 , 32909.8461287261 
 1311 , 32893.782041835 
 1312 , 32875.2246000061 
 1313 , 32842.4680922478 
 1314 , 32796.7509576895 
 1315 , 32744.9687706287 
 1316 , 32701.2485431741 
 1317 , 32674.836525483 
 1318 , 32662.615816195 
 1319 , 32659.40971966 
 1320 , 32658.7073845764 
 1321 , 32653.707226805 
 1322 , 32637.8479026666 
 1323 , 32605.2368390103 
 1324 , 32557.1855923128 
 1325 , 32500.0576630511 
 1326 , 32443.2014104926 
 1327 , 32399.0544193473 
 1328 , 32371.7642517708 
 1329 , 32350.4787709108 
 1330 , 32325.9440398223 
 1331 , 32298.1089844022 
 1332 , 32267.6305461328 
 1333 , 32230.3386538186 
 1334 , 32181.0458263593 
 1335 , 32118.7432624454 
 1336 , 32045.2385904759 
 1337 , 31973.4183322588 
 1338 , 31924.790241868 
 1339 , 31903.7829073605 
 1340 , 31892.4318775729 
 1341 , 31876.6441034871 
 1342 , 31853.3626486321 
 1343 , 31821.5213327752 
 1344 , 31782.1821533072 
 1345 , 31738.7180911655 
 1346 , 31705.0143109652 
 1347 , 31696.0550029381 
 1348 , 31701.6111541459 
 1349 , 31697.9478682206 
 1350 , 31674.6574718375 
 1351 , 31633.2753588312 
 1352 , 31577.2916958055 
 1353 , 31512.3234241719 
 1354 , 31446.1330185559 
 1355 , 31390.7614633723 
 1356 , 31352.9457329495 
 1357 , 31319.145064937 
 1358 , 31273.9664003045 
 1359 , 31216.4004035024 
 1360 , 31150.7405658843 
 1361 , 31083.5040768451 
 1362 , 31021.9855333911 
 1363 , 30965.3517987214 
 1364 , 30906.0708598092 
 1365 , 30847.6717861454 
 1366 , 30808.3386829577 
 1367 , 30793.3549673733 
 1368 , 30780.0804553768 
 1369 , 30745.1693205523 
 1370 , 30673.6177986344 
 1371 , 30562.4056483471 
 1372 , 30460.9836872137 
 1373 , 30425.9373473459 
 1374 , 30435.2021162771 
 1375 , 30430.9076710793 
 1376 , 30400.3909980997 
 1377 , 30364.4294613761 
 1378 , 30321.6061880362 
 1379 , 30244.8657910005 
 1380 , 30131.6065127601 
 1381 , 30022.9483282685 
 1382 , 29949.5051031968 
 1383 , 29903.7870553455 
 1384 , 29873.3871996194 
 1385 , 29850.5804823986 
 1386 , 29829.0937854429 
 1387 , 29804.3750324437 
 1388 , 29772.8285747793 
 1389 , 29733.7797237788 
 1390 , 29688.2011426164 
 1391 , 29635.4657240743 
 1392 , 29573.6755322558 
 1393 , 29506.9032781113 
 1394 , 29446.9509174933 
 1395 , 29400.6412194804 
 1396 , 29364.3036949958 
 1397 , 29335.2054483449 
 1398 , 29316.7083694152 
 1399 , 29308.127810178 
 1400 , 29286.1216900565 
 1401 , 29227.6895791535 
 1402 , 29154.8524589422 
 1403 , 29105.330860997 
 1404 , 29082.6105964527 
 1405 , 29069.3013011675 
 1406 , 29053.5846513497 
 1407 , 29029.0524091239 
 1408 , 28994.8446331608 
 1409 , 28957.017633664 
 1410 , 28922.2093353636 
 1411 , 28897.2807741018 
 1412 , 28882.5536313574 
 1413 , 28860.3119144452 
 1414 , 28819.7766628723 
 1415 , 28791.3495772193 
 1416 , 28804.871871553 
 1417 , 28820.9729824986 
 1418 , 28781.1737930878 
 1419 , 28698.0269611017 
 1420 , 28621.3801931902 
 1421 , 28565.2077022578 
 1422 , 28514.8974037568 
 1423 , 28462.3598156996 
 1424 , 28407.6976418617 
 1425 , 28350.2700063054 
 1426 , 28287.5928429278 
 1427 , 28222.8578285728 
 1428 , 28172.4730807149 
 1429 , 28149.9588684217 
 1430 , 28153.387746838 
 1431 , 28174.6097737439 
 1432 , 28190.7553593606 
 1433 , 28176.5814880894 
 1434 , 28121.4524381961 
 1435 , 28024.2104769348 
 1436 , 27917.7932705751 
 1437 , 27853.2546017782 
 1438 , 27833.592405684 
 1439 , 27821.2150892589 
 1440 , 27796.5102312925 
 1441 , 27762.56969896 
 1442 , 27723.8668288403 
 1443 , 27685.0037180377 
 1444 , 27650.0573755161 
 1445 , 27621.885656775 
 1446 , 27603.6119181275 
 1447 , 27599.7529965733 
 1448 , 27608.443897686 
 1449 , 27597.2426681905 
 1450 , 27534.6353989961 
 1451 , 27453.0470210529 
 1452 , 27406.2862765735 
 1453 , 27404.6145910952 
 1454 , 27433.2490562603 
 1455 , 27468.5106006191 
 1456 , 27481.3241841277 
 1457 , 27471.7102927254 
 1458 , 27469.201312465 
 1459 , 27471.8644894611 
 1460 , 27432.3073356921 
 1461 , 27333.9124118106 
 1462 , 27224.4829189973 
 1463 , 27139.264471578 
 1464 , 27062.6445776399 
 1465 , 26977.6189887557 
 1466 , 26891.1228199261 
 1467 , 26813.1337700032 
 1468 , 26742.2033841823 
 1469 , 26673.0323956291 
 1470 , 26598.1691464282 
 1471 , 26511.0640676499 
 1472 , 26423.1663069964 
 1473 , 26355.0418638933 
 1474 , 26310.1197102965 
 1475 , 26278.9393356718 
 1476 , 26256.8758137962 
 1477 , 26244.2954858514 
 1478 , 26234.5586496246 
 1479 , 26211.6480189367 
 1480 , 26170.9411125611 
 1481 , 26128.6749104848 
 1482 , 26093.7099975317 
 1483 , 26053.1328899127 
 1484 , 26000.1229124585 
 1485 , 25956.0451070199 
 1486 , 25938.6182891971 
 1487 , 25927.9120802713 
 1488 , 25900.2858829113 
 1489 , 25866.159537137 
 1490 , 25845.1303128773 
 1491 , 25836.2140749043 
 1492 , 25829.1815682974 
 1493 , 25816.4451257763 
 1494 , 25791.8540900527 
 1495 , 25746.4929495474 
 1496 , 25670.3232363054 
 1497 , 25577.0871838643 
 1498 , 25503.65881588 
 1499 , 25464.7136490976 
 1500 , 25445.3270816354 
 1501 , 25428.4648118398 
 1502 , 25396.8550512958 
 1503 , 25344.4704186477 
 1504 , 25288.9022923253 
 1505 , 25243.0554645558 
 1506 , 25199.0602859155 
 1507 , 25151.7196819896 
 1508 , 25117.5927001049 
 1509 , 25109.5823755946 
 1510 , 25101.6081124441 
 1511 , 25062.9485425894 
 1512 , 25002.5436414732 
 1513 , 24942.4740844042 
 1514 , 24891.8661169443 
 1515 , 24852.6276620141 
 1516 , 24815.6402218288 
 1517 , 24766.49814969 
 1518 , 24709.9469242651 
 1519 , 24664.4510746549 
 1520 , 24632.6244813942 
 1521 , 24602.1303653872 
 1522 , 24568.0405215173 
 1523 , 24534.7158295059 
 1524 , 24505.9569347308 
 1525 , 24483.9243386127 
 1526 , 24463.8016701582 
 1527 , 24428.5626929509 
 1528 , 24373.706581637 
 1529 , 24325.4830830525 
 1530 , 24300.6618689425 
 1531 , 24277.9860552983 
 1532 , 24240.1476913829 
 1533 , 24206.6867425028 
 1534 , 24196.6540005269 
 1535 , 24191.4726528946 
 1536 , 24168.4822119425 
 1537 , 24139.6595698189 
 1538 , 24124.80924698 
 1539 , 24115.356561848 
 1540 , 24092.6873704447 
 1541 , 24056.1498921474 
 1542 , 24013.8292633428 
 1543 , 23966.4663503833 
 1544 , 23910.9410093327 
 1545 , 23856.638732816 
 1546 , 23821.8036528794 
 1547 , 23809.4975172112 
 1548 , 23808.3763628054 
 1549 , 23800.8088758527 
 1550 , 23763.5241416822 
 1551 , 23701.2809121002 
 1552 , 23655.810581053 
 1553 , 23647.5057375532 
 1554 , 23659.1781710969 
 1555 , 23671.6669692121 
 1556 , 23668.3557288447 
 1557 , 23643.068777897 
 1558 , 23612.5078719671 
 1559 , 23588.1372484479 
 1560 , 23558.8159191896 
 1561 , 23516.9537188608 
 1562 , 23478.7662833814 
 1563 , 23455.7825512245 
 1564 , 23422.3846321847 
 1565 , 23355.5618288913 
 1566 , 23287.0532308639 
 1567 , 23256.3962205438 
 1568 , 23256.8103097154 
 1569 , 23266.1377779706 
 1570 , 23267.620556608 
 1571 , 23250.3019601155 
 1572 , 23232.1762096862 
 1573 , 23239.6726917149 
 1574 , 23243.8239518436 
 1575 , 23190.59069919 
 1576 , 23102.9502836022 
 1577 , 23050.6901447022 
 1578 , 23041.7673409434 
 1579 , 23037.5534067846 
 1580 , 23021.4434579819 
 1581 , 22997.1891557021 
 1582 , 22968.3381414004 
 1583 , 22937.4022487494 
 1584 , 22902.8675719646 
 1585 , 22858.9350584663 
 1586 , 22811.9503779264 
 1587 , 22784.2092873151 
 1588 , 22778.6006056118 
 1589 , 22767.4697648682 
 1590 , 22741.0161181824 
 1591 , 22724.1007929452 
 1592 , 22720.9228921894 
 1593 , 22688.9713553486 
 1594 , 22609.503016561 
 1595 , 22528.2940401996 
 1596 , 22480.8870092173 
 1597 , 22455.2580457804 
 1598 , 22435.959403203 
 1599 , 22418.8390699272 
 1600 , 22402.213900516 
 1601 , 22385.8985655259 
 1602 , 22369.784214175 
 1603 , 22352.9224681045 
 1604 , 22335.6643470541 
 1605 , 22324.599346357 
 1606 , 22323.8823713577 
 1607 , 22318.4943512209 
 1608 , 22292.0394573132 
 1609 , 22250.8374828196 
 1610 , 22207.3230315289 
 1611 , 22165.5346950038 
 1612 , 22125.4963759663 
 1613 , 22081.1435534451 
 1614 , 22024.0641749998 
 1615 , 21947.0331497473 
 1616 , 21847.3494418991 
 1617 , 21756.0095523812 
 1618 , 21714.6334076285 
 1619 , 21704.741054713 
 1620 , 21678.6994176096 
 1621 , 21632.7944158888 
 1622 , 21589.0091334151 
 1623 , 21556.6549096039 
 1624 , 21535.7082858584 
 1625 , 21516.1676763037 
 1626 , 21482.0018984655 
 1627 , 21432.3879561634 
 1628 , 21378.3749065949 
 1629 , 21330.4014008975 
 1630 , 21297.3680358295 
 1631 , 21273.4356514464 
 1632 , 21240.1987727392 
 1633 , 21194.3479731197 
 1634 , 21147.4704582391 
 1635 , 21106.9811773594 
 1636 , 21075.211022052 
 1637 , 21051.1547407795 
 1638 , 21030.4918359371 
 1639 , 21012.7266028773 
 1640 , 21001.7497671517 
 1641 , 20989.4436149255 
 1642 , 20952.8214804093 
 1643 , 20890.1455158867 
 1644 , 20828.9702067944 
 1645 , 20786.032810655 
 1646 , 20759.959557166 
 1647 , 20747.3731727881 
 1648 , 20743.8755797631 
 1649 , 20740.9706805142 
 1650 , 20724.0395764134 
 1651 , 20689.0121762897 
 1652 , 20649.9269763764 
 1653 , 20615.3894414276 
 1654 , 20581.8488578674 
 1655 , 20551.6650725597 
 1656 , 20539.773756079 
 1657 , 20541.6845655246 
 1658 , 20514.3229208597 
 1659 , 20439.594379008 
 1660 , 20356.1561622498 
 1661 , 20294.7156351234 
 1662 , 20256.7338259243 
 1663 , 20235.7455358923 
 1664 , 20216.1263266972 
 1665 , 20189.3661302192 
 1666 , 20164.7050939511 
 1667 , 20147.6848893448 
 1668 , 20130.5763933317 
 1669 , 20107.8017444446 
 1670 , 20082.6935364202 
 1671 , 20055.2047940015 
 1672 , 20014.6029988912 
 1673 , 19956.9933699169 
 1674 , 19898.2690238039 
 1675 , 19850.4529971014 
 1676 , 19809.3245022841 
 1677 , 19774.7752055188 
 1678 , 19762.601635263 
 1679 , 19773.9766139954 
 1680 , 19767.9652870433 
 1681 , 19719.1313781362 
 1682 , 19656.8014688358 
 1683 , 19608.7269325328 
 1684 , 19577.5038953063 
 1685 , 19558.7437843352 
 1686 , 19540.2584703338 
 1687 , 19511.3517846044 
 1688 , 19468.1689732584 
 1689 , 19412.3626011877 
 1690 , 19356.7766685123 
 1691 , 19312.1400600421 
 1692 , 19279.5220043906 
 1693 , 19256.8962487689 
 1694 , 19238.2438938985 
 1695 , 19218.1583347311 
 1696 , 19194.246531056 
 1697 , 19166.0925705149 
 1698 , 19136.9683626383 
 1699 , 19108.3845469683 
 1700 , 19076.3602902211 
 1701 , 19043.1888532619 
 1702 , 19027.662072219 
 1703 , 19030.230612298 
 1704 , 19004.0434708389 
 1705 , 18931.570801672 
 1706 , 18875.4733372467 
 1707 , 18873.677045642 
 1708 , 18886.6293446137 
 1709 , 18877.8103618034 
 1710 , 18838.727130471 
 1711 , 18776.5819399432 
 1712 , 18723.2691569495 
 1713 , 18695.1158133145 
 1714 , 18671.8439556601 
 1715 , 18642.8204250782 
 1716 , 18623.7951110785 
 1717 , 18619.3863991177 
 1718 , 18608.6174281144 
 1719 , 18582.1766609053 
 1720 , 18555.7985218941 
 1721 , 18533.8437560534 
 1722 , 18497.624327923 
 1723 , 18442.9752081944 
 1724 , 18392.207183688 
 1725 , 18355.2907691942 
 1726 , 18320.0866379058 
 1727 , 18286.240412044 
 1728 , 18272.5932154555 
 1729 , 18277.6139085347 
 1730 , 18270.4030848247 
 1731 , 18238.9520501943 
 1732 , 18198.259186131 
 1733 , 18160.1379109527 
 1734 , 18130.1070734687 
 1735 , 18106.32479064 
 1736 , 18079.2626328343 
 1737 , 18047.1544736489 
 1738 , 18016.8269114919 
 1739 , 17990.8100211385 
 1740 , 17966.8171018028 
 1741 , 17940.9251821672 
 1742 , 17908.4167725884 
 1743 , 17874.4151709623 
 1744 , 17851.6596424911 
 1745 , 17836.8400794986 
 1746 , 17814.3588441865 
 1747 , 17781.7425962314 
 1748 , 17746.1598021486 
 1749 , 17708.908465129 
 1750 , 17667.9178474189 
 1751 , 17630.8458929809 
 1752 , 17609.7653208649 
 1753 , 17598.2540767019 
 1754 , 17580.5785056485 
 1755 , 17554.7897171965 
 1756 , 17526.799053262 
 1757 , 17506.1790707286 
 1758 , 17500.9927461166 
 1759 , 17495.8204790176 
 1760 , 17469.8626957039 
 1761 , 17434.1408050742 
 1762 , 17409.6262867966 
 1763 , 17401.8890927839 
 1764 , 17405.5347356785 
 1765 , 17387.2257865367 
 1766 , 17321.3044841527 
 1767 , 17257.4195303397 
 1768 , 17246.9438886746 
 1769 , 17262.1562665023 
 1770 , 17264.8852043386 
 1771 , 17250.618962455 
 1772 , 17224.4581574333 
 1773 , 17198.1756790518 
 1774 , 17180.7439819524 
 1775 , 17169.7421453293 
 1776 , 17158.5340035053 
 1777 , 17135.0261735522 
 1778 , 17097.2633740682 
 1779 , 17066.7560500933 
 1780 , 17053.243636603 
 1781 , 17038.4393704973 
 1782 , 17008.1717819493 
 1783 , 16960.5490993555 
 1784 , 16903.808432621 
 1785 , 16859.0014191468 
 1786 , 16833.8818905316 
 1787 , 16817.9304489916 
 1788 , 16806.8201715081 
 1789 , 16804.2450797966 
 1790 , 16805.5986525757 
 1791 , 16797.9696800061 
 1792 , 16774.9855240765 
 1793 , 16737.4371257742 
 1794 , 16703.3341380816 
 1795 , 16699.8449391392 
 1796 , 16710.5945983618 
 1797 , 16695.5614542928 
 1798 , 16663.9904865494 
 1799 , 16648.8603453591 
 1800 , 16647.6069875442 
 1801 , 16642.0830540504 
 1802 , 16626.4699509508 
 1803 , 16601.0364575328 
 1804 , 16571.3199062021 
 1805 , 16542.6422957738 
 1806 , 16510.5582175405 
 1807 , 16472.7972219524 
 1808 , 16447.1704025436 
 1809 , 16442.5805217146 
 1810 , 16422.0036896038 
 1811 , 16365.2682623418 
 1812 , 16324.9435256545 
 1813 , 16334.4732571169 
 1814 , 16354.2862596896 
 1815 , 16353.3461193405 
 1816 , 16337.2033968767 
 1817 , 16314.6651465421 
 1818 , 16292.9299375213 
 1819 , 16276.1273577639 
 1820 , 16264.241245047 
 1821 , 16252.9531822913 
 1822 , 16233.817710616 
 1823 , 16208.8829236757 
 1824 , 16189.7621741137 
 1825 , 16175.0430417432 
 1826 , 16153.4989161604 
 1827 , 16126.9018002331 
 1828 , 16104.3815425349 
 1829 , 16079.5627073166 
 1830 , 16041.6017181697 
 1831 , 16012.2997672798 
 1832 , 16019.8003763118 
 1833 , 16039.3742044041 
 1834 , 16034.0200387569 
 1835 , 16003.648314269 
 1836 , 15959.9388062373 
 1837 , 15916.7574982448 
 1838 , 15884.5458484368 
 1839 , 15861.4104658837 
 1840 , 15842.1319265852 
 1841 , 15819.2296444878 
 1842 , 15794.1491595989 
 1843 , 15786.8072704495 
 1844 , 15800.4237977152 
 1845 , 15807.6570862049 
 1846 , 15795.4457491239 
 1847 , 15773.3937075508 
 1848 , 15750.6136737755 
 1849 , 15733.3350086118 
 1850 , 15715.5664849304 
 1851 , 15682.2462512788 
 1852 , 15637.7980700877 
 1853 , 15600.4467961375 
 1854 , 15586.8245293428 
 1855 , 15606.162409768 
 1856 , 15620.6693535761 
 1857 , 15584.4605424214 
 1858 , 15525.9616766592 
 1859 , 15488.4520309994 
 1860 , 15464.7201985572 
 1861 , 15440.3893522744 
 1862 , 15423.9914595337 
 1863 , 15420.5163864936 
 1864 , 15412.8310466766 
 1865 , 15390.7428423436 
 1866 , 15365.6685932929 
 1867 , 15343.9844339935 
 1868 , 15319.8128589608 
 1869 , 15293.9477395646 
 1870 , 15276.6944346384 
 1871 , 15269.2205183002 
 1872 , 15262.8919769683 
 1873 , 15248.9138517878 
 1874 , 15220.6858611438 
 1875 , 15193.3495554037 
 1876 , 15190.3716530334 
 1877 , 15194.7419383269 
 1878 , 15177.2313426621 
 1879 , 15151.3171176015 
 1880 , 15139.8169329941 
 1881 , 15137.538723397 
 1882 , 15133.3713249971 
 1883 , 15122.2656839379 
 1884 , 15101.9167332335 
 1885 , 15073.7491623296 
 1886 , 15040.7710741082 
 1887 , 15007.8996525473 
 1888 , 14979.6891196504 
 1889 , 14959.7051837513 
 1890 , 14947.2035628243 
 1891 , 14936.5475795848 
 1892 , 14919.0789385016 
 1893 , 14885.1080230445 
 1894 , 14840.8183572473 
 1895 , 14802.0317018283 
 1896 , 14778.0685951847 
 1897 , 14771.8615708007 
 1898 , 14767.9504921792 
 1899 , 14746.9900523347 
 1900 , 14702.2079212764 
 1901 , 14640.9224953936 
 1902 , 14604.1404692636 
 1903 , 14613.8358737978 
 1904 , 14632.4621407478 
 1905 , 14632.833319327 
 1906 , 14620.2321245367 
 1907 , 14600.6347441892 
 1908 , 14576.6640793691 
 1909 , 14549.1486291893 
 1910 , 14517.961143212 
 1911 , 14490.8372548497 
 1912 , 14478.7667013982 
 1913 , 14469.7076679279 
 1914 , 14444.2909272619 
 1915 , 14416.1693956953 
 1916 , 14405.1483620027 
 1917 , 14399.6843436976 
 1918 , 14385.1553901579 
 1919 , 14365.6515451311 
 1920 , 14346.5877474844 
 1921 , 14327.7502502109 
 1922 , 14308.6703231209 
 1923 , 14289.6951875096 
 1924 , 14268.1992296386 
 1925 , 14238.4152254623 
 1926 , 14206.4324972998 
 1927 , 14187.5198399561 
 1928 , 14176.1472023172 
 1929 , 14156.030045384 
 1930 , 14136.72916099 
 1931 , 14134.7245539283 
 1932 , 14136.2473856088 
 1933 , 14124.26135602 
 1934 , 14108.2368747361 
 1935 , 14096.4404474792 
 1936 , 14077.5714179355 
 1937 , 14050.0116892942 
 1938 , 14035.6510067672 
 1939 , 14036.8413151187 
 1940 , 14027.4782550618 
 1941 , 14004.8770906044 
 1942 , 13988.8795373224 
 1943 , 13974.3092041355 
 1944 , 13941.8745284738 
 1945 , 13903.8381878916 
 1946 , 13882.7416864015 
 1947 , 13871.7189560412 
 1948 , 13857.811587651 
 1949 , 13842.8243955705 
 1950 , 13829.2537234267 
 1951 , 13812.7141951303 
 1952 , 13795.2582057222 
 1953 , 13791.4052372792 
 1954 , 13787.8947644514 
 1955 , 13738.713785841 
 1956 , 13659.9043242741 
 1957 , 13617.9632141418 
 1958 , 13614.0843858726 
 1959 , 13613.1179044631 
 1960 , 13615.8329421059 
 1961 , 13632.195385245 
 1962 , 13642.6341029198 
 1963 , 13628.7986385484 
 1964 , 13602.2745656262 
 1965 , 13574.1251329452 
 1966 , 13542.5607503483 
 1967 , 13511.5058484278 
 1968 , 13494.5070597062 
 1969 , 13486.3875385767 
 1970 , 13464.8888865226 
 1971 , 13436.252183483 
 1972 , 13423.0994606387 
 1973 , 13418.8603896777 
 1974 , 13406.0135211487 
 1975 , 13381.6942214617 
 1976 , 13350.6737808964 
 1977 , 13327.5871699693 
 1978 , 13322.245963954 
 1979 , 13329.5463908973 
 1980 , 13336.1981526798 
 1981 , 13320.7545221362 
 1982 , 13283.4920153504 
 1983 , 13246.1432746138 
 1984 , 13219.7698092542 
 1985 , 13205.950747837 
 1986 , 13194.2696290695 
 1987 , 13173.5304617586 
 1988 , 13154.4411007198 
 1989 , 13145.9783448321 
 1990 , 13132.1024528901 
 1991 , 13105.5391916847 
 1992 , 13085.5939705684 
 1993 , 13080.9340969512 
 1994 , 13082.0338692595 
 1995 , 13080.7468077239 
 1996 , 13071.9341906754 
 1997 , 13057.3350454821 
 1998 , 13042.7370475656 
 1999 , 13033.9834670914 
 2000 , 13031.7495692254 
 2001 , 13016.3351222325 
 2002 , 12977.6202146558 
 2003 , 12941.8208839336 
 2004 , 12924.5229176267 
 2005 , 12915.2072882163 
 2006 , 12909.0522949853 
 2007 , 12908.771336424 
 2008 , 12901.8437864734 
 2009 , 12868.7599155371 
 2010 , 12821.3010518588 
 2011 , 12784.7427534453 
 2012 , 12779.5394933096 
 2013 , 12809.2926710459 
 2014 , 12833.3309838186 
 2015 , 12826.4701322144 
 2016 , 12806.1644602019 
 2017 , 12785.0360571512 
 2018 , 12764.4182234524 
 2019 , 12743.3347110387 
 2020 , 12719.547881406 
 2021 , 12690.9876523156 
 2022 , 12658.4156959066 
 2023 , 12636.1923382527 
 2024 , 12631.8715160325 
 2025 , 12619.7573484636 
 2026 , 12588.9053778116 
 2027 , 12567.3318063408 
 2028 , 12560.245850854 
 2029 , 12542.2807793025 
 2030 , 12520.6330878038 
 2031 , 12523.6911406271 
 2032 , 12534.3257622405 
 2033 , 12521.6908806383 
 2034 , 12498.4075876302 
 2035 , 12482.8689483723 
 2036 , 12472.0455482006 
 2037 , 12460.2099582556 
 2038 , 12443.7312254535 
 2039 , 12419.6858930635 
 2040 , 12386.6147727511 
 2041 , 12355.2871530281 
 2042 , 12341.985738226 
 2043 , 12339.7208806045 
 2044 , 12334.5469565452 
 2045 , 12327.2305645647 
 2046 , 12315.9468634981 
 2047 , 12282.7657257743 
 2048 , 12230.9101846947 
 2049 , 12198.6764451973 
 2050 , 12190.8581991874 
 2051 , 12179.3378308161 
 2052 , 12162.4473606378 
 2053 , 12151.550670947 
 2054 , 12135.7281018671 
 2055 , 12106.8775325046 
 2056 , 12094.4017715897 
 2057 , 12108.9458088681 
 2058 , 12108.0118615813 
 2059 , 12080.6642795266 
 2060 , 12060.7395951876 
 2061 , 12048.7677538642 
 2062 , 12022.4962502429 
 2063 , 11997.360274677 
 2064 , 11994.5892051071 
 2065 , 11983.1179533112 
 2066 , 11941.4721154659 
 2067 , 11907.4073143674 
 2068 , 11898.7368745729 
 2069 , 11890.5350569604 
 2070 , 11872.5369173215 
 2071 , 11850.963956844 
 2072 , 11830.8659701044 
 2073 , 11815.4526567199 
 2074 , 11803.498213264 
 2075 , 11789.9468806975 
 2076 , 11762.8891072428 
 2077 , 11723.6973572389 
 2078 , 11697.6967674986 
 2079 , 11689.0125445978 
 2080 , 11678.4202442702 
 2081 , 11656.3237046292 
 2082 , 11622.3568601784 
 2083 , 11591.2808019942 
 2084 , 11576.132218228 
 2085 , 11567.0201614966 
 2086 , 11554.7339941496 
 2087 , 11539.7949255053 
 2088 , 11522.2599955132 
 2089 , 11501.2961710259 
 2090 , 11485.0771537918 
 2091 , 11484.296007821 
 2092 , 11489.1341099669 
 2093 , 11483.428828014 
 2094 , 11455.7948199904 
 2095 , 11412.8268671717 
 2096 , 11391.6604810899 
 2097 , 11394.8646280755 
 2098 , 11386.6128742568 
 2099 , 11368.896200476 
 2100 , 11362.8870243021 
 2101 , 11350.8796387456 
 2102 , 11315.5998079826 
 2103 , 11287.3325946398 
 2104 , 11284.3890771637 
 2105 , 11286.7905250787 
 2106 , 11281.2981861725 
 2107 , 11265.921532575 
 2108 , 11239.3677202513 
 2109 , 11203.5676587337 
 2110 , 11177.3934345853 
 2111 , 11172.2479253484 
 2112 , 11161.4208639285 
 2113 , 11133.4154943963 
 2114 , 11111.658622033 
 2115 , 11101.1252588926 
 2116 , 11087.6749730299 
 2117 , 11067.1999331167 
 2118 , 11041.6849477765 
 2119 , 11014.7015687057 
 2120 , 10990.88293455 
 2121 , 10976.1897691329 
 2122 , 10967.647537777 
 2123 , 10950.7552156548 
 2124 , 10928.4845077493 
 2125 , 10915.6208739979 
 2126 , 10907.4481349466 
 2127 , 10894.1115030043 
 2128 , 10879.3817775557 
 2129 , 10866.1196640671 
 2130 , 10849.1619833126 
 2131 , 10829.142079379 
 2132 , 10813.3874527009 
 2133 , 10799.3997849147 
 2134 , 10779.5107536115 
 2135 , 10752.9937504378 
 2136 , 10722.7382015999 
 2137 , 10695.0661730517 
 2138 , 10676.4727054974 
 2139 , 10671.7766868308 
 2140 , 10667.8607324863 
 2141 , 10641.6089439544 
 2142 , 10611.2169336223 
 2143 , 10603.9694706596 
 2144 , 10605.5578656006 
 2145 , 10597.5557788421 
 2146 , 10574.6872528924 
 2147 , 10549.5268593198 
 2148 , 10548.1221355775 
 2149 , 10544.7209147106 
 2150 , 10496.7396827504 
 2151 , 10443.8163395475 
 2152 , 10428.0262119092 
 2153 , 10426.3933803238 
 2154 , 10420.694882133 
 2155 , 10414.1240620785 
 2156 , 10403.5596599036 
 2157 , 10382.6395270105 
 2158 , 10364.739520379 
 2159 , 10361.4354842358 
 2160 , 10350.9837220465 
 2161 , 10325.3397936011 
 2162 , 10310.7488795747 
 2163 , 10304.7507846939 
 2164 , 10279.3892518998 
 2165 , 10245.1497564081 
 2166 , 10224.2783750199 
 2167 , 10206.3665331954 
 2168 , 10184.6019465724 
 2169 , 10175.9601904854 
 2170 , 10181.8532821478 
 2171 , 10184.4242055412 
 2172 , 10174.3582234414 
 2173 , 10150.7954851137 
 2174 , 10126.6152291659 
 2175 , 10110.937279923 
 2176 , 10094.8949187284 
 2177 , 10077.9884071826 
 2178 , 10071.4017300554 
 2179 , 10066.5002806813 
 2180 , 10047.2605147677 
 2181 , 10029.4611347963 
 2182 , 10027.7822190975 
 2183 , 10026.8751746597 
 2184 , 10015.5772997283 
 2185 , 9995.3362204323 
 2186 , 9976.9437825019 
 2187 , 9972.74561539829 
 2188 , 9969.98448033281 
 2189 , 9955.68066950549 
 2190 , 9940.57279616489 
 2191 , 9927.35710463086 
 2192 , 9903.07185949679 
 2193 , 9869.8875359996 
 2194 , 9840.16409753643 
 2195 , 9816.4277647645 
 2196 , 9796.58101306829 
 2197 , 9776.12858548267 
 2198 , 9758.97288146483 
 2199 , 9759.32142857087 
 2200 , 9763.0643220511 
 2201 , 9741.12171845215 
 2202 , 9700.99594439863 
 2203 , 9665.50312663376 
 2204 , 9661.77583300166 
 2205 , 9684.713904395 
 2206 , 9686.59571793931 
 2207 , 9652.26180952971 
 2208 , 9596.76520386428 
 2209 , 9563.54231156547 
 2210 , 9574.37726798455 
 2211 , 9570.86810420136 
 2212 , 9535.7046648553 
 2213 , 9517.20185947852 
 2214 , 9516.86968599313 
 2215 , 9506.73612395822 
 2216 , 9480.0530329787 
 2217 , 9444.59881010329 
 2218 , 9425.24980142971 
 2219 , 9421.21722038769 
 2220 , 9401.91725785043 
 2221 , 9369.83515799766 
 2222 , 9344.93829017698 
 2223 , 9333.27386499771 
 2224 , 9328.80485669716 
 2225 , 9309.75787256494 
 2226 , 9281.00434271203 
 2227 , 9271.8335718358 
 2228 , 9267.75240295583 
 2229 , 9242.51208278199 
 2230 , 9212.40127737221 
 2231 , 9190.29475323532 
 2232 , 9165.95138541118 
 2233 , 9142.97327669913 
 2234 , 9135.12156933904 
 2235 , 9128.08082210747 
 2236 , 9104.94050699336 
 2237 , 9077.96084798093 
 2238 , 9054.76742783323 
 2239 , 9029.19947892421 
 2240 , 9009.84042725522 
 2241 , 9009.83584802469 
 2242 , 9005.40554283678 
 2243 , 8977.54104431247 
 2244 , 8948.90953622064 
 2245 , 8934.75915646297 
 2246 , 8933.40700946027 
 2247 , 8932.06871520776 
 2248 , 8917.65998586735 
 2249 , 8899.39547309129 
 2250 , 8884.00461479305 
 2251 , 8863.10829510744 
 2252 , 8830.87404324758 
 2253 , 8787.79913800848 
 2254 , 8752.27233556815 
 2255 , 8740.59539922625 
 2256 , 8740.41455045183 
 2257 , 8743.61903426216 
 2258 , 8753.70246959644 
 2259 , 8753.75487223078 
 2260 , 8722.45709804526 
 2261 , 8686.01997536788 
 2262 , 8666.69784378644 
 2263 , 8647.91684393811 
 2264 , 8623.96104373877 
 2265 , 8603.96801218897 
 2266 , 8588.39891642676 
 2267 , 8572.85817206642 
 2268 , 8551.77446022511 
 2269 , 8530.84620690395 
 2270 , 8530.04225550427 
 2271 , 8531.7802858531 
 2272 , 8501.7362003774 
 2273 , 8459.91324478501 
 2274 , 8434.43541592779 
 2275 , 8431.95566963934 
 2276 , 8435.92526394063 
 2277 , 8414.55100916998 
 2278 , 8379.0395544042 
 2279 , 8354.6865002971 
 2280 , 8345.25493278724 
 2281 , 8347.13195866484 
 2282 , 8352.16142805631 
 2283 , 8349.3307851521 
 2284 , 8328.75520875927 
 2285 , 8293.96234770644 
 2286 , 8257.81755993956 
 2287 , 8242.40578994797 
 2288 , 8238.23806290107 
 2289 , 8213.28024708421 
 2290 , 8189.35560527024 
 2291 , 8189.07326133893 
 2292 , 8173.0871558066 
 2293 , 8135.01873678678 
 2294 , 8117.77748370796 
 2295 , 8107.18127947601 
 2296 , 8072.28435519737 
 2297 , 8052.27698874685 
 2298 , 8066.90275033067 
 2299 , 8075.89338349573 
 2300 , 8058.4833156613 
 2301 , 8017.10995620899 
 2302 , 7975.18762060749 
 2303 , 7952.07318576924 
 2304 , 7943.15648975058 
 2305 , 7943.4179132915 
 2306 , 7948.52300596679 
 2307 , 7939.14095923039 
 2308 , 7905.28018375261 
 2309 , 7882.02814886743 
 2310 , 7874.80442562322 
 2311 , 7847.23025377388 
 2312 , 7815.91865020826 
 2313 , 7812.26322551909 
 2314 , 7806.25475737262 
 2315 , 7782.11019879208 
 2316 , 7766.02851618773 
 2317 , 7749.03853894583 
 2318 , 7708.16774752799 
 2319 , 7682.67448292452 
 2320 , 7693.52230500101 
 2321 , 7693.41707936815 
 2322 , 7678.85531293892 
 2323 , 7681.89658743676 
 2324 , 7685.45012741488 
 2325 , 7668.28402203777 
 2326 , 7642.25317242139 
 2327 , 7613.64992964446 
 2328 , 7580.65901029292 
 2329 , 7558.26500275117 
 2330 , 7555.55994820042 
 2331 , 7544.84782346376 
 2332 , 7521.39327169933 
 2333 , 7511.0036424437 
 2334 , 7502.56657373011 
 2335 , 7475.53737598998 
 2336 , 7444.03350978299 
 2337 , 7419.0197501392 
 2338 , 7398.16042745729 
 2339 , 7386.603454488 
