11-20-2017,17:40:55
Wavenumber(cm-1),Intensity
 250 , 10 
 251 , 10 
 252 , 10 
 253 , 10 
 254 , 10 
 255 ,-26.583984375 
 256 ,-13.888671875 
 257 , 19.142578125 
 258 , 52.033203125 
 259 , 64.943359375 
 260 , 44.400390625 
 261 ,-1.58984375 
 262 ,-42.529296875 
 263 ,-47.45703125 
 264 ,-17.53515625 
 265 , 22.18359375 
 266 , 49.59765625 
 267 , 58.291015625 
 268 , 51.3203125 
 269 , 35.283203125 
 270 , 17.6015625 
 271 , 4.2890625 
 272 ,-3.58984375 
 273 ,-3.935546875 
 274 , 4.642578125 
 275 , 20.85546875 
 276 , 42.078125 
 277 , 63.99609375 
 278 , 84.380859375 
 279 , 101.26953125 
 280 , 115.0546875 
 281 , 129.666015625 
 282 , 148.673828125 
 283 , 170.8671875 
 284 , 190.021484375 
 285 , 201.1875 
 286 , 206.4453125 
 287 , 210.123046875 
 288 , 215.083984375 
 289 , 224.12890625 
 290 , 240.54296875 
 291 , 264.919921875 
 292 , 292.802734375 
 293 , 319.09765625 
 294 , 338.369140625 
 295 , 345.4765625 
 296 , 335.611328125 
 297 , 302.5 
 298 , 239.560546875 
 299 , 155.642578125 
 300 , 82.28515625 
 301 , 49.603515625 
 302 , 54.357421875 
 303 , 72.82421875 
 304 , 85.67578125 
 305 , 89.888671875 
 306 , 86.1484375 
 307 , 75.212890625 
 308 , 60.837890625 
 309 , 47.728515625 
 310 , 40.5078125 
 311 , 41.7734375 
 312 , 52.154296875 
 313 , 66.515625 
 314 , 78.626953125 
 315 , 87.583984375 
 316 , 101.380859375 
 317 , 128.154296875 
 318 , 164.8515625 
 319 , 199.5 
 320 , 221.603515625 
 321 , 231.75390625 
 322 , 234.84765625 
 323 , 237.931640625 
 324 , 250.712890625 
 325 , 282.251953125 
 326 , 327.568359375 
 327 , 369.001953125 
 328 , 390.607421875 
 329 , 390.611328125 
 330 , 372.875 
 331 , 345.482421875 
 332 , 327.357421875 
 333 , 338.349609375 
 334 , 378.78515625 
 335 , 428.599609375 
 336 , 468.79296875 
 337 , 494.091796875 
 338 , 505.056640625 
 339 , 503.451171875 
 340 , 494.46484375 
 341 , 483.751953125 
 342 , 472.966796875 
 343 , 459.38671875 
 344 , 441.029296875 
 345 , 422.7109375 
 346 , 412.228515625 
 347 , 411.568359375 
 348 , 407.048828125 
 349 , 382.927734375 
 350 , 338.7265625 
 351 , 290.724609375 
 352 , 254.275390625 
 353 , 231.708984375 
 354 , 219.40234375 
 355 , 211.751953125 
 356 , 197.771484375 
 357 , 166.189453125 
 358 , 121.169921875 
 359 , 83.703125 
 360 , 72.73828125 
 361 , 86.8359375 
 362 , 115.42578125 
 363 , 149.224609375 
 364 , 182.72265625 
 365 , 211.236328125 
 366 , 232.275390625 
 367 , 245.33984375 
 368 , 249.70703125 
 369 , 243.005859375 
 370 , 222.291015625 
 371 , 190.6171875 
 372 , 165.458984375 
 373 , 165.408203125 
 374 , 188.669921875 
 375 , 213.7734375 
 376 , 222.658203125 
 377 , 223.0703125 
 378 , 232.490234375 
 379 , 256.708984375 
 380 , 276.078125 
 381 , 268.9609375 
 382 , 236.775390625 
 383 , 200.65234375 
 384 , 178.86328125 
 385 , 171.708984375 
 386 , 173.7890625 
 387 , 181.873046875 
 388 , 196.009765625 
 389 , 216.31640625 
 390 , 242.001953125 
 391 , 272.220703125 
 392 , 304.6953125 
 393 , 329.544921875 
 394 , 334.51171875 
 395 , 315.111328125 
 396 , 280.02734375 
 397 , 239.01953125 
 398 , 199.734375 
 399 , 168.568359375 
 400 , 149.537109375 
 401 , 138.58984375 
 402 , 130.224609375 
 403 , 122.908203125 
 404 , 119.375 
 405 , 122.388671875 
 406 , 133.91015625 
 407 , 155.23828125 
 408 , 186.265625 
 409 , 223.55078125 
 410 , 263.2734375 
 411 , 300.486328125 
 412 , 328.998046875 
 413 , 343.384765625 
 414 , 344.08984375 
 415 , 334.06640625 
 416 , 313.9921875 
 417 , 278.30078125 
 418 , 221.400390625 
 419 , 159.458984375 
 420 , 128.986328125 
 421 , 156.703125 
 422 , 215.078125 
 423 , 258.78125 
 424 , 265.34375 
 425 , 252.001953125 
 426 , 238.61328125 
 427 , 228.0625 
 428 , 212.10546875 
 429 , 185.82421875 
 430 , 158.7734375 
 431 , 144.583984375 
 432 , 146.37890625 
 433 , 153.14453125 
 434 , 154.4140625 
 435 , 150.953125 
 436 , 147.140625 
 437 , 147.841796875 
 438 , 159.3515625 
 439 , 187.49609375 
 440 , 226.361328125 
 441 , 261.36328125 
 442 , 280.802734375 
 443 , 286.75 
 444 , 285.048828125 
 445 , 279.4765625 
 446 , 270.580078125 
 447 , 258.47265625 
 448 , 240.90625 
 449 , 214.1640625 
 450 , 178.794921875 
 451 , 150.876953125 
 452 , 149.94921875 
 453 , 174.2265625 
 454 , 196.390625 
 455 , 191.7734375 
 456 , 163.83203125 
 457 , 126.640625 
 458 , 92.2109375 
 459 , 68.4140625 
 460 , 61.94140625 
 461 , 69.87890625 
 462 , 82.33984375 
 463 , 91.72265625 
 464 , 100.33984375 
 465 , 112.9921875 
 466 , 128.390625 
 467 , 136.91796875 
 468 , 129.60546875 
 469 , 107.4296875 
 470 , 76 
 471 , 42.4375 
 472 , 18.328125 
 473 , 15.7109375 
 474 , 35.19921875 
 475 , 68.1875 
 476 , 106.7734375 
 477 , 145.671875 
 478 , 179.11328125 
 479 , 202.5234375 
 480 , 213.12109375 
 481 , 209.1796875 
 482 , 196.39453125 
 483 , 182.9921875 
 484 , 169.92578125 
 485 , 142.0625 
 486 , 85.60546875 
 487 , 25.765625 
 488 , 22.6171875 
 489 , 116.22265625 
 490 , 247.01171875 
 491 , 326.25 
 492 , 323.34765625 
 493 , 294.4296875 
 494 , 296.6328125 
 495 , 329.2109375 
 496 , 358.453125 
 497 , 363.0859375 
 498 , 359.3671875 
 499 , 371.69921875 
 500 , 403.30859375 
 501 , 434.4140625 
 502 , 446.80078125 
 503 , 442.796875 
 504 , 434.83203125 
 505 , 431.484375 
 506 , 432.109375 
 507 , 433.0078125 
 508 , 428.29296875 
 509 , 413.82421875 
 510 , 389.51171875 
 511 , 360.51953125 
 512 , 331.03515625 
 513 , 311.39453125 
 514 , 317.9375 
 515 , 358.41015625 
 516 , 407.5234375 
 517 , 433.1796875 
 518 , 421.4921875 
 519 , 379.98046875 
 520 , 320.32421875 
 521 , 269.1484375 
 522 , 257.83984375 
 523 , 293.30078125 
 524 , 339.75390625 
 525 , 360.47265625 
 526 , 352.63671875 
 527 , 331.296875 
 528 , 311.23046875 
 529 , 307.95703125 
 530 , 336.4921875 
 531 , 387.62890625 
 532 , 430.85546875 
 533 , 440.78125 
 534 , 418.0859375 
 535 , 372.4765625 
 536 , 320.84375 
 537 , 287.0078125 
 538 , 288.875 
 539 , 312.34765625 
 540 , 332.74609375 
 541 , 339.8359375 
 542 , 348.65234375 
 543 , 373.23828125 
 544 , 400.359375 
 545 , 398.890625 
 546 , 353.73046875 
 547 , 299.23828125 
 548 , 279.2109375 
 549 , 300.671875 
 550 , 334.69140625 
 551 , 355.25390625 
 552 , 362.7734375 
 553 , 367.84375 
 554 , 379.4609375 
 555 , 403.546875 
 556 , 443.98046875 
 557 , 493.7578125 
 558 , 538.8125 
 559 , 566.140625 
 560 , 569.20703125 
 561 , 547.5 
 562 , 515.1171875 
 563 , 488.15234375 
 564 , 474.3203125 
 565 , 469.49609375 
 566 , 472.2734375 
 567 , 481.44140625 
 568 , 493.9375 
 569 , 505.15625 
 570 , 508.2421875 
 571 , 494.9296875 
 572 , 467.66796875 
 573 , 444.30859375 
 574 , 442.9609375 
 575 , 460.421875 
 576 , 480.17578125 
 577 , 491.5078125 
 578 , 497.6953125 
 579 , 505.359375 
 580 , 511.3671875 
 581 , 507.51953125 
 582 , 493.24609375 
 583 , 483.46875 
 584 , 493.22265625 
 585 , 513.71875 
 586 , 521.63671875 
 587 , 503.08984375 
 588 , 468.37890625 
 589 , 428.640625 
 590 , 390.19140625 
 591 , 358.1015625 
 592 , 333.85546875 
 593 , 302.50390625 
 594 , 248.5859375 
 595 , 182.421875 
 596 , 136.2265625 
 597 , 131.27734375 
 598 , 148.390625 
 599 , 161.33203125 
 600 , 162.80859375 
 601 , 165.28515625 
 602 , 176.8515625 
 603 , 187.30859375 
 604 , 182.3046875 
 605 , 160.2578125 
 606 , 134.671875 
 607 , 114.7265625 
 608 , 103.96484375 
 609 , 108.04296875 
 610 , 126.03515625 
 611 , 141.44921875 
 612 , 141.171875 
 613 , 134.71875 
 614 , 140.12890625 
 615 , 166.12890625 
 616 , 206.37109375 
 617 , 254.57421875 
 618 , 309.44140625 
 619 , 367.36328125 
 620 , 420.26171875 
 621 , 463.53125 
 622 , 502.23828125 
 623 , 537.5703125 
 624 , 562.04296875 
 625 , 568.4375 
 626 , 564.76953125 
 627 , 563.609375 
 628 , 563.30078125 
 629 , 548.7109375 
 630 , 510.8125 
 631 , 465.1875 
 632 , 430.41015625 
 633 , 416.29296875 
 634 , 427.54296875 
 635 , 467.35546875 
 636 , 510.5625 
 637 , 517.2578125 
 638 , 474.69921875 
 639 , 411.359375 
 640 , 361.9453125 
 641 , 340.9921875 
 642 , 350.5859375 
 643 , 380.71484375 
 644 , 410.39453125 
 645 , 423.6484375 
 646 , 420.25390625 
 647 , 403.51171875 
 648 , 381.84375 
 649 , 374.2109375 
 650 , 395.51953125 
 651 , 419.546875 
 652 , 405.00390625 
 653 , 339.62890625 
 654 , 256.4296875 
 655 , 188.33984375 
 656 , 151.25 
 657 , 152.3984375 
 658 , 186.84765625 
 659 , 229.72265625 
 660 , 258.65625 
 661 , 274.703125 
 662 , 288.8671875 
 663 , 305.22265625 
 664 , 317.19921875 
 665 , 318.6640625 
 666 , 305.83203125 
 667 , 276.79296875 
 668 , 235.83984375 
 669 , 197.61328125 
 670 , 174.3203125 
 671 , 165.8359375 
 672 , 168.3359375 
 673 , 180.7265625 
 674 , 199.6796875 
 675 , 215.85546875 
 676 , 222.7890625 
 677 , 221.734375 
 678 , 219.90234375 
 679 , 222.37890625 
 680 , 226.21484375 
 681 , 230.08984375 
 682 , 239.8359375 
 683 , 261.0390625 
 684 , 283.8046875 
 685 , 291.48828125 
 686 , 283.36328125 
 687 , 272.58984375 
 688 , 269.87890625 
 689 , 269.796875 
 690 , 261.6328125 
 691 , 248.43359375 
 692 , 244.2890625 
 693 , 255.2578125 
 694 , 262.99609375 
 695 , 247.5625 
 696 , 220.390625 
 697 , 213.6484375 
 698 , 247.9296875 
 699 , 310.1328125 
 700 , 377.37890625 
 701 , 431.9921875 
 702 , 462.140625 
 703 , 466.40625 
 704 , 460.5390625 
 705 , 461.140625 
 706 , 469.78515625 
 707 , 478.46484375 
 708 , 479.66796875 
 709 , 472.5390625 
 710 , 463.14453125 
 711 , 453.1640625 
 712 , 435.5078125 
 713 , 401.71875 
 714 , 356.41015625 
 715 , 313.91015625 
 716 , 278.078125 
 717 , 240.59375 
 718 , 196.265625 
 719 , 159.578125 
 720 , 148.890625 
 721 , 160.3515625 
 722 , 177.39453125 
 723 , 185.265625 
 724 , 178.12890625 
 725 , 156.56640625 
 726 , 129.26953125 
 727 , 105.4375 
 728 , 88.6171875 
 729 , 77.98828125 
 730 , 73.19921875 
 731 , 71.3984375 
 732 , 69.2421875 
 733 , 69.09375 
 734 , 79.08984375 
 735 , 102.01953125 
 736 , 127.68359375 
 737 , 145.76171875 
 738 , 157.4453125 
 739 , 171.05078125 
 740 , 186.99609375 
 741 , 200.078125 
 742 , 210.9453125 
 743 , 229.203125 
 744 , 264.13671875 
 745 , 310.7734375 
 746 , 345.4296875 
 747 , 348.46484375 
 748 , 328.12109375 
 749 , 308.1015625 
 750 , 297.0546875 
 751 , 283.34375 
 752 , 260.5625 
 753 , 236.93359375 
 754 , 223.6796875 
 755 , 221.0625 
 756 , 220.3671875 
 757 , 217.234375 
 758 , 214.953125 
 759 , 216.61328125 
 760 , 222.19140625 
 761 , 237.453125 
 762 , 271.046875 
 763 , 318.37109375 
 764 , 365.359375 
 765 , 398.59375 
 766 , 413.71875 
 767 , 412.97265625 
 768 , 399.69140625 
 769 , 373.44140625 
 770 , 334.796875 
 771 , 293.79296875 
 772 , 265.65234375 
 773 , 250.65625 
 774 , 238.20703125 
 775 , 219.484375 
 776 , 197.71484375 
 777 , 183.5234375 
 778 , 177.953125 
 779 , 172.671875 
 780 , 159.26171875 
 781 , 137.21484375 
 782 , 113.69921875 
 783 , 96.78125 
 784 , 89.87890625 
 785 , 87.15625 
 786 , 79.0703125 
 787 , 63.6171875 
 788 , 42.99609375 
 789 , 19.8984375 
 790 , 5.62890625 
 791 , 15.34375 
 792 , 49.97265625 
 793 , 89.734375 
 794 , 120.546875 
 795 , 148.58203125 
 796 , 181.09765625 
 797 , 213.6953125 
 798 , 236.5859375 
 799 , 249.26171875 
 800 , 253.5 
 801 , 245.703125 
 802 , 224.99609375 
 803 , 201.65625 
 804 , 192.0078125 
 805 , 198.3515625 
 806 , 213.49609375 
 807 , 226.359375 
 808 , 229.30078125 
 809 , 220.91796875 
 810 , 203.75390625 
 811 , 181.484375 
 812 , 166.16796875 
 813 , 173.08984375 
 814 , 205.4375 
 815 , 250.8046875 
 816 , 297.11328125 
 817 , 333.2109375 
 818 , 346.890625 
 819 , 337.57421875 
 820 , 320.734375 
 821 , 312.9453125 
 822 , 316.78515625 
 823 , 329.30078125 
 824 , 339.828125 
 825 , 334.21484375 
 826 , 310.88671875 
 827 , 293.83984375 
 828 , 304.796875 
 829 , 333.46484375 
 830 , 355.6640625 
 831 , 364.17578125 
 832 , 374.77734375 
 833 , 398.94921875 
 834 , 424.5078125 
 835 , 434.21484375 
 836 , 424.02734375 
 837 , 398.828125 
 838 , 362.44140625 
 839 , 323.9921875 
 840 , 295.15625 
 841 , 282.35546875 
 842 , 285.84375 
 843 , 300.71875 
 844 , 319.52734375 
 845 , 337.359375 
 846 , 349.01171875 
 847 , 346.734375 
 848 , 327.33984375 
 849 , 298.6953125 
 850 , 270.3671875 
 851 , 249.703125 
 852 , 242.22265625 
 853 , 248.08984375 
 854 , 264.1484375 
 855 , 286.609375 
 856 , 304.296875 
 857 , 304.84765625 
 858 , 291.71484375 
 859 , 279.0546875 
 860 , 277.7890625 
 861 , 291.1953125 
 862 , 320.01953125 
 863 , 355.39453125 
 864 , 384.984375 
 865 , 401.96484375 
 866 , 406.1640625 
 867 , 399.62109375 
 868 , 393.89453125 
 869 , 403.3359375 
 870 , 427.39453125 
 871 , 452.00390625 
 872 , 469.8984375 
 873 , 496 
 874 , 546.8828125 
 875 , 613.546875 
 876 , 673.72265625 
 877 , 715.984375 
 878 , 750.45703125 
 879 , 792.859375 
 880 , 852.06640625 
 881 , 929.84375 
 882 , 1003.5859375 
 883 , 1037.87109375 
 884 , 1022.46484375 
 885 , 994.890625 
 886 , 989.40234375 
 887 , 986.2109375 
 888 , 944.55859375 
 889 , 857.12890625 
 890 , 756.75390625 
 891 , 670.83203125 
 892 , 599.734375 
 893 , 537.80078125 
 894 , 476.1796875 
 895 , 402.98828125 
 896 , 318.81640625 
 897 , 249.26171875 
 898 , 216.84375 
 899 , 206.96484375 
 900 , 189.5078125 
 901 , 151.21875 
 902 , 98.8125 
 903 , 43.11328125 
 904 , 5.5 
 905 , 6.6171875 
 906 , 35.53125 
 907 , 60.828125 
 908 , 66.14453125 
 909 , 63.76953125 
 910 , 64.3359375 
 911 , 60.69140625 
 912 , 41.02734375 
 913 , 20.16015625 
 914 , 38.06640625 
 915 , 109.96875 
 916 , 180.15625 
 917 , 188.64453125 
 918 , 148.671875 
 919 , 112.54296875 
 920 , 103.83203125 
 921 , 104.71484375 
 922 , 100.40625 
 923 , 97.16015625 
 924 , 104.76171875 
 925 , 116.53515625 
 926 , 114.8984375 
 927 , 94.7734375 
 928 , 75.94921875 
 929 , 76.5234375 
 930 , 89.4921875 
 931 , 99.36328125 
 932 , 102.203125 
 933 , 103.12890625 
 934 , 103.10546875 
 935 , 95.79296875 
 936 , 75.75390625 
 937 , 48.5546875 
 938 , 24.57421875 
 939 , 10.6328125 
 940 , 10.86328125 
 941 , 25.2890625 
 942 , 39.18359375 
 943 , 34.1875 
 944 , 15.890625 
 945 , 6.34765625 
 946 , 15.45703125 
 947 , 23.95703125 
 948 , 14.58984375 
 949 , 4.87890625 
 950 , 24.578125 
 951 , 72.3203125 
 952 , 115.6953125 
 953 , 132.2421875 
 954 , 137.43359375 
 955 , 151.3828125 
 956 , 174.33203125 
 957 , 192.42578125 
 958 , 197.28515625 
 959 , 189.375 
 960 , 171.3203125 
 961 , 148.75 
 962 , 127.03125 
 963 , 104.34765625 
 964 , 73.734375 
 965 , 38.3046875 
 966 , 23.24609375 
 967 , 49.2734375 
 968 , 94.0703125 
 969 , 121.44921875 
 970 , 125.3203125 
 971 , 128.3515625 
 972 , 142.76953125 
 973 , 150.1640625 
 974 , 131.6875 
 975 , 99.66796875 
 976 , 79.3671875 
 977 , 82.86328125 
 978 , 107.04296875 
 979 , 142.68359375 
 980 , 168.72265625 
 981 , 165.7265625 
 982 , 141.4921875 
 983 , 116.69921875 
 984 , 101.53515625 
 985 , 92.8046875 
 986 , 88.55859375 
 987 , 90.734375 
 988 , 100.421875 
 989 , 111.4921875 
 990 , 115.41015625 
 991 , 110.48046875 
 992 , 102.7890625 
 993 , 98.046875 
 994 , 101.89453125 
 995 , 120.40234375 
 996 , 156.5625 
 997 , 210.4140625 
 998 , 280.4609375 
 999 , 363.85546875 
 1000 , 459.671875 
 1001 , 575.77734375 
 1002 , 722.15625 
 1003 , 903.87890625 
 1004 , 1121.90625 
 1005 , 1347.52734375 
 1006 , 1504.35546875 
 1007 , 1530.58984375 
 1008 , 1442.80078125 
 1009 , 1276.7109375 
 1010 , 1052.59375 
 1011 , 782.109375 
 1012 , 500.49609375 
 1013 , 280.94921875 
 1014 , 178.3203125 
 1015 , 153.00390625 
 1016 , 142.421875 
 1017 , 123.3203125 
 1018 , 99.671875 
 1019 , 75.6171875 
 1020 , 55.328125 
 1021 , 42.4453125 
 1022 , 36.76953125 
 1023 , 36.9375 
 1024 , 45.03515625 
 1025 , 66.00390625 
 1026 , 95.84375 
 1027 , 116.09375 
 1028 , 114.28125 
 1029 , 106.99609375 
 1030 , 116.60546875 
 1031 , 146.2109375 
 1032 , 186.23828125 
 1033 , 228.1484375 
 1034 , 264.42578125 
 1035 , 289.37109375 
 1036 , 306.9609375 
 1037 , 323.6015625 
 1038 , 337.875 
 1039 , 342.83203125 
 1040 , 337.69921875 
 1041 , 331.78125 
 1042 , 330.74609375 
 1043 , 322.8359375 
 1044 , 294.78125 
 1045 , 261.6484375 
 1046 , 254.92578125 
 1047 , 280.87890625 
 1048 , 310.12890625 
 1049 , 320.69921875 
 1050 , 325.5859375 
 1051 , 343.73828125 
 1052 , 378.0234375 
 1053 , 422.0859375 
 1054 , 462.0625 
 1055 , 474.9609375 
 1056 , 448.79296875 
 1057 , 406.27734375 
 1058 , 373.796875 
 1059 , 356.12109375 
 1060 , 348 
 1061 , 344.1171875 
 1062 , 338.875 
 1063 , 330.94921875 
 1064 , 330.90234375 
 1065 , 349.3203125 
 1066 , 383.576171875 
 1067 , 425.34375 
 1068 , 458.859375 
 1069 , 461.30859375 
 1070 , 422.80078125 
 1071 , 361.189453125 
 1072 , 297.1484375 
 1073 , 247.80859375 
 1074 , 227.841796875 
 1075 , 234.041015625 
 1076 , 250.1015625 
 1077 , 265.75 
 1078 , 281.04296875 
 1079 , 296.26171875 
 1080 , 309.431640625 
 1081 , 318.4609375 
 1082 , 323.373046875 
 1083 , 325.01171875 
 1084 , 324.67578125 
 1085 , 324.7734375 
 1086 , 327.166015625 
 1087 , 331.72265625 
 1088 , 339.41796875 
 1089 , 362.369140625 
 1090 , 416.2578125 
 1091 , 484.576171875 
 1092 , 518.390625 
 1093 , 494.09375 
 1094 , 448.041015625 
 1095 , 416.94140625 
 1096 , 396.560546875 
 1097 , 370.4453125 
 1098 , 342.40234375 
 1099 , 331.419921875 
 1100 , 340.21484375 
 1101 , 343.8203125 
 1102 , 322.140625 
 1103 , 283.8828125 
 1104 , 243.5078125 
 1105 , 204.45703125 
 1106 , 164.45703125 
 1107 , 131.533203125 
 1108 , 125.8671875 
 1109 , 153.357421875 
 1110 , 181.0546875 
 1111 , 176.109375 
 1112 , 143.90625 
 1113 , 103.662109375 
 1114 , 66.923828125 
 1115 , 39.1328125 
 1116 , 23.978515625 
 1117 , 23.576171875 
 1118 , 34.001953125 
 1119 , 40.767578125 
 1120 , 31.16796875 
 1121 , 11.423828125 
 1122 ,-2.2578125 
 1123 ,-0.265625 
 1124 , 21.6875 
 1125 , 61.263671875 
 1126 , 94.998046875 
 1127 , 101.1953125 
 1128 , 95.380859375 
 1129 , 109.25390625 
 1130 , 139.12109375 
 1131 , 150.208984375 
 1132 , 131.953125 
 1133 , 115.154296875 
 1134 , 122.22265625 
 1135 , 129.0078125 
 1136 , 105.423828125 
 1137 , 63.373046875 
 1138 , 34.9453125 
 1139 , 32.857421875 
 1140 , 50.34765625 
 1141 , 77.291015625 
 1142 , 96.62109375 
 1143 , 95.46875 
 1144 , 88.205078125 
 1145 , 96.248046875 
 1146 , 121.82421875 
 1147 , 154.041015625 
 1148 , 174.755859375 
 1149 , 160.58203125 
 1150 , 105 
 1151 , 42.21875 
 1152 , 8.45703125 
 1153 , 23.029296875 
 1154 , 98.490234375 
 1155 , 196.34375 
 1156 , 235.302734375 
 1157 , 194.248046875 
 1158 , 151.99609375 
 1159 , 169.990234375 
 1160 , 219.142578125 
 1161 , 255.6484375 
 1162 , 266.712890625 
 1163 , 254.546875 
 1164 , 234.7265625 
 1165 , 235.0234375 
 1166 , 262.08984375 
 1167 , 279.443359375 
 1168 , 258.958984375 
 1169 , 228.287109375 
 1170 , 224.466796875 
 1171 , 239.63671875 
 1172 , 244.775390625 
 1173 , 243.564453125 
 1174 , 269.44140625 
 1175 , 327.8671875 
 1176 , 372.451171875 
 1177 , 368.25390625 
 1178 , 345.314453125 
 1179 , 344.912109375 
 1180 , 370.861328125 
 1181 , 408.71484375 
 1182 , 447.12890625 
 1183 , 474.826171875 
 1184 , 481.1953125 
 1185 , 461.29296875 
 1186 , 418.18359375 
 1187 , 380.55078125 
 1188 , 378.361328125 
 1189 , 398.755859375 
 1190 , 407.259765625 
 1191 , 399.66015625 
 1192 , 404.57421875 
 1193 , 434.447265625 
 1194 , 461.833984375 
 1195 , 461.94921875 
 1196 , 448.375 
 1197 , 444.361328125 
 1198 , 450.21484375 
 1199 , 451.435546875 
 1200 , 447.919921875 
 1201 , 460.580078125 
 1202 , 491.97265625 
 1203 , 499.87890625 
 1204 , 451.751953125 
 1205 , 378.302734375 
 1206 , 322.478515625 
 1207 , 297.1015625 
 1208 , 299.361328125 
 1209 , 309.794921875 
 1210 , 294.33984375 
 1211 , 249.09375 
 1212 , 228.26171875 
 1213 , 265.09375 
 1214 , 289.8828125 
 1215 , 225.697265625 
 1216 , 126.697265625 
 1217 , 98.611328125 
 1218 , 148.84765625 
 1219 , 207.150390625 
 1220 , 227.23828125 
 1221 , 206.205078125 
 1222 , 154.59375 
 1223 , 98.36328125 
 1224 , 59.353515625 
 1225 , 39.802734375 
 1226 , 36.150390625 
 1227 , 39.263671875 
 1228 , 38.28515625 
 1229 , 31.814453125 
 1230 , 29.521484375 
 1231 , 37.40625 
 1232 , 39.572265625 
 1233 , 22.34375 
 1234 , 4.9375 
 1235 , 12.203125 
 1236 , 35.716796875 
 1237 , 55.00390625 
 1238 , 66.26953125 
 1239 , 72.5 
 1240 , 74.4375 
 1241 , 83.537109375 
 1242 , 108.7109375 
 1243 , 130.5078125 
 1244 , 122.47265625 
 1245 , 102.1015625 
 1246 , 111.44140625 
 1247 , 157.466796875 
 1248 , 213.873046875 
 1249 , 257.12109375 
 1250 , 274.65234375 
 1251 , 261.759765625 
 1252 , 225.779296875 
 1253 , 177.583984375 
 1254 , 134.32421875 
 1255 , 109.90625 
 1256 , 96.50390625 
 1257 , 80.57421875 
 1258 , 62.56640625 
 1259 , 51.673828125 
 1260 , 48.298828125 
 1261 , 39.892578125 
 1262 , 22.359375 
 1263 , 16.6015625 
 1264 , 39.228515625 
 1265 , 68.162109375 
 1266 , 75.03515625 
 1267 , 64.525390625 
 1268 , 53.255859375 
 1269 , 45.697265625 
 1270 , 44.880859375 
 1271 , 55.859375 
 1272 , 70.15625 
 1273 , 71.763671875 
 1274 , 55.322265625 
 1275 , 29.791015625 
 1276 , 13.869140625 
 1277 , 16.578125 
 1278 , 29.2109375 
 1279 , 43.43359375 
 1280 , 60.193359375 
 1281 , 79.6953125 
 1282 , 99.044921875 
 1283 , 116.591796875 
 1284 , 135.013671875 
 1285 , 169.525390625 
 1286 , 232.396484375 
 1287 , 294.435546875 
 1288 , 313.39453125 
 1289 , 299.9921875 
 1290 , 299.615234375 
 1291 , 310.4375 
 1292 , 275.775390625 
 1293 , 183.390625 
 1294 , 109.64453125 
 1295 , 111.216796875 
 1296 , 155.509765625 
 1297 , 197.9375 
 1298 , 211.013671875 
 1299 , 173.248046875 
 1300 , 109.52734375 
 1301 , 75.1171875 
 1302 , 80.859375 
 1303 , 87.458984375 
 1304 , 73.587890625 
 1305 , 60.330078125 
 1306 , 66.466796875 
 1307 , 80.275390625 
 1308 , 85.634765625 
 1309 , 88.501953125 
 1310 , 101.3671875 
 1311 , 122.083984375 
 1312 , 141.5859375 
 1313 , 152.451171875 
 1314 , 148.740234375 
 1315 , 126.298828125 
 1316 , 85.5625 
 1317 , 41.029296875 
 1318 , 32.408203125 
 1319 , 83.884765625 
 1320 , 155.306640625 
 1321 , 199.384765625 
 1322 , 213.189453125 
 1323 , 209.244140625 
 1324 , 192.654296875 
 1325 , 168.66796875 
 1326 , 142.20703125 
 1327 , 111.486328125 
 1328 , 79.052734375 
 1329 , 62.142578125 
 1330 , 77.87109375 
 1331 , 132.421875 
 1332 , 221.93359375 
 1333 , 306.544921875 
 1334 , 340.361328125 
 1335 , 330.6953125 
 1336 , 311.892578125 
 1337 , 302.056640625 
 1338 , 306.248046875 
 1339 , 313.423828125 
 1340 , 293.080078125 
 1341 , 243.875 
 1342 , 226.236328125 
 1343 , 281.8828125 
 1344 , 360.865234375 
 1345 , 402.564453125 
 1346 , 409.421875 
 1347 , 406.494140625 
 1348 , 399.66796875 
 1349 , 385.30078125 
 1350 , 373.271484375 
 1351 , 381.65234375 
 1352 , 407.916015625 
 1353 , 427.21875 
 1354 , 428.734375 
 1355 , 424.79296875 
 1356 , 422.705078125 
 1357 , 417.689453125 
 1358 , 406.611328125 
 1359 , 388.326171875 
 1360 , 359.94140625 
 1361 , 328.232421875 
 1362 , 309.548828125 
 1363 , 305.36328125 
 1364 , 297.263671875 
 1365 , 278.029296875 
 1366 , 264.505859375 
 1367 , 265.296875 
 1368 , 260.296875 
 1369 , 233.64453125 
 1370 , 205.248046875 
 1371 , 199.74609375 
 1372 , 211.111328125 
 1373 , 221.279296875 
 1374 , 225.453125 
 1375 , 225.763671875 
 1376 , 223.39453125 
 1377 , 224.654296875 
 1378 , 234.9140625 
 1379 , 250.173828125 
 1380 , 257.791015625 
 1381 , 236.642578125 
 1382 , 183.623046875 
 1383 , 139.46875 
 1384 , 134.484375 
 1385 , 138.013671875 
 1386 , 115.25390625 
 1387 , 83.00390625 
 1388 , 74.318359375 
 1389 , 80.05859375 
 1390 , 65.037109375 
 1391 , 31.06640625 
 1392 , 10.0390625 
 1393 , 11.16796875 
 1394 , 20.931640625 
 1395 , 31.962890625 
 1396 , 43.810546875 
 1397 , 53.900390625 
 1398 , 55.3359375 
 1399 , 48.283203125 
 1400 , 35.052734375 
 1401 , 15.091796875 
 1402 , 0.861328125 
 1403 , 12.76953125 
 1404 , 38.453125 
 1405 , 41.736328125 
 1406 , 27.98828125 
 1407 , 44.298828125 
 1408 , 94.341796875 
 1409 , 122.57421875 
 1410 , 102.205078125 
 1411 , 82.171875 
 1412 , 101.052734375 
 1413 , 130.33984375 
 1414 , 135.00390625 
 1415 , 130.826171875 
 1416 , 150.7421875 
 1417 , 197.23828125 
 1418 , 250.80078125 
 1419 , 284.24609375 
 1420 , 279.04296875 
 1421 , 249.296875 
 1422 , 220.73046875 
 1423 , 200.041015625 
 1424 , 188.068359375 
 1425 , 185.953125 
 1426 , 180.326171875 
 1427 , 163.28125 
 1428 , 159.025390625 
 1429 , 190.328125 
 1430 , 240.166015625 
 1431 , 279.9921875 
 1432 , 290.443359375 
 1433 , 263.326171875 
 1434 , 225.18359375 
 1435 , 211.251953125 
 1436 , 224.7734375 
 1437 , 252.68359375 
 1438 , 279.34375 
 1439 , 287.6484375 
 1440 , 274.46875 
 1441 , 250.234375 
 1442 , 235.5546875 
 1443 , 269.646484375 
 1444 , 361.498046875 
 1445 , 443.875 
 1446 , 461.6640625 
 1447 , 435.83984375 
 1448 , 400.826171875 
 1449 , 384.75 
 1450 , 410.984375 
 1451 , 462.37890625 
 1452 , 502.279296875 
 1453 , 526.794921875 
 1454 , 559.677734375 
 1455 , 615.7421875 
 1456 , 691.6640625 
 1457 , 766.107421875 
 1458 , 811.1328125 
 1459 , 820.634765625 
 1460 , 803.626953125 
 1461 , 764.166015625 
 1462 , 713.154296875 
 1463 , 662.501953125 
 1464 , 608.25 
 1465 , 544.10546875 
 1466 , 479.009765625 
 1467 , 429.021484375 
 1468 , 407.5625 
 1469 , 417.734375 
 1470 , 426.421875 
 1471 , 390.8046875 
 1472 , 315.73828125 
 1473 , 235.451171875 
 1474 , 177.88671875 
 1475 , 161.224609375 
 1476 , 183.21484375 
 1477 , 224.9765625 
 1478 , 266.666015625 
 1479 , 284.5078125 
 1480 , 262.640625 
 1481 , 203.673828125 
 1482 , 128.9765625 
 1483 , 96.45703125 
 1484 , 140.681640625 
 1485 , 207.607421875 
 1486 , 239.431640625 
 1487 , 234.517578125 
 1488 , 208.859375 
 1489 , 199.572265625 
 1490 , 243.37109375 
 1491 , 312.3828125 
 1492 , 351.337890625 
 1493 , 348.009765625 
 1494 , 319.54296875 
 1495 , 282.50390625 
 1496 , 248.498046875 
 1497 , 221.107421875 
 1498 , 199.103515625 
 1499 , 179.208984375 
 1500 , 155.24609375 
 1501 , 133.64453125 
 1502 , 138.529296875 
 1503 , 177.7890625 
 1504 , 227.708984375 
 1505 , 267.669921875 
 1506 , 286.71875 
 1507 , 276.705078125 
 1508 , 250.181640625 
 1509 , 225.134765625 
 1510 , 196.318359375 
 1511 , 152.591796875 
 1512 , 115.857421875 
 1513 , 114.1640625 
 1514 , 121.8359375 
 1515 , 89.14453125 
 1516 , 30.361328125 
 1517 ,-3.072265625 
 1518 ,-3.759765625 
 1519 , 4.755859375 
 1520 , 17.576171875 
 1521 , 45.5390625 
 1522 , 87.455078125 
 1523 , 126.76953125 
 1524 , 151.783203125 
 1525 , 154.42578125 
 1526 , 137.634765625 
 1527 , 122.580078125 
 1528 , 121.296875 
 1529 , 128.7421875 
 1530 , 140.49609375 
 1531 , 142.40625 
 1532 , 121.896484375 
 1533 , 101.326171875 
 1534 , 111.80859375 
 1535 , 162.87890625 
 1536 , 245.513671875 
 1537 , 314.775390625 
 1538 , 325.9375 
 1539 , 300.591796875 
 1540 , 284.189453125 
 1541 , 277.818359375 
 1542 , 262.056640625 
 1543 , 224.01171875 
 1544 , 152.75 
 1545 , 74.009765625 
 1546 , 42.4296875 
 1547 , 57.994140625 
 1548 , 66.494140625 
 1549 , 49.28515625 
 1550 , 37.486328125 
 1551 , 48.849609375 
 1552 , 71.359375 
 1553 , 96.884765625 
 1554 , 129.1171875 
 1555 , 168.626953125 
 1556 , 210.189453125 
 1557 , 246.720703125 
 1558 , 266.375 
 1559 , 262.30859375 
 1560 , 246.66796875 
 1561 , 232.890625 
 1562 , 217.802734375 
 1563 , 196.6875 
 1564 , 187.837890625 
 1565 , 210.41015625 
 1566 , 242.07421875 
 1567 , 250.54296875 
 1568 , 242.16796875 
 1569 , 238.0390625 
 1570 , 241.83203125 
 1571 , 248.994140625 
 1572 , 265.03125 
 1573 , 298.9140625 
 1574 , 318.9453125 
 1575 , 274.9453125 
 1576 , 196.623046875 
 1577 , 161.228515625 
 1578 , 179.541015625 
 1579 , 214.728515625 
 1580 , 239.265625 
 1581 , 232.197265625 
 1582 , 197.529296875 
 1583 , 167.654296875 
 1584 , 163.009765625 
 1585 , 183.64453125 
 1586 , 220.78125 
 1587 , 260.87890625 
 1588 , 299.50390625 
 1589 , 340.66796875 
 1590 , 378.326171875 
 1591 , 396.970703125 
 1592 , 394.791015625 
 1593 , 385.958984375 
 1594 , 382.505859375 
 1595 , 400.783203125 
 1596 , 440.65234375 
 1597 , 445.412109375 
 1598 , 381.517578125 
 1599 , 321.814453125 
 1600 , 328.955078125 
 1601 , 361.345703125 
 1602 , 376.2890625 
 1603 , 402.2890625 
 1604 , 465.390625 
 1605 , 521.3359375 
 1606 , 527.271484375 
 1607 , 522.033203125 
 1608 , 549.759765625 
 1609 , 572.923828125 
 1610 , 541.587890625 
 1611 , 478.123046875 
 1612 , 424.572265625 
 1613 , 385.826171875 
 1614 , 353.37890625 
 1615 , 322.21484375 
 1616 , 288.84375 
 1617 , 258.05078125 
 1618 , 240.20703125 
 1619 , 235.5 
 1620 , 232.505859375 
 1621 , 218.609375 
 1622 , 188.56640625 
 1623 , 157.478515625 
 1624 , 148.181640625 
 1625 , 162.9375 
 1626 , 192.44140625 
 1627 , 222.96484375 
 1628 , 232.9453125 
 1629 , 219.1328125 
 1630 , 200.0234375 
 1631 , 187.318359375 
 1632 , 182.435546875 
 1633 , 182.564453125 
 1634 , 183.19140625 
 1635 , 182.36328125 
 1636 , 174.275390625 
 1637 , 156.625 
 1638 , 141.935546875 
 1639 , 142.994140625 
 1640 , 161.638671875 
 1641 , 189.44921875 
 1642 , 213.365234375 
 1643 , 224.052734375 
 1644 , 210.462890625 
 1645 , 174.18359375 
 1646 , 144.3828125 
 1647 , 139.84375 
 1648 , 154.849609375 
 1649 , 179.515625 
 1650 , 200.111328125 
 1651 , 212.22265625 
 1652 , 227.486328125 
 1653 , 247.005859375 
 1654 , 250.388671875 
 1655 , 234.306640625 
 1656 , 237.482421875 
 1657 , 263.13671875 
 1658 , 228.591796875 
 1659 , 110.48046875 
 1660 , 28.986328125 
 1661 , 55.146484375 
 1662 , 119.44140625 
 1663 , 157.6953125 
 1664 , 159.5390625 
 1665 , 131.384765625 
 1666 , 97.26171875 
 1667 , 79.021484375 
 1668 , 85.83203125 
 1669 , 111.779296875 
 1670 , 126.990234375 
 1671 , 120.609375 
 1672 , 129.091796875 
 1673 , 172.24609375 
 1674 , 216.18359375 
 1675 , 232.748046875 
 1676 , 227.466796875 
 1677 , 211.123046875 
 1678 , 191.740234375 
 1679 , 174.2890625 
 1680 , 161.802734375 
 1681 , 158.43359375 
 1682 , 168.90625 
 1683 , 187.763671875 
 1684 , 183.234375 
 1685 , 143.810546875 
 1686 , 124.326171875 
 1687 , 160.873046875 
 1688 , 205.638671875 
 1689 , 209.9296875 
 1690 , 171.306640625 
 1691 , 115.08984375 
 1692 , 100.08984375 
 1693 , 148.921875 
 1694 , 199.884765625 
 1695 , 213.279296875 
 1696 , 217.001953125 
 1697 , 228.078125 
 1698 , 225.87109375 
 1699 , 201.455078125 
 1700 , 181.783203125 
 1701 , 180.642578125 
 1702 , 171.537109375 
 1703 , 138.201171875 
 1704 , 99.63671875 
 1705 , 71.951171875 
 1706 , 49.6640625 
 1707 , 30.3125 
 1708 , 30.9296875 
 1709 , 56.595703125 
 1710 , 73.5859375 
 1711 , 60.513671875 
 1712 , 33.54296875 
 1713 , 9.498046875 
 1714 , 5.19140625 
 1715 , 18.623046875 
 1716 , 17.67578125 
 1717 ,-1.435546875 
 1718 , 12.361328125 
 1719 , 76.658203125 
 1720 , 138.494140625 
 1721 , 167.349609375 
 1722 , 180.734375 
 1723 , 187.07421875 
 1724 , 178.90625 
 1725 , 155.59765625 
 1726 , 133.666015625 
 1727 , 125.6171875 
 1728 , 134.56640625 
 1729 , 151.501953125 
 1730 , 156.50390625 
 1731 , 144.201171875 
 1732 , 123.12109375 
 1733 , 101.951171875 
 1734 , 96.970703125 
 1735 , 113.0078125 
 1736 , 128.921875 
 1737 , 121.845703125 
 1738 , 80.470703125 
 1739 , 35.51953125 
 1740 , 50.328125 
 1741 , 110.248046875 
 1742 , 131.76171875 
 1743 , 115.509765625 
 1744 , 134.3203125 
 1745 , 176.662109375 
 1746 , 163.013671875 
 1747 , 103.384765625 
 1748 , 77.56640625 
 1749 , 106.0390625 
 1750 , 160.904296875 
 1751 , 197.33984375 
 1752 , 169.880859375 
 1753 , 113.04296875 
 1754 , 99.603515625 
 1755 , 123.541015625 
 1756 , 141.25 
 1757 , 156.919921875 
 1758 , 194.982421875 
 1759 , 236.1484375 
 1760 , 242.767578125 
 1761 , 213.2734375 
 1762 , 167.6015625 
 1763 , 152.765625 
 1764 , 205.79296875 
 1765 , 265.05078125 
 1766 , 261.650390625 
 1767 , 229.87109375 
 1768 , 219.7421875 
 1769 , 226.80078125 
 1770 , 233.0859375 
 1771 , 228.9140625 
 1772 , 208.36328125 
 1773 , 169.72265625 
 1774 , 126.609375 
 1775 , 128.7109375 
 1776 , 196.03515625 
 1777 , 267.3046875 
 1778 , 293.548828125 
 1779 , 270.35546875 
 1780 , 210.984375 
 1781 , 160.685546875 
 1782 , 144.12109375 
 1783 , 137.978515625 
 1784 , 128.916015625 
 1785 , 126.66796875 
 1786 , 123.86328125 
 1787 , 90.294921875 
 1788 , 39.3046875 
 1789 , 31.830078125 
 1790 , 66.82421875 
 1791 , 86.79296875 
 1792 , 77.8203125 
 1793 , 61.51953125 
 1794 , 55.87109375 
 1795 , 72.884765625 
 1796 , 108.1875 
 1797 , 147.748046875 
 1798 , 178.166015625 
 1799 , 186.736328125 
 1800 , 180.6171875 
 1801 , 178.193359375 
 1802 , 183.544921875 
 1803 , 189.9609375 
 1804 , 183.037109375 
 1805 , 154.75390625 
 1806 , 121.61328125 
 1807 , 97.970703125 
 1808 , 70.662109375 
 1809 , 33.111328125 
 1810 , 15.712890625 
 1811 , 37.1484375 
 1812 , 72.962890625 
 1813 , 104.021484375 
 1814 , 128.814453125 
 1815 , 145.787109375 
 1816 , 159.6171875 
 1817 , 178.140625 
 1818 , 203.322265625 
 1819 , 221.208984375 
 1820 , 205.501953125 
 1821 , 167.177734375 
 1822 , 156.33203125 
 1823 , 176.244140625 
 1824 , 184.279296875 
 1825 , 176.392578125 
 1826 , 181.068359375 
 1827 , 195.642578125 
 1828 , 194.283203125 
 1829 , 172.994140625 
 1830 , 143.853515625 
 1831 , 126.5234375 
 1832 , 137.90234375 
 1833 , 156.267578125 
 1834 , 155.265625 
 1835 , 160.638671875 
 1836 , 195.837890625 
 1837 , 209.6171875 
 1838 , 162.54296875 
 1839 , 111.48046875 
 1840 , 106.32421875 
 1841 , 132.560546875 
 1842 , 169.216796875 
 1843 , 202.265625 
 1844 , 216.818359375 
 1845 , 197.390625 
 1846 , 153.697265625 
 1847 , 127.66796875 
 1848 , 136.921875 
 1849 , 166.744140625 
 1850 , 191.67578125 
 1851 , 185.853515625 
 1852 , 169.103515625 
 1853 , 182.294921875 
 1854 , 204.7109375 
 1855 , 192.712890625 
 1856 , 148.6953125 
 1857 , 92.662109375 
 1858 , 47.787109375 
 1859 , 36.14453125 
 1860 , 61.28125 
 1861 , 110.58984375 
 1862 , 142.880859375 
 1863 , 135.58203125 
 1864 , 126 
 1865 , 141.759765625 
 1866 , 173.330078125 
 1867 , 202.78515625 
 1868 , 201.84765625 
 1869 , 160.18359375 
 1870 , 99.26171875 
 1871 , 53.853515625 
 1872 , 58.115234375 
 1873 , 92.3359375 
 1874 , 107.27734375 
 1875 , 103.4375 
 1876 , 103.078125 
 1877 , 111.4765625 
 1878 , 129.0078125 
 1879 , 140.458984375 
 1880 , 127.5390625 
 1881 , 107.775390625 
 1882 , 105.197265625 
 1883 , 118.998046875 
 1884 , 137.91796875 
 1885 , 139.572265625 
 1886 , 122.783203125 
 1887 , 129.951171875 
 1888 , 162.80078125 
 1889 , 159.09765625 
 1890 , 112.732421875 
 1891 , 85.3203125 
 1892 , 91.4453125 
 1893 , 100.931640625 
 1894 , 103.888671875 
 1895 , 106.75 
 1896 , 118.9375 
 1897 , 144.83984375 
 1898 , 161.109375 
 1899 , 145.849609375 
 1900 , 120.626953125 
 1901 , 109.6328125 
 1902 , 109.419921875 
 1903 , 111.1328125 
 1904 , 106.650390625 
 1905 , 104.232421875 
 1906 , 138.51171875 
 1907 , 191.81640625 
 1908 , 177.0078125 
 1909 , 105.60546875 
 1910 , 86.701171875 
 1911 , 126.962890625 
 1912 , 156.138671875 
 1913 , 160.619140625 
 1914 , 162.453125 
 1915 , 167.390625 
 1916 , 173.0390625 
 1917 , 191.978515625 
 1918 , 228.548828125 
 1919 , 236.568359375 
 1920 , 192.755859375 
 1921 , 154.22265625 
 1922 , 153.845703125 
 1923 , 166.6953125 
 1924 , 176.453125 
 1925 , 181.669921875 
 1926 , 184.88671875 
 1927 , 191.79296875 
 1928 , 193.779296875 
 1929 , 172.705078125 
 1930 , 132.998046875 
 1931 , 93.40625 
 1932 , 67.6484375 
 1933 , 60.578125 
 1934 , 59.091796875 
 1935 , 55.279296875 
 1936 , 64.16796875 
 1937 , 84.609375 
 1938 , 80.119140625 
 1939 , 63.619140625 
 1940 , 117.2265625 
 1941 , 219.07421875 
 1942 , 247.447265625 
 1943 , 202.791015625 
 1944 , 166.5390625 
 1945 , 149.44921875 
 1946 , 132.544921875 
 1947 , 130.216796875 
 1948 , 156.755859375 
 1949 , 178.599609375 
 1950 , 166.927734375 
 1951 , 137.111328125 
 1952 , 108.412109375 
 1953 , 91.466796875 
 1954 , 88.0390625 
 1955 , 95.30859375 
 1956 , 103.166015625 
 1957 , 92.974609375 
 1958 , 84.08984375 
 1959 , 111.50390625 
 1960 , 138.4609375 
 1961 , 114.330078125 
 1962 , 68.8203125 
 1963 , 45.484375 
 1964 , 59.05859375 
 1965 , 96.5859375 
 1966 , 95.91796875 
 1967 , 47.71875 
 1968 , 29.134765625 
 1969 , 54.8125 
 1970 , 70.216796875 
 1971 , 81.224609375 
 1972 , 133.0859375 
 1973 , 188.3984375 
 1974 , 182.814453125 
 1975 , 150.55078125 
 1976 , 144.830078125 
 1977 , 157.224609375 
 1978 , 168.31640625 
 1979 , 175.033203125 
 1980 , 179.111328125 
 1981 , 180.36328125 
 1982 , 173.642578125 
 1983 , 151.19140625 
 1984 , 122.23046875 
 1985 , 106.48046875 
 1986 , 110.65625 
 1987 , 128.796875 
 1988 , 124.109375 
 1989 , 80.7421875 
 1990 , 76.4453125 
 1991 , 143.779296875 
 1992 , 187.228515625 
 1993 , 166.53515625 
 1994 , 137.984375 
 1995 , 124.677734375 
 1996 , 113.98828125 
 1997 , 115.458984375 
 1998 , 146.0546875 
 1999 , 178.74609375 
 2000 , 183.48046875 
 2001 , 184.0703125 
 2002 , 199.802734375 
 2003 , 209.65625 
 2004 , 204.08984375 
 2005 , 197.751953125 
 2006 , 191.580078125 
 2007 , 172.193359375 
 2008 , 131.361328125 
 2009 , 71.93359375 
 2010 , 57.375 
 2011 , 145.794921875 
 2012 , 239.69140625 
 2013 , 246.15234375 
 2014 , 214.974609375 
 2015 , 193.041015625 
 2016 , 173.87109375 
 2017 , 151.23046875 
 2018 , 127.947265625 
 2019 , 110.89453125 
 2020 , 105.650390625 
 2021 , 94.240234375 
 2022 , 60.095703125 
 2023 , 38.384765625 
 2024 , 57.220703125 
 2025 , 59.189453125 
 2026 , 17.728515625 
 2027 ,-2.09375 
 2028 , 21.115234375 
 2029 , 41.880859375 
 2030 , 52.994140625 
 2031 , 80.09375 
 2032 , 109.33203125 
 2033 , 110.91796875 
 2034 , 109.34375 
 2035 , 126.578125 
 2036 , 128.005859375 
 2037 , 99.6171875 
 2038 , 89.00390625 
 2039 , 100.408203125 
 2040 , 80.78515625 
 2041 , 41.455078125 
 2042 , 37.505859375 
 2043 , 59.96484375 
 2044 , 78.5234375 
 2045 , 103.3828125 
 2046 , 139.3125 
 2047 , 147.033203125 
 2048 , 119.8125 
 2049 , 111.41796875 
 2050 , 122.62109375 
 2051 , 104.029296875 
 2052 , 71.037109375 
 2053 , 66.892578125 
 2054 , 63.0078125 
 2055 , 31.685546875 
 2056 , 36.634765625 
 2057 , 99.361328125 
 2058 , 119.30859375 
 2059 , 74.283203125 
 2060 , 52.564453125 
 2061 , 68.859375 
 2062 , 81.02734375 
 2063 , 84.0234375 
 2064 , 88.716796875 
 2065 , 98.296875 
 2066 , 114.89453125 
 2067 , 140.7421875 
 2068 , 165.701171875 
 2069 , 164.41796875 
 2070 , 137.580078125 
 2071 , 108.638671875 
 2072 , 89.919921875 
 2073 , 88.494140625 
 2074 , 114.423828125 
 2075 , 159.55078125 
 2076 , 162.77734375 
 2077 , 107.30859375 
 2078 , 65.134765625 
 2079 , 62.76953125 
 2080 , 72.49609375 
 2081 , 78.50390625 
 2082 , 76.912109375 
 2083 , 75.66796875 
 2084 , 84.298828125 
 2085 , 110.52734375 
 2086 , 147.201171875 
 2087 , 155.5234375 
 2088 , 128.31640625 
 2089 , 100.173828125 
 2090 , 87.283203125 
 2091 , 85.509765625 
 2092 , 68.884765625 
 2093 , 29.23828125 
 2094 , 33.478515625 
 2095 , 101.34375 
 2096 , 142.853515625 
 2097 , 139.220703125 
 2098 , 156.044921875 
 2099 , 205.11328125 
 2100 , 259.890625 
 2101 , 277.80078125 
 2102 , 235.416015625 
 2103 , 191.501953125 
 2104 , 192.171875 
 2105 , 231.458984375 
 2106 , 274.05078125 
 2107 , 265.8984375 
 2108 , 235.880859375 
 2109 , 244.94921875 
 2110 , 244.12890625 
 2111 , 186.158203125 
 2112 , 139.744140625 
 2113 , 139.353515625 
 2114 , 131.78125 
 2115 , 100.857421875 
 2116 , 72.859375 
 2117 , 49.552734375 
 2118 , 22.607421875 
 2119 , 4.6015625 
 2120 , 9.208984375 
 2121 , 36.103515625 
 2122 , 78.779296875 
 2123 , 125.583984375 
 2124 , 154.8125 
 2125 , 141.8515625 
 2126 , 106.158203125 
 2127 , 77.759765625 
 2128 , 60.3828125 
 2129 , 61.02734375 
 2130 , 103.37890625 
 2131 , 163.947265625 
 2132 , 171.3515625 
 2133 , 133.111328125 
 2134 , 99.4609375 
 2135 , 73.80859375 
 2136 , 51.5859375 
 2137 , 51.396484375 
 2138 , 75.60546875 
 2139 , 96.525390625 
 2140 , 108.40234375 
 2141 , 122.416015625 
 2142 , 118.69140625 
 2143 , 85.240234375 
 2144 , 99.505859375 
 2145 , 185.828125 
 2146 , 218.53515625 
 2147 , 169.330078125 
 2148 , 132.455078125 
 2149 , 123.76953125 
 2150 , 110.8515625 
 2151 , 93.171875 
 2152 , 73.650390625 
 2153 , 39.146484375 
 2154 , 5.818359375 
 2155 , 28.8984375 
 2156 , 75.431640625 
 2157 , 60.9453125 
 2158 , 31.9296875 
 2159 , 56.802734375 
 2160 , 93.138671875 
 2161 , 103.365234375 
 2162 , 95.8828125 
 2163 , 96.66796875 
 2164 , 132.810546875 
 2165 , 153.705078125 
 2166 , 98.73828125 
 2167 , 29.16015625 
 2168 , 6.615234375 
 2169 , 28.919921875 
 2170 , 73.1171875 
 2171 , 105.80078125 
 2172 , 131.87890625 
 2173 , 167.814453125 
 2174 , 177.04296875 
 2175 , 140.716796875 
 2176 , 113.818359375 
 2177 , 121.8359375 
 2178 , 141.369140625 
 2179 , 155.115234375 
 2180 , 156.236328125 
 2181 , 162.138671875 
 2182 , 184.0859375 
 2183 , 197.515625 
 2184 , 199.044921875 
 2185 , 217.001953125 
 2186 , 228.0234375 
 2187 , 185.0703125 
 2188 , 122.275390625 
 2189 , 93.193359375 
 2190 , 122.267578125 
 2191 , 191.2578125 
 2192 , 233.904296875 
 2193 , 231.525390625 
 2194 , 201.888671875 
 2195 , 162.61328125 
 2196 , 131.458984375 
 2197 , 124.708984375 
 2198 , 147.62109375 
 2199 , 190.015625 
 2200 , 229.427734375 
 2201 , 237.771484375 
 2202 , 202.185546875 
 2203 , 136.49609375 
 2204 , 112.408203125 
 2205 , 141.779296875 
 2206 , 146.3046875 
 2207 , 128.21484375 
 2208 , 140.578125 
 2209 , 173.564453125 
 2210 , 192.0546875 
 2211 , 156.484375 
 2212 , 100.44140625 
 2213 , 137.626953125 
 2214 , 206.279296875 
 2215 , 168.046875 
 2216 , 101.31640625 
 2217 , 93.03125 
 2218 , 87.5546875 
 2219 , 64.30078125 
 2220 , 63.384765625 
 2221 , 75.5546875 
 2222 , 68.7421875 
 2223 , 51.625 
 2224 , 47.345703125 
 2225 , 81.24609375 
 2226 , 125.748046875 
 2227 , 111.9296875 
 2228 , 77.916015625 
 2229 , 85.78515625 
 2230 , 80.15234375 
 2231 , 37.119140625 
 2232 , 32.833984375 
 2233 , 70.919921875 
 2234 , 90.931640625 
 2235 , 94.4453125 
 2236 , 101.01171875 
 2237 , 99.919921875 
 2238 , 88.7265625 
 2239 , 85.5 
 2240 , 89.517578125 
 2241 , 87.564453125 
 2242 , 90.216796875 
 2243 , 103.3359375 
 2244 , 99.68359375 
 2245 , 81.0234375 
 2246 , 83.015625 
 2247 , 80.978515625 
 2248 , 38.287109375 
 2249 , 12.759765625 
 2250 , 46.529296875 
 2251 , 109.8984375 
 2252 , 148.40234375 
 2253 , 108.87109375 
 2254 , 68.103515625 
 2255 , 103.123046875 
 2256 , 122.21875 
 2257 , 93.48828125 
 2258 , 105.396484375 
 2259 , 153.14453125 
 2260 , 178.271484375 
 2261 , 192.15234375 
 2262 , 209.48046875 
 2263 , 205.408203125 
 2264 , 170.68359375 
 2265 , 119.677734375 
 2266 , 83.55078125 
 2267 , 85.4375 
 2268 , 98.748046875 
 2269 , 106.005859375 
 2270 , 116.041015625 
 2271 , 124.796875 
 2272 , 123.310546875 
 2273 , 124.95703125 
 2274 , 131.416015625 
 2275 , 109.208984375 
 2276 , 71.8203125 
 2277 , 70.84375 
 2278 , 75.521484375 
 2279 , 48.55078125 
 2280 , 51.623046875 
 2281 , 99.98828125 
 2282 , 122.02734375 
 2283 , 106.173828125 
 2284 , 84.98828125 
 2285 , 91.990234375 
 2286 , 121.98046875 
 2287 , 95.498046875 
 2288 , 27.970703125 
 2289 , 15.2265625 
 2290 , 35.103515625 
 2291 , 35.06640625 
 2292 , 26.0625 
 2293 , 24.982421875 
 2294 , 38.546875 
 2295 , 56.337890625 
 2296 , 60.60546875 
 2297 , 42.623046875 
 2298 , 15.818359375 
 2299 , 45.619140625 
 2300 , 84.380859375 
 2301 , 23.74609375 
 2302 ,-45.541015625 
 2303 ,-32.806640625 
 2304 , 14.203125 
 2305 , 72.87109375 
 2306 , 149.267578125 
 2307 , 175.830078125 
 2308 , 103.7109375 
 2309 , 53.142578125 
 2310 , 83.609375 
 2311 , 142.12890625 
 2312 , 169.619140625 
 2313 , 131.83203125 
 2314 , 101.267578125 
 2315 , 106.529296875 
 2316 , 75.0390625 
 2317 , 35.484375 
 2318 , 59.318359375 
 2319 , 94.677734375 
 2320 , 86.56640625 
 2321 , 40.65234375 
 2322 ,-17.18359375 
 2323 ,-43.763671875 
 2324 ,-8.515625 
 2325 , 73.28125 
 2326 , 101.67578125 
 2327 , 72.193359375 
 2328 , 68.533203125 
 2329 , 65.427734375 
 2330 , 10 
 2331 , 10 
 2332 , 10 
 2333 , 10 
 2334 , 10 
 2335 , 10 
 2336 , 10 
 2337 , 10 
 2338 , 10 
 2339 , 10 
