11-20-2017,17:40:37
Wavenumber(cm-1),Intensity
 250 , 18515.2951861326 
 251 , 18544.0649011019 
 252 , 18549.5107453704 
 253 , 18534.0081515036 
 254 , 18515.1529867972 
 255 , 18510.8230815966 
 256 , 18523.869120482 
 257 , 18545.9646274433 
 258 , 18568.9051257988 
 259 , 18586.5818683468 
 260 , 18593.6162751128 
 261 , 18590.8804864457 
 262 , 18593.6337926781 
 263 , 18618.5205199 
 264 , 18666.0930114064 
 265 , 18719.8974367741 
 266 , 18764.2152396491 
 267 , 18795.9539653244 
 268 , 18818.1720217153 
 269 , 18834.3023686591 
 270 , 18848.8834133697 
 271 , 18866.6428206752 
 272 , 18890.2855060332 
 273 , 18919.569699352 
 274 , 18953.9551131405 
 275 , 18992.0932396305 
 276 , 19032.0932086757 
 277 , 19072.0992280688 
 278 , 19110.4661162466 
 279 , 19145.6218395106 
 280 , 19177.4645493139 
 281 , 19208.7756692002 
 282 , 19242.4809105166 
 283 , 19277.9313800351 
 284 , 19311.3057804775 
 285 , 19339.2387734513 
 286 , 19361.9780233308 
 287 , 19381.1929309451 
 288 , 19399.2511892524 
 289 , 19420.3157737606 
 290 , 19448.7080060958 
 291 , 19485.0180675911 
 292 , 19525.6019591611 
 293 , 19566.6749583299 
 294 , 19605.2034948904 
 295 , 19638.5341352015 
 296 , 19663.3301929654 
 297 , 19673.9749530288 
 298 , 19664.6108828162 
 299 , 19640.280775955 
 300 , 19621.3800819955 
 301 , 19627.5898639809 
 302 , 19657.720443871 
 303 , 19697.5173860112 
 304 , 19734.6362564168 
 305 , 19765.4873472241 
 306 , 19788.7827327054 
 307 , 19805.7275303225 
 308 , 19821.7627828889 
 309 , 19842.4730147395 
 310 , 19869.611346899 
 311 , 19902.0709736403 
 312 , 19938.4828079484 
 313 , 19976.5085164666 
 314 , 20013.5230493292 
 315 , 20049.0013579524 
 316 , 20086.6012400156 
 317 , 20130.1425050317 
 318 , 20177.5057249248 
 319 , 20221.4588585937 
 320 , 20256.0427739857 
 321 , 20283.6993086391 
 322 , 20309.906481644 
 323 , 20339.658239464 
 324 , 20376.8422250952 
 325 , 20424.8448470802 
 326 , 20479.5672522898 
 327 , 20529.7130159207 
 328 , 20565.0623555995 
 329 , 20584.3888602611 
 330 , 20590.1063214277 
 331 , 20587.7579124605 
 332 , 20590.6783472181 
 333 , 20612.8724398082 
 334 , 20655.3111961013 
 335 , 20705.3962376193 
 336 , 20751.0065266843 
 337 , 20787.9633823411 
 338 , 20815.5476351608 
 339 , 20834.2544675673 
 340 , 20847.7767779945 
 341 , 20860.2395109119 
 342 , 20873.1970581428 
 343 , 20885.3948025471 
 344 , 20895.9237537004 
 345 , 20907.5319366068 
 346 , 20924.6213123802 
 347 , 20948.4200394941 
 348 , 20971.413337886 
 349 , 20984.9100358018 
 350 , 20988.9770534418 
 351 , 20993.4201528836 
 352 , 21007.4891920619 
 353 , 21032.3874321998 
 354 , 21065.6389268769 
 355 , 21103.3001981487 
 356 , 21137.4618203353 
 357 , 21159.9202539008 
 358 , 21172.8185885628 
 359 , 21189.6501383032 
 360 , 21222.7934188265 
 361 , 21272.1923480626 
 362 , 21332.2525016466 
 363 , 21397.4658634752 
 364 , 21462.6191463911 
 365 , 21522.6477399404 
 366 , 21575.0160145204 
 367 , 21619.8418705366 
 368 , 21657.1002592996 
 369 , 21684.9229089978 
 370 , 21700.6807438627 
 371 , 21706.1881132255 
 372 , 21714.173171182 
 373 , 21738.3590391633 
 374 , 21778.245887365 
 375 , 21819.4938004675 
 376 , 21850.0634413537 
 377 , 21875.7070317569 
 378 , 21908.9377288471 
 379 , 21953.9779319868 
 380 , 21996.6744831525 
 381 , 22021.3133423973 
 382 , 22028.677778281 
 383 , 22033.9853841233 
 384 , 22050.4375938744 
 385 , 22077.7253516579 
 386 , 22111.019112992 
 387 , 22147.5269306365 
 388 , 22188.4039867062 
 389 , 22235.1436482864 
 390 , 22287.5730311234 
 391 , 22344.2489598633 
 392 , 22402.8014941834 
 393 , 22456.7899565508 
 394 , 22498.6890097481 
 395 , 22526.0658013235 
 396 , 22544.8470520764 
 397 , 22561.5969051988 
 398 , 22581.2707481699 
 399 , 22607.7897248155 
 400 , 22643.30601081 
 401 , 22683.4777425476 
 402 , 22722.53903213 
 403 , 22758.1639149956 
 404 , 22792.6863904802 
 405 , 22828.7439351289 
 406 , 22868.7256228208 
 407 , 22914.8895453508 
 408 , 22968.3544067175 
 409 , 23026.9097301559 
 410 , 23087.7097553216 
 411 , 23147.1072198366 
 412 , 23200.5835973906 
 413 , 23244.1645594966 
 414 , 23277.8020994232 
 415 , 23303.0500481487 
 416 , 23320.0974842571 
 417 , 23326.0533685108 
 418 , 23318.4261937466 
 419 , 23308.9496419415 
 420 , 23321.4022699569 
 421 , 23372.5389202949 
 422 , 23442.7262070661 
 423 , 23501.3804575635 
 424 , 23534.0777925124 
 425 , 23553.7410158059 
 426 , 23574.8903503403 
 427 , 23600.0898036197 
 428 , 23624.2812184057 
 429 , 23644.5897346473 
 430 , 23666.2543993691 
 431 , 23696.0935965638 
 432 , 23733.6900968596 
 433 , 23769.612454283 
 434 , 23795.1162521982 
 435 , 23811.0065776615 
 436 , 23822.4880245876 
 437 , 23835.2273364145 
 438 , 23855.9690462607 
 439 , 23891.1303968308 
 440 , 23937.8439901105 
 441 , 23984.9406732688 
 442 , 24023.0577379163 
 443 , 24053.4785473701 
 444 , 24080.8340325703 
 445 , 24108.239161607 
 446 , 24136.2416485229 
 447 , 24164.9864131637 
 448 , 24192.9135816292 
 449 , 24217.406924911 
 450 , 24238.8612265452 
 451 , 24267.6814057765 
 452 , 24315.8251683277 
 453 , 24379.8867898745 
 454 , 24438.8220371693 
 455 , 24473.8106545377 
 456 , 24487.3753530451 
 457 , 24490.7737873838 
 458 , 24493.8156177538 
 459 , 24503.1811932287 
 460 , 24524.6550283868 
 461 , 24556.7483632195 
 462 , 24592.4497902728 
 463 , 24626.3832653723 
 464 , 24660.3973343292 
 465 , 24698.0745542679 
 466 , 24738.46014342 
 467 , 24774.4475019336 
 468 , 24799.4293675375 
 469 , 24814.3118163618 
 470 , 24823.6150283266 
 471 , 24832.9734606513 
 472 , 24850.6905332295 
 473 , 24884.9722673398 
 474 , 24935.3015419612 
 475 , 24993.7283156161 
 476 , 25052.6963531516 
 477 , 25107.5290371922 
 478 , 25154.3885885601 
 479 , 25190.4074111967 
 480 , 25214.145718256 
 481 , 25224.9828884021 
 482 , 25228.4235423591 
 483 , 25233.1101754909 
 484 , 25242.2524183525 
 485 , 25245.0030699049 
 486 , 25229.8757590602 
 487 , 25214.7009516629 
 488 , 25243.060448694 
 489 , 25343.304893505 
 490 , 25469.1894183376 
 491 , 25553.7375770815 
 492 , 25574.0168457951 
 493 , 25571.6996366921 
 494 , 25588.5709280747 
 495 , 25623.7486157943 
 496 , 25654.8989909797 
 497 , 25669.6483888435 
 498 , 25680.6570313797 
 499 , 25703.4787901393 
 500 , 25738.3356980806 
 501 , 25772.6900737953 
 502 , 25796.669057804 
 503 , 25813.4361603561 
 504 , 25829.5614839037 
 505 , 25848.6072696842 
 506 , 25870.0981701299 
 507 , 25892.9358710868 
 508 , 25913.4967985308 
 509 , 25927.0341573504 
 510 , 25931.5337895644 
 511 , 25930.9228966045 
 512 , 25930.2364804571 
 513 , 25939.0126729369 
 514 , 25970.0510923456 
 515 , 26029.1662803823 
 516 , 26096.9400260512 
 517 , 26148.7956849635 
 518 , 26174.0082303085 
 519 , 26177.5045677281 
 520 , 26167.0188989869 
 521 , 26161.9470293539 
 522 , 26185.7446754551 
 523 , 26243.0979474808 
 524 , 26305.8546874158 
 525 , 26345.1886382994 
 526 , 26358.7557665821 
 527 , 26359.502505519 
 528 , 26360.6075536746 
 529 , 26375.3784695378 
 530 , 26416.1187435852 
 531 , 26476.3457420827 
 532 , 26533.1280083893 
 533 , 26567.490912406 
 534 , 26579.9591736215 
 535 , 26576.4634907794 
 536 , 26568.4254046974 
 537 , 26574.4190979222 
 538 , 26609.7713384874 
 539 , 26664.3594712392 
 540 , 26717.5174570239 
 541 , 26759.292120937 
 542 , 26800.485590991 
 543 , 26852.3576535602 
 544 , 26905.0465694203 
 545 , 26935.5753000269 
 546 , 26933.815087873 
 547 , 26927.2444357865 
 548 , 26948.5657936011 
 549 , 27001.6375000397 
 550 , 27064.4294037459 
 551 , 27118.5875190292 
 552 , 27165.6443483678 
 553 , 27212.4658552584 
 554 , 27264.2343983257 
 555 , 27323.9870209017 
 556 , 27393.375705959 
 557 , 27465.9981102304 
 558 , 27532.2644235343 
 559 , 27584.0629057839 
 560 , 27615.9530318698 
 561 , 27624.0210478172 
 562 , 27616.5489084159 
 563 , 27608.7013687137 
 564 , 27611.1987449344 
 565 , 27623.2837267339 
 566 , 27642.3932186137 
 567 , 27665.7775899714 
 568 , 27690.5414959856 
 569 , 27713.3952584063 
 570 , 27729.6458258905 
 571 , 27734.6215200331 
 572 , 27732.2438905049 
 573 , 27735.5299601593 
 574 , 27754.8039311137 
 575 , 27784.5572731432 
 576 , 27814.4161312929 
 577 , 27840.1658863658 
 578 , 27866.3222228735 
 579 , 27896.9438009464 
 580 , 27928.1602366436 
 581 , 27952.7376666247 
 582 , 27969.8471340932 
 583 , 27990.7553635902 
 584 , 28026.1465528048 
 585 , 28067.5319668541 
 586 , 28095.4307230115 
 587 , 28098.4013492648 
 588 , 28085.4162160717 
 589 , 28068.3271179015 
 590 , 28055.3179040593 
 591 , 28051.8313270363 
 592 , 28059.0835315637 
 593 , 28064.5460287151 
 594 , 28053.8318798564 
 595 , 28033.2086923277 
 596 , 28028.6520192137 
 597 , 28059.2183719175 
 598 , 28110.5595157152 
 599 , 28159.7200784983 
 600 , 28198.2991782854 
 601 , 28235.3873645939 
 602 , 28278.4259202236 
 603 , 28319.7560023503 
 604 , 28346.625168225 
 605 , 28356.078940791 
 606 , 28359.839315574 
 607 , 28370.1898600649 
 608 , 28394.7677587038 
 609 , 28439.0925705642 
 610 , 28501.199028035 
 611 , 28565.305672915 
 612 , 28616.145417942 
 613 , 28657.0851601842 
 614 , 28701.5752449446 
 615 , 28757.4393432234 
 616 , 28819.54193972 
 617 , 28881.3107911833 
 618 , 28940.2820041964 
 619 , 28996.6883480964 
 620 , 29051.1423620919 
 621 , 29105.170988114 
 622 , 29160.119358952 
 623 , 29212.174096336 
 624 , 29253.4954538203 
 625 , 29279.9287954611 
 626 , 29299.857166323 
 627 , 29323.618051533 
 628 , 29349.0758645926 
 629 , 29362.683672391 
 630 , 29355.8146541858 
 631 , 29340.8420204041 
 632 , 29335.0473126028 
 633 , 29349.2688377873 
 634 , 29387.5309004416 
 635 , 29448.4485127012 
 636 , 29507.2018665988 
 637 , 29533.002870259 
 638 , 29520.9675296051 
 639 , 29497.4738079336 
 640 , 29487.525109352 
 641 , 29498.8501002549 
 642 , 29533.2645304734 
 643 , 29584.875464161 
 644 , 29637.3105225407 
 645 , 29675.6029357773 
 646 , 29697.9002196801 
 647 , 29707.3837206566 
 648 , 29712.9547445528 
 649 , 29732.1618959333 
 650 , 29778.1263034839 
 651 , 29828.6968693609 
 652 , 29847.2582934052 
 653 , 29820.7043546207 
 654 , 29775.1529033395 
 655 , 29738.5794809107 
 656 , 29724.8470081267 
 657 , 29741.2261701171 
 658 , 29785.2641986043 
 659 , 29836.9924253785 
 660 , 29876.9652925024 
 661 , 29905.459785806 
 662 , 29932.5134442744 
 663 , 29963.4033554656 
 664 , 29994.0439820722 
 665 , 30019.461701914 
 666 , 30036.3456485877 
 667 , 30042.2957628905 
 668 , 30039.4885182482 
 669 , 30039.4661879103 
 670 , 30053.8656892363 
 671 , 30084.2457588669 
 672 , 30126.5613575838 
 673 , 30176.2176154399 
 674 , 30227.5717472515 
 675 , 30275.2587707229 
 676 , 30318.0431844136 
 677 , 30357.0643368553 
 678 , 30393.0859451573 
 679 , 30425.9814231566 
 680 , 30455.8839008192 
 681 , 30486.8172040925 
 682 , 30525.0660449609 
 683 , 30571.134752406 
 684 , 30612.5323120899 
 685 , 30636.5478952431 
 686 , 30646.5059137535 
 687 , 30655.2071226221 
 688 , 30669.3863208244 
 689 , 30681.9131984032 
 690 , 30685.0968512722 
 691 , 30684.8989422174 
 692 , 30695.2817758744 
 693 , 30720.5782381525 
 694 , 30743.5961338201 
 695 , 30747.0566189316 
 696 , 30741.8271312058 
 697 , 30754.9816891364 
 698 , 30800.2168634213 
 699 , 30861.9927569299 
 700 , 30921.6877715827 
 701 , 30967.5950138603 
 702 , 30991.9265804597 
 703 , 30994.1547305334 
 704 , 30988.6826314631 
 705 , 30990.2922325642 
 706 , 31000.3525036406 
 707 , 31013.0812215593 
 708 , 31025.2262476536 
 709 , 31038.6286272876 
 710 , 31054.9721840161 
 711 , 31069.5944666379 
 712 , 31074.6969173386 
 713 , 31068.330830468 
 714 , 31059.3203655602 
 715 , 31055.9974720068 
 716 , 31053.9293124425 
 717 , 31042.8499503692 
 718 , 31022.7052431735 
 719 , 31010.7933773852 
 720 , 31023.011803699 
 721 , 31053.6890189605 
 722 , 31088.0152212373 
 723 , 31115.9847265235 
 724 , 31135.066269609 
 725 , 31144.2943021428 
 726 , 31148.4790904018 
 727 , 31154.5915834282 
 728 , 31166.7446255086 
 729 , 31185.0669799046 
 730 , 31208.9018811287 
 731 , 31234.9000448944 
 732 , 31258.9276100423 
 733 , 31281.5411659693 
 734 , 31309.1086282089 
 735 , 31346.0657779012 
 736 , 31385.9291361768 
 737 , 31419.2317989455 
 738 , 31443.5960996618 
 739 , 31464.3672253751 
 740 , 31486.4184511203 
 741 , 31511.1098531171 
 742 , 31538.9864811424 
 743 , 31572.2653441029 
 744 , 31614.7445509771 
 745 , 31665.8943917095 
 746 , 31710.0738662761 
 747 , 31729.626577437 
 748 , 31726.8757269486 
 749 , 31720.3354224665 
 750 , 31723.0093258439 
 751 , 31730.7352374212 
 752 , 31736.8619740351 
 753 , 31741.9794054563 
 754 , 31751.6258953711 
 755 , 31768.3930081519 
 756 , 31787.6491223373 
 757 , 31804.0787374993 
 758 , 31815.9599416157 
 759 , 31823.6420753729 
 760 , 31830.5393768502 
 761 , 31845.9827777197 
 762 , 31878.1025735106 
 763 , 31920.5190729651 
 764 , 31960.188389011 
 765 , 31989.2616712152 
 766 , 32008.1698982798 
 767 , 32017.7575803119 
 768 , 32016.9518077422 
 769 , 32004.1374859343 
 770 , 31984.0909715049 
 771 , 31969.7471277443 
 772 , 31970.9121699474 
 773 , 31980.3378555492 
 774 , 31986.2281419196 
 775 , 31986.6982570668 
 776 , 31989.9635886818 
 777 , 32001.3002580859 
 778 , 32013.8578139841 
 779 , 32018.570448324 
 780 , 32014.2356307917 
 781 , 32005.9678783739 
 782 , 31998.669309914 
 783 , 31996.1806291835 
 784 , 32001.6912351193 
 785 , 32013.1427267654 
 786 , 32025.2170216711 
 787 , 32034.2135936517 
 788 , 32039.8597120015 
 789 , 32043.4381495142 
 790 , 32055.1621234691 
 791 , 32089.2662346627 
 792 , 32147.48449056 
 793 , 32212.0926871313 
 794 , 32266.5772097422 
 795 , 32310.7405264146 
 796 , 32350.0044276696 
 797 , 32386.638742832 
 798 , 32419.2249650196 
 799 , 32445.5784912557 
 800 , 32461.2617578466 
 801 , 32461.8668274222 
 802 , 32453.8313928422 
 803 , 32453.0184108278 
 804 , 32469.6221037033 
 805 , 32496.6616999814 
 806 , 32524.45465717 
 807 , 32547.4437014611 
 808 , 32562.7083079605 
 809 , 32568.5800645087 
 810 , 32565.8590843897 
 811 , 32556.7359519866 
 812 , 32551.6095067009 
 813 , 32564.4231403483 
 814 , 32599.1526634656 
 815 , 32645.2479247074 
 816 , 32690.9819308219 
 817 , 32724.4634239966 
 818 , 32734.3451880427 
 819 , 32723.8465939756 
 820 , 32711.2476280962 
 821 , 32710.9064234365 
 822 , 32721.4692175733 
 823 , 32737.9039268908 
 824 , 32750.5249734548 
 825 , 32746.3105150204 
 826 , 32722.5258764209 
 827 , 32700.1296475506 
 828 , 32700.0642294476 
 829 , 32715.5450823138 
 830 , 32726.1947272948 
 831 , 32725.2315855131 
 832 , 32727.0986092506 
 833 , 32744.169051219 
 834 , 32768.1529576675 
 835 , 32784.2329960848 
 836 , 32785.1387914675 
 837 , 32771.5471095886 
 838 , 32746.6045151792 
 839 , 32720.5397578356 
 840 , 32704.4943989609 
 841 , 32701.8892299255 
 842 , 32710.6848153403 
 843 , 32728.3733599451 
 844 , 32751.6804781429 
 845 , 32776.6784928977 
 846 , 32795.2054375384 
 847 , 32797.3135325824 
 848 , 32781.119182609 
 849 , 32756.1198274438 
 850 , 32731.9373515611 
 851 , 32714.7910521517 
 852 , 32709.7408637363 
 853 , 32718.4275767008 
 854 , 32739.3516894593 
 855 , 32767.9028613939 
 856 , 32790.9976301419 
 857 , 32795.7691302278 
 858 , 32786.8409456276 
 859 , 32779.0541620827 
 860 , 32782.9433877616 
 861 , 32801.2726426223 
 862 , 32834.4463417347 
 863 , 32873.6828855016 
 864 , 32907.0965358011 
 865 , 32928.7603929104 
 866 , 32939.2997473008 
 867 , 32942.574592472 
 868 , 32952.319739266 
 869 , 32982.8552478536 
 870 , 33029.4073997776 
 871 , 33074.2282284748 
 872 , 33111.0361043802 
 873 , 33157.1432488348 
 874 , 33228.3702536097 
 875 , 33311.5338505243 
 876 , 33382.0721328662 
 877 , 33434.0323155007 
 878 , 33484.1451440461 
 879 , 33546.9397731977 
 880 , 33623.5205880989 
 881 , 33710.7019819571 
 882 , 33789.4321383445 
 883 , 33829.1238906585 
 884 , 33819.5306208641 
 885 , 33794.3741171864 
 886 , 33786.0040874383 
 887 , 33777.3792500655 
 888 , 33731.1306518308 
 889 , 33640.5547060668 
 890 , 33537.237351585 
 891 , 33448.5304101957 
 892 , 33376.6375954612 
 893 , 33317.4750173097 
 894 , 33262.4202343162 
 895 , 33199.6169624536 
 896 , 33128.5534899483 
 897 , 33072.4734181941 
 898 , 33052.3129648959 
 899 , 33053.6585488388 
 900 , 33048.0602259239 
 901 , 33022.7923952178 
 902 , 32983.7128746762 
 903 , 32940.5401980565 
 904 , 32912.7593464621 
 905 , 32919.5270282106 
 906 , 32950.0183445685 
 907 , 32973.5379737118 
 908 , 32973.9139988372 
 909 , 32962.7929068487 
 910 , 32952.142470085 
 911 , 32938.0308936178 
 912 , 32911.6901386848 
 913 , 32886.5008907915 
 914 , 32898.6820469134 
 915 , 32962.9728210559 
 916 , 33027.5309125954 
 917 , 33035.2382965785 
 918 , 32996.800560839 
 919 , 32960.7435176976 
 920 , 32951.2692442009 
 921 , 32954.1766974238 
 922 , 32955.5141671397 
 923 , 32957.8475741706 
 924 , 32967.8540676672 
 925 , 32980.6715636855 
 926 , 32981.8368751828 
 927 , 32966.0673734532 
 928 , 32949.9115653098 
 929 , 32950.214550821 
 930 , 32963.9861458584 
 931 , 32979.7436102199 
 932 , 32991.2605711323 
 933 , 32998.6376938934 
 934 , 33001.5511668993 
 935 , 32996.9742006486 
 936 , 32981.8936416872 
 937 , 32959.8085638846 
 938 , 32938.2714613386 
 939 , 32924.3758022296 
 940 , 32924.3445868741 
 941 , 32940.9864844019 
 942 , 32960.7576821467 
 943 , 32966.2245154877 
 944 , 32959.6693395107 
 945 , 32960.1858823253 
 946 , 32976.1885460226 
 947 , 32990.2854528497 
 948 , 32985.9106421082 
 949 , 32977.3165816622 
 950 , 32990.9406487005 
 951 , 33027.3976953869 
 952 , 33057.9286611448 
 953 , 33063.5324394269 
 954 , 33060.540968758 
 955 , 33069.8157874641 
 956 , 33089.6433524343 
 957 , 33105.7508850065 
 958 , 33110.236044154 
 959 , 33104.7692677536 
 960 , 33091.9937668577 
 961 , 33075.4080601663 
 962 , 33058.2150470624 
 963 , 33036.6632346565 
 964 , 33002.1415315193 
 965 , 32958.9672828851 
 966 , 32935.7092354319 
 967 , 32954.8491824753 
 968 , 32992.4551232456 
 969 , 33011.0525714276 
 970 , 33007.1369536889 
 971 , 33007.2243761332 
 972 , 33024.1375054129 
 973 , 33036.790908465 
 974 , 33024.3335008279 
 975 , 32999.1744066447 
 976 , 32986.7411900761 
 977 , 32997.4046101435 
 978 , 33025.4980796272 
 979 , 33061.3809567404 
 980 , 33086.5159299765 
 981 , 33084.0589085024 
 982 , 33063.4841822082 
 983 , 33046.787455135 
 984 , 33045.0473854318 
 985 , 33055.702645911 
 986 , 33075.5567637041 
 987 , 33102.1121854771 
 988 , 33132.7800587133 
 989 , 33162.698117521 
 990 , 33185.8088002801 
 991 , 33199.961780731 
 992 , 33208.5311293869 
 993 , 33216.163142137 
 994 , 33230.709725992 
 995 , 33260.1915497059 
 996 , 33306.0995185296 
 997 , 33365.8160768694 
 998 , 33436.6064102264 
 999 , 33515.6525261453 
 1000 , 33602.4624969497 
 1001 , 33706.229604105 
 1002 , 33838.1828728796 
 1003 , 34003.5519894296 
 1004 , 34203.116248766 
 1005 , 34411.1826467055 
 1006 , 34557.7862598058 
 1007 , 34584.2226700415 
 1008 , 34500.8746450041 
 1009 , 34336.786500355 
 1010 , 34112.9711839842 
 1011 , 33844.8649227124 
 1012 , 33566.3087505226 
 1013 , 33343.6812870404 
 1014 , 33228.4677546001 
 1015 , 33187.6956731342 
 1016 , 33166.194690032 
 1017 , 33141.1858011514 
 1018 , 33113.8743363808 
 1019 , 33086.9290321186 
 1020 , 33064.6258613067 
 1021 , 33050.219473988 
 1022 , 33041.4022226415 
 1023 , 33034.6119302828 
 1024 , 33031.5266709527 
 1025 , 33037.6240688675 
 1026 , 33052.1407650607 
 1027 , 33063.1309956137 
 1028 , 33062.0132233384 
 1029 , 33060.8256016541 
 1030 , 33076.4331579344 
 1031 , 33111.3024809119 
 1032 , 33157.5570004439 
 1033 , 33205.9874675694 
 1034 , 33245.5052316691 
 1035 , 33268.0274751104 
 1036 , 33279.2858050575 
 1037 , 33287.9790294253 
 1038 , 33293.1906956234 
 1039 , 33287.5936672241 
 1040 , 33270.264181892 
 1041 , 33250.6335229135 
 1042 , 33235.0628488175 
 1043 , 33214.0506548351 
 1044 , 33176.3594346471 
 1045 , 33135.1497653211 
 1046 , 33118.3044035307 
 1047 , 33131.7256611365 
 1048 , 33149.2699983475 
 1049 , 33151.5194291812 
 1050 , 33151.6746889525 
 1051 , 33168.3635909385 
 1052 , 33203.2354953014 
 1053 , 33248.3640668731 
 1054 , 33289.4796666656 
 1055 , 33304.3411773053 
 1056 , 33280.7664042795 
 1057 , 33238.884552464 
 1058 , 33202.6006375564 
 1059 , 33176.8830110701 
 1060 , 33157.5690524878 
 1061 , 33138.8233110992 
 1062 , 33113.0432303703 
 1063 , 33078.5986982245 
 1064 , 33049.4235072244 
 1065 , 33039.7851135964 
 1066 , 33050.0740247863 
 1067 , 33074.6399467509 
 1068 , 33098.195248457 
 1069 , 33096.6262518773 
 1070 , 33058.5941640219 
 1071 , 33000.3496356564 
 1072 , 32940.7667948535 
 1073 , 32894.2283936452 
 1074 , 32872.6640975762 
 1075 , 32873.4493395507 
 1076 , 32883.0138300289 
 1077 , 32891.5975816018 
 1078 , 32896.3271557598 
 1079 , 32896.1198088152 
 1080 , 32894.4355848815 
 1081 , 32895.1816179345 
 1082 , 32894.9372055134 
 1083 , 32886.0431807779 
 1084 , 32866.7407376177 
 1085 , 32843.1582912203 
 1086 , 32820.9605380153 
 1087 , 32802.7547965645 
 1088 , 32791.128446995 
 1089 , 32792.8963083457 
 1090 , 32815.9768721706 
 1091 , 32848.7030822397 
 1092 , 32859.5949944745 
 1093 , 32831.593704311 
 1094 , 32782.0607996841 
 1095 , 32730.6028925522 
 1096 , 32683.603333975 
 1097 , 32642.8768962848 
 1098 , 32608.2800598139 
 1099 , 32578.1441510507 
 1100 , 32547.6153157004 
 1101 , 32506.6804207914 
 1102 , 32448.9462687114 
 1103 , 32383.4585981064 
 1104 , 32321.8374670036 
 1105 , 32265.7778978441 
 1106 , 32211.8695991549 
 1107 , 32166.4914837612 
 1108 , 32147.5583811437 
 1109 , 32159.5138242335 
 1110 , 32170.3743408259 
 1111 , 32148.5261929553 
 1112 , 32099.9026955267 
 1113 , 32044.1287739898 
 1114 , 31993.283382565 
 1115 , 31953.1968730997 
 1116 , 31928.5228796948 
 1117 , 31922.1825583802 
 1118 , 31932.3344206057 
 1119 , 31939.0008111329 
 1120 , 31921.02051793 
 1121 , 31888.9374162326 
 1122 , 31870.3827131365 
 1123 , 31874.1698374517 
 1124 , 31886.780565321 
 1125 , 31895.8783956211 
 1126 , 31895.3216442531 
 1127 , 31882.029672617 
 1128 , 31865.1109254203 
 1129 , 31856.893380329 
 1130 , 31852.1462787225 
 1131 , 31832.2902338579 
 1132 , 31793.9128479137 
 1133 , 31758.4960726189 
 1134 , 31739.9688818291 
 1135 , 31717.9079196802 
 1136 , 31668.85010336 
 1137 , 31606.0602324615 
 1138 , 31559.8953031634 
 1139 , 31540.0795887791 
 1140 , 31535.2693061372 
 1141 , 31533.6715370376 
 1142 , 31524.5286230768 
 1143 , 31501.2405641855 
 1144 , 31475.9798513571 
 1145 , 31465.2211086679 
 1146 , 31472.4568331831 
 1147 , 31492.6992319108 
 1148 , 31507.5941420499 
 1149 , 31482.0025169175 
 1150 , 31401.651066012 
 1151 , 31310.3812457909 
 1152 , 31255.4605389023 
 1153 , 31248.3525959284 
 1154 , 31285.3236917825 
 1155 , 31331.3890871679 
 1156 , 31328.7633545316 
 1157 , 31268.3438603125 
 1158 , 31215.8855563862 
 1159 , 31219.9562885061 
 1160 , 31254.4932757636 
 1161 , 31282.0609239826 
 1162 , 31289.5359545819 
 1163 , 31274.8335286887 
 1164 , 31246.0373962962 
 1165 , 31219.9091238282 
 1166 , 31199.832285323 
 1167 , 31165.4593933761 
 1168 , 31104.0599038902 
 1169 , 31039.221849762 
 1170 , 30998.0062867667 
 1171 , 30968.9536343283 
 1172 , 30923.6900620325 
 1173 , 30869.6325258231 
 1174 , 30848.3478324204 
 1175 , 30871.3811448534 
 1176 , 30890.9169465498 
 1177 , 30868.9933765201 
 1178 , 30832.4870305596 
 1179 , 30819.7747706282 
 1180 , 30830.4444716403 
 1181 , 30844.5650226024 
 1182 , 30851.2425742742 
 1183 , 30848.8071416808 
 1184 , 30833.7540165069 
 1185 , 30798.1880931983 
 1186 , 30740.4908857357 
 1187 , 30686.5073234953 
 1188 , 30664.5742204314 
 1189 , 30663.8399290472 
 1190 , 30654.1717446253 
 1191 , 30630.2115342401 
 1192 , 30611.5386843316 
 1193 , 30605.9350565766 
 1194 , 30596.2351710933 
 1195 , 30568.3759708736 
 1196 , 30531.7348237776 
 1197 , 30500.2687502193 
 1198 , 30477.9614091107 
 1199 , 30463.896139243 
 1200 , 30459.0035970266 
 1201 , 30465.8900325659 
 1202 , 30474.876428423 
 1203 , 30453.8159332966 
 1204 , 30382.1064309525 
 1205 , 30289.6567886447 
 1206 , 30214.4516176584 
 1207 , 30168.9088229006 
 1208 , 30152.9211164612 
 1209 , 30151.5364828348 
 1210 , 30137.2504221358 
 1211 , 30104.2682133201 
 1212 , 30082.8469266739 
 1213 , 30085.9038570378 
 1214 , 30060.8496163759 
 1215 , 29958.4549331598 
 1216 , 29835.0784538543 
 1217 , 29783.1194060679 
 1218 , 29807.915253069 
 1219 , 29849.3604356844 
 1220 , 29864.5052420564 
 1221 , 29836.5857458665 
 1222 , 29763.0842247535 
 1223 , 29673.9577669473 
 1224 , 29600.1477990062 
 1225 , 29549.953327311 
 1226 , 29523.5244094601 
 1227 , 29512.8027292348 
 1228 , 29504.8060183478 
 1229 , 29492.1999615153 
 1230 , 29474.16365533 
 1231 , 29448.5319019742 
 1232 , 29409.5735570562 
 1233 , 29356.7748177031 
 1234 , 29312.6328689602 
 1235 , 29300.7661619472 
 1236 , 29306.2431409384 
 1237 , 29296.660408454 
 1238 , 29265.0452803828 
 1239 , 29227.0669772132 
 1240 , 29191.3474382504 
 1241 , 29153.9382235261 
 1242 , 29110.8631577591 
 1243 , 29061.441864735 
 1244 , 29007.5542794328 
 1245 , 28962.388364958 
 1246 , 28941.7792517786 
 1247 , 28944.4023504506 
 1248 , 28957.5314452876 
 1249 , 28967.3989515722 
 1250 , 28959.2880194825 
 1251 , 28924.6632920366 
 1252 , 28868.1736653687 
 1253 , 28798.8930083313 
 1254 , 28736.8124800172 
 1255 , 28701.1156181297 
 1256 , 28683.8474023271 
 1257 , 28665.353911086 
 1258 , 28641.4718543904 
 1259 , 28620.7767098718 
 1260 , 28604.2906582424 
 1261 , 28581.5337544509 
 1262 , 28549.7709257525 
 1263 , 28528.7726431166 
 1264 , 28533.8630118831 
 1265 , 28541.089718252 
 1266 , 28518.6783853675 
 1267 , 28474.0230454798 
 1268 , 28435.2326228365 
 1269 , 28410.5723357232 
 1270 , 28389.1037078678 
 1271 , 28366.6862901049 
 1272 , 28351.7893259896 
 1273 , 28347.0737373795 
 1274 , 28334.3865407078 
 1275 , 28297.8266037191 
 1276 , 28255.111470109 
 1277 , 28232.6552383978 
 1278 , 28226.6513567295 
 1279 , 28215.5378274397 
 1280 , 28192.4191174655 
 1281 , 28165.8649394906 
 1282 , 28142.1485971531 
 1283 , 28122.1893401787 
 1284 , 28108.690296345 
 1285 , 28111.6771027296 
 1286 , 28137.0485909248 
 1287 , 28158.8510218391 
 1288 , 28143.7774553432 
 1289 , 28102.2165009115 
 1290 , 28070.027702097 
 1291 , 28043.6777685507 
 1292 , 27978.5962461756 
 1293 , 27869.870870444 
 1294 , 27785.6769406415 
 1295 , 27774.3587930482 
 1296 , 27801.0749841653 
 1297 , 27819.3933670969 
 1298 , 27806.0419729105 
 1299 , 27749.1050710961 
 1300 , 27672.2059208779 
 1301 , 27618.1658563064 
 1302 , 27593.9099366577 
 1303 , 27571.3185823552 
 1304 , 27536.426508342 
 1305 , 27500.4912910756 
 1306 , 27471.301299374 
 1307 , 27440.8355978038 
 1308 , 27401.7891007349 
 1309 , 27363.2510367134 
 1310 , 27337.6440732564 
 1311 , 27323.4764858367 
 1312 , 27312.1719630161 
 1313 , 27296.55242457 
 1314 , 27270.6902180032 
 1315 , 27229.2745341981 
 1316 , 27167.8476665023 
 1317 , 27095.0311684399 
 1318 , 27049.1919053008 
 1319 , 27057.1327149687 
 1320 , 27084.2959370952 
 1321 , 27087.3654570416 
 1322 , 27065.5672626476 
 1323 , 27035.0079848638 
 1324 , 27000.516502008 
 1325 , 26959.2213027474 
 1326 , 26910.465635167 
 1327 , 26856.2447201885 
 1328 , 26802.4000063722 
 1329 , 26761.3578544918 
 1330 , 26744.0015084665 
 1331 , 26754.7070857777 
 1332 , 26790.6192836663 
 1333 , 26818.7871251242 
 1334 , 26802.2068507501 
 1335 , 26749.7965506282 
 1336 , 26693.1286003115 
 1337 , 26648.7083704243 
 1338 , 26620.1570041222 
 1339 , 26596.5511618874 
 1340 , 26548.8160180008 
 1341 , 26473.1454010967 
 1342 , 26420.2635282852 
 1343 , 26425.3414903389 
 1344 , 26448.3949575115 
 1345 , 26442.5994841131 
 1346 , 26411.8972296553 
 1347 , 26376.2538026032 
 1348 , 26338.393996996 
 1349 , 26292.0431262484 
 1350 , 26244.5895754721 
 1351 , 26215.1357795075 
 1352 , 26203.6644346369 
 1353 , 26183.4938082357 
 1354 , 26139.881223741 
 1355 , 26087.8671371796 
 1356 , 26041.2455502597 
 1357 , 25996.1490286515 
 1358 , 25945.9541027383 
 1359 , 25890.0743885516 
 1360 , 25830.4461488486 
 1361 , 25772.7918699806 
 1362 , 25724.439358303 
 1363 , 25683.7955124963 
 1364 , 25641.805239671 
 1365 , 25597.5166590733 
 1366 , 25560.8338945305 
 1367 , 25533.7964644597 
 1368 , 25501.162509179 
 1369 , 25453.1437042828 
 1370 , 25403.7466688812 
 1371 , 25367.7275148037 
 1372 , 25339.8247996313 
 1373 , 25309.7263137816 
 1374 , 25277.7849665397 
 1375 , 25249.3031493034 
 1376 , 25224.8035228029 
 1377 , 25201.2291068689 
 1378 , 25176.7798349946 
 1379 , 25151.0933127276 
 1380 , 25117.7359611608 
 1381 , 25059.8911787822 
 1382 , 24975.1331393139 
 1383 , 24900.8470794872 
 1384 , 24866.8873106878 
 1385 , 24847.0338553751 
 1386 , 24807.6229543148 
 1387 , 24757.8442510806 
 1388 , 24720.6156239021 
 1389 , 24686.432684088 
 1390 , 24628.2637819379 
 1391 , 24551.4613967454 
 1392 , 24489.5328851702 
 1393 , 24455.5043034969 
 1394 , 24434.7230054495 
 1395 , 24416.4217140775 
 1396 , 24400.7632150418 
 1397 , 24386.7769665096 
 1398 , 24366.6932018884 
 1399 , 24333.7658580031 
 1400 , 24291.1251422702 
 1401 , 24245.3644387493 
 1402 , 24208.1364381273 
 1403 , 24191.0392425301 
 1404 , 24181.8802150916 
 1405 , 24155.4692552059 
 1406 , 24118.7496262007 
 1407 , 24106.7135044672 
 1408 , 24120.2009396195 
 1409 , 24114.9603444214 
 1410 , 24072.3575481067 
 1411 , 24027.1779746104 
 1412 , 24004.2915487381 
 1413 , 23985.2438067385 
 1414 , 23951.4931248879 
 1415 , 23914.4892324695 
 1416 , 23890.9196530185 
 1417 , 23882.1087373028 
 1418 , 23882.1186842918 
 1419 , 23871.7923507814 
 1420 , 23826.6411639045 
 1421 , 23753.9256920412 
 1422 , 23685.5437619097 
 1423 , 23635.4904420705 
 1424 , 23596.8984073814 
 1425 , 23562.1863465447 
 1426 , 23524.4255154799 
 1427 , 23483.5381984612 
 1428 , 23454.8219348457 
 1429 , 23448.4690068739 
 1430 , 23450.9692028561 
 1431 , 23444.6828052838 
 1432 , 23415.4725532396 
 1433 , 23354.5122148667 
 1434 , 23283.3014194439 
 1435 , 23233.9805175198 
 1436 , 23211.4492757779 
 1437 , 23203.7477504812 
 1438 , 23196.2993215296 
 1439 , 23172.8824419446 
 1440 , 23129.1171882463 
 1441 , 23074.7402563495 
 1442 , 23027.7389385427 
 1443 , 23018.1067912152 
 1444 , 23051.6225875825 
 1445 , 23076.57757971 
 1446 , 23051.7208547862 
 1447 , 22994.8863383156 
 1448 , 22934.0339888419 
 1449 , 22889.2510719037 
 1450 , 22874.4098240855 
 1451 , 22877.2861277504 
 1452 , 22877.1036568932 
 1453 , 22872.5557519561 
 1454 , 22873.0386715128 
 1455 , 22884.63055919 
 1456 , 22910.1489816636 
 1457 , 22936.936692225 
 1458 , 22936.822268444 
 1459 , 22899.3600564936 
 1460 , 22839.7863794826 
 1461 , 22771.7033008653 
 1462 , 22702.0294658999 
 1463 , 22634.3134056837 
 1464 , 22565.3174979044 
 1465 , 22492.5924998423 
 1466 , 22420.3627648738 
 1467 , 22354.894662084 
 1468 , 22305.1996949071 
 1469 , 22277.0953870221 
 1470 , 22248.288359264 
 1471 , 22188.0263440019 
 1472 , 22099.977638152 
 1473 , 22007.2669028762 
 1474 , 21929.5965988101 
 1475 , 21883.2064473388 
 1476 , 21868.4290588344 
 1477 , 21869.7346331725 
 1478 , 21870.9637408448 
 1479 , 21856.11532497 
 1480 , 21815.5499543618 
 1481 , 21750.7048796366 
 1482 , 21675.9677468795 
 1483 , 21632.9878069016 
 1484 , 21645.9528141287 
 1485 , 21673.4551455177 
 1486 , 21671.7821572629 
 1487 , 21639.9921730086 
 1488 , 21590.9689217906 
 1489 , 21552.8334071431 
 1490 , 21552.8471233642 
 1491 , 21571.133931966 
 1492 , 21568.9438703459 
 1493 , 21537.8443032618 
 1494 , 21487.7491931386 
 1495 , 21429.248942445 
 1496 , 21372.9901630629 
 1497 , 21323.3609900195 
 1498 , 21278.4565912446 
 1499 , 21234.3341524994 
 1500 , 21184.9423249257 
 1501 , 21134.0883452431 
 1502 , 21101.8191544077 
 1503 , 21096.8445703897 
 1504 , 21100.9646015228 
 1505 , 21097.0391746569 
 1506 , 21079.990065678 
 1507 , 21049.164351002 
 1508 , 21012.3868929082 
 1509 , 20976.5965404291 
 1510 , 20936.0242867535 
 1511 , 20884.5929271684 
 1512 , 20836.4093432901 
 1513 , 20808.5218538369 
 1514 , 20781.6833910853 
 1515 , 20723.6390398474 
 1516 , 20647.4190576169 
 1517 , 20591.089445708 
 1518 , 20559.9584042754 
 1519 , 20535.0540015472 
 1520 , 20511.1746800679 
 1521 , 20496.3338244182 
 1522 , 20490.3179259169 
 1523 , 20482.768575772 
 1524 , 20464.8300711472 
 1525 , 20430.7378925055 
 1526 , 20383.6387513058 
 1527 , 20342.1771806619 
 1528 , 20317.8238944632 
 1529 , 20302.4566651285 
 1530 , 20285.6184788696 
 1531 , 20257.7281832874 
 1532 , 20214.7883366531 
 1533 , 20171.8216375702 
 1534 , 20145.8618003233 
 1535 , 20144.4825168483 
 1536 , 20167.5929938469 
 1537 , 20187.1143683105 
 1538 , 20171.9689795898 
 1539 , 20137.1772413045 
 1540 , 20113.6817234236 
 1541 , 20099.87244051 
 1542 , 20077.7304633594 
 1543 , 20035.9637166699 
 1544 , 19969.3314504743 
 1545 , 19897.7909203025 
 1546 , 19858.6222492466 
 1547 , 19851.3857875937 
 1548 , 19841.3890593756 
 1549 , 19817.7011443317 
 1550 , 19796.7407787115 
 1551 , 19785.0637074077 
 1552 , 19774.4493026861 
 1553 , 19761.2972828923 
 1554 , 19750.8472949648 
 1555 , 19746.1067985742 
 1556 , 19744.4136344183 
 1557 , 19741.1813775526 
 1558 , 19728.9056120905 
 1559 , 19703.4988891619 
 1560 , 19671.1849010518 
 1561 , 19637.6087779087 
 1562 , 19600.937890761 
 1563 , 19561.008416224 
 1564 , 19530.0929680404 
 1565 , 19518.1773895432 
 1566 , 19510.2874458837 
 1567 , 19488.4093368954 
 1568 , 19458.5450492476 
 1569 , 19433.4805556512 
 1570 , 19415.1749066619 
 1571 , 19401.7810957281 
 1572 , 19396.9322087967 
 1573 , 19404.1654353383 
 1574 , 19399.809249674 
 1575 , 19349.3890071201 
 1576 , 19274.1827165117 
 1577 , 19229.1537449177 
 1578 , 19222.3685916264 
 1579 , 19226.0593854242 
 1580 , 19219.5068304662 
 1581 , 19189.6958788138 
 1582 , 19140.4760339095 
 1583 , 19092.1611479221 
 1584 , 19057.2107594913 
 1585 , 19038.0486299459 
 1586 , 19031.2880145084 
 1587 , 19026.7312026999 
 1588 , 19020.049424579 
 1589 , 19016.3391731254 
 1590 , 19014.113382879 
 1591 , 18999.3644702698 
 1592 , 18965.9727636912 
 1593 , 18925.5637046424 
 1594 , 18890.6842887184 
 1595 , 18871.3628995873 
 1596 , 18864.3416500275 
 1597 , 18833.7727832599 
 1598 , 18762.2406726204 
 1599 , 18699.5503307173 
 1600 , 18685.8490477123 
 1601 , 18691.0034935806 
 1602 , 18684.0346951288 
 1603 , 18683.4783595505 
 1604 , 18707.5859096601 
 1605 , 18725.7059811735 
 1606 , 18706.5999316517 
 1607 , 18676.5148647759 
 1608 , 18668.0166426204 
 1609 , 18657.2156348984 
 1610 , 18609.7671975545 
 1611 , 18540.5550473549 
 1612 , 18478.8668629716 
 1613 , 18428.3406298199 
 1614 , 18382.4062938394 
 1615 , 18337.2509329457 
 1616 , 18290.8409332199 
 1617 , 18245.4351361628 
 1618 , 18205.0278588305 
 1619 , 18169.6202103723 
 1620 , 18136.7079887672 
 1621 , 18100.6877241005 
 1622 , 18055.2914762097 
 1623 , 18008.5651607423 
 1624 , 17976.9324739034 
 1625 , 17962.4114185548 
 1626 , 17956.4977111808 
 1627 , 17949.3007604737 
 1628 , 17930.6608512012 
 1629 , 17901.1569295871 
 1630 , 17870.1352485709 
 1631 , 17842.3152575533 
 1632 , 17817.8685776626 
 1633 , 17794.199250203 
 1634 , 17766.3143232322 
 1635 , 17732.3428294478 
 1636 , 17693.8035413595 
 1637 , 17653.548944362 
 1638 , 17615.7328876253 
 1639 , 17584.4321301875 
 1640 , 17563.3873784146 
 1641 , 17550.391197876 
 1642 , 17535.8527935055 
 1643 , 17512.5096279449 
 1644 , 17476.9933095494 
 1645 , 17434.0780533692 
 1646 , 17399.460220405 
 1647 , 17380.543493994 
 1648 , 17371.1761096304 
 1649 , 17363.5108894205 
 1650 , 17348.8632925254 
 1651 , 17325.2210159663 
 1652 , 17301.5576720311 
 1653 , 17280.5812335379 
 1654 , 17252.5974378281 
 1655 , 17218.3526900053 
 1656 , 17199.2999219015 
 1657 , 17192.813557294 
 1658 , 17147.5153795625 
 1659 , 17051.5256514529 
 1660 , 16979.9417675111 
 1661 , 16975.3676733992 
 1662 , 16994.7382750626 
 1663 , 16999.547686143 
 1664 , 16982.321845002 
 1665 , 16944.8488783999 
 1666 , 16900.4867763425 
 1667 , 16861.7564208752 
 1668 , 16835.968076057 
 1669 , 16821.9626541035 
 1670 , 16800.9788227515 
 1671 , 16765.1486373819 
 1672 , 16737.5237856525 
 1673 , 16731.2566756622 
 1674 , 16725.6556380863 
 1675 , 16703.4782624535 
 1676 , 16667.6467307104 
 1677 , 16624.0803381239 
 1678 , 16578.7370907291 
 1679 , 16536.426762007 
 1680 , 16499.0996438885 
 1681 , 16468.5688349034 
 1682 , 16447.377143296 
 1683 , 16432.079471748 
 1684 , 16403.917366943 
 1685 , 16356.8191044511 
 1686 , 16322.6854842564 
 1687 , 16320.8033983898 
 1688 , 16323.7119572987 
 1689 , 16305.439817409 
 1690 , 16262.1134192348 
 1691 , 16204.2352132583 
 1692 , 16169.7029511081 
 1693 , 16177.0670732786 
 1694 , 16186.2933354398 
 1695 , 16167.9084427235 
 1696 , 16140.4349269604 
 1697 , 16118.8403244169 
 1698 , 16091.8921965608 
 1699 , 16053.9158906791 
 1700 , 16021.7827578529 
 1701 , 16004.5414508195 
 1702 , 15985.2250574343 
 1703 , 15952.2266958424 
 1704 , 15914.7407022155 
 1705 , 15880.4050834619 
 1706 , 15846.9037826554 
 1707 , 15814.7744402708 
 1708 , 15793.6531399178 
 1709 , 15784.8420483144 
 1710 , 15769.5667214037 
 1711 , 15736.5973377457 
 1712 , 15695.3562155976 
 1713 , 15657.062197407 
 1714 , 15631.4026357295 
 1715 , 15617.3918051705 
 1716 , 15594.261629832 
 1717 , 15557.9475920698 
 1718 , 15538.7159177928 
 1719 , 15547.1938514289 
 1720 , 15553.3972413784 
 1721 , 15540.5349243985 
 1722 , 15520.6768216262 
 1723 , 15500.2039365019 
 1724 , 15472.1237726052 
 1725 , 15435.1389081732 
 1726 , 15398.3890679891 
 1727 , 15369.3741038594 
 1728 , 15351.7976934782 
 1729 , 15341.8703004851 
 1730 , 15326.1969610079 
 1731 , 15299.9625711146 
 1732 , 15270.291622551 
 1733 , 15243.5403666856 
 1734 , 15223.9749704928 
 1735 , 15210.0726716848 
 1736 , 15193.7937767792 
 1737 , 15166.0219714158 
 1738 , 15117.9254305858 
 1739 , 15065.145663106 
 1740 , 15045.6639181778 
 1741 , 15052.0879229897 
 1742 , 15036.2792869451 
 1743 , 14998.8468202489 
 1744 , 14981.2974529559 
 1745 , 14976.8954965864 
 1746 , 14942.246225394 
 1747 , 14884.3947214208 
 1748 , 14846.3779729299 
 1749 , 14837.9666542997 
 1750 , 14844.4420745963 
 1751 , 14841.0667096375 
 1752 , 14801.5585138477 
 1753 , 14745.6066432529 
 1754 , 14714.7719322495 
 1755 , 14705.5939867414 
 1756 , 14693.6916059237 
 1757 , 14680.7417651905 
 1758 , 14678.0623310083 
 1759 , 14674.6323369146 
 1760 , 14652.5589900668 
 1761 , 14613.1239862565 
 1762 , 14567.8906932821 
 1763 , 14543.7209047611 
 1764 , 14561.677334958 
 1765 , 14585.3600941503 
 1766 , 14573.1309696245 
 1767 , 14542.7281043659 
 1768 , 14521.5229388882 
 1769 , 14507.8311505695 
 1770 , 14493.6497444982 
 1771 , 14474.5126130555 
 1772 , 14447.2033911804 
 1773 , 14409.9716650808 
 1774 , 14369.453625348 
 1775 , 14354.6764487247 
 1776 , 14378.4555413205 
 1777 , 14404.6612759405 
 1778 , 14403.446191784 
 1779 , 14374.3541161989 
 1780 , 14327.7053654585 
 1781 , 14286.8418591432 
 1782 , 14262.3920228141 
 1783 , 14241.4720476544 
 1784 , 14217.8918906872 
 1785 , 14198.3142998674 
 1786 , 14179.625057715 
 1787 , 14145.6114136574 
 1788 , 14104.7207536785 
 1789 , 14092.7181497121 
 1790 , 14108.9636499473 
 1791 , 14116.6121319562 
 1792 , 14103.845081098 
 1793 , 14081.8258099645 
 1794 , 14060.7183056372 
 1795 , 14048.562234479 
 1796 , 14043.9694775206 
 1797 , 14039.5533291254 
 1798 , 14029.3498321727 
 1799 , 14009.3749781591 
 1800 , 13984.7025828579 
 1801 , 13963.9098709173 
 1802 , 13949.5650314158 
 1803 , 13940.4446593824 
 1804 , 13928.0257061113 
 1805 , 13904.5386023478 
 1806 , 13877.9286043936 
 1807 , 13856.5728230635 
 1808 , 13832.1212317105 
 1809 , 13799.2139517225 
 1810 , 13776.0968451761 
 1811 , 13775.6752361865 
 1812 , 13782.6149815198 
 1813 , 13783.2528656356 
 1814 , 13778.9982814502 
 1815 , 13772.4366028397 
 1816 , 13764.3260514046 
 1817 , 13756.550552885 
 1818 , 13752.9758672873 
 1819 , 13748.8950861901 
 1820 , 13728.2670433856 
 1821 , 13695.0628739728 
 1822 , 13676.0872650999 
 1823 , 13672.8105774685 
 1824 , 13662.2555953594 
 1825 , 13642.1500064506 
 1826 , 13626.5377725469 
 1827 , 13613.8720088798 
 1828 , 13592.8820828004 
 1829 , 13563.0806101914 
 1830 , 13530.6250273571 
 1831 , 13505.5482871139 
 1832 , 13496.2314509924 
 1833 , 13490.3996153864 
 1834 , 13473.7667974054 
 1835 , 13459.9536691104 
 1836 , 13460.791370394 
 1837 , 13448.175606735 
 1838 , 13401.2552677767 
 1839 , 13352.0509010972 
 1840 , 13328.6934335845 
 1841 , 13323.8604041232 
 1842 , 13326.6675704713 
 1843 , 13330.0432215125 
 1844 , 13326.1317987673 
 1845 , 13305.373990604 
 1846 , 13271.5331599165 
 1847 , 13245.7886486279 
 1848 , 13237.1068493695 
 1849 , 13239.6258943028 
 1850 , 13240.603372546 
 1851 , 13223.9664485037 
 1852 , 13200.4735468643 
 1853 , 13196.124695941 
 1854 , 13200.0411469083 
 1855 , 13184.0051860428 
 1856 , 13147.414515854 
 1857 , 13102.276853519 
 1858 , 13061.1105382021 
 1859 , 13034.8447590514 
 1860 , 13026.7084595396 
 1861 , 13032.535273066 
 1862 , 13030.2273452076 
 1863 , 13006.6562629674 
 1864 , 12982.3461586953 
 1865 , 12972.772307223 
 1866 , 12971.6896399375 
 1867 , 12968.6467279325 
 1868 , 12950.9541278751 
 1869 , 12914.6273735782 
 1870 , 12867.4075595835 
 1871 , 12826.0850334432 
 1872 , 12813.7214968016 
 1873 , 12821.4948634415 
 1874 , 12817.9367238609 
 1875 , 12801.8395527669 
 1876 , 12789.4505069018 
 1877 , 12784.019399893 
 1878 , 12781.78567657 
 1879 , 12775.0744272925 
 1880 , 12758.0792827946 
 1881 , 12739.5281017543 
 1882 , 12728.7918136731 
 1883 , 12724.0535305561 
 1884 , 12719.1148497584 
 1885 , 12702.7275652594 
 1886 , 12675.3414537229 
 1887 , 12660.612534154 
 1888 , 12660.2979160192 
 1889 , 12641.6464163544 
 1890 , 12601.04281814 
 1891 , 12569.0471886 
 1892 , 12552.2722451249 
 1893 , 12536.1277720423 
 1894 , 12516.2603743134 
 1895 , 12495.7982495196 
 1896 , 12480.5737494307 
 1897 , 12474.9351201249 
 1898 , 12466.7614587501 
 1899 , 12443.2907052659 
 1900 , 12415.3756871738 
 1901 , 12395.6420005057 
 1902 , 12382.0529648731 
 1903 , 12369.6029020973 
 1904 , 12353.2127908342 
 1905 , 12336.294868773 
 1906 , 12336.2442600809 
 1907 , 12343.8145609706 
 1908 , 12315.8305595866 
 1909 , 12259.7755829097 
 1910 , 12230.8120698135 
 1911 , 12232.7225308288 
 1912 , 12233.1812786127 
 1913 , 12224.9525827505 
 1914 , 12214.1553158766 
 1915 , 12202.8124984827 
 1916 , 12192.277648388 
 1917 , 12188.4318729037 
 1918 , 12191.1917015155 
 1919 , 12177.1882433974 
 1920 , 12136.3249926013 
 1921 , 12099.7685373093 
 1922 , 12085.1341354001 
 1923 , 12077.6959866928 
 1924 , 12067.6002224238 
 1925 , 12054.8908893026 
 1926 , 12041.4276467033 
 1927 , 12029.6779105383 
 1928 , 12016.2803026863 
 1929 , 11994.9775045165 
 1930 , 11967.321207182 
 1931 , 11938.706843194 
 1932 , 11914.966498631 
 1933 , 11899.4306435349 
 1934 , 11885.4536916549 
 1935 , 11868.8943493319 
 1936 , 11858.3309349781 
 1937 , 11854.2031635854 
 1938 , 11838.5170386754 
 1939 , 11817.7905756705 
 1940 , 11831.5693839398 
 1941 , 11867.2487878814 
 1942 , 11864.6245168731 
 1943 , 11825.8874557576 
 1944 , 11793.2973362021 
 1945 , 11772.3701316699 
 1946 , 11753.1057932266 
 1947 , 11741.5684072561 
 1948 , 11743.2788094691 
 1949 , 11741.2281705362 
 1950 , 11721.6440243987 
 1951 , 11692.2776920439 
 1952 , 11663.1524090366 
 1953 , 11642.178176812 
 1954 , 11630.8459337059 
 1955 , 11622.8764824431 
 1956 , 11610.9078729716 
 1957 , 11588.7178464418 
 1958 , 11568.3591586914 
 1959 , 11567.9288176048 
 1960 , 11568.8407025905 
 1961 , 11545.5619699009 
 1962 , 11513.1073110341 
 1963 , 11493.0148344875 
 1964 , 11490.8205798328 
 1965 , 11498.3000764865 
 1966 , 11485.5852901645 
 1967 , 11449.2247311485 
 1968 , 11426.0269304989 
 1969 , 11422.8452761908 
 1970 , 11415.8167663073 
 1971 , 11407.7454291147 
 1972 , 11416.1838313147 
 1973 , 11423.4582759247 
 1974 , 11403.5274853612 
 1975 , 11372.0916981344 
 1976 , 11350.8662283535 
 1977 , 11338.4906250416 
 1978 , 11329.441245361 
 1979 , 11319.4095830074 
 1980 , 11306.2204140253 
 1981 , 11290.4864586487 
 1982 , 11270.6806024981 
 1983 , 11243.5589435288 
 1984 , 11213.8394821917 
 1985 , 11190.8758758021 
 1986 , 11177.7813322895 
 1987 , 11171.6148983633 
 1988 , 11154.3779044757 
 1989 , 11118.6535887739 
 1990 , 11102.6491409793 
 1991 , 11122.1814248311 
 1992 , 11132.0507013973 
 1993 , 11113.7126403671 
 1994 , 11092.6777337606 
 1995 , 11078.6230278914 
 1996 , 11065.4319137323 
 1997 , 11057.9175990705 
 1998 , 11064.1964503126 
 1999 , 11069.9912430191 
 2000 , 11059.6437690524 
 2001 , 11046.5573284179 
 2002 , 11041.8839913514 
 2003 , 11033.3143669204 
 2004 , 11014.7966635422 
 2005 , 10995.9955872963 
 2006 , 10978.8266889882 
 2007 , 10955.5921987373 
 2008 , 10921.9068485857 
 2009 , 10880.0008708484 
 2010 , 10862.1002995947 
 2011 , 10897.2921284095 
 2012 , 10935.8583112694 
 2013 , 10930.1333502007 
 2014 , 10904.4008393496 
 2015 , 10882.2578973402 
 2016 , 10862.4615454374 
 2017 , 10842.8577198314 
 2018 , 10823.5346247453 
 2019 , 10807.245847079 
 2020 , 10797.1667965963 
 2021 , 10783.5652817392 
 2022 , 10756.0578400539 
 2023 , 10733.1182664159 
 2024 , 10728.785887117 
 2025 , 10716.6325600682 
 2026 , 10684.5637857393 
 2027 , 10661.3295764605 
 2028 , 10656.2631717779 
 2029 , 10650.8364653924 
 2030 , 10642.0823455439 
 2031 , 10638.8405741421 
 2032 , 10636.9831009821 
 2033 , 10628.8790922544 
 2034 , 10621.5956587173 
 2035 , 10619.8161232052 
 2036 , 10608.5655879672 
 2037 , 10583.3841515949 
 2038 , 10564.2301603325 
 2039 , 10552.5484490028 
 2040 , 10528.0865885966 
 2041 , 10497.690396977 
 2042 , 10484.5094713486 
 2043 , 10483.0382918438 
 2044 , 10479.120405229 
 2045 , 10476.7394545537 
 2046 , 10477.1545060239 
 2047 , 10462.7903755627 
 2048 , 10432.3136903036 
 2049 , 10412.8203258775 
 2050 , 10404.4073008769 
 2051 , 10381.7151171794 
 2052 , 10352.1858319822 
 2053 , 10337.551265946 
 2054 , 10323.1177912414 
 2055 , 10294.3664191672 
 2056 , 10282.9292508661 
 2057 , 10299.694822456 
 2058 , 10294.8780058942 
 2059 , 10257.4963401244 
 2060 , 10231.2150003158 
 2061 , 10223.2212892831 
 2062 , 10212.5686111706 
 2063 , 10197.0976096513 
 2064 , 10182.5754939557 
 2065 , 10169.7082381806 
 2066 , 10158.9647962175 
 2067 , 10153.5691988363 
 2068 , 10149.863194158 
 2069 , 10133.9549537153 
 2070 , 10105.6224513361 
 2071 , 10077.1820804894 
 2072 , 10054.0388873369 
 2073 , 10038.2318771049 
 2074 , 10035.5314708303 
 2075 , 10043.2231030731 
 2076 , 10030.4744296292 
 2077 , 9988.48534226484 
 2078 , 9953.91745621962 
 2079 , 9940.65910110596 
 2080 , 9934.95220277432 
 2081 , 9927.09484424662 
 2082 , 9912.49187409869 
 2083 , 9897.06387069521 
 2084 , 9888.14026995583 
 2085 , 9885.42283597131 
 2086 , 9883.49652977814 
 2087 , 9870.71762452369 
 2088 , 9845.51288857804 
 2089 , 9817.87264864951 
 2090 , 9795.63307910992 
 2091 , 9781.70978346591 
 2092 , 9759.99085407841 
 2093 , 9721.44240461652 
 2094 , 9703.92662301829 
 2095 , 9721.69526298911 
 2096 , 9727.91269508627 
 2097 , 9712.33733258218 
 2098 , 9709.63518609102 
 2099 , 9723.550546771 
 2100 , 9735.84220037404 
 2101 , 9725.29713445215 
 2102 , 9682.6640399252 
 2103 , 9640.02100930026 
 2104 , 9621.65327624345 
 2105 , 9622.54900378548 
 2106 , 9625.85700337574 
 2107 , 9608.89005129555 
 2108 , 9584.26095920344 
 2109 , 9577.33489403737 
 2110 , 9565.71744640677 
 2111 , 9528.91446818909 
 2112 , 9498.90543970394 
 2113 , 9491.25061753242 
 2114 , 9480.37345511725 
 2115 , 9458.22719865176 
 2116 , 9435.63334051668 
 2117 , 9414.13405991598 
 2118 , 9391.30752513654 
 2119 , 9371.16517175255 
 2120 , 9358.50452270187 
 2121 , 9355.30334844868 
 2122 , 9359.46912027172 
 2123 , 9363.67261406059 
 2124 , 9357.48428634523 
 2125 , 9331.10410976246 
 2126 , 9294.92352757949 
 2127 , 9264.39079092159 
 2128 , 9240.44717296983 
 2129 , 9225.74912787212 
 2130 , 9232.38422207455 
 2131 , 9249.07253577291 
 2132 , 9240.55388857603 
 2133 , 9210.51926050883 
 2134 , 9183.80957516328 
 2135 , 9161.82805480508 
 2136 , 9141.56275047462 
 2137 , 9130.44418274328 
 2138 , 9128.52023764654 
 2139 , 9122.34922066024 
 2140 , 9110.20340729023 
 2141 , 9099.41700010367 
 2142 , 9081.84816018501 
 2143 , 9052.36569455029 
 2144 , 9046.7334378058 
 2145 , 9075.23455142725 
 2146 , 9077.19140895993 
 2147 , 9039.21053675755 
 2148 , 9007.13302801767 
 2149 , 8988.6100448195 
 2150 , 8968.90339355017 
 2151 , 8950.05272861724 
 2152 , 8934.9381382136 
 2153 , 8914.11741138422 
 2154 , 8892.71960959003 
 2155 , 8896.5470971104 
 2156 , 8909.2436299186 
 2157 , 8889.98832060003 
 2158 , 8861.9885469067 
 2159 , 8859.21831826037 
 2160 , 8861.96606382373 
 2161 , 8851.82224531411 
 2162 , 8832.44899492528 
 2163 , 8816.11307967009 
 2164 , 8816.74652638966 
 2165 , 8811.7799754982 
 2166 , 8773.79171290057 
 2167 , 8730.23356796197 
 2168 , 8707.97056846124 
 2169 , 8703.85342864225 
 2170 , 8707.32396843841 
 2171 , 8705.32087706185 
 2172 , 8700.60168385213 
 2173 , 8700.45463670977 
 2174 , 8689.58769040534 
 2175 , 8659.85339984503 
 2176 , 8635.11671782756 
 2177 , 8626.7509674032 
 2178 , 8625.40893970235 
 2179 , 8623.42745801716 
 2180 , 8617.03382930904 
 2181 , 8612.919194682 
 2182 , 8615.01497088013 
 2183 , 8611.49484089308 
 2184 , 8600.35158786446 
 2185 , 8594.18109167255 
 2186 , 8582.91934015598 
 2187 , 8546.51986167134 
 2188 , 8502.76409731643 
 2189 , 8476.95490579258 
 2190 , 8477.50036329744 
 2191 , 8495.2173420828 
 2192 , 8501.83745895366 
 2193 , 8487.49030341615 
 2194 , 8457.57841675982 
 2195 , 8422.60692067081 
 2196 , 8393.38084792955 
 2197 , 8376.55720703657 
 2198 , 8374.32394656397 
 2199 , 8383.14591704757 
 2200 , 8393.05772006139 
 2201 , 8390.63114921419 
 2202 , 8367.79955367529 
 2203 , 8329.10795695296 
 2204 , 8307.63705769645 
 2205 , 8308.65673619354 
 2206 , 8295.62013201837 
 2207 , 8269.97238120376 
 2208 , 8256.76829842881 
 2209 , 8251.47789327251 
 2210 , 8238.78144167762 
 2211 , 8203.3633271043 
 2212 , 8161.41719509567 
 2213 , 8163.18618907968 
 2214 , 8180.96279426707 
 2215 , 8152.973838648 
 2216 , 8112.70210016523 
 2217 , 8097.77637059042 
 2218 , 8083.81009621647 
 2219 , 8062.25714812476 
 2220 , 8051.42949349134 
 2221 , 8046.34445541421 
 2222 , 8031.77544197616 
 2223 , 8012.443397142 
 2224 , 7998.64020715602 
 2225 , 7999.63351970999 
 2226 , 8003.47613351359 
 2227 , 7981.68059732617 
 2228 , 7950.58905124752 
 2229 , 7936.78711116425 
 2230 , 7917.39194596653 
 2231 , 7882.81269833338 
 2232 , 7865.88126259955 
 2233 , 7866.99083864432 
 2234 , 7858.43881962793 
 2235 , 7841.14725225873 
 2236 , 7824.24413520211 
 2237 , 7803.41375732546 
 2238 , 7779.243436977 
 2239 , 7762.28255432968 
 2240 , 7750.65945910952 
 2241 , 7735.59445833514 
 2242 , 7722.26959823844 
 2243 , 7714.00382238558 
 2244 , 7698.46275816666 
 2245 , 7676.48889653231 
 2246 , 7664.18868358342 
 2247 , 7651.19969579055 
 2248 , 7621.14199713826 
 2249 , 7596.31112683572 
 2250 , 7594.62290327538 
 2251 , 7606.68828615165 
 2252 , 7609.61728542621 
 2253 , 7579.42784270973 
 2254 , 7550.15627842178 
 2255 , 7555.20067896809 
 2256 , 7552.66028117023 
 2257 , 7527.18524059758 
 2258 , 7516.45808480028 
 2259 , 7519.37446217333 
 2260 , 7512.43013313439 
 2261 , 7501.80454786638 
 2262 , 7494.2170432345 
 2263 , 7478.32971633454 
 2264 , 7450.02201220009 
 2265 , 7415.61871184764 
 2266 , 7388.09338482577 
 2267 , 7377.13980835616 
 2268 , 7371.98948184565 
 2269 , 7364.56058845252 
 2270 , 7356.78905168546 
 2271 , 7347.02559682126 
 2272 , 7332.08979401557 
 2273 , 7316.85874640048 
 2274 , 7302.97838808675 
 2275 , 7280.01765660136 
 2276 , 7253.16758577213 
 2277 , 7241.17647513569 
 2278 , 7231.47916988209 
 2279 , 7208.51171510248 
 2280 , 7195.56046474369 
 2281 , 7199.11829010655 
 2282 , 7192.05670265502 
 2283 , 7170.40548397336 
 2284 , 7147.68492073407 
 2285 , 7137.84732077111 
 2286 , 7138.30779697429 
 2287 , 7115.08791207225 
 2288 , 7074.70973769614 
 2289 , 7057.49211203654 
 2290 , 7053.11331056615 
 2291 , 7039.23970380304 
 2292 , 7021.5279572061 
 2293 , 7006.76940451045 
 2294 , 6996.50259996388 
 2295 , 6987.2637907663 
 2296 , 6972.90511443138 
 2297 , 6947.50884291406 
 2298 , 6919.03697520373 
 2299 , 6915.27042821693 
 2300 , 6916.14992389397 
 2301 , 6878.34119552337 
 2302 , 6837.32067881695 
 2303 , 6829.81060099306 
 2304 , 6837.11221696801 
 2305 , 6848.13869512417 
 2306 , 6863.08222651905 
 2307 , 6856.420175231 
 2308 , 6812.70951202705 
 2309 , 6778.08271617914 
 2310 , 6776.11631664022 
 2311 , 6787.69413647353 
 2312 , 6787.6638255045 
 2313 , 6761.20684996254 
 2314 , 6738.58530580583 
 2315 , 6731.81157982851 
 2316 , 6711.0189077966 
 2317 , 6685.74483141161 
 2318 , 6685.46197391808 
 2319 , 6691.25349240776 
 2320 , 6680.50756876324 
 2321 , 6652.05627358957 
 2322 , 6617.49075965081 
 2323 , 6595.84908363438 
 2324 , 6598.22503597189 
 2325 , 6617.93223365701 
 2326 , 6615.4643054176 
 2327 , 6589.29891372144 
 2328 , 6575.13922182683 
 2329 , 6565.09254193342 
 2330 , 6541.11549311515 
 2331 , 6512.6857202764 
 2332 , 6494.6998973573 
 2333 , 6498.58513192336 
 2334 , 6499.06355443387 
 2335 , 6470.84481482297 
 2336 , 6449.86922796113 
 2337 , 6443.5396778863 
 2338 , 6409.99060564292 
 2339 , 6376.82967458435 
