11-20-2017,17:42:25
Wavenumber(cm-1),Intensity
 250 , 10 
 251 , 10 
 252 , 10 
 253 , 10 
 254 , 10 
 255 ,-5.064453125 
 256 ,-16.53515625 
 257 ,-7.099609375 
 258 , 21.693359375 
 259 , 50.8359375 
 260 , 59.072265625 
 261 , 39.177734375 
 262 , 7.740234375 
 263 ,-16.138671875 
 264 ,-23.982421875 
 265 ,-17.625 
 266 , 2.09765625 
 267 , 24.44921875 
 268 , 35.86328125 
 269 , 26.2109375 
 270 , 9.27734375 
 271 , 3.5625 
 272 , 16.658203125 
 273 , 35.37109375 
 274 , 45.666015625 
 275 , 52.11328125 
 276 , 70.923828125 
 277 , 112.193359375 
 278 , 158.171875 
 279 , 180.3828125 
 280 , 167.77734375 
 281 , 141.552734375 
 282 , 125.625 
 283 , 124.1171875 
 284 , 123.62109375 
 285 , 114.21484375 
 286 , 108.966796875 
 287 , 129.4765625 
 288 , 182.298828125 
 289 , 238.912109375 
 290 , 266.720703125 
 291 , 260.298828125 
 292 , 243.10546875 
 293 , 237.1328125 
 294 , 241.751953125 
 295 , 245.345703125 
 296 , 238.0859375 
 297 , 213.888671875 
 298 , 167.41796875 
 299 , 106.69921875 
 300 , 59.4609375 
 301 , 51.876953125 
 302 , 77.490234375 
 303 , 109.947265625 
 304 , 128.33203125 
 305 , 132.751953125 
 306 , 128.4453125 
 307 , 118.546875 
 308 , 106.55078125 
 309 , 94.376953125 
 310 , 79.36328125 
 311 , 57.71875 
 312 , 26.623046875 
 313 ,-0.34765625 
 314 ,-4.251953125 
 315 , 23.9140625 
 316 , 71.880859375 
 317 , 124.65625 
 318 , 173.369140625 
 319 , 213.890625 
 320 , 244.6875 
 321 , 269.033203125 
 322 , 288.49609375 
 323 , 306.697265625 
 324 , 326.5078125 
 325 , 350.337890625 
 326 , 377.19921875 
 327 , 403.423828125 
 328 , 426.47265625 
 329 , 450.205078125 
 330 , 480.998046875 
 331 , 519.232421875 
 332 , 550.59375 
 333 , 559.181640625 
 334 , 544.072265625 
 335 , 519.888671875 
 336 , 500.36328125 
 337 , 487.19921875 
 338 , 476.736328125 
 339 , 467.166015625 
 340 , 461.919921875 
 341 , 465.08984375 
 342 , 473.541015625 
 343 , 476.310546875 
 344 , 464.06640625 
 345 , 442.43359375 
 346 , 423.6875 
 347 , 413.91796875 
 348 , 402.3984375 
 349 , 376.12890625 
 350 , 336.38671875 
 351 , 300.12109375 
 352 , 281.8671875 
 353 , 272.212890625 
 354 , 250.9296875 
 355 , 209.953125 
 356 , 174.3359375 
 357 , 173.494140625 
 358 , 206.951171875 
 359 , 241.701171875 
 360 , 247.23828125 
 361 , 221.958984375 
 362 , 176.998046875 
 363 , 127.65234375 
 364 , 100.494140625 
 365 , 122.484375 
 366 , 185.74609375 
 367 , 245.83203125 
 368 , 263.4453125 
 369 , 245.583984375 
 370 , 218.654296875 
 371 , 202.580078125 
 372 , 201.115234375 
 373 , 215.291015625 
 374 , 240.8828125 
 375 , 268.671875 
 376 , 290.3359375 
 377 , 304.0703125 
 378 , 310.5234375 
 379 , 309.162109375 
 380 , 297.166015625 
 381 , 271.908203125 
 382 , 238.103515625 
 383 , 206.525390625 
 384 , 187.232421875 
 385 , 186.3203125 
 386 , 208.73828125 
 387 , 253.08203125 
 388 , 304.79296875 
 389 , 348.21875 
 390 , 376.326171875 
 391 , 389.255859375 
 392 , 388.806640625 
 393 , 382.412109375 
 394 , 378.59375 
 395 , 376.552734375 
 396 , 360.693359375 
 397 , 316.05078125 
 398 , 248.658203125 
 399 , 178.052734375 
 400 , 121.044921875 
 401 , 84.47265625 
 402 , 72.927734375 
 403 , 84.25390625 
 404 , 106.134765625 
 405 , 127.171875 
 406 , 151.3515625 
 407 , 190.427734375 
 408 , 247.5703125 
 409 , 301.474609375 
 410 , 327.462890625 
 411 , 320.544921875 
 412 , 297.001953125 
 413 , 272.705078125 
 414 , 254.294921875 
 415 , 244.74609375 
 416 , 245.27734375 
 417 , 252.119140625 
 418 , 260.365234375 
 419 , 265.12109375 
 420 , 263.412109375 
 421 , 254.126953125 
 422 , 241.3125 
 423 , 229.05078125 
 424 , 219.85546875 
 425 , 214.77734375 
 426 , 214.55859375 
 427 , 215.0234375 
 428 , 208.513671875 
 429 , 189.802734375 
 430 , 164.53125 
 431 , 141.763671875 
 432 , 126.126953125 
 433 , 115.6484375 
 434 , 108.666015625 
 435 , 109.40625 
 436 , 123.345703125 
 437 , 149.87109375 
 438 , 173.712890625 
 439 , 178.30078125 
 440 , 165.828125 
 441 , 156.9453125 
 442 , 168.326171875 
 443 , 191.158203125 
 444 , 208.1875 
 445 , 211.2109375 
 446 , 207.537109375 
 447 , 205.31640625 
 448 , 204.939453125 
 449 , 201.982421875 
 450 , 193.525390625 
 451 , 183.1953125 
 452 , 176.78515625 
 453 , 174.70703125 
 454 , 170.05078125 
 455 , 156.8984375 
 456 , 140.1484375 
 457 , 128.337890625 
 458 , 124.287109375 
 459 , 118.9296875 
 460 , 102.947265625 
 461 , 84.24609375 
 462 , 84.099609375 
 463 , 114.984375 
 464 , 152.3359375 
 465 , 162.892578125 
 466 , 136.013671875 
 467 , 91.482421875 
 468 , 50.044921875 
 469 , 23.400390625 
 470 , 18.72265625 
 471 , 35.537109375 
 472 , 55.583984375 
 473 , 59.61328125 
 474 , 47.751953125 
 475 , 37.060546875 
 476 , 41.712890625 
 477 , 58.908203125 
 478 , 79.951171875 
 479 , 101.0234375 
 480 , 125.5703125 
 481 , 156.55078125 
 482 , 187.498046875 
 483 , 205.8359375 
 484 , 202.6875 
 485 , 181.3359375 
 486 , 148.857421875 
 487 , 115.853515625 
 488 , 96.701171875 
 489 , 102.5625 
 490 , 126.947265625 
 491 , 156.77734375 
 492 , 184.037109375 
 493 , 209.740234375 
 494 , 236.22265625 
 495 , 262.587890625 
 496 , 282.51953125 
 497 , 291.080078125 
 498 , 292.552734375 
 499 , 296.078125 
 500 , 308.90234375 
 501 , 331.58984375 
 502 , 360.134765625 
 503 , 382.345703125 
 504 , 388.6015625 
 505 , 379.03515625 
 506 , 362.939453125 
 507 , 347.396484375 
 508 , 333.255859375 
 509 , 321.158203125 
 510 , 311.453125 
 511 , 300.591796875 
 512 , 283.66796875 
 513 , 271.853515625 
 514 , 289.45703125 
 515 , 347.443359375 
 516 , 406.4453125 
 517 , 417.22265625 
 518 , 371.130859375 
 519 , 306.052734375 
 520 , 257.802734375 
 521 , 232.87890625 
 522 , 226.744140625 
 523 , 233.224609375 
 524 , 243.232421875 
 525 , 248.1171875 
 526 , 247.396484375 
 527 , 243.73046875 
 528 , 240.482421875 
 529 , 244.70703125 
 530 , 264.453125 
 531 , 301.830078125 
 532 , 353.640625 
 533 , 411.271484375 
 534 , 444.5625 
 535 , 420.427734375 
 536 , 346.48828125 
 537 , 280.88671875 
 538 , 273.4140625 
 539 , 305.783203125 
 540 , 334.064453125 
 541 , 338.080078125 
 542 , 340.962890625 
 543 , 366.314453125 
 544 , 403.9296875 
 545 , 421.685546875 
 546 , 400.625 
 547 , 363.08984375 
 548 , 339.984375 
 549 , 337.6171875 
 550 , 337.322265625 
 551 , 323.11328125 
 552 , 302.478515625 
 553 , 291.9375 
 554 , 299.18359375 
 555 , 319.763671875 
 556 , 349.572265625 
 557 , 392.787109375 
 558 , 453.986328125 
 559 , 523.67578125 
 560 , 571.447265625 
 561 , 572.525390625 
 562 , 541.314453125 
 563 , 508.322265625 
 564 , 489.61328125 
 565 , 473.3515625 
 566 , 448.861328125 
 567 , 423.095703125 
 568 , 414.841796875 
 569 , 435.076171875 
 570 , 468.5390625 
 571 , 493.134765625 
 572 , 494.126953125 
 573 , 468.42578125 
 574 , 421.8125 
 575 , 383.611328125 
 576 , 383.498046875 
 577 , 423.287109375 
 578 , 470.86328125 
 579 , 498.9140625 
 580 , 507.291015625 
 581 , 506.607421875 
 582 , 504.26953125 
 583 , 502.66015625 
 584 , 504.13671875 
 585 , 507.99609375 
 586 , 510.89453125 
 587 , 508.265625 
 588 , 492.765625 
 589 , 455.1484375 
 590 , 399.5703125 
 591 , 342.44140625 
 592 , 297.11328125 
 593 , 261.4765625 
 594 , 231.83203125 
 595 , 205.81640625 
 596 , 179.85546875 
 597 , 149.66015625 
 598 , 117.63671875 
 599 , 91.19140625 
 600 , 79.6171875 
 601 , 91.703125 
 602 , 129.96484375 
 603 , 173.60546875 
 604 , 196.04296875 
 605 , 190.5078125 
 606 , 175.89453125 
 607 , 166.359375 
 608 , 159.5 
 609 , 150.203125 
 610 , 138.34765625 
 611 , 129.578125 
 612 , 132.10546875 
 613 , 150.1015625 
 614 , 182.1171875 
 615 , 222.3984375 
 616 , 261.46484375 
 617 , 291.50390625 
 618 , 312.16015625 
 619 , 322.5234375 
 620 , 323.58203125 
 621 , 336.359375 
 622 , 391.625 
 623 , 480.68359375 
 624 , 558.8359375 
 625 , 591.55078125 
 626 , 594.00390625 
 627 , 592.48046875 
 628 , 591.19921875 
 629 , 573.76953125 
 630 , 531.109375 
 631 , 484.52734375 
 632 , 459.30078125 
 633 , 457.578125 
 634 , 461.125 
 635 , 459.09375 
 636 , 457.30078125 
 637 , 458.953125 
 638 , 459.875 
 639 , 455.1171875 
 640 , 447.63671875 
 641 , 443.71875 
 642 , 445.33984375 
 643 , 447.953125 
 644 , 443.4765625 
 645 , 427.54296875 
 646 , 401.8671875 
 647 , 368.12890625 
 648 , 334.12109375 
 649 , 319.53125 
 650 , 339.98828125 
 651 , 369.7265625 
 652 , 367.6953125 
 653 , 321.6796875 
 654 , 264.5859375 
 655 , 227.421875 
 656 , 209.73828125 
 657 , 196.09375 
 658 , 180.19921875 
 659 , 174.2734375 
 660 , 192.09375 
 661 , 230.2109375 
 662 , 275.16796875 
 663 , 314.8046875 
 664 , 342.3828125 
 665 , 353.08203125 
 666 , 341.91796875 
 667 , 304.48828125 
 668 , 249.8125 
 669 , 212.1640625 
 670 , 221.30078125 
 671 , 256.95703125 
 672 , 274.46484375 
 673 , 255.7734375 
 674 , 232.1953125 
 675 , 231.37890625 
 676 , 240.375 
 677 , 228.87890625 
 678 , 188.9765625 
 679 , 147.74609375 
 680 , 127.44140625 
 681 , 131.7109375 
 682 , 159.2421875 
 683 , 208.3359375 
 684 , 262.6015625 
 685 , 299.4609375 
 686 , 314.0703125 
 687 , 316.35546875 
 688 , 316.82421875 
 689 , 316.97265625 
 690 , 312.8125 
 691 , 300.18359375 
 692 , 277.71484375 
 693 , 249.5234375 
 694 , 225.671875 
 695 , 214.7265625 
 696 , 216.78125 
 697 , 229.67578125 
 698 , 254.80859375 
 699 , 293.24609375 
 700 , 339.921875 
 701 , 386.57421875 
 702 , 425.8515625 
 703 , 451.734375 
 704 , 456.83984375 
 705 , 435.93359375 
 706 , 401.59375 
 707 , 374.33984375 
 708 , 362.95703125 
 709 , 358.26171875 
 710 , 355.1484375 
 711 , 346.71484375 
 712 , 319.0234375 
 713 , 265.640625 
 714 , 208.71875 
 715 , 178.6328125 
 716 , 174.73046875 
 717 , 175.01953125 
 718 , 164.64453125 
 719 , 154.52734375 
 720 , 160.22265625 
 721 , 178.1328125 
 722 , 193.359375 
 723 , 193.80859375 
 724 , 177.609375 
 725 , 149.37890625 
 726 , 122.71484375 
 727 , 111.95703125 
 728 , 117.4140625 
 729 , 123.20703125 
 730 , 116.63671875 
 731 , 101.95703125 
 732 , 89.3359375 
 733 , 85.90234375 
 734 , 93.9375 
 735 , 112 
 736 , 136.12890625 
 737 , 164.73828125 
 738 , 195.13671875 
 739 , 218.328125 
 740 , 221.08203125 
 741 , 200.953125 
 742 , 165.75 
 743 , 141.73828125 
 744 , 164.234375 
 745 , 242.1640625 
 746 , 321.55078125 
 747 , 344.78125 
 748 , 315.40625 
 749 , 279.6328125 
 750 , 263.09375 
 751 , 252.1875 
 752 , 234.828125 
 753 , 213.27734375 
 754 , 192.9375 
 755 , 174.04296875 
 756 , 160.75390625 
 757 , 162.2109375 
 758 , 185.24609375 
 759 , 230.99609375 
 760 , 287.54296875 
 761 , 328.984375 
 762 , 335.91015625 
 763 , 322.29296875 
 764 , 314.0546875 
 765 , 315.1796875 
 766 , 302.453125 
 767 , 263.12109375 
 768 , 229.57421875 
 769 , 245.41796875 
 770 , 300.7734375 
 771 , 325.3125 
 772 , 271.46875 
 773 , 180.36328125 
 774 , 110.69921875 
 775 , 82.66015625 
 776 , 87.125 
 777 , 119.10546875 
 778 , 160.82421875 
 779 , 184.87890625 
 780 , 173.0390625 
 781 , 121.7578125 
 782 , 48.546875 
 783 , 8.515625 
 784 , 51.33984375 
 785 , 139.41015625 
 786 , 184.4765625 
 787 , 146.37109375 
 788 , 76.9921875 
 789 , 31.69921875 
 790 , 15.79296875 
 791 , 10.609375 
 792 , 11.21484375 
 793 , 35.4375 
 794 , 99.8125 
 795 , 182.10546875 
 796 , 242.26171875 
 797 , 257.59375 
 798 , 236.34375 
 799 , 197.828125 
 800 , 166.1796875 
 801 , 159.14453125 
 802 , 163.06640625 
 803 , 145.6328125 
 804 , 101.515625 
 805 , 75.64453125 
 806 , 109.82421875 
 807 , 182.7265625 
 808 , 238.68359375 
 809 , 249.65625 
 810 , 236.74609375 
 811 , 224.0078125 
 812 , 216.2421875 
 813 , 209.2890625 
 814 , 205.4765625 
 815 , 218.5390625 
 816 , 258.45703125 
 817 , 304.91015625 
 818 , 327.2265625 
 819 , 317.55078125 
 820 , 295.421875 
 821 , 279.796875 
 822 , 268.6484375 
 823 , 254.15234375 
 824 , 236.1953125 
 825 , 222.20703125 
 826 , 219.48046875 
 827 , 231.45703125 
 828 , 258.20703125 
 829 , 292.29296875 
 830 , 324.296875 
 831 , 349.6875 
 832 , 368.1875 
 833 , 377.80078125 
 834 , 374.4609375 
 835 , 356.01171875 
 836 , 330.74609375 
 837 , 313.16796875 
 838 , 309.05859375 
 839 , 303.58203125 
 840 , 281.12109375 
 841 , 249.7265625 
 842 , 231.697265625 
 843 , 233.564453125 
 844 , 235.044921875 
 845 , 219.228515625 
 846 , 200.1796875 
 847 , 203.390625 
 848 , 231.607421875 
 849 , 259.869140625 
 850 , 268.732421875 
 851 , 267.9375 
 852 , 273.96875 
 853 , 287.412109375 
 854 , 295.79296875 
 855 , 292.904296875 
 856 , 285.84765625 
 857 , 281.9140625 
 858 , 280.6484375 
 859 , 278.4921875 
 860 , 275.498046875 
 861 , 276.39453125 
 862 , 284.455078125 
 863 , 292.228515625 
 864 , 288.701171875 
 865 , 275.46875 
 866 , 268.546875 
 867 , 279.013671875 
 868 , 301.6796875 
 869 , 329.94140625 
 870 , 359.125 
 871 , 382.65234375 
 872 , 399.7109375 
 873 , 428.818359375 
 874 , 488.939453125 
 875 , 568.638671875 
 876 , 641.419921875 
 877 , 692.560546875 
 878 , 729.671875 
 879 , 766.322265625 
 880 , 811.40625 
 881 , 868.3515625 
 882 , 930.31640625 
 883 , 987.5703125 
 884 , 1030.263671875 
 885 , 1042.1640625 
 886 , 1008.6640625 
 887 , 943.4921875 
 888 , 873.404296875 
 889 , 811.783203125 
 890 , 753.76953125 
 891 , 693.548828125 
 892 , 628.947265625 
 893 , 559.548828125 
 894 , 489.86328125 
 895 , 427.197265625 
 896 , 374.806640625 
 897 , 326.341796875 
 898 , 274.384765625 
 899 , 215.734375 
 900 , 149.611328125 
 901 , 84.373046875 
 902 , 38.904296875 
 903 , 25.744140625 
 904 , 31.9921875 
 905 , 39.98046875 
 906 , 44.7890625 
 907 , 50.408203125 
 908 , 59.2734375 
 909 , 70.3671875 
 910 , 80.96875 
 911 , 86.513671875 
 912 , 83.2734375 
 913 , 72.015625 
 914 , 54.98828125 
 915 , 35.494140625 
 916 , 25.1328125 
 917 , 36.36328125 
 918 , 63.15234375 
 919 , 87.53515625 
 920 , 98.6875 
 921 , 100.76171875 
 922 , 100.162109375 
 923 , 98.599609375 
 924 , 94.78125 
 925 , 85.671875 
 926 , 69.4140625 
 927 , 50.71484375 
 928 , 44.82421875 
 929 , 63.40625 
 930 , 93.63671875 
 931 , 114.509765625 
 932 , 119.697265625 
 933 , 115.802734375 
 934 , 105.84375 
 935 , 86.7578125 
 936 , 56.904296875 
 937 , 26.638671875 
 938 , 10.146484375 
 939 , 10.5859375 
 940 , 13.892578125 
 941 , 8.43359375 
 942 , 1.78125 
 943 , 7.0078125 
 944 , 26.6171875 
 945 , 52.19140625 
 946 , 72.4765625 
 947 , 74.169921875 
 948 , 48.939453125 
 949 , 20.12109375 
 950 , 20.30859375 
 951 , 51.935546875 
 952 , 86.736328125 
 953 , 106.337890625 
 954 , 125.982421875 
 955 , 163.763671875 
 956 , 202.5390625 
 957 , 205.455078125 
 958 , 165.755859375 
 959 , 122.447265625 
 960 , 108.02734375 
 961 , 110.20703125 
 962 , 106.3359375 
 963 , 93.998046875 
 964 , 85.1015625 
 965 , 85.345703125 
 966 , 91.19140625 
 967 , 98.87890625 
 968 , 102.662109375 
 969 , 95.576171875 
 970 , 81.865234375 
 971 , 77.818359375 
 972 , 92.90625 
 973 , 115.861328125 
 974 , 132.841796875 
 975 , 137.43359375 
 976 , 127.365234375 
 977 , 110.576171875 
 978 , 104.701171875 
 979 , 117.728515625 
 980 , 132.525390625 
 981 , 130.806640625 
 982 , 117.41796875 
 983 , 108.126953125 
 984 , 109.533203125 
 985 , 116.494140625 
 986 , 124.625 
 987 , 131.548828125 
 988 , 134.6796875 
 989 , 133.607421875 
 990 , 130.60546875 
 991 , 129.44140625 
 992 , 134.158203125 
 993 , 144.783203125 
 994 , 149.45703125 
 995 , 137.0625 
 996 , 128.154296875 
 997 , 161.67578125 
 998 , 249.134765625 
 999 , 359.86328125 
 1000 , 468.3359375 
 1001 , 585.765625 
 1002 , 732.48046875 
 1003 , 920.841796875 
 1004 , 1156.9140625 
 1005 , 1407.845703125 
 1006 , 1577.53125 
 1007 , 1587.7578125 
 1008 , 1460.49609375 
 1009 , 1244.125 
 1010 , 987.1328125 
 1011 , 740.169921875 
 1012 , 538.1953125 
 1013 , 385.16015625 
 1014 , 278.376953125 
 1015 , 206.966796875 
 1016 , 159.482421875 
 1017 , 127.93359375 
 1018 , 105.12109375 
 1019 , 88.22265625 
 1020 , 83.12890625 
 1021 , 94.984375 
 1022 , 119.869140625 
 1023 , 150.13671875 
 1024 , 166.54296875 
 1025 , 141.962890625 
 1026 , 77.4921875 
 1027 , 25.921875 
 1028 , 32.6953125 
 1029 , 80.3984375 
 1030 , 134.0234375 
 1031 , 177.00390625 
 1032 , 207.078125 
 1033 , 227.517578125 
 1034 , 249.275390625 
 1035 , 280.703125 
 1036 , 317.947265625 
 1037 , 354.189453125 
 1038 , 381.73046875 
 1039 , 392.04296875 
 1040 , 384.376953125 
 1041 , 370.423828125 
 1042 , 360.216796875 
 1043 , 353.373046875 
 1044 , 347.16796875 
 1045 , 338.806640625 
 1046 , 324.943359375 
 1047 , 306.953125 
 1048 , 294.1328125 
 1049 , 295.123046875 
 1050 , 312.990234375 
 1051 , 347.80859375 
 1052 , 383.74609375 
 1053 , 396.57421875 
 1054 , 381.43359375 
 1055 , 358.59375 
 1056 , 346.857421875 
 1057 , 354.861328125 
 1058 , 385.466796875 
 1059 , 412.169921875 
 1060 , 396.322265625 
 1061 , 344.486328125 
 1062 , 312.85546875 
 1063 , 336.486328125 
 1064 , 390.28515625 
 1065 , 441.828125 
 1066 , 472.490234375 
 1067 , 469.720703125 
 1068 , 432.412109375 
 1069 , 369.828125 
 1070 , 297.876953125 
 1071 , 245.658203125 
 1072 , 236.64453125 
 1073 , 256.73828125 
 1074 , 280.208984375 
 1075 , 289.828125 
 1076 , 275.16015625 
 1077 , 238.642578125 
 1078 , 203.70703125 
 1079 , 192.013671875 
 1080 , 210.765625 
 1081 , 261.9609375 
 1082 , 328.369140625 
 1083 , 381.189453125 
 1084 , 404.953125 
 1085 , 402.380859375 
 1086 , 381.58984375 
 1087 , 363.19140625 
 1088 , 366.6328125 
 1089 , 384.158203125 
 1090 , 396.046875 
 1091 , 397.83984375 
 1092 , 401.041015625 
 1093 , 410.23046875 
 1094 , 412.265625 
 1095 , 395.283203125 
 1096 , 368.060546875 
 1097 , 345.669921875 
 1098 , 332.150390625 
 1099 , 323.220703125 
 1100 , 313.71875 
 1101 , 297.00390625 
 1102 , 270.8984375 
 1103 , 251.0390625 
 1104 , 254.5390625 
 1105 , 271.986328125 
 1106 , 279.75390625 
 1107 , 264.548828125 
 1108 , 225.466796875 
 1109 , 170.48046875 
 1110 , 128.146484375 
 1111 , 123.83203125 
 1112 , 143.787109375 
 1113 , 160.447265625 
 1114 , 162.185546875 
 1115 , 148.1015625 
 1116 , 119.283203125 
 1117 , 78.80859375 
 1118 , 33.400390625 
 1119 , 2.01953125 
 1120 , 5.2578125 
 1121 , 25.611328125 
 1122 , 24.916015625 
 1123 , 3.779296875 
 1124 , 10.548828125 
 1125 , 68.498046875 
 1126 , 129.84375 
 1127 , 144.447265625 
 1128 , 128.17578125 
 1129 , 120.41796875 
 1130 , 127.587890625 
 1131 , 125.201171875 
 1132 , 103.833984375 
 1133 , 81.474609375 
 1134 , 73.310546875 
 1135 , 72.595703125 
 1136 , 68.44921875 
 1137 , 62.54296875 
 1138 , 62.943359375 
 1139 , 73.099609375 
 1140 , 92.044921875 
 1141 , 115.6484375 
 1142 , 131.916015625 
 1143 , 131.71875 
 1144 , 127.185546875 
 1145 , 135.4375 
 1146 , 151.55859375 
 1147 , 156.02734375 
 1148 , 138.80859375 
 1149 , 104.68359375 
 1150 , 64.353515625 
 1151 , 36.6640625 
 1152 , 38.126953125 
 1153 , 73.990234375 
 1154 , 145.900390625 
 1155 , 223.296875 
 1156 , 247.13671875 
 1157 , 204.248046875 
 1158 , 158.833984375 
 1159 , 160.908203125 
 1160 , 188.392578125 
 1161 , 207.79296875 
 1162 , 215.060546875 
 1163 , 219.458984375 
 1164 , 225.68359375 
 1165 , 235.30859375 
 1166 , 249.3828125 
 1167 , 262.98046875 
 1168 , 270.27734375 
 1169 , 273.21875 
 1170 , 277.90234375 
 1171 , 292.9609375 
 1172 , 326.853515625 
 1173 , 376.083984375 
 1174 , 423.97265625 
 1175 , 454.798828125 
 1176 , 459.3203125 
 1177 , 436.01953125 
 1178 , 407.7578125 
 1179 , 400.07421875 
 1180 , 413.52734375 
 1181 , 436.833984375 
 1182 , 462.0625 
 1183 , 481.701171875 
 1184 , 489.1484375 
 1185 , 483.63671875 
 1186 , 466.28125 
 1187 , 439.03125 
 1188 , 405.6640625 
 1189 , 387.123046875 
 1190 , 410.958984375 
 1191 , 464.328125 
 1192 , 496.22265625 
 1193 , 482.1015625 
 1194 , 446.599609375 
 1195 , 414.541015625 
 1196 , 398.142578125 
 1197 , 406.927734375 
 1198 , 430.888671875 
 1199 , 447.310546875 
 1200 , 453.478515625 
 1201 , 472.77734375 
 1202 , 511.0390625 
 1203 , 530.787109375 
 1204 , 499.15625 
 1205 , 427.0625 
 1206 , 338.607421875 
 1207 , 269.037109375 
 1208 , 255.224609375 
 1209 , 285.265625 
 1210 , 304.625 
 1211 , 290.765625 
 1212 , 283.548828125 
 1213 , 308.931640625 
 1214 , 311.626953125 
 1215 , 231.7578125 
 1216 , 127.43359375 
 1217 , 102.904296875 
 1218 , 165.412109375 
 1219 , 245.587890625 
 1220 , 292.365234375 
 1221 , 289.865234375 
 1222 , 237.17578125 
 1223 , 154.701171875 
 1224 , 66.634765625 
 1225 , 12.869140625 
 1226 , 33.0078125 
 1227 , 94.42578125 
 1228 , 122.814453125 
 1229 , 109.9296875 
 1230 , 119.720703125 
 1231 , 174.111328125 
 1232 , 187.6796875 
 1233 , 95.935546875 
 1234 ,-6.123046875 
 1235 ,-0.3203125 
 1236 , 79.7265625 
 1237 , 133.708984375 
 1238 , 140.521484375 
 1239 , 142.1640625 
 1240 , 155.373046875 
 1241 , 170.98828125 
 1242 , 182.265625 
 1243 , 178.583984375 
 1244 , 147.353515625 
 1245 , 110.880859375 
 1246 , 112.380859375 
 1247 , 160.818359375 
 1248 , 232.490234375 
 1249 , 295.9375 
 1250 , 317.9140625 
 1251 , 290.103515625 
 1252 , 254.068359375 
 1253 , 245.27734375 
 1254 , 247.853515625 
 1255 , 235.0546875 
 1256 , 210.140625 
 1257 , 192.990234375 
 1258 , 190.40234375 
 1259 , 195.634765625 
 1260 , 197.6015625 
 1261 , 179.744140625 
 1262 , 136.96484375 
 1263 , 95.4296875 
 1264 , 79.845703125 
 1265 , 84.970703125 
 1266 , 98.568359375 
 1267 , 110.029296875 
 1268 , 104.822265625 
 1269 , 84.4296875 
 1270 , 75.625 
 1271 , 93.259765625 
 1272 , 114.28125 
 1273 , 112.55078125 
 1274 , 91.55078125 
 1275 , 69.658203125 
 1276 , 61.36328125 
 1277 , 67.91015625 
 1278 , 79.748046875 
 1279 , 91.41015625 
 1280 , 105.345703125 
 1281 , 122.201171875 
 1282 , 139.06640625 
 1283 , 153.259765625 
 1284 , 166.162109375 
 1285 , 191.22265625 
 1286 , 240.421875 
 1287 , 293.798828125 
 1288 , 320.24609375 
 1289 , 323.541015625 
 1290 , 331.748046875 
 1291 , 350.93359375 
 1292 , 358.69921875 
 1293 , 343.1171875 
 1294 , 318.53125 
 1295 , 295.412109375 
 1296 , 262.873046875 
 1297 , 211.740234375 
 1298 , 154.9296875 
 1299 , 108.400390625 
 1300 , 83.38671875 
 1301 , 92.193359375 
 1302 , 123.474609375 
 1303 , 136.75390625 
 1304 , 114.642578125 
 1305 , 88.68359375 
 1306 , 87.3203125 
 1307 , 105.259765625 
 1308 , 126.53125 
 1309 , 128.853515625 
 1310 , 94.181640625 
 1311 , 46.32421875 
 1312 , 29.0859375 
 1313 , 46.99609375 
 1314 , 71.1796875 
 1315 , 83.025390625 
 1316 , 81.712890625 
 1317 , 76.595703125 
 1318 , 91.322265625 
 1319 , 137.544921875 
 1320 , 182.103515625 
 1321 , 189.9375 
 1322 , 173.80859375 
 1323 , 161.951171875 
 1324 , 155.216796875 
 1325 , 141.19140625 
 1326 , 123.12109375 
 1327 , 115.58203125 
 1328 , 122.73046875 
 1329 , 135.11328125 
 1330 , 148.05859375 
 1331 , 169.173828125 
 1332 , 204.751953125 
 1333 , 247.3046875 
 1334 , 284.41796875 
 1335 , 304.640625 
 1336 , 298.69921875 
 1337 , 277.732421875 
 1338 , 269.998046875 
 1339 , 280.759765625 
 1340 , 285.498046875 
 1341 , 273.1328125 
 1342 , 263.333984375 
 1343 , 273.52734375 
 1344 , 298.736328125 
 1345 , 328.08203125 
 1346 , 356.3515625 
 1347 , 382.466796875 
 1348 , 404.361328125 
 1349 , 420.09765625 
 1350 , 429.48046875 
 1351 , 430.60546875 
 1352 , 424.298828125 
 1353 , 421.275390625 
 1354 , 427.09375 
 1355 , 424.38671875 
 1356 , 398.48828125 
 1357 , 369.875 
 1358 , 364.197265625 
 1359 , 371.1171875 
 1360 , 366.330078125 
 1361 , 345.94921875 
 1362 , 322.044921875 
 1363 , 301.724609375 
 1364 , 280.83203125 
 1365 , 260.046875 
 1366 , 254.990234375 
 1367 , 272.037109375 
 1368 , 288.36328125 
 1369 , 280.625 
 1370 , 245.796875 
 1371 , 192.369140625 
 1372 , 148.9765625 
 1373 , 143.703125 
 1374 , 176.875 
 1375 , 234.23046875 
 1376 , 285.423828125 
 1377 , 294.810546875 
 1378 , 257.125 
 1379 , 193.783203125 
 1380 , 124.62890625 
 1381 , 69.3125 
 1382 , 40.701171875 
 1383 , 28.953125 
 1384 , 22.177734375 
 1385 , 25.279296875 
 1386 , 44.8125 
 1387 , 60.287109375 
 1388 , 43.927734375 
 1389 , 12.759765625 
 1390 , 5.966796875 
 1391 , 27.6171875 
 1392 , 48.5546875 
 1393 , 51.357421875 
 1394 , 43.068359375 
 1395 , 35.138671875 
 1396 , 35.93359375 
 1397 , 45.810546875 
 1398 , 46.291015625 
 1399 , 27.0546875 
 1400 , 9.162109375 
 1401 , 12.71875 
 1402 , 28.365234375 
 1403 , 41.01953125 
 1404 , 50.666015625 
 1405 , 61.158203125 
 1406 , 69.1015625 
 1407 , 70.103515625 
 1408 , 68.763671875 
 1409 , 76.630859375 
 1410 , 93.041015625 
 1411 , 101.298828125 
 1412 , 96.9765625 
 1413 , 99.263671875 
 1414 , 120.369140625 
 1415 , 156.12890625 
 1416 , 203.640625 
 1417 , 242.220703125 
 1418 , 239.89453125 
 1419 , 210.642578125 
 1420 , 201.263671875 
 1421 , 205.2734375 
 1422 , 162.1953125 
 1423 , 72.078125 
 1424 , 19.755859375 
 1425 , 51.125 
 1426 , 128.05859375 
 1427 , 205.33984375 
 1428 , 254.900390625 
 1429 , 266.283203125 
 1430 , 259.4296875 
 1431 , 252.837890625 
 1432 , 251.736328125 
 1433 , 260.02734375 
 1434 , 276.154296875 
 1435 , 292.36328125 
 1436 , 297.607421875 
 1437 , 283.34765625 
 1438 , 259.51953125 
 1439 , 251.232421875 
 1440 , 262.458984375 
 1441 , 268.75390625 
 1442 , 259.259765625 
 1443 , 251.2734375 
 1444 , 259.845703125 
 1445 , 285.796875 
 1446 , 324.453125 
 1447 , 361.9765625 
 1448 , 386.703125 
 1449 , 408.46484375 
 1450 , 443.6484375 
 1451 , 491.14453125 
 1452 , 537.5 
 1453 , 577.9765625 
 1454 , 621.71484375 
 1455 , 671.072265625 
 1456 , 713.17578125 
 1457 , 735.76953125 
 1458 , 738.556640625 
 1459 , 730.830078125 
 1460 , 719.349609375 
 1461 , 703.595703125 
 1462 , 687.119140625 
 1463 , 671.17578125 
 1464 , 634.078125 
 1465 , 557.953125 
 1466 , 465.728515625 
 1467 , 388.3203125 
 1468 , 330.724609375 
 1469 , 287.341796875 
 1470 , 264.03125 
 1471 , 269.904296875 
 1472 , 287.7734375 
 1473 , 289.158203125 
 1474 , 267.630859375 
 1475 , 230.345703125 
 1476 , 192.76953125 
 1477 , 181.43359375 
 1478 , 200.18359375 
 1479 , 218.75 
 1480 , 217.94140625 
 1481 , 205.919921875 
 1482 , 193.333984375 
 1483 , 188.001953125 
 1484 , 192.919921875 
 1485 , 196.888671875 
 1486 , 189.23828125 
 1487 , 173.498046875 
 1488 , 156.724609375 
 1489 , 148.859375 
 1490 , 160.130859375 
 1491 , 190.79296875 
 1492 , 233.087890625 
 1493 , 258.1484375 
 1494 , 231.37109375 
 1495 , 176.65625 
 1496 , 157.53125 
 1497 , 181.609375 
 1498 , 203.220703125 
 1499 , 204.166015625 
 1500 , 203.482421875 
 1501 , 208.912109375 
 1502 , 202.712890625 
 1503 , 177.357421875 
 1504 , 157.83984375 
 1505 , 162.263671875 
 1506 , 169.36328125 
 1507 , 157.435546875 
 1508 , 143.29296875 
 1509 , 148.3828125 
 1510 , 150.017578125 
 1511 , 116.861328125 
 1512 , 68.576171875 
 1513 , 43.361328125 
 1514 , 45.251953125 
 1515 , 57.400390625 
 1516 , 65.607421875 
 1517 , 60.7890625 
 1518 , 50.681640625 
 1519 , 56.1484375 
 1520 , 69.75390625 
 1521 , 57.55078125 
 1522 , 27.162109375 
 1523 , 35.865234375 
 1524 , 104.154296875 
 1525 , 176.419921875 
 1526 , 209.517578125 
 1527 , 163.75 
 1528 , 44.9765625 
 1529 ,-31.896484375 
 1530 , 13.689453125 
 1531 , 111.318359375 
 1532 , 179.166015625 
 1533 , 213.357421875 
 1534 , 232.400390625 
 1535 , 248.484375 
 1536 , 276.083984375 
 1537 , 297.228515625 
 1538 , 295.9765625 
 1539 , 268.51953125 
 1540 , 218.1953125 
 1541 , 161.421875 
 1542 , 120.3671875 
 1543 , 95.115234375 
 1544 , 68.162109375 
 1545 , 39.876953125 
 1546 , 27.1796875 
 1547 , 32.33203125 
 1548 , 39.9921875 
 1549 , 49.369140625 
 1550 , 83.89453125 
 1551 , 137.203125 
 1552 , 154.05859375 
 1553 , 121.53515625 
 1554 , 101.025390625 
 1555 , 125.615234375 
 1556 , 164.3203125 
 1557 , 191.134765625 
 1558 , 205.587890625 
 1559 , 207.08203125 
 1560 , 188.75 
 1561 , 153.03125 
 1562 , 126.185546875 
 1563 , 128.376953125 
 1564 , 151.931640625 
 1565 , 184.923828125 
 1566 , 209.58984375 
 1567 , 209.0390625 
 1568 , 205.8828125 
 1569 , 232.859375 
 1570 , 273.115234375 
 1571 , 290.703125 
 1572 , 279.677734375 
 1573 , 251.876953125 
 1574 , 224.341796875 
 1575 , 213.728515625 
 1576 , 219.234375 
 1577 , 227.615234375 
 1578 , 227.16796875 
 1579 , 211.822265625 
 1580 , 194.1484375 
 1581 , 198.31640625 
 1582 , 221.365234375 
 1583 , 236.634765625 
 1584 , 234.82421875 
 1585 , 223.234375 
 1586 , 211.451171875 
 1587 , 215.78125 
 1588 , 246.685546875 
 1589 , 299.41796875 
 1590 , 353.251953125 
 1591 , 370.974609375 
 1592 , 345.4921875 
 1593 , 319.650390625 
 1594 , 321.9765625 
 1595 , 348.7890625 
 1596 , 390.85546875 
 1597 , 423.103515625 
 1598 , 425.6015625 
 1599 , 414.029296875 
 1600 , 408.546875 
 1601 , 414.677734375 
 1602 , 434.1328125 
 1603 , 462.478515625 
 1604 , 491.830078125 
 1605 , 514.330078125 
 1606 , 526.39453125 
 1607 , 532.943359375 
 1608 , 536.74609375 
 1609 , 534.005859375 
 1610 , 521.912109375 
 1611 , 501.1171875 
 1612 , 472.34765625 
 1613 , 439.46484375 
 1614 , 407.55078125 
 1615 , 370.36328125 
 1616 , 318.29296875 
 1617 , 265.9296875 
 1618 , 239.265625 
 1619 , 233.37109375 
 1620 , 222.564453125 
 1621 , 203.302734375 
 1622 , 190.15625 
 1623 , 179.166015625 
 1624 , 152.21875 
 1625 , 121.994140625 
 1626 , 124.341796875 
 1627 , 154.173828125 
 1628 , 170.53515625 
 1629 , 163.85546875 
 1630 , 157.08203125 
 1631 , 155.185546875 
 1632 , 143.458984375 
 1633 , 122.998046875 
 1634 , 112.48828125 
 1635 , 121.0546875 
 1636 , 140.55078125 
 1637 , 159.029296875 
 1638 , 171.6796875 
 1639 , 181.744140625 
 1640 , 191.6484375 
 1641 , 197.0625 
 1642 , 192.349609375 
 1643 , 175.419921875 
 1644 , 142.279296875 
 1645 , 101.30859375 
 1646 , 87.390625 
 1647 , 109.96875 
 1648 , 132.298828125 
 1649 , 134.318359375 
 1650 , 127.3515625 
 1651 , 120.234375 
 1652 , 113.486328125 
 1653 , 111.57421875 
 1654 , 126.115234375 
 1655 , 154.353515625 
 1656 , 173.82421875 
 1657 , 170.35546875 
 1658 , 138.267578125 
 1659 , 82.822265625 
 1660 , 37.9921875 
 1661 , 25.9375 
 1662 , 30.91015625 
 1663 , 35.560546875 
 1664 , 35.509765625 
 1665 , 33.84375 
 1666 , 42.412109375 
 1667 , 67.03125 
 1668 , 94.99609375 
 1669 , 115.681640625 
 1670 , 135.212890625 
 1671 , 158.064453125 
 1672 , 174.6640625 
 1673 , 178.24609375 
 1674 , 175.611328125 
 1675 , 173.345703125 
 1676 , 173.314453125 
 1677 , 175.103515625 
 1678 , 171.1953125 
 1679 , 155.0546875 
 1680 , 129.7890625 
 1681 , 103.01953125 
 1682 , 87.107421875 
 1683 , 92.20703125 
 1684 , 120.548828125 
 1685 , 163.244140625 
 1686 , 190.90625 
 1687 , 188.3046875 
 1688 , 174.38671875 
 1689 , 162.478515625 
 1690 , 152.60546875 
 1691 , 146.578125 
 1692 , 138.611328125 
 1693 , 123.779296875 
 1694 , 120.52734375 
 1695 , 144.439453125 
 1696 , 177.2265625 
 1697 , 193.759765625 
 1698 , 178.103515625 
 1699 , 134.0625 
 1700 , 103.8515625 
 1701 , 108.67578125 
 1702 , 110.015625 
 1703 , 82.201171875 
 1704 , 47.36328125 
 1705 , 25.958984375 
 1706 , 15.099609375 
 1707 , 10.896484375 
 1708 , 20.986328125 
 1709 , 47.8515625 
 1710 , 74.888671875 
 1711 , 84.357421875 
 1712 , 71.677734375 
 1713 , 42.33984375 
 1714 , 14.427734375 
 1715 , 1.015625 
 1716 , 4.748046875 
 1717 , 25.6171875 
 1718 , 57.64453125 
 1719 , 91.330078125 
 1720 , 111.994140625 
 1721 , 111.185546875 
 1722 , 97.349609375 
 1723 , 83.130859375 
 1724 , 87.732421875 
 1725 , 111.298828125 
 1726 , 121.322265625 
 1727 , 105.333984375 
 1728 , 82.025390625 
 1729 , 67.52734375 
 1730 , 75.208984375 
 1731 , 96.6328125 
 1732 , 91.017578125 
 1733 , 55.291015625 
 1734 , 42.298828125 
 1735 , 66.10546875 
 1736 , 81.927734375 
 1737 , 75.30078125 
 1738 , 76.396484375 
 1739 , 88.03125 
 1740 , 80.310546875 
 1741 , 71.73046875 
 1742 , 123.806640625 
 1743 , 201.240234375 
 1744 , 190.943359375 
 1745 , 100.783203125 
 1746 , 31.494140625 
 1747 , 18.57421875 
 1748 , 50.1875 
 1749 , 97.431640625 
 1750 , 119.845703125 
 1751 , 121.33984375 
 1752 , 133.203125 
 1753 , 157.380859375 
 1754 , 178.353515625 
 1755 , 180.083984375 
 1756 , 151.95703125 
 1757 , 136.55859375 
 1758 , 190.056640625 
 1759 , 259.306640625 
 1760 , 254.90234375 
 1761 , 194.23828125 
 1762 , 136.607421875 
 1763 , 123.642578125 
 1764 , 173.869140625 
 1765 , 222.166015625 
 1766 , 201.140625 
 1767 , 147.86328125 
 1768 , 117.763671875 
 1769 , 120.95703125 
 1770 , 146.12109375 
 1771 , 153.2890625 
 1772 , 119.62890625 
 1773 , 94.7421875 
 1774 , 117.75 
 1775 , 155.2734375 
 1776 , 174.794921875 
 1777 , 182.7890625 
 1778 , 189.625 
 1779 , 193.28515625 
 1780 , 184.0390625 
 1781 , 150.09765625 
 1782 , 97.0390625 
 1783 , 52.189453125 
 1784 , 34.341796875 
 1785 , 48.244140625 
 1786 , 78.908203125 
 1787 , 88.560546875 
 1788 , 71.234375 
 1789 , 57.015625 
 1790 , 53.39453125 
 1791 , 49.04296875 
 1792 , 43.205078125 
 1793 , 41.244140625 
 1794 , 50.232421875 
 1795 , 75.625 
 1796 , 101.23828125 
 1797 , 102.927734375 
 1798 , 109.365234375 
 1799 , 166.724609375 
 1800 , 235.06640625 
 1801 , 246.931640625 
 1802 , 211.20703125 
 1803 , 162.576171875 
 1804 , 120.013671875 
 1805 , 97 
 1806 , 89.615234375 
 1807 , 87.287109375 
 1808 , 82.77734375 
 1809 , 73.677734375 
 1810 , 63.70703125 
 1811 , 58.2734375 
 1812 , 74.078125 
 1813 , 110.1875 
 1814 , 109.29296875 
 1815 , 53.005859375 
 1816 , 24.26953125 
 1817 , 68.658203125 
 1818 , 142.4765625 
 1819 , 199.279296875 
 1820 , 208.62109375 
 1821 , 175.421875 
 1822 , 140.05859375 
 1823 , 114.787109375 
 1824 , 83.5546875 
 1825 , 56.9296875 
 1826 , 66.65234375 
 1827 , 101.853515625 
 1828 , 122.275390625 
 1829 , 120.966796875 
 1830 , 111.84375 
 1831 , 104.126953125 
 1832 , 103.2578125 
 1833 , 104.669921875 
 1834 , 101.9453125 
 1835 , 101.8046875 
 1836 , 112.525390625 
 1837 , 129.181640625 
 1838 , 142.84375 
 1839 , 144.251953125 
 1840 , 132.79296875 
 1841 , 130.01953125 
 1842 , 147.111328125 
 1843 , 167.162109375 
 1844 , 177.08203125 
 1845 , 177.05859375 
 1846 , 168.80859375 
 1847 , 154.458984375 
 1848 , 146.1953125 
 1849 , 162.345703125 
 1850 , 190.771484375 
 1851 , 199.15625 
 1852 , 192.09765625 
 1853 , 192.291015625 
 1854 , 186.259765625 
 1855 , 151.97265625 
 1856 , 114.611328125 
 1857 , 109.423828125 
 1858 , 128.064453125 
 1859 , 150.234375 
 1860 , 162.751953125 
 1861 , 155.205078125 
 1862 , 128.869140625 
 1863 , 97.939453125 
 1864 , 98.583984375 
 1865 , 136.3125 
 1866 , 149.56640625 
 1867 , 115.830078125 
 1868 , 84.203125 
 1869 , 80.806640625 
 1870 , 100.666015625 
 1871 , 134.435546875 
 1872 , 162.658203125 
 1873 , 173.1875 
 1874 , 169.291015625 
 1875 , 164.892578125 
 1876 , 170.908203125 
 1877 , 180.09765625 
 1878 , 182.486328125 
 1879 , 168.873046875 
 1880 , 130.693359375 
 1881 , 84.19140625 
 1882 , 54.8984375 
 1883 , 63.48046875 
 1884 , 109.521484375 
 1885 , 144.544921875 
 1886 , 140.91796875 
 1887 , 125.306640625 
 1888 , 118.04296875 
 1889 , 121.34765625 
 1890 , 125.63671875 
 1891 , 113.103515625 
 1892 , 92.755859375 
 1893 , 92.107421875 
 1894 , 114.248046875 
 1895 , 145.615234375 
 1896 , 157.458984375 
 1897 , 122.5078125 
 1898 , 76.728515625 
 1899 , 68.701171875 
 1900 , 92.333984375 
 1901 , 120.89453125 
 1902 , 110.982421875 
 1903 , 53.259765625 
 1904 , 25.271484375 
 1905 , 66.697265625 
 1906 , 130.2421875 
 1907 , 175.01171875 
 1908 , 178.712890625 
 1909 , 156.1328125 
 1910 , 157.29296875 
 1911 , 179.888671875 
 1912 , 182.228515625 
 1913 , 168.375 
 1914 , 168.591796875 
 1915 , 178.83203125 
 1916 , 180.197265625 
 1917 , 169.611328125 
 1918 , 152.158203125 
 1919 , 134.884765625 
 1920 , 123.83984375 
 1921 , 125.591796875 
 1922 , 139.259765625 
 1923 , 153.2265625 
 1924 , 159.60546875 
 1925 , 154.27734375 
 1926 , 144.533203125 
 1927 , 146.521484375 
 1928 , 143.125 
 1929 , 101.12109375 
 1930 , 58.119140625 
 1931 , 72.599609375 
 1932 , 108.64453125 
 1933 , 112.05859375 
 1934 , 89.533203125 
 1935 , 65.3125 
 1936 , 70.017578125 
 1937 , 111.048828125 
 1938 , 151.28125 
 1939 , 162.080078125 
 1940 , 137.431640625 
 1941 , 115.677734375 
 1942 , 164.01953125 
 1943 , 241.623046875 
 1944 , 248.701171875 
 1945 , 209.828125 
 1946 , 195.353515625 
 1947 , 188.587890625 
 1948 , 158.02734375 
 1949 , 123.3828125 
 1950 , 103.8359375 
 1951 , 90.53125 
 1952 , 79.091796875 
 1953 , 77.734375 
 1954 , 87.7109375 
 1955 , 105.728515625 
 1956 , 131.095703125 
 1957 , 159.01953125 
 1958 , 172.884765625 
 1959 , 156.638671875 
 1960 , 134.560546875 
 1961 , 137.439453125 
 1962 , 147.88671875 
 1963 , 143.033203125 
 1964 , 126.11328125 
 1965 , 102.072265625 
 1966 , 65.31640625 
 1967 , 26.26171875 
 1968 , 23.365234375 
 1969 , 63.013671875 
 1970 , 113.236328125 
 1971 , 150.283203125 
 1972 , 165.931640625 
 1973 , 173.046875 
 1974 , 182.07421875 
 1975 , 176.48828125 
 1976 , 146.20703125 
 1977 , 108.365234375 
 1978 , 81.677734375 
 1979 , 87.826171875 
 1980 , 126.76171875 
 1981 , 161.650390625 
 1982 , 175.087890625 
 1983 , 172.90625 
 1984 , 161.7109375 
 1985 , 147.498046875 
 1986 , 128.71875 
 1987 , 104.70703125 
 1988 , 96.373046875 
 1989 , 116.87890625 
 1990 , 138.408203125 
 1991 , 149.396484375 
 1992 , 181.240234375 
 1993 , 224.64453125 
 1994 , 217.771484375 
 1995 , 165.970703125 
 1996 , 131.802734375 
 1997 , 139.310546875 
 1998 , 182.990234375 
 1999 , 220.767578125 
 2000 , 214.224609375 
 2001 , 193.17578125 
 2002 , 190.71875 
 2003 , 209.76171875 
 2004 , 235.66796875 
 2005 , 230.091796875 
 2006 , 184.396484375 
 2007 , 126.63671875 
 2008 , 85.263671875 
 2009 , 81.126953125 
 2010 , 92.07421875 
 2011 , 88.615234375 
 2012 , 98.603515625 
 2013 , 145.12109375 
 2014 , 188.603515625 
 2015 , 199.970703125 
 2016 , 188.591796875 
 2017 , 166.84765625 
 2018 , 146.87890625 
 2019 , 125.349609375 
 2020 , 89.9921875 
 2021 , 62.802734375 
 2022 , 72.91015625 
 2023 , 95.3046875 
 2024 , 101.83984375 
 2025 , 105.728515625 
 2026 , 112.71484375 
 2027 , 104.845703125 
 2028 , 89.837890625 
 2029 , 101.47265625 
 2030 , 125.54296875 
 2031 , 119.70703125 
 2032 , 92.43359375 
 2033 , 68.7421875 
 2034 , 54.3515625 
 2035 , 50.658203125 
 2036 , 47.8046875 
 2037 , 42.6171875 
 2038 , 54.13671875 
 2039 , 79.7734375 
 2040 , 86.759765625 
 2041 , 65.603515625 
 2042 , 30.642578125 
 2043 , 9.31640625 
 2044 , 21.439453125 
 2045 , 38.12109375 
 2046 , 39.51171875 
 2047 , 57.912109375 
 2048 , 100.60546875 
 2049 , 126.166015625 
 2050 , 121.203125 
 2051 , 102.689453125 
 2052 , 78.251953125 
 2053 , 50.12109375 
 2054 , 29.802734375 
 2055 , 29.724609375 
 2056 , 52.1171875 
 2057 , 82.966796875 
 2058 , 81.75 
 2059 , 53.53515625 
 2060 , 59.466796875 
 2061 , 96.181640625 
 2062 , 113.962890625 
 2063 , 107.64453125 
 2064 , 93.431640625 
 2065 , 88.95703125 
 2066 , 103.255859375 
 2067 , 120.87890625 
 2068 , 134.76171875 
 2069 , 157.1484375 
 2070 , 181.8515625 
 2071 , 186.76171875 
 2072 , 182.8125 
 2073 , 193.18359375 
 2074 , 203.248046875 
 2075 , 195.017578125 
 2076 , 178.474609375 
 2077 , 161.40625 
 2078 , 137.6484375 
 2079 , 119.5703125 
 2080 , 138.072265625 
 2081 , 163.884765625 
 2082 , 149.662109375 
 2083 , 90.609375 
 2084 , 11.689453125 
 2085 ,-12.9765625 
 2086 , 37.75 
 2087 , 67.7734375 
 2088 , 61.18359375 
 2089 , 100.5078125 
 2090 , 164.65625 
 2091 , 173.19921875 
 2092 , 157.001953125 
 2093 , 161.455078125 
 2094 , 162.462890625 
 2095 , 144.40625 
 2096 , 140.419921875 
 2097 , 157.001953125 
 2098 , 163.99609375 
 2099 , 152.240234375 
 2100 , 133.63671875 
 2101 , 146.966796875 
 2102 , 209.75 
 2103 , 241.7734375 
 2104 , 210.50390625 
 2105 , 203.734375 
 2106 , 232.302734375 
 2107 , 220.234375 
 2108 , 179.98828125 
 2109 , 168.107421875 
 2110 , 168.46484375 
 2111 , 153.775390625 
 2112 , 139.2265625 
 2113 , 138.947265625 
 2114 , 151.6328125 
 2115 , 161.603515625 
 2116 , 144.54296875 
 2117 , 104.8125 
 2118 , 65.767578125 
 2119 , 69.822265625 
 2120 , 125.80078125 
 2121 , 144.96484375 
 2122 , 103.79296875 
 2123 , 86.376953125 
 2124 , 102.828125 
 2125 , 105.84765625 
 2126 , 106.89453125 
 2127 , 128.26171875 
 2128 , 132.701171875 
 2129 , 105.072265625 
 2130 , 100.447265625 
 2131 , 123.638671875 
 2132 , 118.859375 
 2133 , 85.26171875 
 2134 , 55.314453125 
 2135 , 43.94140625 
 2136 , 50.388671875 
 2137 , 47.361328125 
 2138 , 38.13671875 
 2139 , 75.052734375 
 2140 , 120.548828125 
 2141 , 77.716796875 
 2142 , 21.533203125 
 2143 , 59.962890625 
 2144 , 106.078125 
 2145 , 101.052734375 
 2146 , 138.828125 
 2147 , 216.673828125 
 2148 , 214.5 
 2149 , 150.076171875 
 2150 , 111.6875 
 2151 , 87.173828125 
 2152 , 50.302734375 
 2153 , 26.10546875 
 2154 , 30.216796875 
 2155 , 52.271484375 
 2156 , 70.333984375 
 2157 , 61.251953125 
 2158 , 43.654296875 
 2159 , 45.296875 
 2160 , 66.08984375 
 2161 , 89.626953125 
 2162 , 83.9453125 
 2163 , 70.595703125 
 2164 , 108.990234375 
 2165 , 141.205078125 
 2166 , 89.52734375 
 2167 , 39.326171875 
 2168 , 62.53515625 
 2169 , 118.04296875 
 2170 , 155.11328125 
 2171 , 135.818359375 
 2172 , 105.07421875 
 2173 , 131.837890625 
 2174 , 170.74609375 
 2175 , 169.529296875 
 2176 , 140.025390625 
 2177 , 114.0234375 
 2178 , 131.833984375 
 2179 , 175.896484375 
 2180 , 199.9140625 
 2181 , 207.56640625 
 2182 , 203.73046875 
 2183 , 154.58203125 
 2184 , 78.869140625 
 2185 , 65.337890625 
 2186 , 99.015625 
 2187 , 104.56640625 
 2188 , 97.90234375 
 2189 , 114.25 
 2190 , 149.59375 
 2191 , 180.71484375 
 2192 , 172.009765625 
 2193 , 145.68359375 
 2194 , 153.349609375 
 2195 , 171.83203125 
 2196 , 168.142578125 
 2197 , 157.69140625 
 2198 , 159.8203125 
 2199 , 184.90625 
 2200 , 200.236328125 
 2201 , 157.6640625 
 2202 , 100.625 
 2203 , 84.744140625 
 2204 , 107.919921875 
 2205 , 145.5703125 
 2206 , 158.8125 
 2207 , 157.455078125 
 2208 , 173.861328125 
 2209 , 167.19921875 
 2210 , 112.587890625 
 2211 , 93.814453125 
 2212 , 138.0546875 
 2213 , 178.505859375 
 2214 , 183.65625 
 2215 , 154.564453125 
 2216 , 117.283203125 
 2217 , 92.28515625 
 2218 , 69.71875 
 2219 , 47.51953125 
 2220 , 38.9375 
 2221 , 64.93359375 
 2222 , 132.556640625 
 2223 , 171.55859375 
 2224 , 138.93359375 
 2225 , 97.19140625 
 2226 , 67.2578125 
 2227 , 23.1953125 
 2228 , 2.859375 
 2229 , 45.84375 
 2230 , 74.697265625 
 2231 , 52.677734375 
 2232 , 59.037109375 
 2233 , 87.943359375 
 2234 , 64.611328125 
 2235 , 36.314453125 
 2236 , 69.54296875 
 2237 , 134.1875 
 2238 , 181.201171875 
 2239 , 167.82421875 
 2240 , 122.125 
 2241 , 109.765625 
 2242 , 137.625 
 2243 , 181.615234375 
 2244 , 190.796875 
 2245 , 164.0546875 
 2246 , 157.279296875 
 2247 , 166.0625 
 2248 , 160.95703125 
 2249 , 156.3203125 
 2250 , 160.69140625 
 2251 , 154.619140625 
 2252 , 122.650390625 
 2253 , 61.130859375 
 2254 , 19.478515625 
 2255 , 42.125 
 2256 , 87.1875 
 2257 , 122.02734375 
 2258 , 149.255859375 
 2259 , 156.658203125 
 2260 , 128.873046875 
 2261 , 89.880859375 
 2262 , 74.048828125 
 2263 , 108.45703125 
 2264 , 159.595703125 
 2265 , 148.1171875 
 2266 , 103.541015625 
 2267 , 86 
 2268 , 83.455078125 
 2269 , 87.767578125 
 2270 , 114.21875 
 2271 , 135.984375 
 2272 , 112.255859375 
 2273 , 83.359375 
 2274 , 81.6015625 
 2275 , 70.416015625 
 2276 , 53.734375 
 2277 , 72.130859375 
 2278 , 80.869140625 
 2279 , 34.232421875 
 2280 , 8.513671875 
 2281 , 44.091796875 
 2282 , 89.7529296875 
 2283 , 108.1142578125 
 2284 , 77.9912109375 
 2285 , 24.607421875 
 2286 ,-10.78125 
 2287 , 14.5048828125 
 2288 , 79.712890625 
 2289 , 112.85546875 
 2290 , 97.2578125 
 2291 , 52.537109375 
 2292 , 32.291015625 
 2293 , 56.2392578125 
 2294 , 71.29296875 
 2295 , 64.0771484375 
 2296 , 44.9833984375 
 2297 , 13.65234375 
 2298 ,-15.607421875 
 2299 ,-4.779296875 
 2300 , 34.7666015625 
 2301 , 59.4677734375 
 2302 , 56.9443359375 
 2303 , 32.8916015625 
 2304 , 11.6845703125 
 2305 , 22.3134765625 
 2306 , 74.3203125 
 2307 , 112.73828125 
 2308 , 95.4892578125 
 2309 , 82.9755859375 
 2310 , 95.6904296875 
 2311 , 88.3505859375 
 2312 , 78.1083984375 
 2313 , 97.0625 
 2314 , 97.0322265625 
 2315 , 68.076171875 
 2316 , 81.9970703125 
 2317 , 116.3515625 
 2318 , 102.009765625 
 2319 , 62.3388671875 
 2320 , 32.8603515625 
 2321 , 42.06640625 
 2322 , 45.5205078125 
 2323 ,-23.5810546875 
 2324 ,-50.0966796875 
 2325 , 36.07421875 
 2326 , 65.7255859375 
 2327 , 12.4384765625 
 2328 , 7.6982421875 
 2329 , 40.533203125 
 2330 , 10 
 2331 , 10 
 2332 , 10 
 2333 , 10 
 2334 , 10 
 2335 , 10 
 2336 , 10 
 2337 , 10 
 2338 , 10 
 2339 , 10 
