11-20-2017,17:45:37
Wavenumber(cm-1),Intensity
 250 , 10 
 251 , 10 
 252 , 10 
 253 , 10 
 254 , 10 
 255 , 12.9765625 
 256 , 32.482421875 
 257 , 50.7734375 
 258 , 53.4140625 
 259 , 40.802734375 
 260 , 19.84375 
 261 ,-0.4296875 
 262 ,-14.8828125 
 263 ,-21.630859375 
 264 ,-18.73828125 
 265 ,-3.720703125 
 266 , 25.0078125 
 267 , 57.69921875 
 268 , 81.904296875 
 269 , 88.044921875 
 270 , 78.22265625 
 271 , 57.607421875 
 272 , 34.048828125 
 273 , 16.845703125 
 274 , 15.927734375 
 275 , 29.5703125 
 276 , 48.56640625 
 277 , 65.294921875 
 278 , 80.84765625 
 279 , 99.02734375 
 280 , 118.3046875 
 281 , 126.58203125 
 282 , 111.583984375 
 283 , 80.720703125 
 284 , 58.83203125 
 285 , 67.197265625 
 286 , 99.3828125 
 287 , 137.826171875 
 288 , 166.73828125 
 289 , 177.365234375 
 290 , 162.91015625 
 291 , 130.650390625 
 292 , 102.59765625 
 293 , 98.2421875 
 294 , 110.9296875 
 295 , 121.109375 
 296 , 115.224609375 
 297 , 98.30078125 
 298 , 78.91015625 
 299 , 62.51171875 
 300 , 50.833984375 
 301 , 45.056640625 
 302 , 43.298828125 
 303 , 41.9375 
 304 , 38.71875 
 305 , 35.373046875 
 306 , 34.623046875 
 307 , 35.646484375 
 308 , 33.9453125 
 309 , 26.2890625 
 310 , 15.349609375 
 311 , 7.03515625 
 312 , 5.6015625 
 313 , 9.501953125 
 314 , 15.857421875 
 315 , 23.01953125 
 316 , 30.7734375 
 317 , 38.6953125 
 318 , 48.75390625 
 319 , 65.208984375 
 320 , 89.78125 
 321 , 114.1328125 
 322 , 126.548828125 
 323 , 123.4140625 
 324 , 118 
 325 , 124.9765625 
 326 , 145.857421875 
 327 , 170.01171875 
 328 , 187.849609375 
 329 , 199.529296875 
 330 , 209.08984375 
 331 , 218.24609375 
 332 , 223.123046875 
 333 , 219.341796875 
 334 , 210.7578125 
 335 , 209.75 
 336 , 226.314453125 
 337 , 250.302734375 
 338 , 262.736328125 
 339 , 253.3984375 
 340 , 235.556640625 
 341 , 225.861328125 
 342 , 227.322265625 
 343 , 228.095703125 
 344 , 217.734375 
 345 , 201.640625 
 346 , 192.33984375 
 347 , 195.75 
 348 , 199.8046875 
 349 , 189.943359375 
 350 , 165.861328125 
 351 , 142.978515625 
 352 , 134.8828125 
 353 , 135.662109375 
 354 , 130.578125 
 355 , 110.994140625 
 356 , 84.91015625 
 357 , 62.890625 
 358 , 50.533203125 
 359 , 48.01171875 
 360 , 54.728515625 
 361 , 66.4453125 
 362 , 77.2578125 
 363 , 84.595703125 
 364 , 94.861328125 
 365 , 115.4921875 
 366 , 142.794921875 
 367 , 161.302734375 
 368 , 158.326171875 
 369 , 143.86328125 
 370 , 137.408203125 
 371 , 149.541015625 
 372 , 168.853515625 
 373 , 181.130859375 
 374 , 183.283203125 
 375 , 183.08203125 
 376 , 187.30859375 
 377 , 193.744140625 
 378 , 196.76171875 
 379 , 193.251953125 
 380 , 185.908203125 
 381 , 178.09765625 
 382 , 170.173828125 
 383 , 159.66796875 
 384 , 145.263671875 
 385 , 132.798828125 
 386 , 130.6171875 
 387 , 142.572265625 
 388 , 163.30859375 
 389 , 186.392578125 
 390 , 206.373046875 
 391 , 218.9609375 
 392 , 221.3203125 
 393 , 216.384765625 
 394 , 208.4453125 
 395 , 198.525390625 
 396 , 182.58203125 
 397 , 157.0546875 
 398 , 128.326171875 
 399 , 109.185546875 
 400 , 108.236328125 
 401 , 118.80859375 
 402 , 131.013671875 
 403 , 138.8515625 
 404 , 140.876953125 
 405 , 136.3203125 
 406 , 128.341796875 
 407 , 122.01953125 
 408 , 121.28515625 
 409 , 127.140625 
 410 , 140.173828125 
 411 , 159.775390625 
 412 , 184.029296875 
 413 , 210.40625 
 414 , 232.986328125 
 415 , 244.564453125 
 416 , 242.328125 
 417 , 232.59765625 
 418 , 222.181640625 
 419 , 210.01171875 
 420 , 189.583984375 
 421 , 157.625 
 422 , 125.294921875 
 423 , 107.111328125 
 424 , 111.01953125 
 425 , 134.59375 
 426 , 173.66015625 
 427 , 213.490234375 
 428 , 232.46875 
 429 , 216.638671875 
 430 , 180.515625 
 431 , 145.255859375 
 432 , 122.876953125 
 433 , 113.40234375 
 434 , 115.767578125 
 435 , 126.4453125 
 436 , 139.8828125 
 437 , 152.107421875 
 438 , 163.140625 
 439 , 173.61328125 
 440 , 184.8359375 
 441 , 199.78125 
 442 , 219.8203125 
 443 , 236.583984375 
 444 , 238.419921875 
 445 , 220.630859375 
 446 , 190.419921875 
 447 , 156.2578125 
 448 , 127.7265625 
 449 , 115.033203125 
 450 , 121.955078125 
 451 , 132.04296875 
 452 , 125.96875 
 453 , 100.98046875 
 454 , 72.41796875 
 455 , 54.529296875 
 456 , 49.169921875 
 457 , 52.708984375 
 458 , 62.25390625 
 459 , 76.58984375 
 460 , 94.5703125 
 461 , 112.4296875 
 462 , 124.650390625 
 463 , 127.265625 
 464 , 122.994140625 
 465 , 116.28125 
 466 , 109.216796875 
 467 , 101.06640625 
 468 , 89.572265625 
 469 , 73.326171875 
 470 , 50.26171875 
 471 , 22.974609375 
 472 , 5.88671875 
 473 , 14.154296875 
 474 , 42.134765625 
 475 , 66.63671875 
 476 , 70.384765625 
 477 , 64.287109375 
 478 , 65.91015625 
 479 , 84.134765625 
 480 , 112.150390625 
 481 , 141.916015625 
 482 , 160.90234375 
 483 , 153.515625 
 484 , 114.78515625 
 485 , 68.455078125 
 486 , 42.8046875 
 487 , 46.62890625 
 488 , 72.126953125 
 489 , 109.9375 
 490 , 144.599609375 
 491 , 158.251953125 
 492 , 148.86328125 
 493 , 138.595703125 
 494 , 149.34765625 
 495 , 179.60546875 
 496 , 213.775390625 
 497 , 239.41796875 
 498 , 255.701171875 
 499 , 265.8515625 
 500 , 274.421875 
 501 , 283.91796875 
 502 , 293.77734375 
 503 , 297.10546875 
 504 , 288.236328125 
 505 , 267.962890625 
 506 , 243.28515625 
 507 , 219.953125 
 508 , 200.298828125 
 509 , 186.71484375 
 510 , 180.115234375 
 511 , 176.25 
 512 , 169.42578125 
 513 , 160.478515625 
 514 , 155.880859375 
 515 , 159.83203125 
 516 , 166.8125 
 517 , 169.287109375 
 518 , 165.98828125 
 519 , 163.240234375 
 520 , 166.349609375 
 521 , 170.525390625 
 522 , 167.185546875 
 523 , 154.087890625 
 524 , 139.994140625 
 525 , 134 
 526 , 138.365234375 
 527 , 150.453125 
 528 , 165.109375 
 529 , 171.587890625 
 530 , 159.66015625 
 531 , 137.83203125 
 532 , 130.900390625 
 533 , 155.583984375 
 534 , 192.140625 
 535 , 212.556640625 
 536 , 205.720703125 
 537 , 181.056640625 
 538 , 148.4140625 
 539 , 117.974609375 
 540 , 101.482421875 
 541 , 106.33984375 
 542 , 130.236328125 
 543 , 168.05859375 
 544 , 204.7421875 
 545 , 218.46875 
 546 , 198.208984375 
 547 , 165.80859375 
 548 , 149.5546875 
 549 , 160.6171875 
 550 , 193.044921875 
 551 , 236.484375 
 552 , 269.158203125 
 553 , 268.787109375 
 554 , 237.021484375 
 555 , 205.2109375 
 556 , 201.576171875 
 557 , 223.373046875 
 558 , 254.001953125 
 559 , 279.73046875 
 560 , 294.623046875 
 561 , 296.275390625 
 562 , 286.654296875 
 563 , 266.568359375 
 564 , 238.197265625 
 565 , 212.8359375 
 566 , 204.9296875 
 567 , 215.046875 
 568 , 231.7578125 
 569 , 245.0859375 
 570 , 253.09765625 
 571 , 254.935546875 
 572 , 250.43359375 
 573 , 242.53515625 
 574 , 236.1484375 
 575 , 234.216796875 
 576 , 235.126953125 
 577 , 237.017578125 
 578 , 241.05078125 
 579 , 249.919921875 
 580 , 260.34765625 
 581 , 265.98046875 
 582 , 264.544921875 
 583 , 262.11328125 
 584 , 265.11328125 
 585 , 269.5625 
 586 , 265.0078125 
 587 , 247.609375 
 588 , 230.345703125 
 589 , 226.162109375 
 590 , 231.7734375 
 591 , 233.169921875 
 592 , 220.5859375 
 593 , 196.33203125 
 594 , 166.189453125 
 595 , 137.046875 
 596 , 115.337890625 
 597 , 103.873046875 
 598 , 95.94921875 
 599 , 84.501953125 
 600 , 72.447265625 
 601 , 72.9296875 
 602 , 94.55859375 
 603 , 124.55078125 
 604 , 144.0625 
 605 , 145.9296875 
 606 , 138.017578125 
 607 , 126.046875 
 608 , 111.4140625 
 609 , 96.390625 
 610 , 83.74609375 
 611 , 75.13671875 
 612 , 73.5546875 
 613 , 82.03515625 
 614 , 101.5234375 
 615 , 129.765625 
 616 , 160.80859375 
 617 , 189.724609375 
 618 , 217.92578125 
 619 , 247.669921875 
 620 , 277.1328125 
 621 , 302.318359375 
 622 , 324.34375 
 623 , 344.546875 
 624 , 361.15234375 
 625 , 370.646484375 
 626 , 372.015625 
 627 , 366.09375 
 628 , 354.625 
 629 , 339.9140625 
 630 , 324.07421875 
 631 , 307.6875 
 632 , 289.490234375 
 633 , 269.71875 
 634 , 252.654296875 
 635 , 245.068359375 
 636 , 251.25 
 637 , 270.072265625 
 638 , 288.89453125 
 639 , 286.125 
 640 , 250.68359375 
 641 , 206.017578125 
 642 , 183.27734375 
 643 , 192.203125 
 644 , 216.755859375 
 645 , 242.087890625 
 646 , 260.498046875 
 647 , 265.625 
 648 , 256.080078125 
 649 , 239.646484375 
 650 , 224.01171875 
 651 , 206.7734375 
 652 , 182.322265625 
 653 , 149.94140625 
 654 , 115.369140625 
 655 , 83.953125 
 656 , 62.47265625 
 657 , 57.857421875 
 658 , 71.072265625 
 659 , 93.421875 
 660 , 116.65625 
 661 , 136.001953125 
 662 , 147.509765625 
 663 , 148.7578125 
 664 , 141.962890625 
 665 , 130.8359375 
 666 , 120.6875 
 667 , 117.98828125 
 668 , 127.71484375 
 669 , 150.484375 
 670 , 183.447265625 
 671 , 208.79296875 
 672 , 202.42578125 
 673 , 160.826171875 
 674 , 119.55859375 
 675 , 111.4765625 
 676 , 128.732421875 
 677 , 143.7421875 
 678 , 143.490234375 
 679 , 138.509765625 
 680 , 136.744140625 
 681 , 135.1640625 
 682 , 127.966796875 
 683 , 117.44921875 
 684 , 115.50390625 
 685 , 129.86328125 
 686 , 149.412109375 
 687 , 154.568359375 
 688 , 139.4453125 
 689 , 122.94140625 
 690 , 122.7578125 
 691 , 136.26953125 
 692 , 150.640625 
 693 , 159.36328125 
 694 , 166.453125 
 695 , 175.736328125 
 696 , 183.83203125 
 697 , 184.796875 
 698 , 179.240234375 
 699 , 176.955078125 
 700 , 184.458984375 
 701 , 199.02734375 
 702 , 214.44921875 
 703 , 227.6328125 
 704 , 239.5625 
 705 , 251.921875 
 706 , 266.205078125 
 707 , 282.84765625 
 708 , 295.240234375 
 709 , 286.130859375 
 710 , 244.455078125 
 711 , 188.55859375 
 712 , 147.5234375 
 713 , 133.505859375 
 714 , 136.60546875 
 715 , 150.271484375 
 716 , 168.787109375 
 717 , 182.56640625 
 718 , 180.48828125 
 719 , 157.12109375 
 720 , 113.10546875 
 721 , 66.6015625 
 722 , 40.978515625 
 723 , 41.59375 
 724 , 49.57421875 
 725 , 49.6171875 
 726 , 45.646484375 
 727 , 47.314453125 
 728 , 54.62109375 
 729 , 56.212890625 
 730 , 44.0390625 
 731 , 28.623046875 
 732 , 26.5859375 
 733 , 43.849609375 
 734 , 72.44140625 
 735 , 102.29296875 
 736 , 125.642578125 
 737 , 137.525390625 
 738 , 138.408203125 
 739 , 131.46875 
 740 , 118.125 
 741 , 108.19140625 
 742 , 116.884765625 
 743 , 144.55078125 
 744 , 172.416015625 
 745 , 182.087890625 
 746 , 176.544921875 
 747 , 166.861328125 
 748 , 161.640625 
 749 , 163.3515625 
 750 , 168.291015625 
 751 , 169.505859375 
 752 , 164.439453125 
 753 , 156.904296875 
 754 , 151.01171875 
 755 , 145.173828125 
 756 , 134.193359375 
 757 , 116.310546875 
 758 , 100.6796875 
 759 , 99.94921875 
 760 , 116.65234375 
 761 , 140.48828125 
 762 , 162.970703125 
 763 , 183.5703125 
 764 , 203.43359375 
 765 , 219.73828125 
 766 , 227.947265625 
 767 , 227.513671875 
 768 , 223.236328125 
 769 , 219.255859375 
 770 , 213.474609375 
 771 , 200.580078125 
 772 , 180.72265625 
 773 , 159.341796875 
 774 , 139.40234375 
 775 , 120.98046875 
 776 , 107.173828125 
 777 , 103.46484375 
 778 , 103.63671875 
 779 , 95.37890625 
 780 , 77.322265625 
 781 , 61.61328125 
 782 , 59.4453125 
 783 , 67.361328125 
 784 , 77.1953125 
 785 , 81 
 786 , 73.09765625 
 787 , 54.333984375 
 788 , 34.09765625 
 789 , 21.20703125 
 790 , 17.376953125 
 791 , 21.013671875 
 792 , 30.091796875 
 793 , 42.9375 
 794 , 60.69921875 
 795 , 87.8515625 
 796 , 126.63671875 
 797 , 166.4296875 
 798 , 188.009765625 
 799 , 181.859375 
 800 , 159.634765625 
 801 , 134.20703125 
 802 , 108.447265625 
 803 , 81.748046875 
 804 , 61.296875 
 805 , 59.39453125 
 806 , 83.306640625 
 807 , 116.724609375 
 808 , 131.84765625 
 809 , 117.564453125 
 810 , 92.072265625 
 811 , 75.140625 
 812 , 73.7421875 
 813 , 88.76171875 
 814 , 116.09375 
 815 , 145.66015625 
 816 , 167.798828125 
 817 , 173.416015625 
 818 , 153.318359375 
 819 , 117.41796875 
 820 , 97.744140625 
 821 , 117.283203125 
 822 , 156.02734375 
 823 , 184.875 
 824 , 190.822265625 
 825 , 173.734375 
 826 , 139.908203125 
 827 , 107.7890625 
 828 , 94.662109375 
 829 , 103.763671875 
 830 , 132.244140625 
 831 , 170.29296875 
 832 , 195.37890625 
 833 , 188.46875 
 834 , 160.583984375 
 835 , 133.611328125 
 836 , 120.205078125 
 837 , 120.4140625 
 838 , 130.494140625 
 839 , 141.853515625 
 840 , 146.34375 
 841 , 141.3046875 
 842 , 126.544921875 
 843 , 105.43359375 
 844 , 93.779296875 
 845 , 107.203125 
 846 , 134.431640625 
 847 , 150.6640625 
 848 , 145.376953125 
 849 , 130.900390625 
 850 , 120.126953125 
 851 , 116.974609375 
 852 , 122.029296875 
 853 , 132.068359375 
 854 , 141.2890625 
 855 , 146.5703125 
 856 , 149.1875 
 857 , 149.859375 
 858 , 144.630859375 
 859 , 127.7578125 
 860 , 104.849609375 
 861 , 100.36328125 
 862 , 133.7890625 
 863 , 184.873046875 
 864 , 219.78515625 
 865 , 227.912109375 
 866 , 224.458984375 
 867 , 222.03125 
 868 , 221.751953125 
 869 , 223.826171875 
 870 , 233.310546875 
 871 , 256.55078125 
 872 , 296.130859375 
 873 , 351.736328125 
 874 , 423.1484375 
 875 , 502.111328125 
 876 , 575.51171875 
 877 , 637.49609375 
 878 , 695.845703125 
 879 , 759.318359375 
 880 , 823.796875 
 881 , 879.9765625 
 882 , 918.369140625 
 883 , 932.244140625 
 884 , 925.716796875 
 885 , 921.990234375 
 886 , 938.958984375 
 887 , 946.91015625 
 888 , 897.703125 
 889 , 786.7734375 
 890 , 662.982421875 
 891 , 566.501953125 
 892 , 493.671875 
 893 , 431.5859375 
 894 , 378.310546875 
 895 , 339.42578125 
 896 , 312.73828125 
 897 , 278.9453125 
 898 , 221.177734375 
 899 , 155.046875 
 900 , 108.994140625 
 901 , 89.39453125 
 902 , 76.5234375 
 903 , 56.37109375 
 904 , 39.224609375 
 905 , 39.041015625 
 906 , 52.181640625 
 907 , 63.6015625 
 908 , 63.841796875 
 909 , 54.1328125 
 910 , 37.390625 
 911 , 23.173828125 
 912 , 23.7109375 
 913 , 38.06640625 
 914 , 49.8046875 
 915 , 47.244140625 
 916 , 38.025390625 
 917 , 32.982421875 
 918 , 32.109375 
 919 , 28.380859375 
 920 , 20.673828125 
 921 , 19.35546875 
 922 , 33.021484375 
 923 , 52.021484375 
 924 , 61.13671875 
 925 , 55.755859375 
 926 , 41.69921875 
 927 , 27.994140625 
 928 , 27.716796875 
 929 , 50.203125 
 930 , 83.296875 
 931 , 107.0859375 
 932 , 115.37109375 
 933 , 117.29296875 
 934 , 113.013671875 
 935 , 95.3203125 
 936 , 56.255859375 
 937 , 12.28125 
 938 ,-6.35546875 
 939 , 10.109375 
 940 , 38.453125 
 941 , 54.716796875 
 942 , 53.033203125 
 943 , 32.71484375 
 944 , 6.353515625 
 945 , 2.83984375 
 946 , 29.67578125 
 947 , 58.365234375 
 948 , 60.796875 
 949 , 43.388671875 
 950 , 25.701171875 
 951 , 16.525390625 
 952 , 14.919921875 
 953 , 19.41015625 
 954 , 33.890625 
 955 , 61.888671875 
 956 , 94.56640625 
 957 , 115.853515625 
 958 , 117.37109375 
 959 , 103.037109375 
 960 , 79.748046875 
 961 , 60.802734375 
 962 , 59.4765625 
 963 , 69.412109375 
 964 , 70.265625 
 965 , 53.30078125 
 966 , 33.69921875 
 967 , 26.818359375 
 968 , 31.322265625 
 969 , 39.841796875 
 970 , 48.580078125 
 971 , 58.189453125 
 972 , 69.587890625 
 973 , 81.48046875 
 974 , 91.607421875 
 975 , 96.59375 
 976 , 93.18359375 
 977 , 82.5390625 
 978 , 69.80859375 
 979 , 59.40234375 
 980 , 54.974609375 
 981 , 60.2421875 
 982 , 78.962890625 
 983 , 114.400390625 
 984 , 154.36328125 
 985 , 167.408203125 
 986 , 136.884765625 
 987 , 96.373046875 
 988 , 84.75390625 
 989 , 98.8828125 
 990 , 113.2421875 
 991 , 115.947265625 
 992 , 113.4921875 
 993 , 112.794921875 
 994 , 119.134765625 
 995 , 137.248046875 
 996 , 165.482421875 
 997 , 197.802734375 
 998 , 241.302734375 
 999 , 324.2109375 
 1000 , 466.841796875 
 1001 , 649.279296875 
 1002 , 843.3671875 
 1003 , 1046.892578125 
 1004 , 1274.765625 
 1005 , 1510.265625 
 1006 , 1684.138671875 
 1007 , 1732.92578125 
 1008 , 1637.5625 
 1009 , 1395.560546875 
 1010 , 1073.896484375 
 1011 , 790.37109375 
 1012 , 608.53515625 
 1013 , 492.603515625 
 1014 , 402.103515625 
 1015 , 326.375 
 1016 , 263.884765625 
 1017 , 206.205078125 
 1018 , 138.8515625 
 1019 , 63.98828125 
 1020 , 14.33203125 
 1021 , 15.626953125 
 1022 , 45.46484375 
 1023 , 69.044921875 
 1024 , 77.28125 
 1025 , 80.287109375 
 1026 , 85.490234375 
 1027 , 95.669921875 
 1028 , 113.0859375 
 1029 , 136.900390625 
 1030 , 165.064453125 
 1031 , 199.365234375 
 1032 , 244.857421875 
 1033 , 299.18359375 
 1034 , 346.603515625 
 1035 , 374.669921875 
 1036 , 392.025390625 
 1037 , 411.828125 
 1038 , 429.267578125 
 1039 , 427.37890625 
 1040 , 402.203125 
 1041 , 370.87109375 
 1042 , 347.94921875 
 1043 , 330.619140625 
 1044 , 312.7265625 
 1045 , 297.232421875 
 1046 , 292.28515625 
 1047 , 301.564453125 
 1048 , 322.857421875 
 1049 , 351.4765625 
 1050 , 374.955078125 
 1051 , 380.79296875 
 1052 , 372.82421875 
 1053 , 363.712890625 
 1054 , 360.810546875 
 1055 , 364.744140625 
 1056 , 373.234375 
 1057 , 376.0234375 
 1058 , 363.5078125 
 1059 , 344.158203125 
 1060 , 334.728515625 
 1061 , 337.08984375 
 1062 , 336.462890625 
 1063 , 325.9375 
 1064 , 321.451171875 
 1065 , 337.97265625 
 1066 , 359.68359375 
 1067 , 359.720703125 
 1068 , 338.767578125 
 1069 , 322.798828125 
 1070 , 324.04296875 
 1071 , 323.83203125 
 1072 , 304.05859375 
 1073 , 269.78515625 
 1074 , 233.38671875 
 1075 , 206.029296875 
 1076 , 198.0390625 
 1077 , 211.373046875 
 1078 , 233.669921875 
 1079 , 254.02734375 
 1080 , 273.455078125 
 1081 , 295.5546875 
 1082 , 318.310546875 
 1083 , 336.19921875 
 1084 , 348.82421875 
 1085 , 362.890625 
 1086 , 382.2109375 
 1087 , 400.15234375 
 1088 , 409.1640625 
 1089 , 409.7890625 
 1090 , 406.048828125 
 1091 , 399.52734375 
 1092 , 389.576171875 
 1093 , 378.5859375 
 1094 , 375.67578125 
 1095 , 386.224609375 
 1096 , 391.15625 
 1097 , 365.302734375 
 1098 , 314.583984375 
 1099 , 268.244140625 
 1100 , 241.138671875 
 1101 , 223.546875 
 1102 , 206.76953125 
 1103 , 194.8046875 
 1104 , 193.314453125 
 1105 , 194.916015625 
 1106 , 185.51953125 
 1107 , 164.533203125 
 1108 , 147.298828125 
 1109 , 144.068359375 
 1110 , 149.5546875 
 1111 , 156.0546875 
 1112 , 156.642578125 
 1113 , 145.24609375 
 1114 , 124.796875 
 1115 , 105.982421875 
 1116 , 92 
 1117 , 73.98046875 
 1118 , 46.234375 
 1119 , 19.2421875 
 1120 , 6.921875 
 1121 , 6.73828125 
 1122 , 6.5 
 1123 , 3.546875 
 1124 , 7.703125 
 1125 , 24.93359375 
 1126 , 46.55078125 
 1127 , 62.787109375 
 1128 , 72.056640625 
 1129 , 76.66015625 
 1130 , 78.681640625 
 1131 , 77.197265625 
 1132 , 72.275390625 
 1133 , 67.7890625 
 1134 , 67.57421875 
 1135 , 72.267578125 
 1136 , 80.68359375 
 1137 , 86.4296875 
 1138 , 81.234375 
 1139 , 65.3125 
 1140 , 47.703125 
 1141 , 35.0625 
 1142 , 27.25 
 1143 , 24.291015625 
 1144 , 32.90625 
 1145 , 60.220703125 
 1146 , 90.849609375 
 1147 , 95.35546875 
 1148 , 69.5 
 1149 , 42.826171875 
 1150 , 37.228515625 
 1151 , 45.525390625 
 1152 , 57.06640625 
 1153 , 75.578125 
 1154 , 110.419921875 
 1155 , 152.029296875 
 1156 , 173.93359375 
 1157 , 169.9453125 
 1158 , 169.27734375 
 1159 , 194.666015625 
 1160 , 234.9609375 
 1161 , 272.404296875 
 1162 , 295.8515625 
 1163 , 298.1953125 
 1164 , 283.8125 
 1165 , 267.548828125 
 1166 , 257.744140625 
 1167 , 247.67578125 
 1168 , 231.189453125 
 1169 , 215.05859375 
 1170 , 210.07421875 
 1171 , 225.572265625 
 1172 , 268.7421875 
 1173 , 326.333984375 
 1174 , 364.47265625 
 1175 , 365.7421875 
 1176 , 347.896484375 
 1177 , 328.435546875 
 1178 , 306.24609375 
 1179 , 277.193359375 
 1180 , 253.23828125 
 1181 , 254.302734375 
 1182 , 281.0703125 
 1183 , 313.029296875 
 1184 , 333.671875 
 1185 , 338.775390625 
 1186 , 328.576171875 
 1187 , 313.123046875 
 1188 , 303.744140625 
 1189 , 302.97265625 
 1190 , 308.298828125 
 1191 , 314.361328125 
 1192 , 314.435546875 
 1193 , 307.984375 
 1194 , 303.302734375 
 1195 , 306.564453125 
 1196 , 317.041015625 
 1197 , 333.015625 
 1198 , 344.580078125 
 1199 , 336.369140625 
 1200 , 314.751953125 
 1201 , 310.990234375 
 1202 , 336.39453125 
 1203 , 358.541015625 
 1204 , 348.642578125 
 1205 , 314.330078125 
 1206 , 272.904296875 
 1207 , 244.0859375 
 1208 , 246.478515625 
 1209 , 267.689453125 
 1210 , 268.345703125 
 1211 , 235.58203125 
 1212 , 205.982421875 
 1213 , 205.5 
 1214 , 200.681640625 
 1215 , 152.3671875 
 1216 , 86.724609375 
 1217 , 56.529296875 
 1218 , 71.724609375 
 1219 , 107.65234375 
 1220 , 138.80078125 
 1221 , 143.92578125 
 1222 , 116.546875 
 1223 , 81.505859375 
 1224 , 61.533203125 
 1225 , 49.90234375 
 1226 , 33.107421875 
 1227 , 22.796875 
 1228 , 45.89453125 
 1229 , 94.67578125 
 1230 , 120.00390625 
 1231 , 98.3671875 
 1232 , 56.087890625 
 1233 , 19.9296875 
 1234 , 1.48828125 
 1235 , 7.216796875 
 1236 , 28.1796875 
 1237 , 50.248046875 
 1238 , 66.763671875 
 1239 , 73.115234375 
 1240 , 67.47265625 
 1241 , 63.2421875 
 1242 , 72.203125 
 1243 , 88.69921875 
 1244 , 99.9375 
 1245 , 99.365234375 
 1246 , 90.533203125 
 1247 , 89.28515625 
 1248 , 113.052734375 
 1249 , 153.919921875 
 1250 , 178.021484375 
 1251 , 167.619140625 
 1252 , 140.431640625 
 1253 , 115.994140625 
 1254 , 102.0078125 
 1255 , 100.494140625 
 1256 , 101.416015625 
 1257 , 92.18359375 
 1258 , 76.5234375 
 1259 , 69.884765625 
 1260 , 76.052734375 
 1261 , 81.48046875 
 1262 , 77.4921875 
 1263 , 71.775390625 
 1264 , 71.3828125 
 1265 , 68.505859375 
 1266 , 53.6171875 
 1267 , 33.009765625 
 1268 , 17.970703125 
 1269 , 11.599609375 
 1270 , 15.048828125 
 1271 , 29.443359375 
 1272 , 46.0625 
 1273 , 55.140625 
 1274 , 63.6953125 
 1275 , 84.294921875 
 1276 , 108.8046875 
 1277 , 116.46484375 
 1278 , 99.744140625 
 1279 , 66.28125 
 1280 , 41.783203125 
 1281 , 64.216796875 
 1282 , 134.494140625 
 1283 , 190.140625 
 1284 , 186.986328125 
 1285 , 159.12109375 
 1286 , 150.486328125 
 1287 , 167.1015625 
 1288 , 198.8203125 
 1289 , 225.630859375 
 1290 , 224.564453125 
 1291 , 199.48828125 
 1292 , 179.068359375 
 1293 , 174 
 1294 , 164.373046875 
 1295 , 136.626953125 
 1296 , 105.337890625 
 1297 , 88.1171875 
 1298 , 84.009765625 
 1299 , 83.861328125 
 1300 , 84.908203125 
 1301 , 90.87109375 
 1302 , 99.49609375 
 1303 , 98.8515625 
 1304 , 85.228515625 
 1305 , 74.71484375 
 1306 , 80.14453125 
 1307 , 92.53125 
 1308 , 98.42578125 
 1309 , 91.501953125 
 1310 , 69.966796875 
 1311 , 45.275390625 
 1312 , 35.041015625 
 1313 , 38.814453125 
 1314 , 40.970703125 
 1315 , 37.642578125 
 1316 , 43.13671875 
 1317 , 62.802734375 
 1318 , 74.685546875 
 1319 , 63.42578125 
 1320 , 60.962890625 
 1321 , 102.73828125 
 1322 , 158.998046875 
 1323 , 175.130859375 
 1324 , 148.3828125 
 1325 , 114.302734375 
 1326 , 91.751953125 
 1327 , 76.591796875 
 1328 , 68.14453125 
 1329 , 77.666015625 
 1330 , 110.4765625 
 1331 , 147.20703125 
 1332 , 167.23046875 
 1333 , 168.86328125 
 1334 , 157.67578125 
 1335 , 154.6171875 
 1336 , 186.484375 
 1337 , 239.701171875 
 1338 , 268.701171875 
 1339 , 257.54296875 
 1340 , 230.431640625 
 1341 , 208.498046875 
 1342 , 200.208984375 
 1343 , 210.587890625 
 1344 , 237.044921875 
 1345 , 272.65625 
 1346 , 302.529296875 
 1347 , 312.435546875 
 1348 , 308.947265625 
 1349 , 309.9296875 
 1350 , 317.375 
 1351 , 317.2734375 
 1352 , 305.1875 
 1353 , 294.30078125 
 1354 , 294.3515625 
 1355 , 298.603515625 
 1356 , 298.5546875 
 1357 , 296.4375 
 1358 , 297.9765625 
 1359 , 302.259765625 
 1360 , 304.056640625 
 1361 , 298.759765625 
 1362 , 285.232421875 
 1363 , 265.3828125 
 1364 , 239.580078125 
 1365 , 213.578125 
 1366 , 205.16015625 
 1367 , 218.916015625 
 1368 , 225.986328125 
 1369 , 204.095703125 
 1370 , 171.263671875 
 1371 , 152.001953125 
 1372 , 152.087890625 
 1373 , 168.13671875 
 1374 , 188.677734375 
 1375 , 199.03515625 
 1376 , 193.48046875 
 1377 , 176.892578125 
 1378 , 164.115234375 
 1379 , 175.9140625 
 1380 , 205.814453125 
 1381 , 203.552734375 
 1382 , 144.810546875 
 1383 , 80.9296875 
 1384 , 58.173828125 
 1385 , 58.451171875 
 1386 , 54.5078125 
 1387 , 52.892578125 
 1388 , 71.029296875 
 1389 , 100.763671875 
 1390 , 117.595703125 
 1391 , 108.4296875 
 1392 , 69.546875 
 1393 , 19.69140625 
 1394 , 10.34765625 
 1395 , 56.96484375 
 1396 , 97.015625 
 1397 , 84.982421875 
 1398 , 56.263671875 
 1399 , 48.890625 
 1400 , 50.296875 
 1401 , 34.71875 
 1402 , 10.66796875 
 1403 , 2.244140625 
 1404 , 9.302734375 
 1405 , 14.6328125 
 1406 , 14.021484375 
 1407 , 18.0703125 
 1408 , 31.083984375 
 1409 , 44.6875 
 1410 , 54.08984375 
 1411 , 61.36328125 
 1412 , 71.443359375 
 1413 , 84.3125 
 1414 , 96.943359375 
 1415 , 115.5546875 
 1416 , 150.3515625 
 1417 , 190.341796875 
 1418 , 212.640625 
 1419 , 212.716796875 
 1420 , 202.279296875 
 1421 , 185.783203125 
 1422 , 154.150390625 
 1423 , 112.298828125 
 1424 , 90.455078125 
 1425 , 100.35546875 
 1426 , 113.119140625 
 1427 , 109.119140625 
 1428 , 107.880859375 
 1429 , 129.486328125 
 1430 , 165.89453125 
 1431 , 200.033203125 
 1432 , 213.8828125 
 1433 , 196.0234375 
 1434 , 169.529296875 
 1435 , 166.814453125 
 1436 , 180.4296875 
 1437 , 181.998046875 
 1438 , 170.08203125 
 1439 , 166.173828125 
 1440 , 177.66015625 
 1441 , 192.6953125 
 1442 , 210.02734375 
 1443 , 249.482421875 
 1444 , 312.193359375 
 1445 , 350.251953125 
 1446 , 333.1328125 
 1447 , 310.115234375 
 1448 , 330.46484375 
 1449 , 370.451171875 
 1450 , 393.51171875 
 1451 , 405.42578125 
 1452 , 424.21875 
 1453 , 455.818359375 
 1454 , 504.75390625 
 1455 , 570.38671875 
 1456 , 641.73828125 
 1457 , 701.4609375 
 1458 , 732.884765625 
 1459 , 735.693359375 
 1460 , 722.927734375 
 1461 , 703.75 
 1462 , 688.96484375 
 1463 , 678.744140625 
 1464 , 635.408203125 
 1465 , 534.056640625 
 1466 , 425.98046875 
 1467 , 369.111328125 
 1468 , 357 
 1469 , 359.37109375 
 1470 , 337.44140625 
 1471 , 257.16015625 
 1472 , 162.369140625 
 1473 , 137.08984375 
 1474 , 176.943359375 
 1475 , 209.6328125 
 1476 , 213.72265625 
 1477 , 222.322265625 
 1478 , 244.271484375 
 1479 , 251.080078125 
 1480 , 230.15625 
 1481 , 203.46875 
 1482 , 186.69140625 
 1483 , 171.55078125 
 1484 , 152.2734375 
 1485 , 140.875 
 1486 , 147.3515625 
 1487 , 159.384765625 
 1488 , 162.056640625 
 1489 , 161.09375 
 1490 , 168.4453125 
 1491 , 185.65625 
 1492 , 207.67578125 
 1493 , 219.615234375 
 1494 , 204.43359375 
 1495 , 173.443359375 
 1496 , 156.73828125 
 1497 , 159.400390625 
 1498 , 163.048828125 
 1499 , 158.5859375 
 1500 , 149.640625 
 1501 , 140.26171875 
 1502 , 131.94921875 
 1503 , 127.291015625 
 1504 , 135.279296875 
 1505 , 159.41796875 
 1506 , 180.21484375 
 1507 , 179.791015625 
 1508 , 169.6640625 
 1509 , 165.759765625 
 1510 , 158.224609375 
 1511 , 131.451171875 
 1512 , 97.109375 
 1513 , 75.564453125 
 1514 , 63.197265625 
 1515 , 43.7734375 
 1516 , 19.69140625 
 1517 , 6.767578125 
 1518 , 5.0234375 
 1519 , 4.353515625 
 1520 , 4.10546875 
 1521 , 11.384765625 
 1522 , 28.615234375 
 1523 , 52.11328125 
 1524 , 78.70703125 
 1525 , 105.388671875 
 1526 , 127.755859375 
 1527 , 138.388671875 
 1528 , 132.693359375 
 1529 , 122.48828125 
 1530 , 119.119140625 
 1531 , 115.861328125 
 1532 , 105.525390625 
 1533 , 103.84765625 
 1534 , 126.615234375 
 1535 , 151.794921875 
 1536 , 150.845703125 
 1537 , 137.783203125 
 1538 , 138.72265625 
 1539 , 147.66796875 
 1540 , 146.796875 
 1541 , 132.185546875 
 1542 , 108.2109375 
 1543 , 79.705078125 
 1544 , 49.0078125 
 1545 , 22.017578125 
 1546 , 9.31640625 
 1547 , 18.279296875 
 1548 , 49.951171875 
 1549 , 85.1171875 
 1550 , 88.42578125 
 1551 , 58.841796875 
 1552 , 36.033203125 
 1553 , 37.916015625 
 1554 , 44.607421875 
 1555 , 47.970703125 
 1556 , 69.326171875 
 1557 , 115.74609375 
 1558 , 153.439453125 
 1559 , 157.26171875 
 1560 , 143.19921875 
 1561 , 131.44140625 
 1562 , 127.2734375 
 1563 , 128.830078125 
 1564 , 127.484375 
 1565 , 117.41015625 
 1566 , 102.619140625 
 1567 , 87.86328125 
 1568 , 80.7421875 
 1569 , 90.69140625 
 1570 , 118.07421875 
 1571 , 157.052734375 
 1572 , 192.7578125 
 1573 , 208.90625 
 1574 , 202.79296875 
 1575 , 179.123046875 
 1576 , 152.9140625 
 1577 , 144.04296875 
 1578 , 153.06640625 
 1579 , 167.8046875 
 1580 , 178.251953125 
 1581 , 174.982421875 
 1582 , 162.822265625 
 1583 , 162.779296875 
 1584 , 183.23046875 
 1585 , 214.1689453125 
 1586 , 244.9462890625 
 1587 , 268.603515625 
 1588 , 280.6748046875 
 1589 , 276.8447265625 
 1590 , 264.3642578125 
 1591 , 275.3486328125 
 1592 , 316.00390625 
 1593 , 329.7236328125 
 1594 , 285.921875 
 1595 , 236.1953125 
 1596 , 224.2958984375 
 1597 , 238.048828125 
 1598 , 258.353515625 
 1599 , 279.623046875 
 1600 , 299.93359375 
 1601 , 316.3330078125 
 1602 , 330.59765625 
 1603 , 360.8515625 
 1604 , 418.1142578125 
 1605 , 473.13671875 
 1606 , 496.9052734375 
 1607 , 504.21875 
 1608 , 514.853515625 
 1609 , 517.3291015625 
 1610 , 496.6787109375 
 1611 , 469.5869140625 
 1612 , 457.28125 
 1613 , 439.18359375 
 1614 , 385.140625 
 1615 , 316.779296875 
 1616 , 273.5 
 1617 , 249.2470703125 
 1618 , 219.3642578125 
 1619 , 187.19921875 
 1620 , 166.8271484375 
 1621 , 156.5625 
 1622 , 149.23828125 
 1623 , 142.9208984375 
 1624 , 137.310546875 
 1625 , 139.8203125 
 1626 , 163.6796875 
 1627 , 193.4208984375 
 1628 , 190.248046875 
 1629 , 158.564453125 
 1630 , 141.4189453125 
 1631 , 141.4716796875 
 1632 , 123.4326171875 
 1633 , 88.056640625 
 1634 , 72.427734375 
 1635 , 83.7939453125 
 1636 , 93.5107421875 
 1637 , 94.4033203125 
 1638 , 110.755859375 
 1639 , 145.654296875 
 1640 , 169.4541015625 
 1641 , 166.775390625 
 1642 , 147.2490234375 
 1643 , 127.5703125 
 1644 , 126.845703125 
 1645 , 138.1015625 
 1646 , 123.8056640625 
 1647 , 84.8232421875 
 1648 , 78.38671875 
 1649 , 122.0400390625 
 1650 , 164.025390625 
 1651 , 175.396484375 
 1652 , 174.8720703125 
 1653 , 177.03515625 
 1654 , 181.0380859375 
 1655 , 179.48828125 
 1656 , 160.7109375 
 1657 , 127.0478515625 
 1658 , 101.03125 
 1659 , 91.3173828125 
 1660 , 80.8955078125 
 1661 , 62.478515625 
 1662 , 49.90625 
 1663 , 51.65234375 
 1664 , 63.7529296875 
 1665 , 82.224609375 
 1666 , 104.072265625 
 1667 , 121.6669921875 
 1668 , 115.248046875 
 1669 , 81.1494140625 
 1670 , 60.01171875 
 1671 , 74.0224609375 
 1672 , 84.958984375 
 1673 , 68.044921875 
 1674 , 52.42578125 
 1675 , 60.40234375 
 1676 , 78.8798828125 
 1677 , 95.34375 
 1678 , 109.701171875 
 1679 , 120.54296875 
 1680 , 121.2998046875 
 1681 , 109.4765625 
 1682 , 93.0517578125 
 1683 , 82.029296875 
 1684 , 87.1181640625 
 1685 , 107.880859375 
 1686 , 118.142578125 
 1687 , 104.62109375 
 1688 , 90.8154296875 
 1689 , 89.044921875 
 1690 , 77.7705078125 
 1691 , 49.529296875 
 1692 , 34.7587890625 
 1693 , 50.30859375 
 1694 , 75.642578125 
 1695 , 91.1943359375 
 1696 , 82.9638671875 
 1697 , 51.390625 
 1698 , 38.2529296875 
 1699 , 66.6201171875 
 1700 , 96.490234375 
 1701 , 96.8505859375 
 1702 , 81.2421875 
 1703 , 64.72265625 
 1704 , 50.1943359375 
 1705 , 38.859375 
 1706 , 29.4345703125 
 1707 , 19.3916015625 
 1708 , 12.8447265625 
 1709 , 11.826171875 
 1710 , 9.626953125 
 1711 , 4.5009765625 
 1712 , 9.8837890625 
 1713 , 30.271484375 
 1714 , 47.0068359375 
 1715 , 50.03125 
 1716 , 52.2158203125 
 1717 , 59.923828125 
 1718 , 63.1044921875 
 1719 , 57.7294921875 
 1720 , 56.162109375 
 1721 , 61.533203125 
 1722 , 59.779296875 
 1723 , 46.943359375 
 1724 , 38.6435546875 
 1725 , 41.8076171875 
 1726 , 46.17578125 
 1727 , 48.263671875 
 1728 , 55.3349609375 
 1729 , 65.19921875 
 1730 , 64.6767578125 
 1731 , 51.5751953125 
 1732 , 35.5078125 
 1733 , 25.107421875 
 1734 , 31.6005859375 
 1735 , 49.228515625 
 1736 , 46.5517578125 
 1737 , 24.9990234375 
 1738 , 27.21875 
 1739 , 56.7763671875 
 1740 , 73.9306640625 
 1741 , 67.7548828125 
 1742 , 56.779296875 
 1743 , 53.5830078125 
 1744 , 64.2734375 
 1745 , 79.2607421875 
 1746 , 76.3583984375 
 1747 , 63.3232421875 
 1748 , 71.4658203125 
 1749 , 99.775390625 
 1750 , 123.2724609375 
 1751 , 135.1015625 
 1752 , 140.033203125 
 1753 , 129.03125 
 1754 , 89.3818359375 
 1755 , 49.4130859375 
 1756 , 51.638671875 
 1757 , 79.5498046875 
 1758 , 94.466796875 
 1759 , 93.650390625 
 1760 , 87.2197265625 
 1761 , 82.685546875 
 1762 , 86.8681640625 
 1763 , 100.6015625 
 1764 , 120.78125 
 1765 , 136.302734375 
 1766 , 139.0849609375 
 1767 , 142.2568359375 
 1768 , 156.4453125 
 1769 , 157.974609375 
 1770 , 126.623046875 
 1771 , 89.97265625 
 1772 , 75.728515625 
 1773 , 77.220703125 
 1774 , 85.0048828125 
 1775 , 98.212890625 
 1776 , 115.3896484375 
 1777 , 133.828125 
 1778 , 143.4296875 
 1779 , 113.859375 
 1780 , 46.2236328125 
 1781 , 11.4951171875 
 1782 , 36.74609375 
 1783 , 58.765625 
 1784 , 50.478515625 
 1785 , 51.099609375 
 1786 , 67.8291015625 
 1787 , 60.94921875 
 1788 , 28.259765625 
 1789 , 11.6708984375 
 1790 , 18.4208984375 
 1791 , 23.20703125 
 1792 , 21.9208984375 
 1793 , 26.8701171875 
 1794 , 38.9599609375 
 1795 , 50.75390625 
 1796 , 70.0205078125 
 1797 , 111.333984375 
 1798 , 150.921875 
 1799 , 149.853515625 
 1800 , 135.083984375 
 1801 , 156.3125 
 1802 , 183.8134765625 
 1803 , 164.689453125 
 1804 , 114.2763671875 
 1805 , 69.328125 
 1806 , 42.8603515625 
 1807 , 37.3857421875 
 1808 , 47.4462890625 
 1809 , 64.751953125 
 1810 , 73.82421875 
 1811 , 63.83203125 
 1812 , 47.3388671875 
 1813 , 41.212890625 
 1814 , 55.919921875 
 1815 , 89.8232421875 
 1816 , 126.1015625 
 1817 , 150.5185546875 
 1818 , 150.52734375 
 1819 , 125.4365234375 
 1820 , 95.0693359375 
 1821 , 76.5732421875 
 1822 , 79.3740234375 
 1823 , 84.9775390625 
 1824 , 52.1259765625 
 1825 , 10.2529296875 
 1826 , 39.46484375 
 1827 , 111.43359375 
 1828 , 131.1708984375 
 1829 , 100.392578125 
 1830 , 72.525390625 
 1831 , 63.7890625 
 1832 , 71.865234375 
 1833 , 87.298828125 
 1834 , 99.7353515625 
 1835 , 109.7060546875 
 1836 , 118.6689453125 
 1837 , 116.462890625 
 1838 , 98.3837890625 
 1839 , 86.9716796875 
 1840 , 95.712890625 
 1841 , 102.2587890625 
 1842 , 90.3818359375 
 1843 , 67.5263671875 
 1844 , 50.6298828125 
 1845 , 67.5390625 
 1846 , 113.783203125 
 1847 , 141.8291015625 
 1848 , 140.833984375 
 1849 , 139.3193359375 
 1850 , 138.6875 
 1851 , 119.560546875 
 1852 , 91.8017578125 
 1853 , 80.296875 
 1854 , 78.740234375 
 1855 , 70.16015625 
 1856 , 64.4716796875 
 1857 , 76.478515625 
 1858 , 92.2216796875 
 1859 , 95.228515625 
 1860 , 97.896484375 
 1861 , 111.583984375 
 1862 , 122.2939453125 
 1863 , 116.92578125 
 1864 , 95.830078125 
 1865 , 67.3779296875 
 1866 , 53.693359375 
 1867 , 66.5595703125 
 1868 , 95.3466796875 
 1869 , 124.65625 
 1870 , 140.396484375 
 1871 , 140.3271484375 
 1872 , 128.953125 
 1873 , 111.412109375 
 1874 , 97.7197265625 
 1875 , 92.1513671875 
 1876 , 90.521484375 
 1877 , 84.8837890625 
 1878 , 72.904296875 
 1879 , 74.470703125 
 1880 , 104.642578125 
 1881 , 135.400390625 
 1882 , 139.916015625 
 1883 , 126.681640625 
 1884 , 107.64453125 
 1885 , 86.37890625 
 1886 , 67.263671875 
 1887 , 59.01171875 
 1888 , 66.0224609375 
 1889 , 85.5068359375 
 1890 , 103.3720703125 
 1891 , 96.64453125 
 1892 , 77.47265625 
 1893 , 83.1015625 
 1894 , 106.75390625 
 1895 , 117.0869140625 
 1896 , 115.7294921875 
 1897 , 117.0732421875 
 1898 , 118.6240234375 
 1899 , 115.23828125 
 1900 , 113.0595703125 
 1901 , 112.763671875 
 1902 , 88.921875 
 1903 , 37.6337890625 
 1904 , 16.9111328125 
 1905 , 52.8798828125 
 1906 , 101.4736328125 
 1907 , 133.1474609375 
 1908 , 144.4814453125 
 1909 , 128.9345703125 
 1910 , 80.474609375 
 1911 , 30.0673828125 
 1912 , 26.185546875 
 1913 , 58.0087890625 
 1914 , 90.763671875 
 1915 , 118.6376953125 
 1916 , 141.16015625 
 1917 , 142.9345703125 
 1918 , 117.015625 
 1919 , 91.1357421875 
 1920 , 82.099609375 
 1921 , 67.8310546875 
 1922 , 42.0849609375 
 1923 , 34.94140625 
 1924 , 53.9248046875 
 1925 , 73.744140625 
 1926 , 87.65625 
 1927 , 106.2451171875 
 1928 , 113.0380859375 
 1929 , 79.7041015625 
 1930 , 43.298828125 
 1931 , 58.8603515625 
 1932 , 94.232421875 
 1933 , 100.369140625 
 1934 , 81.81640625 
 1935 , 55.93359375 
 1936 , 39.3466796875 
 1937 , 41.9736328125 
 1938 , 61.5771484375 
 1939 , 87.5322265625 
 1940 , 102.076171875 
 1941 , 101.3515625 
 1942 , 93.5341796875 
 1943 , 95.3310546875 
 1944 , 125.2548828125 
 1945 , 161.47265625 
 1946 , 169.8271484375 
 1947 , 158.296875 
 1948 , 145.3349609375 
 1949 , 131.7744140625 
 1950 , 113.76171875 
 1951 , 88.279296875 
 1952 , 61.498046875 
 1953 , 53.1787109375 
 1954 , 61.2666015625 
 1955 , 59.6123046875 
 1956 , 46.142578125 
 1957 , 36.8251953125 
 1958 , 36.126953125 
 1959 , 42.134765625 
 1960 , 51.9423828125 
 1961 , 61.228515625 
 1962 , 61.9931640625 
 1963 , 51.5400390625 
 1964 , 46.78515625 
 1965 , 56.732421875 
 1966 , 63.7841796875 
 1967 , 56.5927734375 
 1968 , 40.72265625 
 1969 , 27.9580078125 
 1970 , 30.7783203125 
 1971 , 47.1552734375 
 1972 , 68.0732421875 
 1973 , 79.392578125 
 1974 , 68.6328125 
 1975 , 65.0283203125 
 1976 , 94.408203125 
 1977 , 115.3115234375 
 1978 , 100.185546875 
 1979 , 88.6162109375 
 1980 , 94.0595703125 
 1981 , 77.59375 
 1982 , 45.8193359375 
 1983 , 50.38671875 
 1984 , 78.5263671875 
 1985 , 80.8359375 
 1986 , 70.4111328125 
 1987 , 80.453125 
 1988 , 102.80859375 
 1989 , 117.0107421875 
 1990 , 104.201171875 
 1991 , 70.8603515625 
 1992 , 69.853515625 
 1993 , 113.5068359375 
 1994 , 156.9111328125 
 1995 , 175.0859375 
 1996 , 164.2529296875 
 1997 , 134.267578125 
 1998 , 102.501953125 
 1999 , 83.7421875 
 2000 , 87.548828125 
 2001 , 105.77734375 
 2002 , 121.078125 
 2003 , 107.0859375 
 2004 , 72.046875 
 2005 , 78.177734375 
 2006 , 130.2421875 
 2007 , 169.8291015625 
 2008 , 172.2744140625 
 2009 , 142.244140625 
 2010 , 112.95703125 
 2011 , 118.7109375 
 2012 , 138.193359375 
 2013 , 143.65234375 
 2014 , 134.8857421875 
 2015 , 116.0986328125 
 2016 , 90.0869140625 
 2017 , 71.9912109375 
 2018 , 89.580078125 
 2019 , 118.2177734375 
 2020 , 100.6005859375 
 2021 , 56.0927734375 
 2022 , 33.6083984375 
 2023 , 34.2177734375 
 2024 , 46.021484375 
 2025 , 62.86328125 
 2026 , 75.029296875 
 2027 , 67.5419921875 
 2028 , 49.8603515625 
 2029 , 55.5947265625 
 2030 , 73.0751953125 
 2031 , 62.9853515625 
 2032 , 36.14453125 
 2033 , 22.19921875 
 2034 , 35.1337890625 
 2035 , 74.83203125 
 2036 , 104.7197265625 
 2037 , 96.994140625 
 2038 , 56.787109375 
 2039 , 13.8876953125 
 2040 , 12.7099609375 
 2041 , 36.6494140625 
 2042 , 34.279296875 
 2043 , 14.10546875 
 2044 , 6.248046875 
 2045 , 22.359375 
 2046 , 54.7763671875 
 2047 , 57.6220703125 
 2048 , 27.5244140625 
 2049 , 34.06640625 
 2050 , 74.6416015625 
 2051 , 79.8056640625 
 2052 , 61.6484375 
 2053 , 70.6318359375 
 2054 , 77.708984375 
 2055 , 48.4833984375 
 2056 , 29.4052734375 
 2057 , 50.0283203125 
 2058 , 71.779296875 
 2059 , 72.62890625 
 2060 , 61.3994140625 
 2061 , 50.375 
 2062 , 52.568359375 
 2063 , 76.72265625 
 2064 , 119.1337890625 
 2065 , 131.66015625 
 2066 , 91.8359375 
 2067 , 69.9677734375 
 2068 , 94.310546875 
 2069 , 111.55859375 
 2070 , 106.4814453125 
 2071 , 102.3427734375 
 2072 , 104.158203125 
 2073 , 107.6162109375 
 2074 , 114.0634765625 
 2075 , 122.265625 
 2076 , 119.7578125 
 2077 , 102.3701171875 
 2078 , 82.591796875 
 2079 , 72.2392578125 
 2080 , 79.0185546875 
 2081 , 87.6357421875 
 2082 , 75.962890625 
 2083 , 60.8017578125 
 2084 , 62 
 2085 , 67.8056640625 
 2086 , 69.0693359375 
 2087 , 69.44140625 
 2088 , 67.6962890625 
 2089 , 59.1630859375 
 2090 , 45.2119140625 
 2091 , 31.1396484375 
 2092 , 33.6318359375 
 2093 , 64.099609375 
 2094 , 95.8173828125 
 2095 , 108.791015625 
 2096 , 114.1572265625 
 2097 , 117.5986328125 
 2098 , 114.6875 
 2099 , 115.9716796875 
 2100 , 137.9013671875 
 2101 , 165.2861328125 
 2102 , 171.50390625 
 2103 , 132.5771484375 
 2104 , 65.615234375 
 2105 , 58.3759765625 
 2106 , 110.7431640625 
 2107 , 129.76171875 
 2108 , 104.5625 
 2109 , 76.1396484375 
 2110 , 77.4716796875 
 2111 , 118.154296875 
 2112 , 150.2236328125 
 2113 , 143.0498046875 
 2114 , 111.041015625 
 2115 , 76.990234375 
 2116 , 64.630859375 
 2117 , 68.0322265625 
 2118 , 69.220703125 
 2119 , 69.861328125 
 2120 , 75.0048828125 
 2121 , 82.638671875 
 2122 , 89.1162109375 
 2123 , 91.3046875 
 2124 , 96.421875 
 2125 , 116.4716796875 
 2126 , 140.583984375 
 2127 , 149.080078125 
 2128 , 128.2294921875 
 2129 , 83.8544921875 
 2130 , 56.7099609375 
 2131 , 55.853515625 
 2132 , 52.83203125 
 2133 , 47.7451171875 
 2134 , 56.216796875 
 2135 , 73.8779296875 
 2136 , 88.7080078125 
 2137 , 86.94140625 
 2138 , 71.3701171875 
 2139 , 69.361328125 
 2140 , 69.576171875 
 2141 , 35.51171875 
 2142 , 8.8330078125 
 2143 , 42.6259765625 
 2144 , 87.4228515625 
 2145 , 101.3193359375 
 2146 , 109.318359375 
 2147 , 117.9853515625 
 2148 , 106.306640625 
 2149 , 78.9892578125 
 2150 , 55.29296875 
 2151 , 45.7119140625 
 2152 , 49.4921875 
 2153 , 54.591796875 
 2154 , 48.2763671875 
 2155 , 23.0927734375 
 2156 , 1.1220703125 
 2157 , 18.560546875 
 2158 , 55.439453125 
 2159 , 75.853515625 
 2160 , 70.7470703125 
 2161 , 53.310546875 
 2162 , 62.5419921875 
 2163 , 98.5458984375 
 2164 , 120.1884765625 
 2165 , 111.8583984375 
 2166 , 79.4169921875 
 2167 , 62.1591796875 
 2168 , 77.2548828125 
 2169 , 80.1884765625 
 2170 , 62.970703125 
 2171 , 63.390625 
 2172 , 95.4150390625 
 2173 , 148.7470703125 
 2174 , 170.970703125 
 2175 , 136.87890625 
 2176 , 112.732421875 
 2177 , 121.22265625 
 2178 , 118.89453125 
 2179 , 98.8583984375 
 2180 , 80.99609375 
 2181 , 86.7998046875 
 2182 , 115.4189453125 
 2183 , 109.064453125 
 2184 , 70.4091796875 
 2185 , 86.0283203125 
 2186 , 133.5146484375 
 2187 , 128.326171875 
 2188 , 92.34375 
 2189 , 73.2470703125 
 2190 , 82.525390625 
 2191 , 109.328125 
 2192 , 122.8564453125 
 2193 , 119.5126953125 
 2194 , 112.3876953125 
 2195 , 92.427734375 
 2196 , 56.01953125 
 2197 , 36.2265625 
 2198 , 47.693359375 
 2199 , 71.6171875 
 2200 , 104.306640625 
 2201 , 145.923828125 
 2202 , 144.142578125 
 2203 , 72.2978515625 
 2204 , 26.318359375 
 2205 , 46.8623046875 
 2206 , 73.5546875 
 2207 , 95.728515625 
 2208 , 132.3740234375 
 2209 , 141.4267578125 
 2210 , 99.568359375 
 2211 , 88.0234375 
 2212 , 131.857421875 
 2213 , 163.861328125 
 2214 , 151.513671875 
 2215 , 97.8837890625 
 2216 , 49.203125 
 2217 , 40.548828125 
 2218 , 49.0537109375 
 2219 , 49.25390625 
 2220 , 27.1943359375 
 2221 , 17.3056640625 
 2222 , 59.283203125 
 2223 , 91.2880859375 
 2224 , 73.2392578125 
 2225 , 66.541015625 
 2226 , 76.8154296875 
 2227 , 50.19140625 
 2228 , 23.4228515625 
 2229 , 50.912109375 
 2230 , 74.384765625 
 2231 , 54.8232421875 
 2232 , 33.5390625 
 2233 , 40.046875 
 2234 , 79.041015625 
 2235 , 105.6533203125 
 2236 , 85.705078125 
 2237 , 81.095703125 
 2238 , 112.3466796875 
 2239 , 118.501953125 
 2240 , 111.1767578125 
 2241 , 139.2939453125 
 2242 , 152.650390625 
 2243 , 109.9130859375 
 2244 , 71.4482421875 
 2245 , 75.232421875 
 2246 , 110.080078125 
 2247 , 127.2744140625 
 2248 , 81.134765625 
 2249 , 23.732421875 
 2250 , 5.4775390625 
 2251 , 27.755859375 
 2252 , 63.1767578125 
 2253 , 70.271484375 
 2254 , 67.3798828125 
 2255 , 83.4560546875 
 2256 , 98.89453125 
 2257 , 93.666015625 
 2258 , 61.044921875 
 2259 , 41.2783203125 
 2260 , 80.4228515625 
 2261 , 102.544921875 
 2262 , 64.8564453125 
 2263 , 70.1044921875 
 2264 , 118.2529296875 
 2265 , 104.8330078125 
 2266 , 67.576171875 
 2267 , 78.1826171875 
 2268 , 90.51953125 
 2269 , 78.9775390625 
 2270 , 80.8779296875 
 2271 , 92.294921875 
 2272 , 85.0185546875 
 2273 , 70.5693359375 
 2274 , 66.7939453125 
 2275 , 78.6689453125 
 2276 , 85.8369140625 
 2277 , 52.693359375 
 2278 , 32.529296875 
 2279 , 78.2939453125 
 2280 , 100.3349609375 
 2281 , 66.607421875 
 2282 , 65.3095703125 
 2283 , 93.1484375 
 2284 , 91.4384765625 
 2285 , 67.1435546875 
 2286 , 45.18359375 
 2287 , 44.953125 
 2288 , 64.2939453125 
 2289 , 81.9658203125 
 2290 , 78.1220703125 
 2291 , 51.96875 
 2292 , 54.0693359375 
 2293 , 92.5576171875 
 2294 , 107.765625 
 2295 , 88.814453125 
 2296 , 58.26953125 
 2297 , 22.0048828125 
 2298 ,-9.2509765625 
 2299 ,-12.4755859375 
 2300 , 16.8369140625 
 2301 , 63.349609375 
 2302 , 83.6337890625 
 2303 , 54.25 
 2304 , 18.015625 
 2305 , 8.8564453125 
 2306 , 33.3876953125 
 2307 , 62.5712890625 
 2308 , 69.2021484375 
 2309 , 57.904296875 
 2310 , 50.333984375 
 2311 , 76.34375 
 2312 , 102.501953125 
 2313 , 80.810546875 
 2314 , 51.81640625 
 2315 , 55.4189453125 
 2316 , 93.310546875 
 2317 , 121.5087890625 
 2318 , 87.2353515625 
 2319 , 36.90234375 
 2320 , 15.5986328125 
 2321 , 8.0869140625 
 2322 , 4.0087890625 
 2323 , 4.6640625 
 2324 , 9.990234375 
 2325 , 15.763671875 
 2326 , 22.98828125 
 2327 , 26.8701171875 
 2328 , 14.7529296875 
 2329 , 7.908203125 
 2330 , 10 
 2331 , 10 
 2332 , 10 
 2333 , 10 
 2334 , 10 
 2335 , 10 
 2336 , 10 
 2337 , 10 
 2338 , 10 
 2339 , 10 
