11-20-2017,17:46:56
Wavenumber(cm-1),Intensity
 250 , 12086.3183237819 
 251 , 12108.0519944045 
 252 , 12116.8947310208 
 253 , 12110.8634417671 
 254 , 12101.4820174645 
 255 , 12100.6614126541 
 256 , 12108.9225424018 
 257 , 12118.3144334763 
 258 , 12122.4513739846 
 259 , 12124.4948645745 
 260 , 12130.8022018903 
 261 , 12144.1843344293 
 262 , 12159.2834455681 
 263 , 12169.8431444934 
 264 , 12175.8878330394 
 265 , 12184.0795196175 
 266 , 12200.5165379285 
 267 , 12224.1157817329 
 268 , 12250.2958710096 
 269 , 12275.2222402674 
 270 , 12297.6151270034 
 271 , 12316.7472644265 
 272 , 12333.0921816297 
 273 , 12348.8726940639 
 274 , 12366.2565158759 
 275 , 12385.0405070513 
 276 , 12403.4305478167 
 277 , 12420.5792262325 
 278 , 12440.1968936151 
 279 , 12467.2779203154 
 280 , 12501.1537249579 
 281 , 12530.0493964802 
 282 , 12541.6903017615 
 283 , 12538.6210036008 
 284 , 12536.5378627571 
 285 , 12549.0581777567 
 286 , 12573.6158521942 
 287 , 12601.287913992 
 288 , 12625.262814989 
 289 , 12644.223070991 
 290 , 12657.7882072056 
 291 , 12667.3785551992 
 292 , 12676.4580413711 
 293 , 12687.9404142876 
 294 , 12699.1061947059 
 295 , 12704.3846860178 
 296 , 12701.3149038582 
 297 , 12697.8419783134 
 298 , 12703.9030535096 
 299 , 12721.6165763725 
 300 , 12742.0886841372 
 301 , 12756.3820492516 
 302 , 12764.3250629957 
 303 , 12771.2333195908 
 304 , 12781.2663088281 
 305 , 12793.4384468512 
 306 , 12805.4440797031 
 307 , 12816.0579300429 
 308 , 12825.8903933412 
 309 , 12835.7430476843 
 310 , 12846.6007039375 
 311 , 12859.5849459141 
 312 , 12875.9903038187 
 313 , 12897.9602832711 
 314 , 12927.8737601759 
 315 , 12964.1766985395 
 316 , 12997.4815688366 
 317 , 13018.0948641805 
 318 , 13027.4001558766 
 319 , 13036.3163829268 
 320 , 13054.2707580538 
 321 , 13080.1702055337 
 322 , 13109.1193271874 
 323 , 13136.7831265713 
 324 , 13160.1082467033 
 325 , 13176.4876919386 
 326 , 13189.1043309998 
 327 , 13206.7083682084 
 328 , 13236.0694529053 
 329 , 13269.4550323769 
 330 , 13293.2935438977 
 331 , 13300.6354780366 
 332 , 13301.1132716347 
 333 , 13306.6686625171 
 334 , 13323.3700424617 
 335 , 13351.1711137794 
 336 , 13388.6585167692 
 337 , 13426.68709444 
 338 , 13452.7557617062 
 339 , 13459.8485709872 
 340 , 13455.6015959628 
 341 , 13449.8469374722 
 342 , 13446.5096038302 
 343 , 13443.059541685 
 344 , 13437.3100100503 
 345 , 13432.099985023 
 346 , 13432.5436848273 
 347 , 13440.9892055538 
 348 , 13452.1533572215 
 349 , 13459.7133790554 
 350 , 13464.6329850922 
 351 , 13475.9783192588 
 352 , 13501.3597576235 
 353 , 13534.1868532869 
 354 , 13561.3883251638 
 355 , 13575.6589132937 
 356 , 13585.5706119216 
 357 , 13602.0852659883 
 358 , 13627.8868427773 
 359 , 13656.5785002041 
 360 , 13682.2698857249 
 361 , 13706.1908481181 
 362 , 13732.7374286645 
 363 , 13763.5707894317 
 364 , 13793.1039755075 
 365 , 13814.8124418154 
 366 , 13828.2707954761 
 367 , 13839.4531714549 
 368 , 13853.5643849866 
 369 , 13868.4499258796 
 370 , 13878.8793644246 
 371 , 13884.2798359412 
 372 , 13895.5374656318 
 373 , 13924.6154116086 
 374 , 13969.2524224084 
 375 , 14013.3457419688 
 376 , 14043.0855139085 
 377 , 14062.4062567095 
 378 , 14081.9981600198 
 379 , 14106.8694920697 
 380 , 14129.4257320423 
 381 , 14140.8803619214 
 382 , 14141.5396403713 
 383 , 14139.6655535932 
 384 , 14143.2245260651 
 385 , 14157.1388809185 
 386 , 14185.2584822339 
 387 , 14225.4651922485 
 388 , 14264.1004279491 
 389 , 14287.2569969812 
 390 , 14296.8142449913 
 391 , 14306.6866159755 
 392 , 14327.5106893182 
 393 , 14353.6330136804 
 394 , 14374.8708594707 
 395 , 14388.131484687 
 396 , 14401.9610671771 
 397 , 14425.1012088271 
 398 , 14456.0473741123 
 399 , 14486.7081439036 
 400 , 14510.6642832639 
 401 , 14528.0981652677 
 402 , 14540.8083803907 
 403 , 14554.3122074562 
 404 , 14579.1645240206 
 405 , 14624.2282800684 
 406 , 14680.1653742065 
 407 , 14728.1186462334 
 408 , 14755.7649248189 
 409 , 14770.1357625004 
 410 , 14781.6219953799 
 411 , 14796.301557309 
 412 , 14815.56408939 
 413 , 14840.3381656545 
 414 , 14870.0482538428 
 415 , 14903.4923223565 
 416 , 14937.1633008398 
 417 , 14962.3744512709 
 418 , 14970.4338068856 
 419 , 14964.8262833491 
 420 , 14959.3473112814 
 421 , 14964.9671855649 
 422 , 14977.1718136087 
 423 , 14986.7787236826 
 424 , 14990.8146846307 
 425 , 14996.8143627765 
 426 , 15012.641773544 
 427 , 15038.3129245875 
 428 , 15068.8405624907 
 429 , 15099.1553294659 
 430 , 15124.1830476569 
 431 , 15139.0157481481 
 432 , 15144.6757460339 
 433 , 15149.5733775586 
 434 , 15161.6539116647 
 435 , 15181.7833729929 
 436 , 15207.5632266704 
 437 , 15235.1842000834 
 438 , 15257.4141092542 
 439 , 15267.0790380115 
 440 , 15267.8927057655 
 441 , 15273.303886181 
 442 , 15293.6703112192 
 443 , 15321.9317543824 
 444 , 15345.5990710956 
 445 , 15358.3580561268 
 446 , 15364.3462104025 
 447 , 15368.5625770634 
 448 , 15374.3697610046 
 449 , 15384.1155869637 
 450 , 15399.4001257897 
 451 , 15419.400618854 
 452 , 15442.7615408916 
 453 , 15467.1527283384 
 454 , 15489.1250509492 
 455 , 15505.6376714692 
 456 , 15516.7884440427 
 457 , 15523.9665255459 
 458 , 15529.4989536256 
 459 , 15537.695128176 
 460 , 15552.9322918376 
 461 , 15576.8711454237 
 462 , 15609.1097008443 
 463 , 15647.699462015 
 464 , 15684.6001415539 
 465 , 15710.3730574535 
 466 , 15722.1381205663 
 467 , 15725.907517493 
 468 , 15727.9515740555 
 469 , 15731.5339605143 
 470 , 15738.4723053546 
 471 , 15750.2169128777 
 472 , 15767.3422153747 
 473 , 15789.9461674184 
 474 , 15812.0803385026 
 475 , 15822.6442212899 
 476 , 15815.4524055938 
 477 , 15807.4828023946 
 478 , 15821.9970083552 
 479 , 15865.7607726114 
 480 , 15921.2608553153 
 481 , 15970.0828865466 
 482 , 16002.8815338049 
 483 , 16014.9876607296 
 484 , 16007.3414381173 
 485 , 15995.2286685877 
 486 , 15995.4602662119 
 487 , 16010.9948029598 
 488 , 16032.6232249185 
 489 , 16052.5389673638 
 490 , 16071.3471621626 
 491 , 16092.0308427747 
 492 , 16114.6903200693 
 493 , 16135.1972908728 
 494 , 16149.7687568431 
 495 , 16160.401608816 
 496 , 16171.9977271606 
 497 , 16187.7722491454 
 498 , 16206.7144942764 
 499 , 16227.1145253278 
 500 , 16246.2930789411 
 501 , 16260.7641832526 
 502 , 16268.0643270479 
 503 , 16270.200174905 
 504 , 16270.354531511 
 505 , 16271.014727316 
 506 , 16273.7345210858 
 507 , 16280.1064870619 
 508 , 16292.4989654831 
 509 , 16313.6055071465 
 510 , 16341.5612273279 
 511 , 16364.6064241995 
 512 , 16370.8982761199 
 513 , 16365.1891668834 
 514 , 16364.2518953121 
 515 , 16380.0556101656 
 516 , 16406.435747831 
 517 , 16433.3635064421 
 518 , 16456.2136442131 
 519 , 16476.4667879972 
 520 , 16495.4612806908 
 521 , 16511.7500728971 
 522 , 16522.9002983214 
 523 , 16529.5914249718 
 524 , 16537.9489240231 
 525 , 16553.8869343182 
 526 , 16575.6831763784 
 527 , 16597.2094685621 
 528 , 16614.4520535773 
 529 , 16629.3209483911 
 530 , 16644.6482680264 
 531 , 16661.7916229856 
 532 , 16680.8175717445 
 533 , 16701.0657231943 
 534 , 16718.9230224285 
 535 , 16730.1018787199 
 536 , 16735.1187800779 
 537 , 16740.7483554922 
 538 , 16752.7788239432 
 539 , 16767.3960238291 
 540 , 16776.8275424703 
 541 , 16779.7012887013 
 542 , 16787.030113189 
 543 , 16810.1370809656 
 544 , 16848.1522450991 
 545 , 16892.6280253959 
 546 , 16935.9949365349 
 547 , 16973.5433879595 
 548 , 17001.3333652169 
 549 , 17020.3335981969 
 550 , 17035.9185680611 
 551 , 17052.807845773 
 552 , 17072.2099032893 
 553 , 17094.3212560929 
 554 , 17117.0179236883 
 555 , 17135.2192370801 
 556 , 17145.5681882026 
 557 , 17157.0920323845 
 558 , 17183.6199471684 
 559 , 17227.5075827399 
 560 , 17270.466894364 
 561 , 17293.8379093968 
 562 , 17296.386133386 
 563 , 17286.7281708012 
 564 , 17274.0782442893 
 565 , 17268.8840394016 
 566 , 17280.9029753194 
 567 , 17306.3862346796 
 568 , 17331.0357219501 
 569 , 17343.3774066616 
 570 , 17343.0948031791 
 571 , 17332.6593074649 
 572 , 17321.7454721884 
 573 , 17327.6520068653 
 574 , 17362.1794227323 
 575 , 17407.4621169229 
 576 , 17436.6219142686 
 577 , 17439.2626599695 
 578 , 17428.3482049121 
 579 , 17417.6152328945 
 580 , 17413.715690641 
 581 , 17420.2190959516 
 582 , 17438.0300222848 
 583 , 17463.0536580849 
 584 , 17490.6295444063 
 585 , 17515.9772646821 
 586 , 17534.2510723181 
 587 , 17541.9543515523 
 588 , 17538.9632505218 
 589 , 17526.1954646255 
 590 , 17512.0586400048 
 591 , 17510.5545817178 
 592 , 17529.8133228828 
 593 , 17558.1240988313 
 594 , 17580.1969421134 
 595 , 17591.5804064864 
 596 , 17598.1648362351 
 597 , 17605.1817670927 
 598 , 17613.2178772906 
 599 , 17621.5937220403 
 600 , 17629.3769564813 
 601 , 17635.3313334536 
 602 , 17639.0897902363 
 603 , 17645.2728904496 
 604 , 17660.1480878747 
 605 , 17684.8010529332 
 606 , 17712.5572425219 
 607 , 17736.6589514546 
 608 , 17754.3519964434 
 609 , 17764.699006801 
 610 , 17772.4155259783 
 611 , 17792.6500333161 
 612 , 17839.0050268544 
 613 , 17900.2690269363 
 614 , 17951.8221845837 
 615 , 17980.8977070111 
 616 , 18001.852740307 
 617 , 18031.4343728649 
 618 , 18070.4470542015 
 619 , 18109.2376845749 
 620 , 18141.541614842 
 621 , 18170.9076146429 
 622 , 18202.1906696019 
 623 , 18234.6703936905 
 624 , 18263.2741263713 
 625 , 18284.4306274031 
 626 , 18299.9148514222 
 627 , 18312.4447907872 
 628 , 18321.5795440621 
 629 , 18323.9882055802 
 630 , 18318.5737113365 
 631 , 18313.4416332701 
 632 , 18318.5368580368 
 633 , 18333.0367963013 
 634 , 18344.7317816377 
 635 , 18344.0558955024 
 636 , 18336.1532198326 
 637 , 18330.2159432735 
 638 , 18329.1762993458 
 639 , 18328.4115018691 
 640 , 18324.3983548372 
 641 , 18321.8802952555 
 642 , 18328.258851651 
 643 , 18347.2172099837 
 644 , 18377.378765756 
 645 , 18415.729498433 
 646 , 18451.4952915176 
 647 , 18471.167407433 
 648 , 18471.6106341429 
 649 , 18465.4046525389 
 650 , 18464.1826381466 
 651 , 18464.1219747811 
 652 , 18455.0519772732 
 653 , 18436.3653535736 
 654 , 18423.4136311641 
 655 , 18430.6779359436 
 656 , 18454.5180604295 
 657 , 18483.0014973312 
 658 , 18508.0295494282 
 659 , 18528.5138661317 
 660 , 18544.3306769252 
 661 , 18557.2524111992 
 662 , 18569.9847843846 
 663 , 18584.1599826853 
 664 , 18599.3166268778 
 665 , 18614.6996674702 
 666 , 18629.0699717514 
 667 , 18640.9500675533 
 668 , 18651.509079791 
 669 , 18667.3466389099 
 670 , 18694.6526311861 
 671 , 18729.329024483 
 672 , 18761.5796249029 
 673 , 18784.9726261495 
 674 , 18800.4065640737 
 675 , 18809.6578273052 
 676 , 18813.8303804546 
 677 , 18813.6572192238 
 678 , 18813.0845675333 
 679 , 18823.1476443328 
 680 , 18854.0002355436 
 681 , 18897.0154304578 
 682 , 18932.5600507624 
 683 , 18949.0008415383 
 684 , 18952.9153920783 
 685 , 18953.208038305 
 686 , 18957.2818433867 
 687 , 18971.6263035534 
 688 , 18997.6117997023 
 689 , 19025.1694797878 
 690 , 19043.2512269141 
 691 , 19046.7430691373 
 692 , 19034.0619058739 
 693 , 19010.3097653092 
 694 , 18995.2731139056 
 695 , 19008.1847679088 
 696 , 19042.9086847576 
 697 , 19078.6829559812 
 698 , 19103.4427474104 
 699 , 19124.2379559511 
 700 , 19149.0669046733 
 701 , 19171.1088718904 
 702 , 19175.3114035093 
 703 , 19156.7546287004 
 704 , 19131.6685330743 
 705 , 19117.2265872413 
 706 , 19115.3120708776 
 707 , 19119.65406367 
 708 , 19126.5949481357 
 709 , 19137.7520194088 
 710 , 19154.5613777026 
 711 , 19171.7308461338 
 712 , 19180.6344227939 
 713 , 19177.9605871068 
 714 , 19170.1915326292 
 715 , 19164.0689125989 
 716 , 19160.2133647626 
 717 , 19156.423918023 
 718 , 19153.5055681703 
 719 , 19157.3817815651 
 720 , 19172.6895324243 
 721 , 19191.5872777016 
 722 , 19201.0615907349 
 723 , 19197.7144608872 
 724 , 19193.0315827155 
 725 , 19198.0028186902 
 726 , 19212.5739222707 
 727 , 19232.4416950606 
 728 , 19253.4102489124 
 729 , 19271.4454565625 
 730 , 19283.5933987945 
 731 , 19292.7604475785 
 732 , 19303.7737449781 
 733 , 19318.7161147377 
 734 , 19336.268709026 
 735 , 19355.2104955208 
 736 , 19375.7928286574 
 737 , 19398.625218514 
 738 , 19422.1709039576 
 739 , 19442.5551226941 
 740 , 19456.6991302131 
 741 , 19465.2506572567 
 742 , 19469.8946017349 
 743 , 19474.1429662639 
 744 , 19483.2357976434 
 745 , 19499.7906633034 
 746 , 19517.1642718204 
 747 , 19527.1946667515 
 748 , 19529.3722143556 
 749 , 19529.3891134938 
 750 , 19531.4218339473 
 751 , 19534.7804516077 
 752 , 19538.3660969784 
 753 , 19546.8779484128 
 754 , 19568.9571889811 
 755 , 19605.0734232032 
 756 , 19636.1182310971 
 757 , 19642.7190527452 
 758 , 19630.9228078411 
 759 , 19621.1781524811 
 760 , 19625.245219752 
 761 , 19637.653833081 
 762 , 19651.458907756 
 763 , 19663.6394423031 
 764 , 19673.0003718879 
 765 , 19678.444370786 
 766 , 19679.0127721781 
 767 , 19675.1542113765 
 768 , 19675.7050038122 
 769 , 19692.1604431555 
 770 , 19718.7902134509 
 771 , 19727.8734337699 
 772 , 19699.665975055 
 773 , 19658.2662500171 
 774 , 19639.3428460397 
 775 , 19650.2047307792 
 776 , 19669.2607191924 
 777 , 19678.6815862277 
 778 , 19678.7255972006 
 779 , 19673.8085614138 
 780 , 19670.244944836 
 781 , 19675.8668138641 
 782 , 19693.5304807318 
 783 , 19712.4662859416 
 784 , 19720.7785767106 
 785 , 19719.4923216376 
 786 , 19717.6541313784 
 787 , 19719.7236442766 
 788 , 19720.4782416845 
 789 , 19715.2777677698 
 790 , 19713.4522531483 
 791 , 19730.7379052639 
 792 , 19770.2810787581 
 793 , 19815.6090733758 
 794 , 19850.7651731605 
 795 , 19872.2648386923 
 796 , 19881.1375497039 
 797 , 19882.769598979 
 798 , 19887.630034255 
 799 , 19902.9234132143 
 800 , 19921.492186049 
 801 , 19933.0642409844 
 802 , 19936.6860772403 
 803 , 19939.5045479641 
 804 , 19945.8788745171 
 805 , 19951.3908102113 
 806 , 19950.9833175855 
 807 , 19950.1885269873 
 808 , 19961.2249511901 
 809 , 19987.5982920051 
 810 , 20014.8139602541 
 811 , 20028.3923622306 
 812 , 20030.5006050845 
 813 , 20030.7975193899 
 814 , 20034.1459666604 
 815 , 20038.376758208 
 816 , 20041.1561087456 
 817 , 20042.1225986281 
 818 , 20041.5436095274 
 819 , 20039.8292107971 
 820 , 20037.5367413184 
 821 , 20035.1160758945 
 822 , 20032.6282364856 
 823 , 20030.3963458886 
 824 , 20033.4769261936 
 825 , 20050.3173651242 
 826 , 20078.2634592772 
 827 , 20089.1027445832 
 828 , 20056.8971669525 
 829 , 20004.5093781534 
 830 , 19978.6233000239 
 831 , 19995.8221642096 
 832 , 20025.7703425995 
 833 , 20039.8251266275 
 834 , 20039.7297702641 
 835 , 20036.9491005444 
 836 , 20034.9527184755 
 837 , 20028.7897652538 
 838 , 20014.8285495197 
 839 , 19995.260551291 
 840 , 19973.3617858936 
 841 , 19950.4707665851 
 842 , 19926.5746899403 
 843 , 19905.0850956604 
 844 , 19896.9056954833 
 845 , 19911.9260946052 
 846 , 19944.7506873801 
 847 , 19982.9705885274 
 848 , 20016.6280579161 
 849 , 20039.2739989707 
 850 , 20046.0403983347 
 851 , 20038.1717757086 
 852 , 20018.9063665495 
 853 , 19995.8630856696 
 854 , 19980.6748523368 
 855 , 19980.8171528326 
 856 , 19991.5812223556 
 857 , 20006.5195354848 
 858 , 20023.3000092825 
 859 , 20041.9870724179 
 860 , 20060.9795020911 
 861 , 20075.7052908652 
 862 , 20082.7804878114 
 863 , 20087.5021152069 
 864 , 20097.9642951695 
 865 , 20112.8907557848 
 866 , 20120.7062032544 
 867 , 20114.5011053922 
 868 , 20105.0542268852 
 869 , 20106.3797596741 
 870 , 20125.8491184167 
 871 , 20166.2569693368 
 872 , 20225.6812584693 
 873 , 20292.8819479294 
 874 , 20357.0928908037 
 875 , 20418.2294715049 
 876 , 20480.5244352703 
 877 , 20545.6313370443 
 878 , 20612.049538293 
 879 , 20678.3740326957 
 880 , 20744.2754537373 
 881 , 20809.6055215685 
 882 , 20873.2173843217 
 883 , 20933.2062533111 
 884 , 20983.379544533 
 885 , 21008.4332801363 
 886 , 20994.2887223582 
 887 , 20943.7211907337 
 888 , 20866.6859096113 
 889 , 20771.2939234716 
 890 , 20663.3251096806 
 891 , 20550.5605808878 
 892 , 20448.9221374838 
 893 , 20375.1644168981 
 894 , 20330.9270990009 
 895 , 20306.8240759241 
 896 , 20291.0161635537 
 897 , 20267.0801179775 
 898 , 20222.3269717366 
 899 , 20172.949012331 
 900 , 20146.3230487457 
 901 , 20148.042573142 
 902 , 20157.9876333612 
 903 , 20158.5554512399 
 904 , 20146.1103858262 
 905 , 20121.0953918672 
 906 , 20096.4689385023 
 907 , 20093.3817529037 
 908 , 20116.0995361095 
 909 , 20137.0541240059 
 910 , 20131.2931449102 
 911 , 20109.4540664568 
 912 , 20094.2546952562 
 913 , 20089.3766822034 
 914 , 20078.8525860209 
 915 , 20053.579350318 
 916 , 20027.4089569821 
 917 , 20016.5045932025 
 918 , 20018.440570022 
 919 , 20020.448298067 
 920 , 20017.793852798 
 921 , 20018.391239107 
 922 , 20028.7314007076 
 923 , 20043.6383522156 
 924 , 20054.8506599463 
 925 , 20059.1753797364 
 926 , 20057.6609374536 
 927 , 20053.2517606091 
 928 , 20052.9607280957 
 929 , 20062.6353719229 
 930 , 20075.6765165498 
 931 , 20080.347044067 
 932 , 20074.4186493683 
 933 , 20067.0575700574 
 934 , 20065.1495940024 
 935 , 20065.5673323734 
 936 , 20063.0914686827 
 937 , 20052.8400935341 
 938 , 20030.2458726641 
 939 , 19998.4837133564 
 940 , 19973.6676443894 
 941 , 19969.6346927161 
 942 , 19983.0024337139 
 943 , 20005.1929030579 
 944 , 20029.0203780301 
 945 , 20048.5042599585 
 946 , 20061.0373772757 
 947 , 20071.681814118 
 948 , 20086.0386089839 
 949 , 20105.9947283852 
 950 , 20131.6262270858 
 951 , 20156.1006357651 
 952 , 20164.7494076376 
 953 , 20149.2465499886 
 954 , 20122.3357177836 
 955 , 20099.6773267268 
 956 , 20085.5617197619 
 957 , 20077.8969437771 
 958 , 20074.8341338219 
 959 , 20074.9861811329 
 960 , 20077.4434662912 
 961 , 20083.1148798913 
 962 , 20092.8453872097 
 963 , 20100.2993494556 
 964 , 20094.0570083627 
 965 , 20069.1334115619 
 966 , 20032.7222048359 
 967 , 19994.7411478184 
 968 , 19972.5352858857 
 969 , 19984.4614242354 
 970 , 20021.8981143992 
 971 , 20052.3953649237 
 972 , 20056.2810943611 
 973 , 20045.1915272984 
 974 , 20034.0910653569 
 975 , 20030.870853719 
 976 , 20040.2331737509 
 977 , 20059.2829757062 
 978 , 20077.0721141682 
 979 , 20086.706391124 
 980 , 20093.648688224 
 981 , 20104.151432621 
 982 , 20113.5288164108 
 983 , 20112.1295186638 
 984 , 20103.2059912324 
 985 , 20106.0485928532 
 986 , 20131.8900664797 
 987 , 20162.3209370599 
 988 , 20175.6034154294 
 989 , 20176.487500585 
 990 , 20184.3729093689 
 991 , 20207.1132488234 
 992 , 20236.0625208778 
 993 , 20262.908766914 
 994 , 20285.2403620163 
 995 , 20302.6842601636 
 996 , 20322.2622492366 
 997 , 20355.5905462002 
 998 , 20410.8668948705 
 999 , 20490.8488085157 
 1000 , 20597.6310734073 
 1001 , 20732.5144454942 
 1002 , 20895.7971625062 
 1003 , 21077.7569562806 
 1004 , 21261.8084505606 
 1005 , 21429.9145723383 
 1006 , 21561.8253809045 
 1007 , 21632.9211748752 
 1008 , 21600.0368429511 
 1009 , 21420.7633069836 
 1010 , 21133.1801783084 
 1011 , 20833.0672990863 
 1012 , 20588.3519157383 
 1013 , 20415.8087894179 
 1014 , 20318.536525504 
 1015 , 20260.2041253735 
 1016 , 20196.3335161251 
 1017 , 20128.8434482567 
 1018 , 20093.7137140966 
 1019 , 20102.4575287371 
 1020 , 20121.4446756747 
 1021 , 20120.2074281591 
 1022 , 20104.9839076117 
 1023 , 20091.9677701616 
 1024 , 20086.3756054595 
 1025 , 20085.3265850262 
 1026 , 20086.9323647532 
 1027 , 20091.3928244424 
 1028 , 20100.1463149608 
 1029 , 20119.3227691165 
 1030 , 20155.7647483027 
 1031 , 20207.8385341968 
 1032 , 20267.8020920741 
 1033 , 20325.615468039 
 1034 , 20367.5634008477 
 1035 , 20383.8118755087 
 1036 , 20382.8895848397 
 1037 , 20377.426057779 
 1038 , 20369.2178110277 
 1039 , 20352.7921722936 
 1040 , 20326.9111061641 
 1041 , 20297.2755590377 
 1042 , 20269.3905721973 
 1043 , 20245.5328931876 
 1044 , 20227.4749199265 
 1045 , 20220.2839485383 
 1046 , 20230.842073755 
 1047 , 20254.4205029734 
 1048 , 20269.4923888658 
 1049 , 20262.1634631948 
 1050 , 20250.1650190327 
 1051 , 20255.1153012059 
 1052 , 20269.066449609 
 1053 , 20268.2180567515 
 1054 , 20248.5434464779 
 1055 , 20231.5002836718 
 1056 , 20231.7758087779 
 1057 , 20238.30349899 
 1058 , 20236.8203025046 
 1059 , 20226.6632017421 
 1060 , 20213.5070691789 
 1061 , 20198.1643712763 
 1062 , 20176.0522889441 
 1063 , 20146.0530238693 
 1064 , 20116.6558598524 
 1065 , 20096.3552166905 
 1066 , 20083.7704357586 
 1067 , 20073.7929619498 
 1068 , 20065.9225259766 
 1069 , 20063.8941344832 
 1070 , 20065.0978854859 
 1071 , 20053.2327753695 
 1072 , 20016.5242683158 
 1073 , 19975.6913809657 
 1074 , 19959.9106063719 
 1075 , 19968.4236403981 
 1076 , 19977.9696593537 
 1077 , 19974.3117559645 
 1078 , 19959.3799699019 
 1079 , 19938.5522451742 
 1080 , 19924.8258569211 
 1081 , 19931.8299267877 
 1082 , 19959.661647797 
 1083 , 20000.1514521922 
 1084 , 20038.1875570542 
 1085 , 20049.6219344496 
 1086 , 20022.4441994132 
 1087 , 19983.4270476262 
 1088 , 19962.7309488692 
 1089 , 19960.6055113068 
 1090 , 19963.821280794 
 1091 , 19963.8334097169 
 1092 , 19956.9363177816 
 1093 , 19942.7962430405 
 1094 , 19928.1767844256 
 1095 , 19918.2528254244 
 1096 , 19904.416413213 
 1097 , 19874.2054390946 
 1098 , 19826.3655118861 
 1099 , 19768.1566304168 
 1100 , 19708.8909781156 
 1101 , 19660.8989370353 
 1102 , 19632.3382138068 
 1103 , 19614.592701943 
 1104 , 19595.9668727513 
 1105 , 19572.9050418041 
 1106 , 19546.3626520177 
 1107 , 19519.4262039117 
 1108 , 19497.6286793921 
 1109 , 19484.5189720467 
 1110 , 19478.170731285 
 1111 , 19475.392936921 
 1112 , 19470.589629301 
 1113 , 19457.5231483716 
 1114 , 19434.3455192844 
 1115 , 19402.8579434421 
 1116 , 19367.6923895533 
 1117 , 19338.2419906899 
 1118 , 19321.4520881838 
 1119 , 19312.6946113992 
 1120 , 19305.2594098301 
 1121 , 19299.9102621986 
 1122 , 19301.3968884643 
 1123 , 19308.7131593589 
 1124 , 19314.0450929651 
 1125 , 19312.6849341067 
 1126 , 19308.7319216884 
 1127 , 19306.6964335906 
 1128 , 19305.5536143592 
 1129 , 19302.0753738687 
 1130 , 19289.8389752789 
 1131 , 19260.122368611 
 1132 , 19215.3032671819 
 1133 , 19175.6664545336 
 1134 , 19156.2130403834 
 1135 , 19147.7574992039 
 1136 , 19137.1790262024 
 1137 , 19122.5208323544 
 1138 , 19107.2905032583 
 1139 , 19095.0808318986 
 1140 , 19089.5003715094 
 1141 , 19088.7456879479 
 1142 , 19079.6229898362 
 1143 , 19052.3497513881 
 1144 , 19019.7581706545 
 1145 , 19000.1757284183 
 1146 , 18999.7774460809 
 1147 , 19016.87400629 
 1148 , 19040.0062738039 
 1149 , 19045.4726045214 
 1150 , 19021.3533892934 
 1151 , 18989.0171077107 
 1152 , 18971.2417932303 
 1153 , 18967.041742666 
 1154 , 18966.8725509699 
 1155 , 18962.7795428017 
 1156 , 18948.2473684227 
 1157 , 18929.5994134855 
 1158 , 18932.6164722587 
 1159 , 18970.2655683955 
 1160 , 19009.5570519774 
 1161 , 19014.3191382202 
 1162 , 18990.3751314898 
 1163 , 18961.0461833533 
 1164 , 18938.6175073835 
 1165 , 18925.6087200926 
 1166 , 18918.5758615271 
 1167 , 18904.2916398589 
 1168 , 18875.5075429176 
 1169 , 18850.2713052565 
 1170 , 18847.9324629858 
 1171 , 18852.0090535986 
 1172 , 18830.3496549882 
 1173 , 18785.4616229585 
 1174 , 18753.0065357244 
 1175 , 18749.3405322907 
 1176 , 18751.7956087177 
 1177 , 18739.4347998775 
 1178 , 18715.2371814299 
 1179 , 18688.2156292658 
 1180 , 18668.617805616 
 1181 , 18666.7063225728 
 1182 , 18678.3948801258 
 1183 , 18685.2477790452 
 1184 , 18676.9041955369 
 1185 , 18660.0702543298 
 1186 , 18641.5962811281 
 1187 , 18620.8918273913 
 1188 , 18596.1410537108 
 1189 , 18571.3042206814 
 1190 , 18553.1227912572 
 1191 , 18543.2809802497 
 1192 , 18538.3658098893 
 1193 , 18535.3945292757 
 1194 , 18532.6490400424 
 1195 , 18529.2966262725 
 1196 , 18527.4201119858 
 1197 , 18528.8496951236 
 1198 , 18527.2639474128 
 1199 , 18512.7366779673 
 1200 , 18485.3761015759 
 1201 , 18454.8896960934 
 1202 , 18428.0045844655 
 1203 , 18405.3260251202 
 1204 , 18384.7935460191 
 1205 , 18357.0288092519 
 1206 , 18314.0244330017 
 1207 , 18270.7312686696 
 1208 , 18251.2036119904 
 1209 , 18253.9153843101 
 1210 , 18255.2252309295 
 1211 , 18245.0803078333 
 1212 , 18236.7712813998 
 1213 , 18236.8567362408 
 1214 , 18223.7375055908 
 1215 , 18176.4341328372 
 1216 , 18114.0173086961 
 1217 , 18069.418252584 
 1218 , 18045.3108753552 
 1219 , 18021.7207414861 
 1220 , 17989.1273641567 
 1221 , 17953.3568170636 
 1222 , 17919.5119981137 
 1223 , 17887.7869629776 
 1224 , 17858.3239902806 
 1225 , 17835.1976879106 
 1226 , 17823.6268648595 
 1227 , 17827.2442852316 
 1228 , 17848.1046758066 
 1229 , 17870.9267926292 
 1230 , 17860.8448154364 
 1231 , 17806.4626962974 
 1232 , 17747.8920017395 
 1233 , 17721.4647698837 
 1234 , 17721.8047890046 
 1235 , 17733.2000871488 
 1236 , 17741.9769331038 
 1237 , 17735.4941812865 
 1238 , 17701.814897578 
 1239 , 17630.0476266391 
 1240 , 17537.2433832052 
 1241 , 17485.1853865033 
 1242 , 17509.0920289955 
 1243 , 17552.8233031336 
 1244 , 17555.8322004059 
 1245 , 17530.5608688534 
 1246 , 17513.1203344366 
 1247 , 17508.2406098361 
 1248 , 17500.1428978749 
 1249 , 17482.4308106428 
 1250 , 17460.1940609997 
 1251 , 17439.2094665485 
 1252 , 17425.3133109849 
 1253 , 17421.8229843322 
 1254 , 17422.0242383459 
 1255 , 17417.549524223 
 1256 , 17406.483928985 
 1257 , 17389.9231668823 
 1258 , 17369.1192401684 
 1259 , 17345.4108179964 
 1260 , 17318.6746483201 
 1261 , 17286.6723040446 
 1262 , 17251.946473694 
 1263 , 17229.915002514 
 1264 , 17233.2029410057 
 1265 , 17250.7520329673 
 1266 , 17264.832959013 
 1267 , 17262.7685307854 
 1268 , 17235.4765818481 
 1269 , 17191.1174399521 
 1270 , 17154.2339934435 
 1271 , 17137.2408972933 
 1272 , 17131.2563855156 
 1273 , 17130.6767690543 
 1274 , 17145.6323290022 
 1275 , 17181.3222422291 
 1276 , 17199.7428880816 
 1277 , 17155.0777368904 
 1278 , 17076.4083266536 
 1279 , 17036.0227368022 
 1280 , 17050.3759952112 
 1281 , 17077.4653670994 
 1282 , 17089.3393554698 
 1283 , 17087.8264233506 
 1284 , 17077.5109108353 
 1285 , 17062.0227794444 
 1286 , 17045.6444777798 
 1287 , 17037.4667264622 
 1288 , 17046.2070186053 
 1289 , 17057.6643442443 
 1290 , 17044.2625450299 
 1291 , 16998.6227157555 
 1292 , 16934.6864215524 
 1293 , 16869.8406536913 
 1294 , 16825.7666629275 
 1295 , 16813.7153153862 
 1296 , 16811.7611976262 
 1297 , 16796.6690192117 
 1298 , 16772.5840278999 
 1299 , 16751.5542118425 
 1300 , 16731.0519679192 
 1301 , 16700.6087716213 
 1302 , 16663.1351432217 
 1303 , 16634.5546312612 
 1304 , 16621.5933161112 
 1305 , 16615.2399957509 
 1306 , 16606.6803941141 
 1307 , 16591.5660468903 
 1308 , 16566.8071148081 
 1309 , 16531.7213132934 
 1310 , 16487.8599582894 
 1311 , 16449.9194384438 
 1312 , 16437.9707639676 
 1313 , 16447.8068605029 
 1314 , 16454.797006546 
 1315 , 16444.2931993701 
 1316 , 16416.3736568037 
 1317 , 16378.2906406893 
 1318 , 16351.2263330754 
 1319 , 16351.1323921899 
 1320 , 16365.9480032436 
 1321 , 16378.287440109 
 1322 , 16381.1304324167 
 1323 , 16372.2452374483 
 1324 , 16355.2139313644 
 1325 , 16337.3471321112 
 1326 , 16319.0145751809 
 1327 , 16292.955943117 
 1328 , 16261.2258765697 
 1329 , 16243.1066020383 
 1330 , 16247.8993113667 
 1331 , 16250.4553138251 
 1332 , 16226.1494010328 
 1333 , 16184.2265454402 
 1334 , 16143.0741514282 
 1335 , 16109.1364841406 
 1336 , 16082.9696619076 
 1337 , 16069.1302957357 
 1338 , 16075.1012554521 
 1339 , 16093.2313508271 
 1340 , 16096.2717987155 
 1341 , 16070.2297592826 
 1342 , 16031.0979222362 
 1343 , 15997.2008540046 
 1344 , 15982.2626158074 
 1345 , 15993.7355266666 
 1346 , 16009.1456517336 
 1347 , 15999.4530830833 
 1348 , 15973.868792797 
 1349 , 15961.4552802682 
 1350 , 15959.154275652 
 1351 , 15935.962120377 
 1352 , 15887.4252267959 
 1353 , 15846.6772283029 
 1354 , 15832.2535091971 
 1355 , 15825.4995088741 
 1356 , 15808.360501285 
 1357 , 15781.5240620172 
 1358 , 15749.6584939653 
 1359 , 15717.0238698161 
 1360 , 15687.3083043029 
 1361 , 15660.0879010461 
 1362 , 15632.7607047202 
 1363 , 15604.736856505 
 1364 , 15577.1258156534 
 1365 , 15549.184763392 
 1366 , 15517.7055798381 
 1367 , 15483.4683985193 
 1368 , 15455.6043493027 
 1369 , 15439.7309748667 
 1370 , 15427.1891555505 
 1371 , 15408.5597975362 
 1372 , 15384.8592142239 
 1373 , 15360.0758099777 
 1374 , 15335.4537132969 
 1375 , 15310.8771905592 
 1376 , 15286.2164590629 
 1377 , 15261.3492574162 
 1378 , 15236.4643927933 
 1379 , 15212.086377691 
 1380 , 15187.5870146881 
 1381 , 15160.3585774602 
 1382 , 15129.3857154241 
 1383 , 15098.2660169723 
 1384 , 15069.395424578 
 1385 , 15037.3431701387 
 1386 , 14996.3899987547 
 1387 , 14951.5871450152 
 1388 , 14911.8277497394 
 1389 , 14881.938044111 
 1390 , 14863.9047351068 
 1391 , 14852.0030716069 
 1392 , 14834.0608142431 
 1393 , 14809.5175986579 
 1394 , 14793.0114598736 
 1395 , 14788.4777406912 
 1396 , 14777.4805953836 
 1397 , 14748.1774372703 
 1398 , 14714.9342544447 
 1399 , 14693.6489118202 
 1400 , 14686.3177208903 
 1401 , 14689.5746745424 
 1402 , 14689.599980897 
 1403 , 14669.9865696921 
 1404 , 14633.8780748546 
 1405 , 14596.2946205381 
 1406 , 14568.4628249879 
 1407 , 14557.8231837352 
 1408 , 14562.921817963 
 1409 , 14571.0251901499 
 1410 , 14571.6701556332 
 1411 , 14560.0360762453 
 1412 , 14536.3734106442 
 1413 , 14513.1702432415 
 1414 , 14501.4527528033 
 1415 , 14497.6588027242 
 1416 , 14494.4117577846 
 1417 , 14483.9456113106 
 1418 , 14459.7065476486 
 1419 , 14428.2046440671 
 1420 , 14402.3552315672 
 1421 , 14381.4340635702 
 1422 , 14354.1194747273 
 1423 , 14317.4157267526 
 1424 , 14278.0288601983 
 1425 , 14244.6600935844 
 1426 , 14228.3139059187 
 1427 , 14229.8088405033 
 1428 , 14226.4469626777 
 1429 , 14203.562168922 
 1430 , 14183.4746059271 
 1431 , 14186.3577217281 
 1432 , 14185.5567107519 
 1433 , 14147.6515207618 
 1434 , 14091.2865496641 
 1435 , 14054.3499184777 
 1436 , 14038.5293923119 
 1437 , 14024.2050745048 
 1438 , 14007.7297520555 
 1439 , 13999.0019394766 
 1440 , 13997.7514699922 
 1441 , 13991.3543012002 
 1442 , 13975.5375493892 
 1443 , 13960.753896092 
 1444 , 13953.2293796954 
 1445 , 13946.5232621054 
 1446 , 13936.3922401206 
 1447 , 13931.2684999263 
 1448 , 13938.3954854153 
 1449 , 13947.899060794 
 1450 , 13947.447115509 
 1451 , 13940.8674497931 
 1452 , 13938.1237079713 
 1453 , 13945.2477464216 
 1454 , 13965.3014737176 
 1455 , 13990.1458400591 
 1456 , 14003.6349729544 
 1457 , 14002.5414209828 
 1458 , 13997.0281135774 
 1459 , 13989.7009004694 
 1460 , 13971.8370758734 
 1461 , 13941.4763442419 
 1462 , 13910.9891685252 
 1463 , 13884.4444877888 
 1464 , 13840.3796284567 
 1465 , 13763.2192647807 
 1466 , 13672.9303789312 
 1467 , 13594.0590113446 
 1468 , 13534.4939740273 
 1469 , 13495.5821153585 
 1470 , 13469.0815808909 
 1471 , 13443.1925470532 
 1472 , 13411.1793392554 
 1473 , 13370.1453996716 
 1474 , 13330.9502067432 
 1475 , 13313.7276195043 
 1476 , 13312.2940440876 
 1477 , 13294.4650079238 
 1478 , 13251.7877202704 
 1479 , 13208.4686052568 
 1480 , 13181.0200833088 
 1481 , 13168.7066875116 
 1482 , 13164.4575298035 
 1483 , 13150.584030889 
 1484 , 13118.3020389921 
 1485 , 13090.858573201 
 1486 , 13088.163876428 
 1487 , 13090.6961097995 
 1488 , 13074.9076828805 
 1489 , 13052.1396694043 
 1490 , 13042.4546405756 
 1491 , 13039.6454419956 
 1492 , 13026.9384775113 
 1493 , 13003.9924874834 
 1494 , 12979.9028755217 
 1495 , 12956.4140771297 
 1496 , 12929.7007761721 
 1497 , 12901.4655537711 
 1498 , 12878.928129002 
 1499 , 12864.1889349415 
 1500 , 12852.5199358574 
 1501 , 12839.24509277 
 1502 , 12820.5178314944 
 1503 , 12795.9415003271 
 1504 , 12772.1910389774 
 1505 , 12754.0939176935 
 1506 , 12739.0525323438 
 1507 , 12724.0970491762 
 1508 , 12709.3453146534 
 1509 , 12693.7065980454 
 1510 , 12667.3780788317 
 1511 , 12622.1589309158 
 1512 , 12574.6073198028 
 1513 , 12547.6174305337 
 1514 , 12541.1921526468 
 1515 , 12544.3023902938 
 1516 , 12544.5509926207 
 1517 , 12529.7204826185 
 1518 , 12501.547714854 
 1519 , 12471.9601047781 
 1520 , 12446.1898615434 
 1521 , 12422.9185646551 
 1522 , 12399.8235110634 
 1523 , 12373.7795070103 
 1524 , 12345.2462864543 
 1525 , 12319.891732176 
 1526 , 12300.4870332018 
 1527 , 12283.8854511548 
 1528 , 12266.4894424766 
 1529 , 12245.0728427774 
 1530 , 12220.5717743519 
 1531 , 12205.3885009972 
 1532 , 12208.5050492151 
 1533 , 12219.9864370741 
 1534 , 12227.5036065652 
 1535 , 12226.402243153 
 1536 , 12215.0327482863 
 1537 , 12196.6871505687 
 1538 , 12176.2922591229 
 1539 , 12158.3345724276 
 1540 , 12146.5087036969 
 1541 , 12139.1696548566 
 1542 , 12131.5900244444 
 1543 , 12115.6334788479 
 1544 , 12082.2113268353 
 1545 , 12039.9259107828 
 1546 , 12010.3166413183 
 1547 , 12002.5989690645 
 1548 , 12013.912164097 
 1549 , 12029.4444753585 
 1550 , 12022.3020093246 
 1551 , 11989.4230607792 
 1552 , 11959.7600089382 
 1553 , 11949.3684440198 
 1554 , 11950.5414021201 
 1555 , 11953.2232333924 
 1556 , 11946.9023329914 
 1557 , 11929.334559919 
 1558 , 11917.0007910394 
 1559 , 11918.9053968805 
 1560 , 11916.9320463543 
 1561 , 11896.8114260016 
 1562 , 11871.4937916335 
 1563 , 11853.7425524084 
 1564 , 11834.0481947306 
 1565 , 11802.4531925016 
 1566 , 11772.3959691686 
 1567 , 11759.9452520647 
 1568 , 11757.4285316423 
 1569 , 11751.3026186575 
 1570 , 11744.3694459093 
 1571 , 11744.6420674027 
 1572 , 11747.5288979926 
 1573 , 11742.9677017797 
 1574 , 11727.4460505312 
 1575 , 11701.8718130764 
 1576 , 11675.2993296456 
 1577 , 11661.1371702385 
 1578 , 11658.2347211841 
 1579 , 11654.8104481498 
 1580 , 11648.8410685208 
 1581 , 11646.7356222809 
 1582 , 11646.2850327959 
 1583 , 11636.6846065808 
 1584 , 11618.4203340377 
 1585 , 11605.2565790879 
 1586 , 11603.978577812 
 1587 , 11611.0934815689 
 1588 , 11616.4777806262 
 1589 , 11601.3215115137 
 1590 , 11563.9836985232 
 1591 , 11533.2843349544 
 1592 , 11523.1403005863 
 1593 , 11512.6862719859 
 1594 , 11487.9434218572 
 1595 , 11459.0551015322 
 1596 , 11436.8512572733 
 1597 , 11425.7403758759 
 1598 , 11426.8019688421 
 1599 , 11434.4328837266 
 1600 , 11441.6921114469 
 1601 , 11441.1517960146 
 1602 , 11428.5353476191 
 1603 , 11411.5601530102 
 1604 , 11399.6799663556 
 1605 , 11398.0458377187 
 1606 , 11408.2007293968 
 1607 , 11419.9652846848 
 1608 , 11421.5749372741 
 1609 , 11411.1999379753 
 1610 , 11390.5995330538 
 1611 , 11363.3306737164 
 1612 , 11332.5646329685 
 1613 , 11294.4160061641 
 1614 , 11244.315365577 
 1615 , 11194.4586300475 
 1616 , 11162.0156041234 
 1617 , 11141.4915807186 
 1618 , 11117.3056016471 
 1619 , 11086.5418128977 
 1620 , 11052.8914203842 
 1621 , 11015.3838095879 
 1622 , 10971.31206242 
 1623 , 10931.4633837598 
 1624 , 10913.9641074699 
 1625 , 10915.6943888052 
 1626 , 10918.8117011686 
 1627 , 10914.5302136168 
 1628 , 10901.5793207926 
 1629 , 10882.7111198653 
 1630 , 10863.6572156274 
 1631 , 10845.7711010592 
 1632 , 10826.223468653 
 1633 , 10798.9615051567 
 1634 , 10755.781801806 
 1635 , 10708.8516821616 
 1636 , 10690.5318778609 
 1637 , 10704.2452936159 
 1638 , 10720.6407363073 
 1639 , 10721.102539282 
 1640 , 10702.0234483454 
 1641 , 10671.3354691202 
 1642 , 10649.9496851208 
 1643 , 10641.6981549187 
 1644 , 10626.8789952534 
 1645 , 10599.0216107758 
 1646 , 10572.45521613 
 1647 , 10555.6593694295 
 1648 , 10546.077840382 
 1649 , 10539.1518670086 
 1650 , 10528.6702585786 
 1651 , 10513.9541538163 
 1652 , 10503.5343060118 
 1653 , 10497.8417948543 
 1654 , 10482.0520634144 
 1655 , 10453.0992772999 
 1656 , 10431.6015960417 
 1657 , 10425.4410857968 
 1658 , 10414.135534898 
 1659 , 10386.5083742988 
 1660 , 10355.5204391227 
 1661 , 10332.7134410138 
 1662 , 10321.1256707469 
 1663 , 10317.1292591115 
 1664 , 10305.3814803038 
 1665 , 10280.5140676012 
 1666 , 10261.7250035415 
 1667 , 10259.6141565791 
 1668 , 10258.7127504835 
 1669 , 10246.1039803788 
 1670 , 10222.6221789471 
 1671 , 10194.9117283342 
 1672 , 10178.6620344201 
 1673 , 10177.1307679464 
 1674 , 10161.1152034333 
 1675 , 10117.398807389 
 1676 , 10082.6411783777 
 1677 , 10079.2542544875 
 1678 , 10076.7468012604 
 1679 , 10053.4300691232 
 1680 , 10029.092438477 
 1681 , 10016.6774418041 
 1682 , 9996.26125449652 
 1683 , 9957.91919667871 
 1684 , 9929.56530136317 
 1685 , 9929.68173292179 
 1686 , 9938.16379878848 
 1687 , 9935.23480074328 
 1688 , 9917.09975992533 
 1689 , 9886.33069542421 
 1690 , 9855.27672086186 
 1691 , 9833.84310474267 
 1692 , 9822.00249290969 
 1693 , 9817.1435940802 
 1694 , 9814.03612969232 
 1695 , 9806.99521538914 
 1696 , 9790.21712426521 
 1697 , 9762.67702113797 
 1698 , 9734.98720518149 
 1699 , 9716.47067459008 
 1700 , 9709.21491153523 
 1701 , 9708.91780088294 
 1702 , 9698.83023555715 
 1703 , 9672.67993462765 
 1704 , 9652.23515098595 
 1705 , 9649.03193987773 
 1706 , 9643.02116886506 
 1707 , 9622.18993729432 
 1708 , 9601.3007927677 
 1709 , 9589.11484248889 
 1710 , 9574.31020324947 
 1711 , 9549.59292518976 
 1712 , 9521.13424351686 
 1713 , 9497.09580679544 
 1714 , 9486.25322998552 
 1715 , 9489.91475188867 
 1716 , 9495.09064968907 
 1717 , 9492.47443245119 
 1718 , 9482.41883000029 
 1719 , 9465.78882149709 
 1720 , 9442.5696302214 
 1721 , 9414.64391269994 
 1722 , 9387.25813091275 
 1723 , 9368.19987134004 
 1724 , 9368.50849614833 
 1725 , 9382.54202172689 
 1726 , 9379.33041347499 
 1727 , 9350.52239746072 
 1728 , 9323.11030179642 
 1729 , 9309.70059899475 
 1730 , 9299.57838563884 
 1731 , 9285.14780536286 
 1732 , 9265.15623900516 
 1733 , 9243.49818251981 
 1734 , 9229.50070972936 
 1735 , 9223.09006523814 
 1736 , 9213.40269669466 
 1737 , 9198.38059745768 
 1738 , 9185.81043322906 
 1739 , 9178.03875827785 
 1740 , 9171.35591828605 
 1741 , 9159.80669434441 
 1742 , 9136.28056898424 
 1743 , 9106.40448213568 
 1744 , 9086.031644085 
 1745 , 9076.12822953532 
 1746 , 9065.93888735073 
 1747 , 9053.45995764184 
 1748 , 9042.8540642913 
 1749 , 9030.0288678496 
 1750 , 9006.29205506819 
 1751 , 8976.78445398575 
 1752 , 8954.76631385976 
 1753 , 8945.96298953811 
 1754 , 8950.43642344836 
 1755 , 8957.43159504227 
 1756 , 8952.48987702241 
 1757 , 8937.53899585065 
 1758 , 8921.57689185343 
 1759 , 8907.14433762437 
 1760 , 8894.70300930802 
 1761 , 8889.73919259405 
 1762 , 8895.87648493633 
 1763 , 8894.57403314876 
 1764 , 8866.98744493898 
 1765 , 8833.08751143574 
 1766 , 8817.25306831527 
 1767 , 8807.69713858083 
 1768 , 8789.9485276031 
 1769 , 8780.05112934258 
 1770 , 8791.24523896428 
 1771 , 8799.45446080767 
 1772 , 8784.48608255463 
 1773 , 8764.4290146062 
 1774 , 8754.79712022493 
 1775 , 8743.20448365271 
 1776 , 8722.29840873755 
 1777 , 8708.67696824838 
 1778 , 8711.00254723012 
 1779 , 8713.18115124332 
 1780 , 8703.37722822829 
 1781 , 8683.97551134291 
 1782 , 8661.73119384609 
 1783 , 8647.85933512947 
 1784 , 8643.87221435122 
 1785 , 8636.58617922991 
 1786 , 8619.48187947485 
 1787 , 8596.36256510352 
 1788 , 8577.01140579961 
 1789 , 8576.29501029244 
 1790 , 8588.26463535152 
 1791 , 8587.49998012146 
 1792 , 8574.89227151994 
 1793 , 8573.06113821091 
 1794 , 8578.2499977008 
 1795 , 8568.35142666191 
 1796 , 8546.38031919803 
 1797 , 8530.3876250682 
 1798 , 8521.56396999821 
 1799 , 8512.24116282234 
 1800 , 8501.48980634899 
 1801 , 8491.35399026547 
 1802 , 8481.50562002611 
 1803 , 8471.10962114005 
 1804 , 8462.07728991171 
 1805 , 8456.06841458286 
 1806 , 8448.97151365737 
 1807 , 8437.25968561367 
 1808 , 8426.49524459177 
 1809 , 8421.18134038476 
 1810 , 8414.86248345163 
 1811 , 8401.23912784886 
 1812 , 8380.71130601549 
 1813 , 8355.92960969682 
 1814 , 8332.1169088352 
 1815 , 8317.23503377187 
 1816 , 8323.63354460202 
 1817 , 8348.32910664501 
 1818 , 8362.84813938463 
 1819 , 8352.84354799928 
 1820 , 8326.73912226274 
 1821 , 8298.83496615322 
 1822 , 8287.30011316744 
 1823 , 8288.56951866962 
 1824 , 8279.25747391708 
 1825 , 8258.75440736557 
 1826 , 8244.7083187609 
 1827 , 8244.33746084083 
 1828 , 8255.67511426464 
 1829 , 8259.49924720137 
 1830 , 8232.74780606301 
 1831 , 8195.92514109485 
 1832 , 8183.45870330613 
 1833 , 8192.41720805988 
 1834 , 8205.19224048692 
 1835 , 8201.15817657034 
 1836 , 8168.05440797587 
 1837 , 8129.71987036244 
 1838 , 8110.09566830867 
 1839 , 8106.0514276295 
 1840 , 8107.6941583856 
 1841 , 8101.44508411666 
 1842 , 8083.99231188507 
 1843 , 8073.73079943078 
 1844 , 8078.48674731149 
 1845 , 8084.63482159092 
 1846 , 8081.99176129763 
 1847 , 8068.00358171224 
 1848 , 8051.63063490899 
 1849 , 8052.24570085896 
 1850 , 8063.23038761577 
 1851 , 8056.79770884969 
 1852 , 8031.32581464094 
 1853 , 8003.70308928314 
 1854 , 7986.37934515767 
 1855 , 7987.08973267048 
 1856 , 7998.85752835881 
 1857 , 8007.00039624213 
 1858 , 7990.52686449949 
 1859 , 7938.80829225066 
 1860 , 7896.6232985866 
 1861 , 7902.13966680326 
 1862 , 7919.17536780574 
 1863 , 7913.74506396909 
 1864 , 7899.30734435514 
 1865 , 7890.2176131306 
 1866 , 7886.72861000367 
 1867 , 7885.73362385628 
 1868 , 7881.57815432539 
 1869 , 7871.27408025314 
 1870 , 7855.51438155289 
 1871 , 7834.84707003315 
 1872 , 7809.93894368838 
 1873 , 7789.29291400975 
 1874 , 7785.63280309659 
 1875 , 7790.12787975416 
 1876 , 7783.41993333863 
 1877 , 7769.00391520981 
 1878 , 7760.0129838045 
 1879 , 7761.41738626486 
 1880 , 7771.46372256199 
 1881 , 7771.98869778675 
 1882 , 7750.60029590108 
 1883 , 7729.03053822637 
 1884 , 7725.44107247946 
 1885 , 7731.45436691277 
 1886 , 7735.46615654662 
 1887 , 7727.65255516403 
 1888 , 7707.19233419452 
 1889 , 7685.88857141462 
 1890 , 7671.24569677028 
 1891 , 7664.47970132726 
 1892 , 7659.98060874893 
 1893 , 7647.27456427532 
 1894 , 7624.23510302172 
 1895 , 7595.76122984378 
 1896 , 7578.82498832111 
 1897 , 7589.00118335242 
 1898 , 7598.1813774785 
 1899 , 7574.75525926392 
 1900 , 7541.96318635222 
 1901 , 7528.13635332507 
 1902 , 7530.61140928353 
 1903 , 7536.60285610969 
 1904 , 7524.27710541548 
 1905 , 7493.05448303251 
 1906 , 7480.44010319613 
 1907 , 7492.52544914604 
 1908 , 7491.49975852162 
 1909 , 7474.73333306186 
 1910 , 7473.91446886039 
 1911 , 7483.58117344698 
 1912 , 7474.53715316995 
 1913 , 7457.57314165649 
 1914 , 7458.98511268985 
 1915 , 7464.15811619762 
 1916 , 7450.02286613146 
 1917 , 7428.68693258181 
 1918 , 7414.3455823284 
 1919 , 7395.82359768862 
 1920 , 7368.11057999115 
 1921 , 7352.0324813169 
 1922 , 7355.78742515919 
 1923 , 7360.46233110453 
 1924 , 7353.26551956179 
 1925 , 7332.65216156617 
 1926 , 7307.15304907625 
 1927 , 7292.3923728186 
 1928 , 7287.14084784462 
 1929 , 7280.40611924437 
 1930 , 7273.71635015472 
 1931 , 7272.81713716585 
 1932 , 7273.30760425519 
 1933 , 7268.76001931575 
 1934 , 7258.14466318534 
 1935 , 7244.45885129379 
 1936 , 7237.85690731056 
 1937 , 7239.48120428849 
 1938 , 7231.87773298409 
 1939 , 7212.85287532811 
 1940 , 7202.6369342289 
 1941 , 7206.68167061771 
 1942 , 7214.49904025209 
 1943 , 7213.14346516149 
 1944 , 7191.73308087174 
 1945 , 7166.63382610217 
 1946 , 7160.99924391274 
 1947 , 7161.90216258816 
 1948 , 7150.9793224755 
 1949 , 7135.51094416325 
 1950 , 7125.4815030894 
 1951 , 7122.55002178665 
 1952 , 7123.04439901921 
 1953 , 7116.40472820807 
 1954 , 7099.77113122542 
 1955 , 7080.71236594969 
 1956 , 7066.47665518841 
 1957 , 7062.37258513698 
 1958 , 7061.81237580336 
 1959 , 7052.52753510777 
 1960 , 7033.72938735183 
 1961 , 7012.36734286965 
 1962 , 7008.26500508517 
 1963 , 7029.87578135828 
 1964 , 7039.4703698336 
 1965 , 7014.19119579714 
 1966 , 6980.24320519291 
 1967 , 6957.97854554542 
 1968 , 6950.33492603815 
 1969 , 6952.73632938901 
 1970 , 6955.26393829679 
 1971 , 6958.01474812935 
 1972 , 6965.83518354377 
 1973 , 6965.60859388294 
 1974 , 6942.2189913459 
 1975 , 6913.07038176176 
 1976 , 6899.5764190154 
 1977 , 6902.95409537745 
 1978 , 6914.37828084185 
 1979 , 6912.52237215636 
 1980 , 6890.73859412039 
 1981 , 6865.86859181265 
 1982 , 6847.66351839355 
 1983 , 6836.66885177569 
 1984 , 6829.96717502316 
 1985 , 6823.52489946339 
 1986 , 6820.59134315171 
 1987 , 6823.93706195922 
 1988 , 6818.22673763092 
 1989 , 6794.78794382805 
 1990 , 6781.48793677269 
 1991 , 6791.62011595336 
 1992 , 6796.19067055395 
 1993 , 6783.88447067905 
 1994 , 6772.83349725298 
 1995 , 6769.60095851372 
 1996 , 6768.63097810716 
 1997 , 6764.53141364951 
 1998 , 6754.28658189905 
 1999 , 6747.66678619296 
 2000 , 6753.07529254042 
 2001 , 6753.90798778256 
 2002 , 6737.26250406381 
 2003 , 6714.90899105481 
 2004 , 6698.7121480593 
 2005 , 6694.05021746038 
 2006 , 6693.69788464838 
 2007 , 6679.41381305746 
 2008 , 6657.82865324803 
 2009 , 6649.80912493741 
 2010 , 6647.06214351933 
 2011 , 6634.78359689885 
 2012 , 6631.21548995882 
 2013 , 6648.13691918606 
 2014 , 6651.17819166372 
 2015 , 6624.98283606989 
 2016 , 6603.52087398419 
 2017 , 6604.10988261151 
 2018 , 6617.36900906671 
 2019 , 6623.51155284973 
 2020 , 6600.66112395826 
 2021 , 6566.86500228905 
 2022 , 6552.42587869075 
 2023 , 6549.32170639635 
 2024 , 6541.54828380481 
 2025 , 6525.2013712729 
 2026 , 6505.61865562446 
 2027 , 6500.6770376852 
 2028 , 6509.05420214216 
 2029 , 6506.26751987535 
 2030 , 6493.21437213158 
 2031 , 6488.56925492405 
 2032 , 6486.17084494948 
 2033 , 6472.90152923799 
 2034 , 6462.29658418766 
 2035 , 6466.48579488442 
 2036 , 6470.20521670207 
 2037 , 6460.45995975626 
 2038 , 6437.44308770068 
 2039 , 6411.25525678431 
 2040 , 6400.09757410595 
 2041 , 6401.67338174692 
 2042 , 6400.52535788714 
 2043 , 6394.48492584499 
 2044 , 6385.79526733028 
 2045 , 6369.77299166661 
 2046 , 6348.24964800065 
 2047 , 6343.80421377708 
 2048 , 6356.96942026404 
 2049 , 6350.85852126188 
 2050 , 6325.43415005672 
 2051 , 6316.03704940913 
 2052 , 6321.20756199569 
 2053 , 6320.45787491651 
 2054 , 6317.49263103599 
 2055 , 6318.6986906637 
 2056 , 6309.1514215931 
 2057 , 6282.93508425616 
 2058 , 6261.10959463219 
 2059 , 6250.58256987572 
 2060 , 6237.87348365997 
 2061 , 6226.77911772024 
 2062 , 6231.47062120282 
 2063 , 6236.47333866539 
 2064 , 6220.38712201397 
 2065 , 6196.64622215419 
 2066 , 6181.97405670565 
 2067 , 6177.52867633136 
 2068 , 6180.64267374042 
 2069 , 6186.54822049313 
 2070 , 6191.10328268389 
 2071 , 6190.82345825099 
 2072 , 6181.53878618094 
 2073 , 6159.83809767315 
 2074 , 6128.29168897144 
 2075 , 6095.72367558241 
 2076 , 6083.40130093077 
 2077 , 6097.21322588589 
 2078 , 6113.00406819049 
 2079 , 6109.20576298887 
 2080 , 6073.64312942716 
 2081 , 6034.74605744251 
 2082 , 6033.96443099742 
 2083 , 6043.96453102375 
 2084 , 6030.06039985424 
 2085 , 6013.86452758793 
 2086 , 6011.40888707086 
 2087 , 6007.77306718055 
 2088 , 5993.33420315268 
 2089 , 5969.07833276085 
 2090 , 5949.66583778058 
 2091 , 5952.93689139757 
 2092 , 5964.07865382198 
 2093 , 5963.75089404451 
 2094 , 5958.39655737476 
 2095 , 5952.61660960948 
 2096 , 5937.98410854751 
 2097 , 5918.2116595328 
 2098 , 5910.41644036971 
 2099 , 5914.26770069084 
 2100 , 5918.49826943529 
 2101 , 5916.54158439495 
 2102 , 5906.3752904424 
 2103 , 5894.73904890548 
 2104 , 5885.28767357022 
 2105 , 5873.27285042083 
 2106 , 5860.75157136392 
 2107 , 5856.39331797949 
 2108 , 5854.05593792139 
 2109 , 5841.36675554755 
 2110 , 5821.85999663193 
 2111 , 5804.85401361168 
 2112 , 5800.51498359546 
 2113 , 5804.50958246615 
 2114 , 5790.35308325629 
 2115 , 5763.92472276275 
 2116 , 5758.657616597 
 2117 , 5766.48068973415 
 2118 , 5761.99562049956 
 2119 , 5745.05350527251 
 2120 , 5725.46684823628 
 2121 , 5719.07127380207 
 2122 , 5728.3187609948 
 2123 , 5736.15777852835 
 2124 , 5730.11725063047 
 2125 , 5706.18338940604 
 2126 , 5687.21886659927 
 2127 , 5694.17248545687 
 2128 , 5696.72280933912 
 2129 , 5676.32819599454 
 2130 , 5661.34952850732 
 2131 , 5659.59145569641 
 2132 , 5651.21520076412 
 2133 , 5635.02423354091 
 2134 , 5620.98704159012 
 2135 , 5610.61026928546 
 2136 , 5601.98345220864 
 2137 , 5591.93121712499 
 2138 , 5579.23647954632 
 2139 , 5566.06975654305 
 2140 , 5555.35280884676 
 2141 , 5549.3109654075 
 2142 , 5541.59680371164 
 2143 , 5526.57442185043 
 2144 , 5517.21673113378 
 2145 , 5519.99879719313 
 2146 , 5519.07233640535 
 2147 , 5507.37455688328 
 2148 , 5491.06239822262 
 2149 , 5479.72431315835 
 2150 , 5480.41012677513 
 2151 , 5478.00264336273 
 2152 , 5460.12947617454 
 2153 , 5440.83605292385 
 2154 , 5430.63948537378 
 2155 , 5428.44548119202 
 2156 , 5425.81056750322 
 2157 , 5412.93342184772 
 2158 , 5404.76779021803 
 2159 , 5415.96285125552 
 2160 , 5425.8995102114 
 2161 , 5423.18920800039 
 2162 , 5424.07882886848 
 2163 , 5423.44180860046 
 2164 , 5398.56331142882 
 2165 , 5368.76402844878 
 2166 , 5362.66353159628 
 2167 , 5359.54330014141 
 2168 , 5343.87521492345 
 2169 , 5335.803433458 
 2170 , 5338.98951514584 
 2171 , 5335.67838208516 
 2172 , 5321.09306717099 
 2173 , 5300.67657495541 
 2174 , 5289.40067841031 
 2175 , 5295.21374967761 
 2176 , 5303.27232325145 
 2177 , 5303.11475841157 
 2178 , 5294.16516374191 
 2179 , 5282.26295834621 
 2180 , 5274.65384663121 
 2181 , 5265.94325200887 
 2182 , 5254.01978683725 
 2183 , 5255.51279640594 
 2184 , 5264.85134186644 
 2185 , 5246.74945320852 
 2186 , 5213.6991595954 
 2187 , 5203.61419331232 
 2188 , 5199.99802832197 
 2189 , 5182.18588429446 
 2190 , 5171.3669502002 
 2191 , 5175.10006561391 
 2192 , 5173.61590589725 
 2193 , 5167.31407713745 
 2194 , 5168.96271897542 
 2195 , 5169.0031348473 
 2196 , 5157.85817940092 
 2197 , 5148.89951984326 
 2198 , 5144.86309875656 
 2199 , 5129.58169337712 
 2200 , 5109.12113963977 
 2201 , 5102.13917417553 
 2202 , 5100.0365209831 
 2203 , 5091.50150829555 
 2204 , 5085.22668364393 
 2205 , 5083.73516760477 
 2206 , 5077.44220095666 
 2207 , 5069.97973206182 
 2208 , 5070.4657981255 
 2209 , 5063.21151375649 
 2210 , 5036.20938347834 
 2211 , 5009.34862779821 
 2212 , 4995.85534873393 
 2213 , 4993.1043760878 
 2214 , 4990.63983174125 
 2215 , 4976.87367809847 
 2216 , 4957.18934256007 
 2217 , 4937.37057452858 
 2218 , 4911.87169034194 
 2219 , 4892.16663883881 
 2220 , 4906.73868507743 
 2221 , 4933.75674276214 
 2222 , 4932.42447538848 
 2223 , 4912.9537780118 
 2224 , 4892.86282651697 
 2225 , 4875.0634010334 
 2226 , 4865.70517858855 
 2227 , 4872.91363996292 
 2228 , 4876.84180788794 
 2229 , 4856.38357614469 
 2230 , 4839.88091944616 
 2231 , 4840.8502888823 
 2232 , 4828.0064834363 
 2233 , 4807.76698021413 
 2234 , 4814.69884018999 
 2235 , 4821.56821158293 
 2236 , 4797.01334777244 
 2237 , 4778.74034782262 
 2238 , 4780.83804760889 
 2239 , 4767.15374010989 
 2240 , 4746.72365793742 
 2241 , 4751.59414996364 
 2242 , 4747.19712641613 
 2243 , 4708.36959185271 
 2244 , 4686.51098733503 
 2245 , 4694.84442050072 
 2246 , 4693.07285944458 
 2247 , 4679.44474088986 
 2248 , 4671.81681339364 
 2249 , 4671.98545098986 
 2250 , 4674.07337357418 
 2251 , 4666.65896316683 
 2252 , 4655.43775504338 
 2253 , 4657.0973878943 
 2254 , 4654.32709245113 
 2255 , 4629.78217606834 
 2256 , 4609.53361978742 
 2257 , 4606.06985211366 
 2258 , 4602.75898341043 
 2259 , 4594.01651742127 
 2260 , 4583.43690825412 
 2261 , 4576.38747887495 
 2262 , 4573.59710284631 
 2263 , 4565.29323084542 
 2264 , 4551.17644530345 
 2265 , 4540.19765332009 
 2266 , 4528.35794259899 
 2267 , 4511.18636896455 
 2268 , 4503.41773250689 
 2269 , 4510.31291775377 
 2270 , 4517.52448861179 
 2271 , 4515.97384649912 
 2272 , 4503.316365781 
 2273 , 4486.7722214401 
 2274 , 4473.08463065388 
 2275 , 4461.33720412728 
 2276 , 4450.13043741938 
 2277 , 4439.28896117954 
 2278 , 4433.96515183461 
 2279 , 4435.45507626807 
 2280 , 4424.85360980435 
 2281 , 4399.33480706864 
 2282 , 4383.13283417303 
 2283 , 4376.30529263499 
 2284 , 4365.72732630462 
 2285 , 4359.74922448674 
 2286 , 4363.26087629473 
 2287 , 4361.65094814173 
 2288 , 4350.68980864323 
 2289 , 4337.56451339509 
 2290 , 4326.58259357753 
 2291 , 4317.74194987844 
 2292 , 4303.23240444041 
 2293 , 4288.93655140733 
 2294 , 4295.42639575516 
 2295 , 4301.27059486757 
 2296 , 4277.01452632811 
 2297 , 4258.51796049391 
 2298 , 4263.87721896962 
 2299 , 4257.02212078046 
 2300 , 4236.34633155027 
 2301 , 4225.67899144812 
 2302 , 4222.87273441911 
 2303 , 4220.05024129357 
 2304 , 4216.20801311396 
 2305 , 4207.30230345095 
 2306 , 4187.83712879092 
 2307 , 4170.07955744946 
 2308 , 4165.37117195447 
 2309 , 4160.10980397568 
 2310 , 4152.62352269358 
 2311 , 4158.29256474176 
 2312 , 4158.66205126541 
 2313 , 4131.60820491418 
 2314 , 4114.19985349113 
 2315 , 4124.12400136236 
 2316 , 4129.01437121845 
 2317 , 4120.32789813111 
 2318 , 4107.79756951272 
 2319 , 4094.1325304638 
 2320 , 4079.23455439814 
 2321 , 4062.01653658483 
 2322 , 4044.64401815546 
 2323 , 4032.13908081526 
 2324 , 4029.44423195547 
 2325 , 4034.84335537954 
 2326 , 4031.76273542802 
 2327 , 4015.63507685143 
 2328 , 3996.67404850554 
 2329 , 3988.37539260713 
 2330 , 3995.60363962413 
 2331 , 3996.50314393151 
 2332 , 3986.64321871832 
 2333 , 3984.60296544751 
 2334 , 3981.65302225089 
 2335 , 3964.76189513595 
 2336 , 3955.0024251168 
 2337 , 3956.34706284086 
 2338 , 3943.03654915615 
 2339 , 3921.3736982525 
