11-20-2017,17:47:09
Wavenumber(cm-1),Intensity
 250 , 10 
 251 , 10 
 252 , 10 
 253 , 10 
 254 , 10 
 255 ,-1.1796875 
 256 , 5.662109375 
 257 , 16.732421875 
 258 , 19.7265625 
 259 , 16.056640625 
 260 , 12.61328125 
 261 , 14.330078125 
 262 , 15.330078125 
 263 , 7.57421875 
 264 ,-7.4140625 
 265 ,-18.8828125 
 266 ,-16.8671875 
 267 ,-2.57421875 
 268 , 17.345703125 
 269 , 35.88671875 
 270 , 48.08203125 
 271 , 51.2734375 
 272 , 47.876953125 
 273 , 44.052734375 
 274 , 44.60546875 
 275 , 48.26953125 
 276 , 52.603515625 
 277 , 56.529296875 
 278 , 65.775390625 
 279 , 87.935546875 
 280 , 121.623046875 
 281 , 148.1171875 
 282 , 148.033203125 
 283 , 125.2109375 
 284 , 104.021484375 
 285 , 105.9453125 
 286 , 128.080078125 
 287 , 157.6640625 
 288 , 183.5 
 289 , 201.12109375 
 290 , 207.66015625 
 291 , 205.138671875 
 292 , 199.783203125 
 293 , 196.666015625 
 294 , 191.09375 
 295 , 173.748046875 
 296 , 141.0703125 
 297 , 107.00390625 
 298 , 88.533203125 
 299 , 89.5078125 
 300 , 96.048828125 
 301 , 94.142578125 
 302 , 82.701171875 
 303 , 68.8828125 
 304 , 58.94921875 
 305 , 52.99609375 
 306 , 49.408203125 
 307 , 45.43359375 
 308 , 38.57421875 
 309 , 27.88671875 
 310 , 16.1484375 
 311 , 7.875 
 312 , 6.76171875 
 313 , 15.064453125 
 314 , 35.0546875 
 315 , 64.25390625 
 316 , 89.845703125 
 317 , 98.29296875 
 318 , 92.021484375 
 319 , 87.5390625 
 320 , 97.96484375 
 321 , 119.587890625 
 322 , 142.693359375 
 323 , 160.333984375 
 324 , 170.34765625 
 325 , 171.291015625 
 326 , 168.84765625 
 327 , 175.974609375 
 328 , 202.640625 
 329 , 237.1328125 
 330 , 258.990234375 
 331 , 257.48046875 
 332 , 246.38671875 
 333 , 242.923828125 
 334 , 255.5546875 
 335 , 283.583984375 
 336 , 324.443359375 
 337 , 364.951171875 
 338 , 387.240234375 
 339 , 381.373046875 
 340 , 358.658203125 
 341 , 333.6015625 
 342 , 311.673828125 
 343 , 288.53125 
 344 , 260.478515625 
 345 , 232.236328125 
 346 , 212.26171875 
 347 , 204.1796875 
 348 , 198.5 
 349 , 183.99609375 
 350 , 161.734375 
 351 , 146.302734375 
 352 , 150.03515625 
 353 , 163.34765625 
 354 , 166.751953125 
 355 , 149.59375 
 356 , 125.26953125 
 357 , 110.69921875 
 358 , 110.40625 
 359 , 115.42578125 
 360 , 117.439453125 
 361 , 117.474609375 
 362 , 120.607421875 
 363 , 128.57421875 
 364 , 134.5390625 
 365 , 130.68359375 
 366 , 117.201171875 
 367 , 102.431640625 
 368 , 93.55078125 
 369 , 87.595703125 
 370 , 77.45703125 
 371 , 62.544921875 
 372 , 58.0390625 
 373 , 80.478515625 
 374 , 125.86328125 
 375 , 170.326171875 
 376 , 193.419921875 
 377 , 200.484375 
 378 , 206.634765625 
 379 , 218.939453125 
 380 , 226.96484375 
 381 , 218.712890625 
 382 , 194.8125 
 383 , 166.638671875 
 384 , 145.19140625 
 385 , 138.08203125 
 386 , 151.87109375 
 387 , 183.9921875 
 388 , 213.63671875 
 389 , 219.466796875 
 390 , 203.92578125 
 391 , 187.91015625 
 392 , 187.44140625 
 393 , 193.943359375 
 394 , 191.849609375 
 395 , 176.078125 
 396 , 158.96875 
 397 , 153.216796875 
 398 , 156.98046875 
 399 , 159.21875 
 400 , 151.4609375 
 401 , 135.404296875 
 402 , 115.357421875 
 403 , 100.2734375 
 404 , 104.673828125 
 405 , 140.390625 
 406 , 193.287109375 
 407 , 235.57421875 
 408 , 248.87890625 
 409 , 242.958984375 
 410 , 232.599609375 
 411 , 226.453125 
 412 , 226.544921875 
 413 , 234.23046875 
 414 , 248.98828125 
 415 , 269.5859375 
 416 , 291.361328125 
 417 , 301.193359375 
 418 , 285.607421875 
 419 , 249.373046875 
 420 , 213.947265625 
 421 , 196.822265625 
 422 , 191.599609375 
 423 , 183.693359375 
 424 , 167.40234375 
 425 , 152.701171875 
 426 , 150.28515625 
 427 , 159.7265625 
 428 , 173.306640625 
 429 , 183.37890625 
 430 , 184.427734375 
 431 , 172.435546875 
 432 , 151.251953125 
 433 , 133.7109375 
 434 , 131.6953125 
 435 , 146.130859375 
 436 , 171.953125 
 437 , 202.083984375 
 438 , 224.708984375 
 439 , 228.08203125 
 440 , 216.064453125 
 441 , 207.5859375 
 442 , 217.556640625 
 443 , 236.474609375 
 444 , 246.89453125 
 445 , 239.880859375 
 446 , 221.00390625 
 447 , 197.060546875 
 448 , 172.57421875 
 449 , 150.630859375 
 450 , 133.37890625 
 451 , 120.91015625 
 452 , 113.5078125 
 453 , 109.875 
 454 , 106.08984375 
 455 , 98.498046875 
 456 , 87.203125 
 457 , 73.369140625 
 458 , 59.375 
 459 , 50.302734375 
 460 , 51.37109375 
 461 , 64.208984375 
 462 , 87.96484375 
 463 , 119.7734375 
 464 , 148.720703125 
 465 , 162.18359375 
 466 , 156.33984375 
 467 , 139.2734375 
 468 , 119.23046875 
 469 , 100.37109375 
 470 , 84.814453125 
 471 , 74.22265625 
 472 , 70.41015625 
 473 , 73.162109375 
 474 , 75.357421875 
 475 , 63.943359375 
 476 , 32.099609375 
 477 , 2.921875 
 478 , 6.5859375 
 479 , 51.55078125 
 480 , 114.15234375 
 481 , 169.453125 
 482 , 204.099609375 
 483 , 209.15625 
 484 , 184.86328125 
 485 , 151.015625 
 486 , 130.296875 
 487 , 127.61328125 
 488 , 132.4375 
 489 , 136.365234375 
 490 , 141.119140625 
 491 , 150.21875 
 492 , 163.447265625 
 493 , 176.15234375 
 494 , 184.7578125 
 495 , 192.177734375 
 496 , 202.08984375 
 497 , 215.5703125 
 498 , 231.044921875 
 499 , 248.7734375 
 500 , 267.083984375 
 501 , 279.314453125 
 502 , 278.916015625 
 503 , 267.380859375 
 504 , 251.29296875 
 505 , 236.380859375 
 506 , 224.662109375 
 507 , 216.8125 
 508 , 215.205078125 
 509 , 224.66015625 
 510 , 244.29296875 
 511 , 258.74609375 
 512 , 251.029296875 
 513 , 226.04296875 
 514 , 205.494140625 
 515 , 205.12890625 
 516 , 216.9296875 
 517 , 227.765625 
 518 , 231.6328125 
 519 , 231.095703125 
 520 , 228.892578125 
 521 , 224.03515625 
 522 , 214.0234375 
 523 , 200.353515625 
 524 , 191.419921875 
 525 , 195.208984375 
 526 , 209.5703125 
 527 , 225.49609375 
 528 , 236.388671875 
 529 , 243.666015625 
 530 , 250.453125 
 531 , 258 
 532 , 265.82421875 
 533 , 272.48046875 
 534 , 273.28125 
 535 , 263.9765625 
 536 , 246.603515625 
 537 , 229.865234375 
 538 , 220.09375 
 539 , 211.75390625 
 540 , 196.056640625 
 541 , 172.8203125 
 542 , 156.892578125 
 543 , 162.48828125 
 544 , 188.0546875 
 545 , 221.625 
 546 , 252.095703125 
 547 , 273.037109375 
 548 , 280.8671875 
 549 , 278.267578125 
 550 , 271.533203125 
 551 , 264.921875 
 552 , 258.9921875 
 553 , 255.162109375 
 554 , 252.291015625 
 555 , 245.30859375 
 556 , 231.140625 
 557 , 221.84765625 
 558 , 233.513671875 
 559 , 267.26953125 
 560 , 300.275390625 
 561 , 311.873046875 
 562 , 302.86328125 
 563 , 282.25 
 564 , 258.009765625 
 565 , 241.240234375 
 566 , 245.275390625 
 567 , 266.802734375 
 568 , 288.283203125 
 569 , 295.072265625 
 570 , 286.158203125 
 571 , 263.12109375 
 572 , 236.51953125 
 573 , 228.94140625 
 574 , 258.357421875 
 575 , 304.75390625 
 576 , 332.380859375 
 577 , 324.8828125 
 578 , 296.97265625 
 579 , 266.779296875 
 580 , 243.638671875 
 581 , 232.474609375 
 582 , 234.64453125 
 583 , 245.6171875 
 584 , 260.7109375 
 585 , 275.099609375 
 586 , 283.296875 
 587 , 281.154296875 
 588 , 268.00390625 
 589 , 242.783203125 
 590 , 213.525390625 
 591 , 196.509765625 
 592 , 201.748046875 
 593 , 215.05078125 
 594 , 218.966796875 
 595 , 209.61328125 
 596 , 194.427734375 
 597 , 178.55859375 
 598 , 161.8125 
 599 , 144.61328125 
 600 , 127.685546875 
 601 , 110.3203125 
 602 , 91.455078125 
 603 , 76.2109375 
 604 , 72.955078125 
 605 , 84.21875 
 606 , 101.337890625 
 607 , 112.478515625 
 608 , 110.716796875 
 609 , 94.322265625 
 610 , 70.029296875 
 611 , 57.87890625 
 612 , 77.556640625 
 613 , 118.75390625 
 614 , 152.873046875 
 615 , 164.193359375 
 616 , 169.970703125 
 617 , 191.36328125 
 618 , 230.3515625 
 619 , 272.896484375 
 620 , 305.9765625 
 621 , 329.833984375 
 622 , 352.453125 
 623 , 376.564453125 
 624 , 397.2734375 
 625 , 408.8984375 
 626 , 412.302734375 
 627 , 410.87109375 
 628 , 404.650390625 
 629 , 390.318359375 
 630 , 367.359375 
 631 , 345.939453125 
 632 , 336.634765625 
 633 , 336.53125 
 634 , 331.064453125 
 635 , 311.947265625 
 636 , 288.025390625 
 637 , 268.107421875 
 638 , 251.306640625 
 639 , 230.330078125 
 640 , 204.169921875 
 641 , 181.8203125 
 642 , 172.02734375 
 643 , 177.255859375 
 644 , 194.83203125 
 645 , 222.2109375 
 646 , 247.87109375 
 647 , 255.626953125 
 648 , 240.53515625 
 649 , 216.39453125 
 650 , 196.599609375 
 651 , 176.564453125 
 652 , 145.375 
 653 , 104.197265625 
 654 , 72.4453125 
 655 , 67.150390625 
 656 , 83.84765625 
 657 , 107.830078125 
 658 , 128.384765625 
 659 , 143.294921875 
 660 , 152.62890625 
 661 , 158.892578125 
 662 , 164.8125 
 663 , 170.998046875 
 664 , 175.794921875 
 665 , 178.103515625 
 666 , 176.509765625 
 667 , 169.833984375 
 668 , 160.5078125 
 669 , 156.955078125 
 670 , 165.537109375 
 671 , 180.306640625 
 672 , 190.484375 
 673 , 191.3203125 
 674 , 185.873046875 
 675 , 174.24609375 
 676 , 154.595703125 
 677 , 127.73046875 
 678 , 102.126953125 
 679 , 93.63671875 
 680 , 111.900390625 
 681 , 143.330078125 
 682 , 164.638671875 
 683 , 165.6953125 
 684 , 156.7578125 
 685 , 146.64453125 
 686 , 140.9765625 
 687 , 146.234375 
 688 , 165.857421875 
 689 , 190.037109375 
 690 , 205 
 691 , 202.62890625 
 692 , 180.04296875 
 693 , 143.775390625 
 694 , 117.041015625 
 695 , 121.4140625 
 696 , 149.322265625 
 697 , 178.115234375 
 698 , 197.328125 
 699 , 217.76171875 
 700 , 247.337890625 
 701 , 275.6015625 
 702 , 283.642578125 
 703 , 265.3828125 
 704 , 238.849609375 
 705 , 223.412109375 
 706 , 221.212890625 
 707 , 224.24609375 
 708 , 226.01953125 
 709 , 226.544921875 
 710 , 229.998046875 
 711 , 234.677734375 
 712 , 231.912109375 
 713 , 214.103515625 
 714 , 185.28125 
 715 , 156.099609375 
 716 , 132.71875 
 717 , 114.6328125 
 718 , 99.5703125 
 719 , 91.1328125 
 720 , 94.833984375 
 721 , 103.462890625 
 722 , 102.474609375 
 723 , 85.896484375 
 724 , 64.72265625 
 725 , 52.240234375 
 726 , 50.384765625 
 727 , 55.212890625 
 728 , 61.416015625 
 729 , 63.912109375 
 730 , 59.68359375 
 731 , 52.513671875 
 732 , 48.537109375 
 733 , 51.1171875 
 734 , 59.46875 
 735 , 70.927734375 
 736 , 83.91015625 
 737 , 99.171875 
 738 , 117.365234375 
 739 , 135.6953125 
 740 , 147.708984375 
 741 , 149.98046875 
 742 , 144.41015625 
 743 , 139.310546875 
 744 , 143.6015625 
 745 , 157.44921875 
 746 , 169.560546875 
 747 , 170.810546875 
 748 , 164.12890625 
 749 , 157.833984375 
 750 , 153.048828125 
 751 , 144.654296875 
 752 , 132.013671875 
 753 , 124.9296875 
 754 , 136.01953125 
 755 , 164.1953125 
 756 , 186.294921875 
 757 , 182.068359375 
 758 , 161.345703125 
 759 , 148.146484375 
 760 , 152.96875 
 761 , 167.1171875 
 762 , 182.873046875 
 763 , 198.392578125 
 764 , 212.48046875 
 765 , 220.9453125 
 766 , 219.779296875 
 767 , 210.279296875 
 768 , 204.86328125 
 769 , 216.837890625 
 770 , 237.083984375 
 771 , 232.908203125 
 772 , 185.6953125 
 773 , 126.787109375 
 774 , 96.275390625 
 775 , 97.857421875 
 776 , 104.580078125 
 777 , 100.126953125 
 778 , 90.01171875 
 779 , 79.939453125 
 780 , 72.326171875 
 781 , 71.9609375 
 782 , 83.052734375 
 783 , 96.37109375 
 784 , 99.0625 
 785 , 89.76171875 
 786 , 76.435546875 
 787 , 64.85546875 
 788 , 50.9140625 
 789 , 30.427734375 
 790 , 13.640625 
 791 , 17.427734375 
 792 , 44.521484375 
 793 , 76.76171875 
 794 , 99.271484375 
 795 , 112.26171875 
 796 , 118.021484375 
 797 , 117.55859375 
 798 , 117.271484375 
 799 , 125.962890625 
 800 , 139.970703125 
 801 , 149 
 802 , 147.24609375 
 803 , 138.279296875 
 804 , 130.109375 
 805 , 124.033203125 
 806 , 116.583984375 
 807 , 110.474609375 
 808 , 115.90234375 
 809 , 136.783203125 
 810 , 158.740234375 
 811 , 167.23046875 
 812 , 165.19921875 
 813 , 163.224609375 
 814 , 165.833984375 
 815 , 169.974609375 
 816 , 173.400390625 
 817 , 176.603515625 
 818 , 179.751953125 
 819 , 180.833984375 
 820 , 178.048828125 
 821 , 172.7109375 
 822 , 167.3515625 
 823 , 163.771484375 
 824 , 167.05859375 
 825 , 185.92578125 
 826 , 218.357421875 
 827 , 235.638671875 
 828 , 210.0546875 
 829 , 163.861328125 
 830 , 144.861328125 
 831 , 170.607421875 
 832 , 209.296875 
 833 , 229.607421875 
 834 , 231.294921875 
 835 , 225.560546875 
 836 , 218.314453125 
 837 , 206.853515625 
 838 , 187.630859375 
 839 , 161.9453125 
 840 , 133.1953125 
 841 , 104.533203125 
 842 , 77.41796875 
 843 , 54.07421875 
 844 , 43.5625 
 845 , 55.849609375 
 846 , 87.279296875 
 847 , 126.419921875 
 848 , 162.052734375 
 849 , 186.072265625 
 850 , 193.013671875 
 851 , 184.69140625 
 852 , 164.640625 
 853 , 139.939453125 
 854 , 121.873046875 
 855 , 118.955078125 
 856 , 127.798828125 
 857 , 142.314453125 
 858 , 159.18359375 
 859 , 177.591796875 
 860 , 195.7734375 
 861 , 209.16015625 
 862 , 214.42578125 
 863 , 217.33984375 
 864 , 226.48046875 
 865 , 240.126953125 
 866 , 245.625 
 867 , 234.525390625 
 868 , 216.3984375 
 869 , 205.548828125 
 870 , 212.396484375 
 871 , 242.552734375 
 872 , 293.525390625 
 873 , 351.62890625 
 874 , 405.71484375 
 875 , 458.62109375 
 876 , 516.787109375 
 877 , 578.71484375 
 878 , 638.3515625 
 879 , 694.619140625 
 880 , 751.94921875 
 881 , 813.33984375 
 882 , 875.85546875 
 883 , 935.2109375 
 884 , 985.208984375 
 885 , 1011.615234375 
 886 , 1000.373046875 
 887 , 953.02734375 
 888 , 878.59375 
 889 , 785.23046875 
 890 , 679.0078125 
 891 , 567.419921875 
 892 , 465.783203125 
 893 , 390.560546875 
 894 , 343.470703125 
 895 , 315.01953125 
 896 , 293.650390625 
 897 , 263.3515625 
 898 , 211.619140625 
 899 , 155.10546875 
 900 , 121.931640625 
 901 , 117.90625 
 902 , 122.419921875 
 903 , 117.833984375 
 904 , 101.240234375 
 905 , 73.763671875 
 906 , 48.8671875 
 907 , 48.328125 
 908 , 76.66796875 
 909 , 105.73828125 
 910 , 109.166015625 
 911 , 95.625 
 912 , 86.607421875 
 913 , 86.775390625 
 914 , 81.36328125 
 915 , 61.060546875 
 916 , 38.623046875 
 917 , 29.90625 
 918 , 33.77734375 
 919 , 38.5703125 
 920 , 38.638671875 
 921 , 40.1640625 
 922 , 49.537109375 
 923 , 63.62890625 
 924 , 75.7265625 
 925 , 81.544921875 
 926 , 80.48046875 
 927 , 75.75 
 928 , 76.2578125 
 929 , 88.482421875 
 930 , 103.40625 
 931 , 106.759765625 
 932 , 97.640625 
 933 , 88.3984375 
 934 , 86.84765625 
 935 , 88.962890625 
 936 , 87.240234375 
 937 , 76.48046875 
 938 , 53.9765625 
 939 , 23.318359375 
 940 ,-0.572265625 
 941 ,-5.115234375 
 942 , 5.380859375 
 943 , 21.98046875 
 944 , 39.169921875 
 945 , 53.05078125 
 946 , 60.34765625 
 947 , 66 
 948 , 76.89453125 
 949 , 96.439453125 
 950 , 125.884765625 
 951 , 157.244140625 
 952 , 173.359375 
 953 , 164.134765625 
 954 , 141.78515625 
 955 , 121.791015625 
 956 , 109.111328125 
 957 , 102.326171875 
 958 , 99.41796875 
 959 , 98.1796875 
 960 , 97.64453125 
 961 , 99.9453125 
 962 , 107.2578125 
 963 , 114.77734375 
 964 , 111.12890625 
 965 , 90.900390625 
 966 , 59.052734375 
 967 , 24.3671875 
 968 , 5.69921875 
 969 , 22.798828125 
 970 , 65.443359375 
 971 , 98.046875 
 972 , 100.10546875 
 973 , 85.3046875 
 974 , 69.841796875 
 975 , 62.412109375 
 976 , 67.01171875 
 977 , 81.638671875 
 978 , 96.798828125 
 979 , 105.84765625 
 980 , 112.998046875 
 981 , 123.1171875 
 982 , 130.33984375 
 983 , 123.90625 
 984 , 106.4921875 
 985 , 97.279296875 
 986 , 108.39453125 
 987 , 123.9140625 
 988 , 124.16015625 
 989 , 113.224609375 
 990 , 109.19921875 
 991 , 120.248046875 
 992 , 139.2578125 
 993 , 158.501953125 
 994 , 174.201171875 
 995 , 184.771484375 
 996 , 198.203125 
 997 , 227.7890625 
 998 , 282.505859375 
 999 , 365.09765625 
 1000 , 477.421875 
 1001 , 619.96875 
 1002 , 792.271484375 
 1003 , 984.482421875 
 1004 , 1180.06640625 
 1005 , 1359.095703125 
 1006 , 1497.3984375 
 1007 , 1568.443359375 
 1008 , 1532.697265625 
 1009 , 1351.7265625 
 1010 , 1063.2890625 
 1011 , 761.162109375 
 1012 , 514.283203125 
 1013 , 343.494140625 
 1014 , 253.822265625 
 1015 , 204.830078125 
 1016 , 147.47265625 
 1017 , 83.4296875 
 1018 , 50.529296875 
 1019 , 61.189453125 
 1020 , 81.5859375 
 1021 , 81.388671875 
 1022 , 68.150390625 
 1023 , 59.455078125 
 1024 , 60.78125 
 1025 , 68.896484375 
 1026 , 79.939453125 
 1027 , 90.1875 
 1028 , 98.73046875 
 1029 , 114.44140625 
 1030 , 147.494140625 
 1031 , 196.626953125 
 1032 , 253.05078125 
 1033 , 307.126953125 
 1034 , 347.32421875 
 1035 , 365.287109375 
 1036 , 368.4765625 
 1037 , 368.1171875 
 1038 , 365.712890625 
 1039 , 356.0078125 
 1040 , 337.861328125 
 1041 , 316.88671875 
 1042 , 298.173828125 
 1043 , 282.62890625 
 1044 , 270.814453125 
 1045 , 268.939453125 
 1046 , 286.0859375 
 1047 , 317.73046875 
 1048 , 340.35546875 
 1049 , 338.498046875 
 1050 , 329.77734375 
 1051 , 336.0390625 
 1052 , 350.0625 
 1053 , 348.982421875 
 1054 , 329.041015625 
 1055 , 311.27734375 
 1056 , 310.498046875 
 1057 , 317.1640625 
 1058 , 318.517578125 
 1059 , 313.791015625 
 1060 , 307.994140625 
 1061 , 302.259765625 
 1062 , 293.21875 
 1063 , 279.94140625 
 1064 , 268.845703125 
 1065 , 266.185546875 
 1066 , 268.73828125 
 1067 , 269.76171875 
 1068 , 268.5078125 
 1069 , 269.5703125 
 1070 , 271.22265625 
 1071 , 258.03515625 
 1072 , 219.287109375 
 1073 , 177.416015625 
 1074 , 163.294921875 
 1075 , 175.814453125 
 1076 , 190.01953125 
 1077 , 191.357421875 
 1078 , 183.541015625 
 1079 , 172.78515625 
 1080 , 168.791015625 
 1081 , 181.587890625 
 1082 , 213.361328125 
 1083 , 261.0859375 
 1084 , 311.5234375 
 1085 , 338.2109375 
 1086 , 326.76171875 
 1087 , 302.302734375 
 1088 , 294.109375 
 1089 , 305.65234375 
 1090 , 328.3671875 
 1091 , 350.7265625 
 1092 , 358.498046875 
 1093 , 347.44921875 
 1094 , 335.857421875 
 1095 , 339.263671875 
 1096 , 342.546875 
 1097 , 322.01953125 
 1098 , 278.82421875 
 1099 , 232.826171875 
 1100 , 197.9609375 
 1101 , 177.611328125 
 1102 , 171.80859375 
 1103 , 171.650390625 
 1104 , 166.96875 
 1105 , 155.203125 
 1106 , 138.021484375 
 1107 , 119.494140625 
 1108 , 106.470703125 
 1109 , 103.44921875 
 1110 , 108.12890625 
 1111 , 116.712890625 
 1112 , 123.064453125 
 1113 , 120.46484375 
 1114 , 107.2890625 
 1115 , 84.66015625 
 1116 , 56.234375 
 1117 , 30.0390625 
 1118 , 13.115234375 
 1119 , 4.8828125 
 1120 , 2.9921875 
 1121 , 5.4921875 
 1122 , 10.15625 
 1123 , 16.603515625 
 1124 , 27.8515625 
 1125 , 44.552734375 
 1126 , 60.79296875 
 1127 , 70.349609375 
 1128 , 76.951171875 
 1129 , 87.736328125 
 1130 , 96.513671875 
 1131 , 85.513671875 
 1132 , 52.875 
 1133 , 24.619140625 
 1134 , 20.865234375 
 1135 , 30.22265625 
 1136 , 35.697265625 
 1137 , 34.333984375 
 1138 , 30.408203125 
 1139 , 29.267578125 
 1140 , 37.486328125 
 1141 , 54.3828125 
 1142 , 62.7890625 
 1143 , 49.001953125 
 1144 , 27.298828125 
 1145 , 19.1796875 
 1146 , 30.16015625 
 1147 , 54.931640625 
 1148 , 82.33203125 
 1149 , 95.625 
 1150 , 87.51953125 
 1151 , 73.455078125 
 1152 , 69.365234375 
 1153 , 78.8203125 
 1154 , 101.935546875 
 1155 , 128.88671875 
 1156 , 139.70703125 
 1157 , 133.85546875 
 1158 , 144.732421875 
 1159 , 192.439453125 
 1160 , 241.736328125 
 1161 , 252.1796875 
 1162 , 230.197265625 
 1163 , 202.44921875 
 1164 , 185.958984375 
 1165 , 189.7109375 
 1166 , 212.080078125 
 1167 , 230.052734375 
 1168 , 227.0625 
 1169 , 223.75 
 1170 , 245.638671875 
 1171 , 278.1171875 
 1172 , 288.083984375 
 1173 , 275.634765625 
 1174 , 271.82421875 
 1175 , 289.69921875 
 1176 , 307.75 
 1177 , 306.986328125 
 1178 , 291.74609375 
 1179 , 272.185546875 
 1180 , 261.560546875 
 1181 , 274.41796875 
 1182 , 306.525390625 
 1183 , 332.87890625 
 1184 , 338.443359375 
 1185 , 332.220703125 
 1186 , 324.263671875 
 1187 , 314.958984375 
 1188 , 302.58203125 
 1189 , 290.34375 
 1190 , 283.546875 
 1191 , 284.8125 
 1192 , 295.482421875 
 1193 , 315.015625 
 1194 , 335.904296875 
 1195 , 351.212890625 
 1196 , 365.40625 
 1197 , 385.611328125 
 1198 , 402.8125 
 1199 , 398.310546875 
 1200 , 371.556640625 
 1201 , 343.8203125 
 1202 , 329.888671875 
 1203 , 325.310546875 
 1204 , 321.421875 
 1205 , 307.859375 
 1206 , 277.890625 
 1207 , 247.095703125 
 1208 , 239.236328125 
 1209 , 250.486328125 
 1210 , 252.84765625 
 1211 , 237.02734375 
 1212 , 230.54296875 
 1213 , 252.224609375 
 1214 , 270.669921875 
 1215 , 248.640625 
 1216 , 203.001953125 
 1217 , 173.359375 
 1218 , 163.556640625 
 1219 , 148.478515625 
 1220 , 117.62890625 
 1221 , 86.18359375 
 1222 , 67.505859375 
 1223 , 58.32421875 
 1224 , 52.1328125 
 1225 , 49.298828125 
 1226 , 53.1015625 
 1227 , 67.0703125 
 1228 , 95.169921875 
 1229 , 124.68359375 
 1230 , 125.5625 
 1231 , 90.546875 
 1232 , 56.056640625 
 1233 , 52.97265625 
 1234 , 72.744140625 
 1235 , 99 
 1236 , 123.33984375 
 1237 , 135.484375 
 1238 , 127.814453125 
 1239 , 80.212890625 
 1240 , 6.041015625 
 1241 ,-19.6796875 
 1242 , 48.9375 
 1243 , 141.17578125 
 1244 , 174.43359375 
 1245 , 163.876953125 
 1246 , 162.939453125 
 1247 , 180.11328125 
 1248 , 196.02734375 
 1249 , 195.5625 
 1250 , 186.330078125 
 1251 , 177.39453125 
 1252 , 176.607421875 
 1253 , 188.466796875 
 1254 , 202.611328125 
 1255 , 205.6640625 
 1256 , 196.03125 
 1257 , 179.681640625 
 1258 , 161 
 1259 , 141.369140625 
 1260 , 120.21875 
 1261 , 94.423828125 
 1262 , 66.080078125 
 1263 , 51.603515625 
 1264 , 64.693359375 
 1265 , 95.74609375 
 1266 , 129.251953125 
 1267 , 149.36328125 
 1268 , 137.59375 
 1269 , 100.037109375 
 1270 , 72.611328125 
 1271 , 74.6953125 
 1272 , 85.87109375 
 1273 , 88.572265625 
 1274 , 102.671875 
 1275 , 149.814453125 
 1276 , 188.01953125 
 1277 , 154.888671875 
 1278 , 79.46484375 
 1279 , 50.37890625 
 1280 , 90.916015625 
 1281 , 149.49609375 
 1282 , 189.4453125 
 1283 , 211.083984375 
 1284 , 219.23046875 
 1285 , 220.376953125 
 1286 , 222.70703125 
 1287 , 235.947265625 
 1288 , 266.541015625 
 1289 , 298.37109375 
 1290 , 304.28515625 
 1291 , 277.279296875 
 1292 , 228.404296875 
 1293 , 172.931640625 
 1294 , 135.341796875 
 1295 , 129.892578125 
 1296 , 135.923828125 
 1297 , 131.8515625 
 1298 , 121.3125 
 1299 , 112.81640625 
 1300 , 102.69921875 
 1301 , 83.822265625 
 1302 , 61.2734375 
 1303 , 48.021484375 
 1304 , 48.173828125 
 1305 , 56.810546875 
 1306 , 70.162109375 
 1307 , 81.69921875 
 1308 , 83.138671875 
 1309 , 71.123046875 
 1310 , 46.458984375 
 1311 , 25.373046875 
 1312 , 30.86328125 
 1313 , 58.65234375 
 1314 , 81.4453125 
 1315 , 83.81640625 
 1316 , 69.134765625 
 1317 , 48.478515625 
 1318 , 43.560546875 
 1319 , 68.70703125 
 1320 , 109.634765625 
 1321 , 147.763671875 
 1322 , 173.9140625 
 1323 , 182.052734375 
 1324 , 175.98828125 
 1325 , 169.1953125 
 1326 , 165.541015625 
 1327 , 154.298828125 
 1328 , 135.30078125 
 1329 , 132.40234375 
 1330 , 159.08203125 
 1331 , 187.330078125 
 1332 , 188.521484375 
 1333 , 171.7890625 
 1334 , 156.1171875 
 1335 , 147.267578125 
 1336 , 144.8125 
 1337 , 153.48828125 
 1338 , 182.470703125 
 1339 , 223.896484375 
 1340 , 248.16796875 
 1341 , 240.970703125 
 1342 , 221.81640625 
 1343 , 212.419921875 
 1344 , 226.419921875 
 1345 , 268.76171875 
 1346 , 312.1796875 
 1347 , 324.0078125 
 1348 , 316.546875 
 1349 , 325.88671875 
 1350 , 349.279296875 
 1351 , 347.931640625 
 1352 , 314.9921875 
 1353 , 293.04296875 
 1354 , 307.783203125 
 1355 , 334.25390625 
 1356 , 345.8671875 
 1357 , 343.228515625 
 1358 , 334.634765625 
 1359 , 324.83203125 
 1360 , 315.048828125 
 1361 , 304.798828125 
 1362 , 295.6640625 
 1363 , 288.966796875 
 1364 , 281.345703125 
 1365 , 268.23046875 
 1366 , 248.884765625 
 1367 , 227.97265625 
 1368 , 215.1484375 
 1369 , 214.5859375 
 1370 , 217.951171875 
 1371 , 218.302734375 
 1372 , 216.96484375 
 1373 , 215.185546875 
 1374 , 211.28125 
 1375 , 202.5625 
 1376 , 189.21484375 
 1377 , 177.126953125 
 1378 , 171.0859375 
 1379 , 169.58984375 
 1380 , 168.880859375 
 1381 , 165.314453125 
 1382 , 157.609375 
 1383 , 147.484375 
 1384 , 134.68359375 
 1385 , 112.4296875 
 1386 , 77.783203125 
 1387 , 40.294921875 
 1388 , 13.9296875 
 1389 , 5.96484375 
 1390 , 17.3515625 
 1391 , 38.51171875 
 1392 , 49.23828125 
 1393 , 44.7578125 
 1394 , 45.5078125 
 1395 , 59.416015625 
 1396 , 64.41796875 
 1397 , 44.158203125 
 1398 , 18.861328125 
 1399 , 12.564453125 
 1400 , 26.84765625 
 1401 , 52.95703125 
 1402 , 71.783203125 
 1403 , 67.435546875 
 1404 , 45.19140625 
 1405 , 20.37109375 
 1406 , 4.91015625 
 1407 , 10.30859375 
 1408 , 37.005859375 
 1409 , 67.66015625 
 1410 , 87.662109375 
 1411 , 94.65625 
 1412 , 93.111328125 
 1413 , 96.009765625 
 1414 , 109.244140625 
 1415 , 129.44921875 
 1416 , 154.83984375 
 1417 , 176.21484375 
 1418 , 178.009765625 
 1419 , 166.291015625 
 1420 , 164.5703125 
 1421 , 175.111328125 
 1422 , 175.126953125 
 1423 , 154.171875 
 1424 , 126.36328125 
 1425 , 109.107421875 
 1426 , 113.50390625 
 1427 , 135.931640625 
 1428 , 150.703125 
 1429 , 145.220703125 
 1430 , 147.662109375 
 1431 , 179.853515625 
 1432 , 207.23046875 
 1433 , 189.18359375 
 1434 , 148.857421875 
 1435 , 131.021484375 
 1436 , 136.041015625 
 1437 , 140.212890625 
 1438 , 140.66796875 
 1439 , 152.263671875 
 1440 , 176.23046875 
 1441 , 195.216796875 
 1442 , 202.240234375 
 1443 , 211.076171875 
 1444 , 230.5703125 
 1445 , 251.9765625 
 1446 , 268.712890625 
 1447 , 290.5625 
 1448 , 325.9296875 
 1449 , 363.3671875 
 1450 , 390.125 
 1451 , 410.2734375 
 1452 , 430.806640625 
 1453 , 458.251953125 
 1454 , 503.658203125 
 1455 , 560.66796875 
 1456 , 603.95703125 
 1457 , 626.294921875 
 1458 , 646.314453125 
 1459 , 672.1015625 
 1460 , 685.650390625 
 1461 , 675.97265625 
 1462 , 660.37109375 
 1463 , 648.6328125 
 1464 , 612.69140625 
 1465 , 530.109375 
 1466 , 429.189453125 
 1467 , 347.01171875 
 1468 , 294.921875 
 1469 , 271.916015625 
 1470 , 264.94140625 
 1471 , 257.16796875 
 1472 , 239.732421875 
 1473 , 210.96875 
 1474 , 186.353515625 
 1475 , 190.568359375 
 1476 , 213.74609375 
 1477 , 214.056640625 
 1478 , 181.171875 
 1479 , 145.88671875 
 1480 , 128.53515625 
 1481 , 128.64453125 
 1482 , 138.076171875 
 1483 , 134.46484375 
 1484 , 107.294921875 
 1485 , 88.501953125 
 1486 , 105.271484375 
 1487 , 131.296875 
 1488 , 134.216796875 
 1489 , 128.82421875 
 1490 , 142.0859375 
 1491 , 164.943359375 
 1492 , 172.93359375 
 1493 , 165.123046875 
 1494 , 156.08984375 
 1495 , 149.583984375 
 1496 , 138.74609375 
 1497 , 124.421875 
 1498 , 117.2109375 
 1499 , 121.232421875 
 1500 , 131.333984375 
 1501 , 141.939453125 
 1502 , 145.861328125 
 1503 , 140.16015625 
 1504 , 134.431640625 
 1505 , 136.984375 
 1506 , 141.890625 
 1507 , 140.646484375 
 1508 , 135.796875 
 1509 , 128.505859375 
 1510 , 108.2734375 
 1511 , 62.125 
 1512 , 13.44921875 
 1513 ,-2.697265625 
 1514 , 14.478515625 
 1515 , 46.89453125 
 1516 , 74.908203125 
 1517 , 80.9921875 
 1518 , 67.642578125 
 1519 , 51.65234375 
 1520 , 44.15234375 
 1521 , 41.732421875 
 1522 , 40.54296875 
 1523 , 35.775390625 
 1524 , 27.619140625 
 1525 , 24.33984375 
 1526 , 27.85546875 
 1527 , 31.2421875 
 1528 , 27.400390625 
 1529 , 15.4765625 
 1530 , 2.931640625 
 1531 , 6.619140625 
 1532 , 35.166015625 
 1533 , 75.53515625 
 1534 , 114.69921875 
 1535 , 145.337890625 
 1536 , 158.8515625 
 1537 , 157.671875 
 1538 , 148.416015625 
 1539 , 137.3203125 
 1540 , 130.607421875 
 1541 , 128.078125 
 1542 , 126.63671875 
 1543 , 116.701171875 
 1544 , 83.21875 
 1545 , 36.841796875 
 1546 , 9.169921875 
 1547 , 13.634765625 
 1548 , 43.244140625 
 1549 , 75.080078125 
 1550 , 75.60546875 
 1551 , 45.54296875 
 1552 , 25.7421875 
 1553 , 37.45703125 
 1554 , 67.390625 
 1555 , 98.96484375 
 1556 , 116.259765625 
 1557 , 115.697265625 
 1558 , 120.251953125 
 1559 , 142.2890625 
 1560 , 157.7890625 
 1561 , 149.451171875 
 1562 , 135.537109375 
 1563 , 131.701171875 
 1564 , 124.6328125 
 1565 , 102.794921875 
 1566 , 85.078125 
 1567 , 90.96484375 
 1568 , 108.056640625 
 1569 , 118.30859375 
 1570 , 126.271484375 
 1571 , 142.419921875 
 1572 , 160.236328125 
 1573 , 167.421875 
 1574 , 160.478515625 
 1575 , 140.66796875 
 1576 , 120.474609375 
 1577 , 117.76953125 
 1578 , 130.26953125 
 1579 , 142.984375 
 1580 , 154.578125 
 1581 , 173.236328125 
 1582 , 194.82421875 
 1583 , 205.216796875 
 1584 , 206.4296875 
 1585 , 216.421875 
 1586 , 242.822265625 
 1587 , 281.408203125 
 1588 , 318.490234375 
 1589 , 324.193359375 
 1590 , 293.630859375 
 1591 , 272.45703125 
 1592 , 285.732421875 
 1593 , 300.859375 
 1594 , 293.125 
 1595 , 278.384765625 
 1596 , 275.515625 
 1597 , 289.080078125 
 1598 , 316.23828125 
 1599 , 347.841796875 
 1600 , 375.125 
 1601 , 388.990234375 
 1602 , 385.216796875 
 1603 , 375.80859375 
 1604 , 374.119140625 
 1605 , 388.826171875 
 1606 , 424.689453125 
 1607 , 466.25 
 1608 , 492.998046875 
 1609 , 501.083984375 
 1610 , 494.162109375 
 1611 , 477.62109375 
 1612 , 454.978515625 
 1613 , 419.978515625 
 1614 , 366.517578125 
 1615 , 313.431640625 
 1616 , 286.447265625 
 1617 , 278.142578125 
 1618 , 267.59375 
 1619 , 250.453125 
 1620 , 227.625 
 1621 , 195.119140625 
 1622 , 151.44140625 
 1623 , 114.75 
 1624 , 111.375 
 1625 , 136.111328125 
 1626 , 163.966796875 
 1627 , 182.3359375 
 1628 , 185.6015625 
 1629 , 175.453125 
 1630 , 163.212890625 
 1631 , 153.677734375 
 1632 , 143.203125 
 1633 , 123.18359375 
 1634 , 82.876953125 
 1635 , 41.490234375 
 1636 , 44.00390625 
 1637 , 91.837890625 
 1638 , 143.470703125 
 1639 , 174.029296875 
 1640 , 175.40234375 
 1641 , 156.705078125 
 1642 , 151.47265625 
 1643 , 166.921875 
 1644 , 168.931640625 
 1645 , 143.8623046875 
 1646 , 116.8779296875 
 1647 , 105.59765625 
 1648 , 108.3974609375 
 1649 , 119.587890625 
 1650 , 129.3720703125 
 1651 , 135.92578125 
 1652 , 151.1533203125 
 1653 , 173.8466796875 
 1654 , 177.587890625 
 1655 , 154.783203125 
 1656 , 140.865234375 
 1657 , 152.7255859375 
 1658 , 157.0986328125 
 1659 , 133.59765625 
 1660 , 103.67578125 
 1661 , 87.7626953125 
 1662 , 89.7158203125 
 1663 , 101.8232421875 
 1664 , 100.732421875 
 1665 , 80.1201171875 
 1666 , 72.15625 
 1667 , 94.921875 
 1668 , 122.4189453125 
 1669 , 131.5693359375 
 1670 , 123.6103515625 
 1671 , 110.1435546875 
 1672 , 116.0361328125 
 1673 , 145.7919921875 
 1674 , 152.166015625 
 1675 , 113.5546875 
 1676 , 89.27734375 
 1677 , 116.2978515625 
 1678 , 144.744140625 
 1679 , 137.9072265625 
 1680 , 127.5517578125 
 1681 , 135.3505859375 
 1682 , 129.42578125 
 1683 , 93.67578125 
 1684 , 72.5400390625 
 1685 , 95.15625 
 1686 , 130.767578125 
 1687 , 150.02734375 
 1688 , 144.7548828125 
 1689 , 115.2236328125 
 1690 , 83.9580078125 
 1691 , 72.14453125 
 1692 , 77.90625 
 1693 , 92.251953125 
 1694 , 108.888671875 
 1695 , 123.7255859375 
 1696 , 125.78515625 
 1697 , 108.75 
 1698 , 88.7060546875 
 1699 , 81.283203125 
 1700 , 89.466796875 
 1701 , 105.5009765625 
 1702 , 102.6396484375 
 1703 , 72.3564453125 
 1704 , 52.8173828125 
 1705 , 65.1748046875 
 1706 , 75.3564453125 
 1707 , 61.3740234375 
 1708 , 49.298828125 
 1709 , 53.73828125 
 1710 , 54.78515625 
 1711 , 38.9287109375 
 1712 , 16.03515625 
 1713 ,-0.033203125 
 1714 , 4.884765625 
 1715 , 32.90234375 
 1716 , 63.9794921875 
 1717 , 84.443359375 
 1718 , 95.345703125 
 1719 , 96.810546875 
 1720 , 88.638671875 
 1721 , 72.1005859375 
 1722 , 54.1259765625 
 1723 , 47.158203125 
 1724 , 71.076171875 
 1725 , 118.2177734375 
 1726 , 137.0107421875 
 1727 , 113.1279296875 
 1728 , 90.150390625 
 1729 , 87.744140625 
 1730 , 89.556640625 
 1731 , 84.43359375 
 1732 , 68.103515625 
 1733 , 45.884765625 
 1734 , 39.0947265625 
 1735 , 52.1025390625 
 1736 , 61.92578125 
 1737 , 60.5966796875 
 1738 , 63.6748046875 
 1739 , 77.6962890625 
 1740 , 95.4189453125 
 1741 , 105.30078125 
 1742 , 94.40625 
 1743 , 72.15625 
 1744 , 66.75 
 1745 , 79.865234375 
 1746 , 90.126953125 
 1747 , 92.8759765625 
 1748 , 98.673828125 
 1749 , 102.56640625 
 1750 , 87.9248046875 
 1751 , 62.3486328125 
 1752 , 48.94140625 
 1753 , 58.0009765625 
 1754 , 90.0751953125 
 1755 , 126.4345703125 
 1756 , 141.1455078125 
 1757 , 138.27734375 
 1758 , 136.3427734375 
 1759 , 139.705078125 
 1760 , 145.3427734375 
 1761 , 160.6318359375 
 1762 , 191.7939453125 
 1763 , 206.2529296875 
 1764 , 170.888671875 
 1765 , 122.087890625 
 1766 , 105.2158203125 
 1767 , 101.5087890625 
 1768 , 86.7451171875 
 1769 , 88.1884765625 
 1770 , 126.7978515625 
 1771 , 159.1474609375 
 1772 , 149.5068359375 
 1773 , 130.53515625 
 1774 , 130.767578125 
 1775 , 127.44140625 
 1776 , 105.9404296875 
 1777 , 97.0458984375 
 1778 , 118.359375 
 1779 , 139.3359375 
 1780 , 136.046875 
 1781 , 115.0947265625 
 1782 , 91.958984375 
 1783 , 86.1767578125 
 1784 , 99.0078125 
 1785 , 105.8427734375 
 1786 , 93.9599609375 
 1787 , 69.2275390625 
 1788 , 48.033203125 
 1789 , 55.2001953125 
 1790 , 80.2099609375 
 1791 , 82.75 
 1792 , 68.7080078125 
 1793 , 79.3525390625 
 1794 , 107.9970703125 
 1795 , 113.953125 
 1796 , 101.3330078125 
 1797 , 101.689453125 
 1798 , 115.515625 
 1799 , 125.78125 
 1800 , 129.6884765625 
 1801 , 132.728515625 
 1802 , 133.9892578125 
 1803 , 129.216796875 
 1804 , 122.3701171875 
 1805 , 120.0400390625 
 1806 , 116.20703125 
 1807 , 104.1376953125 
 1808 , 94.9189453125 
 1809 , 98.482421875 
 1810 , 101.8916015625 
 1811 , 90.9482421875 
 1812 , 68.283203125 
 1813 , 41.9150390625 
 1814 , 18.7646484375 
 1815 , 9.419921875 
 1816 , 38.15234375 
 1817 , 102.3642578125 
 1818 , 147.7333984375 
 1819 , 144.9921875 
 1820 , 110.9091796875 
 1821 , 73.5546875 
 1822 , 66.8935546875 
 1823 , 84.814453125 
 1824 , 84.376953125 
 1825 , 64.5087890625 
 1826 , 58.9853515625 
 1827 , 80.9921875 
 1828 , 123.7587890625 
 1829 , 150.5615234375 
 1830 , 120.02734375 
 1831 , 70.1953125 
 1832 , 64.638671875 
 1833 , 98.44140625 
 1834 , 139.4033203125 
 1835 , 150.5390625 
 1836 , 110.5712890625 
 1837 , 62.849609375 
 1838 , 50.3046875 
 1839 , 66.390625 
 1840 , 92.123046875 
 1841 , 101.8974609375 
 1842 , 88.935546875 
 1843 , 86.2998046875 
 1844 , 108.0908203125 
 1845 , 130.58203125 
 1846 , 136.79296875 
 1847 , 123.88671875 
 1848 , 109.0048828125 
 1849 , 125.3076171875 
 1850 , 159.4169921875 
 1851 , 162.50390625 
 1852 , 131.5908203125 
 1853 , 93.4814453125 
 1854 , 70.6796875 
 1855 , 82.4580078125 
 1856 , 118.1376953125 
 1857 , 149.4541015625 
 1858 , 137.8125 
 1859 , 64.669921875 
 1860 , 11.0107421875 
 1861 , 44.408203125 
 1862 , 97.9345703125 
 1863 , 109.7802734375 
 1864 , 104.3994140625 
 1865 , 107.7216796875 
 1866 , 121.458984375 
 1867 , 140.7451171875 
 1868 , 152.2412109375 
 1869 , 148.6201171875 
 1870 , 135.4853515625 
 1871 , 115.998046875 
 1872 , 85.98828125 
 1873 , 59.2802734375 
 1874 , 65.33984375 
 1875 , 89.41015625 
 1876 , 90.5009765625 
 1877 , 74.6318359375 
 1878 , 70.80078125 
 1879 , 87.7587890625 
 1880 , 117.724609375 
 1881 , 127.5107421875 
 1882 , 97.943359375 
 1883 , 71.1708984375 
 1884 , 81.32421875 
 1885 , 111.9599609375 
 1886 , 140.2021484375 
 1887 , 146.4921875 
 1888 , 128.2421875 
 1889 , 107.048828125 
 1890 , 97.4677734375 
 1891 , 104.400390625 
 1892 , 118.6279296875 
 1893 , 118.751953125 
 1894 , 99.6865234375 
 1895 , 70.9453125 
 1896 , 63.58203125 
 1897 , 104.783203125 
 1898 , 141.1943359375 
 1899 , 114.3447265625 
 1900 , 68.7958984375 
 1901 , 58.3818359375 
 1902 , 78.34375 
 1903 , 104.8466796875 
 1904 , 97.4013671875 
 1905 , 55.9404296875 
 1906 , 52.603515625 
 1907 , 98.9521484375 
 1908 , 120.109375 
 1909 , 109.4404296875 
 1910 , 129.7529296875 
 1911 , 170.2783203125 
 1912 , 170.00390625 
 1913 , 149.640625 
 1914 , 165.759765625 
 1915 , 191.6142578125 
 1916 , 180.0537109375 
 1917 , 155.0029296875 
 1918 , 146.3427734375 
 1919 , 131.798828125 
 1920 , 99.4033203125 
 1921 , 87.5146484375 
 1922 , 111.328125 
 1923 , 136.57421875 
 1924 , 140.2470703125 
 1925 , 118.416015625 
 1926 , 86.8232421875 
 1927 , 76.103515625 
 1928 , 82.6259765625 
 1929 , 81.548828125 
 1930 , 76.6787109375 
 1931 , 84.15234375 
 1932 , 97.0146484375 
 1933 , 101.9365234375 
 1934 , 96.744140625 
 1935 , 87.2451171875 
 1936 , 92.1005859375 
 1937 , 112.3095703125 
 1938 , 113.1083984375 
 1939 , 90.4560546875 
 1940 , 86.896484375 
 1941 , 114.4560546875 
 1942 , 149.6923828125 
 1943 , 165.31640625 
 1944 , 139.9736328125 
 1945 , 105.373046875 
 1946 , 106.65625 
 1947 , 120.3759765625 
 1948 , 113.08984375 
 1949 , 98.5478515625 
 1950 , 94.8701171875 
 1951 , 105.5029296875 
 1952 , 123.2158203125 
 1953 , 124.59375 
 1954 , 103.34375 
 1955 , 79.9072265625 
 1956 , 70.9326171875 
 1957 , 82.8017578125 
 1958 , 100.22265625 
 1959 , 99.0966796875 
 1960 , 77.5234375 
 1961 , 48.5595703125 
 1962 , 51.15625 
 1963 , 102.7333984375 
 1964 , 132.0810546875 
 1965 , 96.484375 
 1966 , 44.6787109375 
 1967 , 14.83203125 
 1968 , 15.919921875 
 1969 , 39.7783203125 
 1970 , 62.22265625 
 1971 , 83.6796875 
 1972 , 120.2802734375 
 1973 , 144.609375 
 1974 , 118.890625 
 1975 , 79.3408203125 
 1976 , 74.4658203125 
 1977 , 103.1982421875 
 1978 , 143.015625 
 1979 , 155.232421875 
 1980 , 130.3896484375 
 1981 , 100.7666015625 
 1982 , 84.27734375 
 1983 , 81.220703125 
 1984 , 85.8134765625 
 1985 , 90.8564453125 
 1986 , 103.109375 
 1987 , 127.953125 
 1988 , 134.32421875 
 1989 , 104.3349609375 
 1990 , 94.427734375 
 1991 , 131.6884765625 
 1992 , 155.0283203125 
 1993 , 139.8896484375 
 1994 , 125.7080078125 
 1995 , 127.87890625 
 1996 , 135.0849609375 
 1997 , 136.642578125 
 1998 , 127.111328125 
 1999 , 126.625 
 2000 , 152.4482421875 
 2001 , 169.9990234375 
 2002 , 151.9208984375 
 2003 , 123.62109375 
 2004 , 110.1630859375 
 2005 , 119.4931640625 
 2006 , 135.53515625 
 2007 , 123.1767578125 
 2008 , 95.8876953125 
 2009 , 94.251953125 
 2010 , 101.3349609375 
 2011 , 87.744140625 
 2012 , 90.7373046875 
 2013 , 135.017578125 
 2014 , 153 
 2015 , 114.01953125 
 2016 , 83.341796875 
 2017 , 94.1826171875 
 2018 , 129.5380859375 
 2019 , 150.82421875 
 2020 , 114.0107421875 
 2021 , 56.3525390625 
 2022 , 39.1337890625 
 2023 , 47.2666015625 
 2024 , 48.2216796875 
 2025 , 31.30078125 
 2026 , 5.66796875 
 2027 , 11.6171875 
 2028 , 48.4619140625 
 2029 , 61.98046875 
 2030 , 53.1474609375 
 2031 , 64.1513671875 
 2032 , 78.8427734375 
 2033 , 63.6865234375 
 2034 , 50.2236328125 
 2035 , 71.138671875 
 2036 , 93.056640625 
 2037 , 86.8505859375 
 2038 , 57.560546875 
 2039 , 26.0830078125 
 2040 , 21.482421875 
 2041 , 37.734375 
 2042 , 49.0185546875 
 2043 , 52.228515625 
 2044 , 50.7216796875 
 2045 , 36.40234375 
 2046 , 14.265625 
 2047 , 27.4365234375 
 2048 , 74.6865234375 
 2049 , 81.064453125 
 2050 , 46.7412109375 
 2051 , 44.19921875 
 2052 , 70.7744140625 
 2053 , 84.6259765625 
 2054 , 93.921875 
 2055 , 112.62109375 
 2056 , 110.3037109375 
 2057 , 74.5654296875 
 2058 , 48.2490234375 
 2059 , 45.501953125 
 2060 , 38.8154296875 
 2061 , 35.9375 
 2062 , 65.927734375 
 2063 , 96.982421875 
 2064 , 84.9638671875 
 2065 , 58.23046875 
 2066 , 51.580078125 
 2067 , 64.775390625 
 2068 , 90.7802734375 
 2069 , 121.7451171875 
 2070 , 149.9189453125 
 2071 , 167.0888671875 
 2072 , 165.4384765625 
 2073 , 139.703125 
 2074 , 93.9853515625 
 2075 , 44.771484375 
 2076 , 37.1611328125 
 2077 , 84.181640625 
 2078 , 134.16796875 
 2079 , 141.3828125 
 2080 , 81.07421875 
 2081 , 14.291015625 
 2082 , 29.8486328125 
 2083 , 68.90625 
 2084 , 56.50390625 
 2085 , 42.5078125 
 2086 , 61.9599609375 
 2087 , 75.3740234375 
 2088 , 60.4560546875 
 2089 , 27.6953125 
 2090 , 7.4111328125 
 2091 , 30.3759765625 
 2092 , 70.5009765625 
 2093 , 94.171875 
 2094 , 107.576171875 
 2095 , 114.0732421875 
 2096 , 100.416015625 
 2097 , 76.419921875 
 2098 , 73.4794921875 
 2099 , 93.3486328125 
 2100 , 119.5263671875 
 2101 , 139.3486328125 
 2102 , 146.1953125 
 2103 , 149.134765625 
 2104 , 152.8671875 
 2105 , 150.12109375 
 2106 , 145.1806640625 
 2107 , 152.41015625 
 2108 , 160.3955078125 
 2109 , 147.7255859375 
 2110 , 120.6923828125 
 2111 , 96.3857421875 
 2112 , 97.0791015625 
 2113 , 114.6982421875 
 2114 , 93.5673828125 
 2115 , 47.1142578125 
 2116 , 47.619140625 
 2117 , 77.1484375 
 2118 , 80.291015625 
 2119 , 59.2490234375 
 2120 , 36.908203125 
 2121 , 43.8134765625 
 2122 , 83.8740234375 
 2123 , 123.4794921875 
 2124 , 136.46484375 
 2125 , 112.234375 
 2126 , 97.0673828125 
 2127 , 134.0166015625 
 2128 , 159.8857421875 
 2129 , 136.021484375 
 2130 , 121.3876953125 
 2131 , 132.8798828125 
 2132 , 130.5703125 
 2133 , 111.7314453125 
 2134 , 95.9638671875 
 2135 , 86.728515625 
 2136 , 81.09375 
 2137 , 73.96875 
 2138 , 64.119140625 
 2139 , 56.7646484375 
 2140 , 56.890625 
 2141 , 66.5400390625 
 2142 , 70.6591796875 
 2143 , 56.5703125 
 2144 , 52.5126953125 
 2145 , 73.76953125 
 2146 , 89.1044921875 
 2147 , 83.6767578125 
 2148 , 68.1474609375 
 2149 , 62.4833984375 
 2150 , 81.9580078125 
 2151 , 90.767578125 
 2152 , 60.2158203125 
 2153 , 24.9755859375 
 2154 , 10.822265625 
 2155 , 15.236328125 
 2156 , 21.3662109375 
 2157 , 10.1904296875 
 2158 , 11.796875 
 2159 , 54.8857421875 
 2160 , 95.28515625 
 2161 , 109.2158203125 
 2162 , 132.341796875 
 2163 , 153.060546875 
 2164 , 120.6142578125 
 2165 , 75.513671875 
 2166 , 79.2109375 
 2167 , 87.888671875 
 2168 , 69.8310546875 
 2169 , 71.6474609375 
 2170 , 101.251953125 
 2171 , 116.9619140625 
 2172 , 107.6611328125 
 2173 , 85.501953125 
 2174 , 81.4453125 
 2175 , 111.943359375 
 2176 , 146.501953125 
 2177 , 162.5615234375 
 2178 , 157.0029296875 
 2179 , 142.279296875 
 2180 , 135.12890625 
 2181 , 125.4384765625 
 2182 , 110.2080078125 
 2183 , 126.6708984375 
 2184 , 163.2744140625 
 2185 , 143.103515625 
 2186 , 92.640625 
 2187 , 93.3251953125 
 2188 , 106.072265625 
 2189 , 84.0966796875 
 2190 , 77.5703125 
 2191 , 104.3525390625 
 2192 , 118.4697265625 
 2193 , 122.703125 
 2194 , 148.8642578125 
 2195 , 172.5166015625 
 2196 , 168.6669921875 
 2197 , 167.791015625 
 2198 , 176.177734375 
 2199 , 156.515625 
 2200 , 122.0419921875 
 2201 , 115.2236328125 
 2202 , 120.0400390625 
 2203 , 113.6826171875 
 2204 , 114.419921875 
 2205 , 127.9384765625 
 2206 , 134.6796875 
 2207 , 142.1513671875 
 2208 , 169.03515625 
 2209 , 180.6669921875 
 2210 , 149.34765625 
 2211 , 116.2197265625 
 2212 , 109.419921875 
 2213 , 123.759765625 
 2214 , 137.6767578125 
 2215 , 121.8974609375 
 2216 , 92.2255859375 
 2217 , 63.1005859375 
 2218 , 21.5166015625 
 2219 ,-7.548828125 
 2220 , 39.03515625 
 2221 , 113.7197265625 
 2222 , 125.994140625 
 2223 , 97.60546875 
 2224 , 67.96875 
 2225 , 44.607421875 
 2226 , 44.4638671875 
 2227 , 81.509765625 
 2228 , 111.7080078125 
 2229 , 88.322265625 
 2230 , 73.32421875 
 2231 , 96.3994140625 
 2232 , 87.271484375 
 2233 , 62.0625 
 2234 , 101.115234375 
 2235 , 142.2138671875 
 2236 , 112.8779296875 
 2237 , 98.6484375 
 2238 , 129.62890625 
 2239 , 119.1748046875 
 2240 , 90.111328125 
 2241 , 120.4169921875 
 2242 , 129.798828125 
 2243 , 59.0869140625 
 2244 , 27.400390625 
 2245 , 65.2919921875 
 2246 , 78.8720703125 
 2247 , 63.5576171875 
 2248 , 61.4033203125 
 2249 , 80.4404296875 
 2250 , 107.4716796875 
 2251 , 111.0302734375 
 2252 , 103.4453125 
 2253 , 125.123046875 
 2254 , 134.4892578125 
 2255 , 90.7060546875 
 2256 , 57.9365234375 
 2257 , 67.646484375 
 2258 , 81.5859375 
 2259 , 85.2861328125 
 2260 , 84.89453125 
 2261 , 91.12890625 
 2262 , 105.1025390625 
 2263 , 104.974609375 
 2264 , 90.2978515625 
 2265 , 81.8154296875 
 2266 , 70.5439453125 
 2267 , 46.13671875 
 2268 , 42.470703125 
 2269 , 72.919921875 
 2270 , 106.341796875 
 2271 , 121.234375 
 2272 , 111.1259765625 
 2273 , 94.1669921875 
 2274 , 84.919921875 
 2275 , 75.8662109375 
 2276 , 64.44921875 
 2277 , 54.6259765625 
 2278 , 58.0126953125 
 2279 , 77.5048828125 
 2280 , 72.1337890625 
 2281 , 34.9033203125 
 2282 , 19.0966796875 
 2283 , 23.830078125 
 2284 , 17.8994140625 
 2285 , 21.3388671875 
 2286 , 46.443359375 
 2287 , 59.4990234375 
 2288 , 51.5478515625 
 2289 , 36.5380859375 
 2290 , 27.7900390625 
 2291 , 25.9072265625 
 2292 , 10.2587890625 
 2293 ,-4.732421875 
 2294 , 32.4267578125 
 2295 , 69.3251953125 
 2296 , 33.021484375 
 2297 , 9.9599609375 
 2298 , 44.6171875 
 2299 , 49.3173828125 
 2300 , 20.78515625 
 2301 , 13.4228515625 
 2302 , 25.0283203125 
 2303 , 37.90234375 
 2304 , 48.1142578125 
 2305 , 48.0322265625 
 2306 , 27.236328125 
 2307 , 12.513671875 
 2308 , 28.76171875 
 2309 , 42.9052734375 
 2310 , 49.607421875 
 2311 , 85.52734375 
 2312 , 107.017578125 
 2313 , 60.7451171875 
 2314 , 36.6064453125 
 2315 , 77.9296875 
 2316 , 105.6552734375 
 2317 , 100.8623046875 
 2318 , 86.8994140625 
 2319 , 68.5439453125 
 2320 , 46.4599609375 
 2321 , 21.619140625 
 2322 ,-2.357421875 
 2323 ,-13.1845703125 
 2324 , 2.0859375 
 2325 , 36.23046875 
 2326 , 45.8603515625 
 2327 , 23.0859375 
 2328 ,-7.9453125 
 2329 ,-17.3095703125 
 2330 , 10 
 2331 , 10 
 2332 , 10 
 2333 , 10 
 2334 , 10 
 2335 , 10 
 2336 , 10 
 2337 , 10 
 2338 , 10 
 2339 , 10 
