11-20-2017,17:48:28
Wavenumber(cm-1),Intensity
 250 , 13904.0999252332 
 251 , 13891.7803099121 
 252 , 13879.7473901749 
 253 , 13878.4016621268 
 254 , 13887.9034649094 
 255 , 13907.2474173773 
 256 , 13931.6627791994 
 257 , 13953.5781435067 
 258 , 13966.6058504456 
 259 , 13971.114956724 
 260 , 13969.7504617864 
 261 , 13966.1377995813 
 262 , 13966.1553306199 
 263 , 13975.8272868146 
 264 , 13996.849986398 
 265 , 14026.3459636991 
 266 , 14060.7388518084 
 267 , 14092.545680056 
 268 , 14112.3813684467 
 269 , 14115.6624004199 
 270 , 14113.7730330036 
 271 , 14121.2314884481 
 272 , 14143.7675564344 
 273 , 14174.3082802292 
 274 , 14205.1880881359 
 275 , 14233.8730737968 
 276 , 14261.2729740001 
 277 , 14288.2436920304 
 278 , 14315.0924732692 
 279 , 14341.9567107805 
 280 , 14367.7394246893 
 281 , 14388.9228540957 
 282 , 14401.9899136798 
 283 , 14408.7055756433 
 284 , 14415.5225532579 
 285 , 14428.0703104014 
 286 , 14445.6853514463 
 287 , 14465.2329522423 
 288 , 14484.7036687341 
 289 , 14505.0104602068 
 290 , 14527.4094012918 
 291 , 14549.5768810367 
 292 , 14565.1269822204 
 293 , 14568.8054530424 
 294 , 14566.8800181497 
 295 , 14571.4504650375 
 296 , 14589.7471031351 
 297 , 14612.6700808937 
 298 , 14627.9306417166 
 299 , 14632.5576088149 
 300 , 14636.7032288788 
 301 , 14650.6613857869 
 302 , 14675.2825823486 
 303 , 14705.5059124665 
 304 , 14736.0414102109 
 305 , 14761.0251464558 
 306 , 14774.5191438914 
 307 , 14776.41105012 
 308 , 14776.4868378627 
 309 , 14784.6533039961 
 310 , 14798.7993647426 
 311 , 14807.8432653711 
 312 , 14805.0751520944 
 313 , 14806.7375763628 
 314 , 14836.1126691048 
 315 , 14899.9363604046 
 316 , 14971.9841900903 
 317 , 15023.2904810989 
 318 , 15045.6022304266 
 319 , 15048.4963140057 
 320 , 15042.0565237355 
 321 , 15035.9274402734 
 322 , 15039.5785329679 
 323 , 15058.7761866342 
 324 , 15090.8964277849 
 325 , 15132.0169293963 
 326 , 15175.1503972547 
 327 , 15210.362369499 
 328 , 15229.5936803349 
 329 , 15237.898169106 
 330 , 15245.6178337756 
 331 , 15260.3013443569 
 332 , 15282.4830581509 
 333 , 15311.4531794865 
 334 , 15342.3689161395 
 335 , 15366.0846491351 
 336 , 15374.8957427167 
 337 , 15372.8354982195 
 338 , 15369.0427395896 
 339 , 15370.3735985061 
 340 , 15377.54595339 
 341 , 15390.1879283285 
 342 , 15405.7960762583 
 343 , 15419.5376445972 
 344 , 15427.1230142419 
 345 , 15429.2167961848 
 346 , 15428.7304355271 
 347 , 15428.6026116769 
 348 , 15431.8161299785 
 349 , 15441.2965176196 
 350 , 15458.1507093537 
 351 , 15481.4633976194 
 352 , 15510.2108844922 
 353 , 15543.3488694038 
 354 , 15579.8227328676 
 355 , 15617.9645177265 
 356 , 15654.4272389164 
 357 , 15685.7047435858 
 358 , 15711.7239594316 
 359 , 15736.1778942132 
 360 , 15762.3538295694 
 361 , 15789.1502522979 
 362 , 15813.5130185706 
 363 , 15833.5330152998 
 364 , 15850.343326435 
 365 , 15865.5857829926 
 366 , 15881.2365081612 
 367 , 15899.6223807748 
 368 , 15922.6429629819 
 369 , 15949.150984147 
 370 , 15976.7217301029 
 371 , 16003.4983742805 
 372 , 16029.0288745905 
 373 , 16053.1238359458 
 374 , 16076.7115528779 
 375 , 16101.8079226 
 376 , 16129.9526768184 
 377 , 16159.458361247 
 378 , 16187.4021727947 
 379 , 16210.5286377148 
 380 , 16224.8516503721 
 381 , 16226.8097708697 
 382 , 16222.4000466843 
 383 , 16225.9827265335 
 384 , 16248.8050523484 
 385 , 16283.7894557193 
 386 , 16317.7621032175 
 387 , 16344.4901484066 
 388 , 16371.1731703592 
 389 , 16405.8885865796 
 390 , 16447.0170983259 
 391 , 16485.546973273 
 392 , 16514.120593266 
 393 , 16533.7518333801 
 394 , 16547.8223240569 
 395 , 16558.8965692954 
 396 , 16568.1974685062 
 397 , 16576.8586335838 
 398 , 16586.4223802525 
 399 , 16598.6937669283 
 400 , 16615.4958084156 
 401 , 16638.7020042878 
 402 , 16670.1159031213 
 403 , 16708.0469389346 
 404 , 16746.0711705816 
 405 , 16778.2392242532 
 406 , 16805.8035692958 
 407 , 16833.783865338 
 408 , 16865.3757825629 
 409 , 16898.3436145839 
 410 , 16929.53735777 
 411 , 16957.7800008269 
 412 , 16984.0392519857 
 413 , 17009.4459053618 
 414 , 17035.4994231887 
 415 , 17063.8397292112 
 416 , 17093.7921142306 
 417 , 17119.4754251716 
 418 , 17134.7548183373 
 419 , 17141.4259779843 
 420 , 17147.9995934247 
 421 , 17161.4163047756 
 422 , 17179.8585874602 
 423 , 17198.8654070177 
 424 , 17217.2556993194 
 425 , 17239.3991729241 
 426 , 17269.5092196181 
 427 , 17303.8753259354 
 428 , 17333.735501725 
 429 , 17352.6990196827 
 430 , 17363.0044147041 
 431 , 17368.738810087 
 432 , 17372.2836868511 
 433 , 17373.8956157763 
 434 , 17374.4522402453 
 435 , 17380.5835404168 
 436 , 17401.5494038874 
 437 , 17439.951353382 
 438 , 17481.9997170698 
 439 , 17512.0297725031 
 440 , 17525.68097793 
 441 , 17528.700294881 
 442 , 17527.2993758268 
 443 , 17528.2408957901 
 444 , 17538.3837463416 
 445 , 17558.5793058243 
 446 , 17579.5140663644 
 447 , 17592.0857970093 
 448 , 17600.3458344209 
 449 , 17616.500122607 
 450 , 17648.8894512255 
 451 , 17692.6690493331 
 452 , 17740.25788787 
 453 , 17783.6504904571 
 454 , 17814.3540795198 
 455 , 17826.1081844071 
 456 , 17827.7415634043 
 457 , 17834.2193931811 
 458 , 17852.813597426 
 459 , 17874.4279831321 
 460 , 17888.7533831535 
 461 , 17898.3417926757 
 462 , 17915.5107759468 
 463 , 17947.8498232853 
 464 , 17982.6911892136 
 465 , 18002.5238202649 
 466 , 18003.3624627365 
 467 , 17999.5604223949 
 468 , 18005.3019813702 
 469 , 18022.9494620917 
 470 , 18049.1795850656 
 471 , 18079.2694106012 
 472 , 18105.1612858538 
 473 , 18118.9982275507 
 474 , 18125.2061452642 
 475 , 18138.6771042659 
 476 , 18169.9655043197 
 477 , 18208.3204720779 
 478 , 18237.1157011637 
 479 , 18249.8789597031 
 480 , 18255.0832450007 
 481 , 18261.5041576254 
 482 , 18270.1438257203 
 483 , 18278.0093166994 
 484 , 18283.2170734788 
 485 , 18286.8249741478 
 486 , 18290.6849046828 
 487 , 18302.6682749735 
 488 , 18335.9339267707 
 489 , 18397.5034098251 
 490 , 18465.1420088977 
 491 , 18508.5633495889 
 492 , 18518.8704043886 
 493 , 18518.5403788519 
 494 , 18529.9442193402 
 495 , 18553.3693113174 
 496 , 18577.9960698679 
 497 , 18596.7072273348 
 498 , 18611.7499865616 
 499 , 18626.493074757 
 500 , 18639.2297200841 
 501 , 18644.0291355813 
 502 , 18637.30035319 
 503 , 18625.991259885 
 504 , 18619.7305018604 
 505 , 18622.648647118 
 506 , 18631.4959891584 
 507 , 18642.7915885062 
 508 , 18655.1862748106 
 509 , 18668.2899623213 
 510 , 18681.4456904899 
 511 , 18693.4073494236 
 512 , 18703.1037118361 
 513 , 18712.9110318056 
 514 , 18727.7026327898 
 515 , 18750.3615732531 
 516 , 18776.4560719608 
 517 , 18800.0393541025 
 518 , 18818.6125785826 
 519 , 18833.5729709782 
 520 , 18846.9995453974 
 521 , 18863.7733397506 
 522 , 18889.7155005921 
 523 , 18923.1234908611 
 524 , 18949.133586769 
 525 , 18953.7004322652 
 526 , 18944.3224574077 
 527 , 18940.9257964679 
 528 , 18956.0107805937 
 529 , 18981.3743594127 
 530 , 19005.6585600197 
 531 , 19023.8999096317 
 532 , 19036.7338551205 
 533 , 19045.7405267728 
 534 , 19055.764545378 
 535 , 19072.4204910626 
 536 , 19096.957696206 
 537 , 19124.9390020166 
 538 , 19152.0303461552 
 539 , 19177.2072214249 
 540 , 19200.8249111258 
 541 , 19222.8745766603 
 542 , 19242.6353075491 
 543 , 19259.6356061774 
 544 , 19277.0598270305 
 545 , 19300.3611680167 
 546 , 19331.5127725827 
 547 , 19362.3572237829 
 548 , 19383.6346714021 
 549 , 19399.6692257657 
 550 , 19426.9770258028 
 551 , 19476.7651082265 
 552 , 19535.3905556877 
 553 , 19582.857636823 
 554 , 19612.886375648 
 555 , 19636.6731577413 
 556 , 19664.4541353963 
 557 , 19692.9242005198 
 558 , 19713.4462680607 
 559 , 19722.3677901041 
 560 , 19725.0195401568 
 561 , 19727.4156332577 
 562 , 19733.0837511575 
 563 , 19744.1420969053 
 564 , 19761.0408609259 
 565 , 19780.0374451473 
 566 , 19796.9232090505 
 567 , 19810.3827824249 
 568 , 19821.3606397305 
 569 , 19830.3468052624 
 570 , 19835.9821296288 
 571 , 19836.7140516676 
 572 , 19836.6553865324 
 573 , 19845.9154477697 
 574 , 19871.5474802565 
 575 , 19903.6878423021 
 576 , 19927.3279456386 
 577 , 19936.5914327468 
 578 , 19938.5451592379 
 579 , 19940.7668110031 
 580 , 19947.4936280621 
 581 , 19961.4915269598 
 582 , 19982.3158950951 
 583 , 20003.4825347262 
 584 , 20018.6035882554 
 585 , 20028.9240644257 
 586 , 20040.0680249949 
 587 , 20055.5939373679 
 588 , 20073.7689747976 
 589 , 20092.0212117304 
 590 , 20107.4023568462 
 591 , 20116.6831014648 
 592 , 20117.3229008461 
 593 , 20109.0787767139 
 594 , 20092.4428587043 
 595 , 20073.4395319929 
 596 , 20063.3718933844 
 597 , 20070.2540256406 
 598 , 20086.9281792814 
 599 , 20102.3770796141 
 600 , 20113.825528288 
 601 , 20128.4035449463 
 602 , 20151.869148094 
 603 , 20178.9667552931 
 604 , 20200.6922624426 
 605 , 20213.3600783802 
 606 , 20221.2528004531 
 607 , 20229.0768074156 
 608 , 20239.8760916973 
 609 , 20255.9436833702 
 610 , 20277.5749252751 
 611 , 20301.3791291749 
 612 , 20324.5482426638 
 613 , 20353.3792605236 
 614 , 20399.0687261787 
 615 , 20463.8453454778 
 616 , 20529.5338953078 
 617 , 20576.9406160624 
 618 , 20608.1374338076 
 619 , 20639.1428077097 
 620 , 20679.6004330768 
 621 , 20720.9663827408 
 622 , 20752.5165817797 
 623 , 20777.5391447797 
 624 , 20810.2596381882 
 625 , 20857.3529101602 
 626 , 20899.5685008189 
 627 , 20913.5630009656 
 628 , 20900.7687971888 
 629 , 20885.285122688 
 630 , 20884.9575038202 
 631 , 20889.7570586704 
 632 , 20883.5238179678 
 633 , 20868.4392111465 
 634 , 20866.0814994679 
 635 , 20891.9180624512 
 636 , 20928.9468849563 
 637 , 20951.356334964 
 638 , 20951.319449025 
 639 , 20942.7143008596 
 640 , 20938.7361856178 
 641 , 20942.0346762834 
 642 , 20951.7399512575 
 643 , 20966.1757357446 
 644 , 20982.5720428077 
 645 , 20998.4066236306 
 646 , 21013.1406942642 
 647 , 21027.0131954832 
 648 , 21042.0519175806 
 649 , 21062.9911693218 
 650 , 21092.7930493112 
 651 , 21120.7319014644 
 652 , 21130.5382936583 
 653 , 21120.1426595015 
 654 , 21111.1492833194 
 655 , 21123.8720440514 
 656 , 21151.7489437986 
 657 , 21175.9277920682 
 658 , 21184.0159156616 
 659 , 21175.4161785628 
 660 , 21151.9196587412 
 661 , 21124.8892686869 
 662 , 21110.3983114992 
 663 , 21119.011297255 
 664 , 21150.550753935 
 665 , 21202.2865626797 
 666 , 21259.5910353218 
 667 , 21301.6127953503 
 668 , 21318.277312368 
 669 , 21321.7209786362 
 670 , 21325.8863313744 
 671 , 21335.945392055 
 672 , 21352.1905546808 
 673 , 21373.9143158986 
 674 , 21398.3815252436 
 675 , 21422.7562570035 
 676 , 21445.8091972426 
 677 , 21467.22846778 
 678 , 21485.2501373256 
 679 , 21494.8869615037 
 680 , 21492.1355175126 
 681 , 21487.5260256364 
 682 , 21500.0865622324 
 683 , 21538.4801111206 
 684 , 21587.9398073448 
 685 , 21631.6784821353 
 686 , 21664.9502761515 
 687 , 21690.1422525398 
 688 , 21708.7264469264 
 689 , 21719.9159151491 
 690 , 21722.716069107 
 691 , 21717.1570770729 
 692 , 21703.8894988382 
 693 , 21686.8884085408 
 694 , 21677.4638390168 
 695 , 21686.4815556264 
 696 , 21710.447380694 
 697 , 21737.5845387698 
 698 , 21760.370830196 
 699 , 21780.6644805585 
 700 , 21801.1535014278 
 701 , 21820.7721670498 
 702 , 21836.3581081058 
 703 , 21845.5470421995 
 704 , 21847.6734868749 
 705 , 21842.5675753603 
 706 , 21832.6583754502 
 707 , 21821.7719493932 
 708 , 21814.6668232937 
 709 , 21817.9040068924 
 710 , 21836.6301246297 
 711 , 21862.2354160749 
 712 , 21879.2556019715 
 713 , 21879.2923014479 
 714 , 21867.0022356545 
 715 , 21848.504096793 
 716 , 21830.4147092528 
 717 , 21819.5176615717 
 718 , 21817.500694364 
 719 , 21817.4187914477 
 720 , 21813.0876101427 
 721 , 21809.5002200693 
 722 , 21816.3232648075 
 723 , 21837.0449114567 
 724 , 21865.58180736 
 725 , 21895.6680264294 
 726 , 21925.011501164 
 727 , 21952.8094372891 
 728 , 21976.4151844205 
 729 , 21990.6115537198 
 730 , 21991.3966488837 
 731 , 21982.4787571603 
 732 , 21970.2943540469 
 733 , 21964.7123180545 
 734 , 21979.8506821092 
 735 , 22024.5333073772 
 736 , 22081.1193415508 
 737 , 22124.5791228095 
 738 , 22142.8050154148 
 739 , 22137.7666936487 
 740 , 22115.6133747668 
 741 , 22096.6374001057 
 742 , 22103.6973064862 
 743 , 22138.0135993763 
 744 , 22180.3388213587 
 745 , 22214.2589708842 
 746 , 22235.8793996448 
 747 , 22244.2667395446 
 748 , 22242.8523962793 
 749 , 22238.6049590628 
 750 , 22237.3810150161 
 751 , 22241.5507663324 
 752 , 22252.5613074577 
 753 , 22268.0583967712 
 754 , 22283.0913180213 
 755 , 22294.6381047358 
 756 , 22304.3748379752 
 757 , 22314.4795782727 
 758 , 22325.3570848683 
 759 , 22336.3902082354 
 760 , 22345.4709236508 
 761 , 22347.613440368 
 762 , 22338.6481909503 
 763 , 22323.2537881646 
 764 , 22310.183999576 
 765 , 22305.7441023654 
 766 , 22312.3287840496 
 767 , 22330.454176379 
 768 , 22351.4214833573 
 769 , 22363.3452665147 
 770 , 22363.3454369604 
 771 , 22360.0421614114 
 772 , 22361.1803116616 
 773 , 22366.9384358649 
 774 , 22375.2161397048 
 775 , 22382.0919937522 
 776 , 22381.7892563781 
 777 , 22370.5021506244 
 778 , 22351.7663390608 
 779 , 22330.9191154326 
 780 , 22315.8915246589 
 781 , 22316.6892973287 
 782 , 22337.4760268473 
 783 , 22366.3942967521 
 784 , 22389.6875674559 
 785 , 22402.4077604536 
 786 , 22405.1148794992 
 787 , 22401.158860525 
 788 , 22399.4549274394 
 789 , 22408.5776924441 
 790 , 22429.0259962411 
 791 , 22457.465703219 
 792 , 22490.0090703466 
 793 , 22521.9439081527 
 794 , 22548.7979316477 
 795 , 22567.855215366 
 796 , 22577.102623881 
 797 , 22577.2184052746 
 798 , 22572.0232618243 
 799 , 22566.0422195255 
 800 , 22565.9284896194 
 801 , 22578.4031811296 
 802 , 22601.6787311405 
 803 , 22626.5717872906 
 804 , 22646.9453125165 
 805 , 22666.1149265304 
 806 , 22688.4145111332 
 807 , 22710.5499824571 
 808 , 22724.40187892 
 809 , 22726.8447718884 
 810 , 22725.1033327793 
 811 , 22726.68687988 
 812 , 22731.7423991565 
 813 , 22737.1216161911 
 814 , 22742.7178826747 
 815 , 22752.8735431941 
 816 , 22770.291799423 
 817 , 22787.5983758376 
 818 , 22794.6741037164 
 819 , 22792.107091217 
 820 , 22791.5566391928 
 821 , 22798.2749720683 
 822 , 22793.9709511823 
 823 , 22757.9773452007 
 824 , 22705.7066877745 
 825 , 22678.6869002149 
 826 , 22697.6913270311 
 827 , 22734.6948079508 
 828 , 22758.2287811033 
 829 , 22764.8296251724 
 830 , 22764.9193801249 
 831 , 22764.5666154071 
 832 , 22762.9354021611 
 833 , 22758.755616392 
 834 , 22751.6033778593 
 835 , 22741.3428861442 
 836 , 22728.0535752451 
 837 , 22712.0413359269 
 838 , 22694.5226939396 
 839 , 22679.7610201197 
 840 , 22672.2237863524 
 841 , 22670.5662222783 
 842 , 22669.3495929356 
 843 , 22665.8782165513 
 844 , 22663.5956910174 
 845 , 22666.4407684288 
 846 , 22675.9839711675 
 847 , 22692.6511547004 
 848 , 22714.516917992 
 849 , 22736.3502119822 
 850 , 22753.4906497184 
 851 , 22765.083017219 
 852 , 22771.4590792692 
 853 , 22774.6059534192 
 854 , 22778.0271234739 
 855 , 22783.3181589578 
 856 , 22786.5172120208 
 857 , 22783.2362860803 
 858 , 22774.7292139527 
 859 , 22765.5608148397 
 860 , 22760.2031142056 
 861 , 22762.8917281101 
 862 , 22776.275474892 
 863 , 22793.885933149 
 864 , 22806.1429258231 
 865 , 22808.5344398849 
 866 , 22802.1221566383 
 867 , 22791.9096188344 
 868 , 22795.3544917339 
 869 , 22830.3779564323 
 870 , 22887.3599462161 
 871 , 22937.9622117278 
 872 , 22969.8510378175 
 873 , 23003.6484354106 
 874 , 23059.4610281647 
 875 , 23127.4055399177 
 876 , 23185.9589888877 
 877 , 23237.0783123837 
 878 , 23311.3309260465 
 879 , 23426.2341729294 
 880 , 23543.7646131792 
 881 , 23616.5837354556 
 882 , 23649.4078746333 
 883 , 23685.028963659 
 884 , 23739.5526186202 
 885 , 23770.2685399688 
 886 , 23735.0843157239 
 887 , 23649.4123065415 
 888 , 23552.7410400463 
 889 , 23463.349056485 
 890 , 23372.9836905277 
 891 , 23276.5102315824 
 892 , 23186.9172619349 
 893 , 23120.0441939478 
 894 , 23071.8264684938 
 895 , 23023.7680436912 
 896 , 22967.9292907173 
 897 , 22919.0138688688 
 898 , 22891.2081637575 
 899 , 22876.2855492369 
 900 , 22857.2136268577 
 901 , 22829.8869878554 
 902 , 22805.4673451078 
 903 , 22793.3892171216 
 904 , 22793.9807825881 
 905 , 22804.9999233403 
 906 , 22817.1271110852 
 907 , 22816.3909766651 
 908 , 22796.3409319727 
 909 , 22764.739725769 
 910 , 22731.2081801711 
 911 , 22707.1200157746 
 912 , 22703.9628128753 
 913 , 22720.5759698788 
 914 , 22742.7531997768 
 915 , 22759.0980051033 
 916 , 22768.2894162766 
 917 , 22770.8941141692 
 918 , 22767.8233528728 
 919 , 22760.1762608163 
 920 , 22748.6716222696 
 921 , 22733.4347532692 
 922 , 22715.8563744449 
 923 , 22703.4406963322 
 924 , 22704.9566993288 
 925 , 22720.5418770414 
 926 , 22743.1178308688 
 927 , 22764.0229406216 
 928 , 22771.4581494906 
 929 , 22756.2055974475 
 930 , 22730.7072981268 
 931 , 22716.3564208388 
 932 , 22718.3256872736 
 933 , 22722.3495705029 
 934 , 22717.125178115 
 935 , 22705.2829252946 
 936 , 22692.1504202271 
 937 , 22680.2128941475 
 938 , 22670.1636157259 
 939 , 22661.2046226199 
 940 , 22650.0896845437 
 941 , 22635.3426517569 
 942 , 22625.3191073612 
 943 , 22630.6560788162 
 944 , 22649.1274347714 
 945 , 22667.5283622497 
 946 , 22677.0250082679 
 947 , 22679.6493030488 
 948 , 22679.8684729066 
 949 , 22688.4913286293 
 950 , 22718.3767218804 
 951 , 22763.6894748796 
 952 , 22797.3579244216 
 953 , 22800.9192789088 
 954 , 22786.2948504177 
 955 , 22770.3319755328 
 956 , 22760.4624474951 
 957 , 22758.7148476759 
 958 , 22761.1523892881 
 959 , 22755.1546998492 
 960 , 22732.0488934013 
 961 , 22702.322658052 
 962 , 22680.5909999486 
 963 , 22670.4806734243 
 964 , 22667.7258882911 
 965 , 22666.204571196 
 966 , 22656.6608987316 
 967 , 22634.293149222 
 968 , 22619.7966015194 
 969 , 22640.322782179 
 970 , 22686.0298606809 
 971 , 22714.4058145073 
 972 , 22702.1950250479 
 973 , 22673.0661517271 
 974 , 22654.2330938909 
 975 , 22652.6860878987 
 976 , 22666.9432644279 
 977 , 22690.3837608001 
 978 , 22710.9615884449 
 979 , 22720.9482318993 
 980 , 22725.3519073717 
 981 , 22730.6249155903 
 982 , 22737.0850242119 
 983 , 22742.1306425758 
 984 , 22745.6785000583 
 985 , 22750.7917876111 
 986 , 22759.7227845546 
 987 , 22771.4284998226 
 988 , 22784.3119406567 
 989 , 22797.9337047319 
 990 , 22812.5653101539 
 991 , 22831.2947137083 
 992 , 22861.1672286938 
 993 , 22904.1920068304 
 994 , 22942.4104386681 
 995 , 22955.7143415207 
 996 , 22952.329321711 
 997 , 22958.2138806024 
 998 , 22994.0853089594 
 999 , 23072.0607768508 
 1000 , 23199.3252985724 
 1001 , 23365.6844721046 
 1002 , 23556.763238763 
 1003 , 23762.313806378 
 1004 , 23974.7256518264 
 1005 , 24172.7727277143 
 1006 , 24312.2986034835 
 1007 , 24351.6300002206 
 1008 , 24269.9402044939 
 1009 , 24056.4571464903 
 1010 , 23758.0877865899 
 1011 , 23462.9670091844 
 1012 , 23228.8982065157 
 1013 , 23058.8184911313 
 1014 , 22948.0831181746 
 1015 , 22882.6603405052 
 1016 , 22845.8793084688 
 1017 , 22822.2429312958 
 1018 , 22797.2300332582 
 1019 , 22766.0792137041 
 1020 , 22741.4252512456 
 1021 , 22734.4268604028 
 1022 , 22740.8927151822 
 1023 , 22751.9969263982 
 1024 , 22756.8706540945 
 1025 , 22743.2597416297 
 1026 , 22709.7273172381 
 1027 , 22674.0035065478 
 1028 , 22655.1776537459 
 1029 , 22669.6033299535 
 1030 , 22730.4309845279 
 1031 , 22818.1630695116 
 1032 , 22890.1690019203 
 1033 , 22925.578233451 
 1034 , 22941.3250507003 
 1035 , 22954.9813069136 
 1036 , 22970.9851069857 
 1037 , 22989.3397716256 
 1038 , 22999.1297982251 
 1039 , 22982.2976943328 
 1040 , 22936.8636755737 
 1041 , 22886.5784988735 
 1042 , 22852.0164625904 
 1043 , 22832.0391341923 
 1044 , 22820.116705575 
 1045 , 22809.7697150376 
 1046 , 22794.7312904191 
 1047 , 22777.7711031511 
 1048 , 22774.6971572823 
 1049 , 22795.5112328245 
 1050 , 22826.0854620321 
 1051 , 22848.4595353583 
 1052 , 22858.9698431329 
 1053 , 22861.8863647147 
 1054 , 22861.9632353551 
 1055 , 22864.4632748006 
 1056 , 22870.6322528763 
 1057 , 22869.3448671886 
 1058 , 22849.5210051929 
 1059 , 22819.235399924 
 1060 , 22795.263788702 
 1061 , 22781.3124720728 
 1062 , 22766.6327469206 
 1063 , 22744.9637769048 
 1064 , 22723.4743420858 
 1065 , 22710.0245030722 
 1066 , 22703.1301717721 
 1067 , 22697.5889113096 
 1068 , 22688.7246248217 
 1069 , 22672.3847825058 
 1070 , 22648.9125468537 
 1071 , 22628.0725222261 
 1072 , 22618.6792322923 
 1073 , 22618.4279624768 
 1074 , 22621.3265664714 
 1075 , 22620.0786140359 
 1076 , 22606.4908315549 
 1077 , 22579.023786394 
 1078 , 22547.4052330796 
 1079 , 22523.6279248582 
 1080 , 22524.439040458 
 1081 , 22564.5644070385 
 1082 , 22624.8788783332 
 1083 , 22666.4790612725 
 1084 , 22669.6617171842 
 1085 , 22640.5004844155 
 1086 , 22590.9496426631 
 1087 , 22545.4537744788 
 1088 , 22527.0698161084 
 1089 , 22530.4708997715 
 1090 , 22537.593946404 
 1091 , 22536.1128818917 
 1092 , 22519.6234988317 
 1093 , 22489.1920119186 
 1094 , 22462.0908720901 
 1095 , 22452.5168409453 
 1096 , 22446.1695065344 
 1097 , 22420.6066185779 
 1098 , 22374.0331662448 
 1099 , 22320.2543500301 
 1100 , 22270.8413491124 
 1101 , 22233.0697069285 
 1102 , 22209.8855932591 
 1103 , 22189.4244773384 
 1104 , 22158.3645637463 
 1105 , 22122.3764762034 
 1106 , 22096.9857922231 
 1107 , 22081.6655327316 
 1108 , 22056.9301192507 
 1109 , 22014.4499471225 
 1110 , 21977.4480967741 
 1111 , 21967.9939157232 
 1112 , 21970.5528320018 
 1113 , 21957.0945078634 
 1114 , 21927.3461365636 
 1115 , 21903.7238659088 
 1116 , 21892.6164534316 
 1117 , 21871.1956043677 
 1118 , 21824.3910823504 
 1119 , 21779.4432899756 
 1120 , 21769.6641859309 
 1121 , 21786.2317345417 
 1122 , 21797.4676834685 
 1123 , 21792.0534482935 
 1124 , 21782.8818974655 
 1125 , 21779.2526494701 
 1126 , 21777.9238243633 
 1127 , 21774.0110150766 
 1128 , 21764.3790960234 
 1129 , 21747.0094333172 
 1130 , 21727.2246753766 
 1131 , 21715.8604179849 
 1132 , 21713.0869253938 
 1133 , 21701.7303527851 
 1134 , 21668.2206344431 
 1135 , 21617.1052275182 
 1136 , 21557.9603784369 
 1137 , 21509.0353648629 
 1138 , 21491.826539453 
 1139 , 21504.3051893679 
 1140 , 21520.5796502561 
 1141 , 21521.8095702684 
 1142 , 21506.236367894 
 1143 , 21477.994934029 
 1144 , 21458.6293637993 
 1145 , 21471.2682044322 
 1146 , 21500.173697672 
 1147 , 21506.0957618802 
 1148 , 21479.1803340259 
 1149 , 21447.3761053316 
 1150 , 21429.1206780247 
 1151 , 21411.2023563759 
 1152 , 21379.8366501767 
 1153 , 21348.3511801279 
 1154 , 21338.4090110421 
 1155 , 21348.9732163086 
 1156 , 21361.9703363423 
 1157 , 21368.8983026368 
 1158 , 21376.4470810624 
 1159 , 21390.124217958 
 1160 , 21407.627809395 
 1161 , 21424.8022928218 
 1162 , 21435.3430925836 
 1163 , 21432.5737961979 
 1164 , 21419.9264789043 
 1165 , 21409.5388130097 
 1166 , 21403.5863177924 
 1167 , 21386.4418735099 
 1168 , 21347.3454766215 
 1169 , 21299.7023646345 
 1170 , 21260.0266718954 
 1171 , 21225.6322448868 
 1172 , 21185.310135874 
 1173 , 21143.7260171105 
 1174 , 21120.6968016513 
 1175 , 21122.5156555592 
 1176 , 21128.7534145884 
 1177 , 21122.173365621 
 1178 , 21109.8264555714 
 1179 , 21103.499403703 
 1180 , 21104.1607754018 
 1181 , 21107.2202420139 
 1182 , 21107.9391116783 
 1183 , 21101.4839390616 
 1184 , 21084.0976509989 
 1185 , 21054.1419257815 
 1186 , 21013.4084119593 
 1187 , 20976.5724360846 
 1188 , 20959.2220891383 
 1189 , 20956.30686664 
 1190 , 20952.2754925457 
 1191 , 20936.6007759518 
 1192 , 20903.9598945775 
 1193 , 20857.4733353557 
 1194 , 20816.1625494795 
 1195 , 20795.2756007702 
 1196 , 20788.0513025808 
 1197 , 20783.228996914 
 1198 , 20777.2361841941 
 1199 , 20770.4534587693 
 1200 , 20765.5750311084 
 1201 , 20767.3868957074 
 1202 , 20771.5531249944 
 1203 , 20756.9933126539 
 1204 , 20710.2492580153 
 1205 , 20651.9457691862 
 1206 , 20608.3920384631 
 1207 , 20590.4277046482 
 1208 , 20600.6749989221 
 1209 , 20621.1793544436 
 1210 , 20616.4916467361 
 1211 , 20577.5554282815 
 1212 , 20539.2669732659 
 1213 , 20522.6127120039 
 1214 , 20491.6472562378 
 1215 , 20410.8106034504 
 1216 , 20319.9051979079 
 1217 , 20284.4415468171 
 1218 , 20307.5638684842 
 1219 , 20345.452645225 
 1220 , 20362.729499015 
 1221 , 20337.4239529818 
 1222 , 20263.2916053638 
 1223 , 20172.9663502649 
 1224 , 20101.6966371726 
 1225 , 20065.1695376961 
 1226 , 20070.1617452694 
 1227 , 20095.5767769041 
 1228 , 20103.9729204152 
 1229 , 20088.330535423 
 1230 , 20076.4693552633 
 1231 , 20077.8709770364 
 1232 , 20059.5404029707 
 1233 , 19999.7459691515 
 1234 , 19944.231727457 
 1235 , 19946.1877935951 
 1236 , 19979.733183698 
 1237 , 19983.1338430315 
 1238 , 19946.5153748747 
 1239 , 19906.1205843495 
 1240 , 19880.0891779637 
 1241 , 19854.9464829746 
 1242 , 19819.0687973384 
 1243 , 19774.8575330647 
 1244 , 19728.141475202 
 1245 , 19689.5144707056 
 1246 , 19670.3813194724 
 1247 , 19671.2435220386 
 1248 , 19685.2477585405 
 1249 , 19701.3853147154 
 1250 , 19703.9649139086 
 1251 , 19686.731936948 
 1252 , 19663.9510296046 
 1253 , 19647.3645485534 
 1254 , 19628.3458236467 
 1255 , 19595.7076359189 
 1256 , 19557.5105209347 
 1257 , 19529.8744210357 
 1258 , 19513.9440375509 
 1259 , 19498.5269096315 
 1260 , 19477.8544886721 
 1261 , 19454.5700883137 
 1262 , 19431.8327169977 
 1263 , 19412.4256506769 
 1264 , 19398.4316908917 
 1265 , 19388.8143518888 
 1266 , 19381.3766963262 
 1267 , 19371.9100835739 
 1268 , 19355.4715692037 
 1269 , 19335.2094543736 
 1270 , 19321.9336366534 
 1271 , 19317.0505654964 
 1272 , 19305.7989908072 
 1273 , 19281.658911004 
 1274 , 19267.1578308085 
 1275 , 19282.0049533634 
 1276 , 19300.7788180667 
 1277 , 19286.6118534833 
 1278 , 19245.654702051 
 1279 , 19209.4102472023 
 1280 , 19190.4355331526 
 1281 , 19181.2625384428 
 1282 , 19176.3153082505 
 1283 , 19175.0309052554 
 1284 , 19176.349903049 
 1285 , 19176.0391885066 
 1286 , 19170.1764852658 
 1287 , 19160.1772572213 
 1288 , 19149.0327119662 
 1289 , 19136.1920684027 
 1290 , 19118.8561748072 
 1291 , 19092.8720104125 
 1292 , 19052.8052306263 
 1293 , 19001.5411182286 
 1294 , 18956.6925729981 
 1295 , 18929.6497681488 
 1296 , 18908.2419343856 
 1297 , 18879.471983245 
 1298 , 18850.3569574965 
 1299 , 18833.3944411744 
 1300 , 18827.3942033844 
 1301 , 18823.3048695924 
 1302 , 18815.7297745371 
 1303 , 18802.916346063 
 1304 , 18781.8662651735 
 1305 , 18747.331609939 
 1306 , 18699.8117207719 
 1307 , 18656.1344848931 
 1308 , 18630.6404848515 
 1309 , 18612.3155804789 
 1310 , 18585.0099574082 
 1311 , 18554.2645308727 
 1312 , 18535.9204701359 
 1313 , 18530.6827282994 
 1314 , 18526.4255486509 
 1315 , 18515.0621530559 
 1316 , 18494.6636138837 
 1317 , 18466.0199689218 
 1318 , 18435.1042299987 
 1319 , 18407.3785788051 
 1320 , 18383.4926287816 
 1321 , 18363.7114052408 
 1322 , 18353.7007063602 
 1323 , 18360.1098451101 
 1324 , 18373.4608700394 
 1325 , 18373.571563858 
 1326 , 18350.4406330328 
 1327 , 18305.6275731186 
 1328 , 18249.82600646 
 1329 , 18208.8811244105 
 1330 , 18198.9750525919 
 1331 , 18203.3974532593 
 1332 , 18202.9592398999 
 1333 , 18195.9817474635 
 1334 , 18186.2408713481 
 1335 , 18177.6530510175 
 1336 , 18173.6057054429 
 1337 , 18167.5862824111 
 1338 , 18145.297611456 
 1339 , 18105.1096056284 
 1340 , 18062.0485913757 
 1341 , 18027.5268039482 
 1342 , 18003.2344752067 
 1343 , 17988.2674695147 
 1344 , 17977.0102945351 
 1345 , 17964.0239131694 
 1346 , 17950.4677115171 
 1347 , 17939.8991950209 
 1348 , 17936.7119469099 
 1349 , 17945.0618178838 
 1350 , 17955.9635847598 
 1351 , 17949.0835391084 
 1352 , 17915.0019540731 
 1353 , 17859.8069899952 
 1354 , 17794.9450659902 
 1355 , 17740.9666640346 
 1356 , 17711.5071061927 
 1357 , 17692.1843343207 
 1358 , 17665.7155040405 
 1359 , 17632.7517393501 
 1360 , 17599.6733755721 
 1361 , 17567.1553942245 
 1362 , 17532.9344836911 
 1363 , 17499.0953205831 
 1364 , 17471.3714414516 
 1365 , 17451.2264128758 
 1366 , 17434.3838118252 
 1367 , 17416.3928599354 
 1368 , 17393.2317433485 
 1369 , 17363.1871356359 
 1370 , 17331.6855483398 
 1371 , 17304.2727544627 
 1372 , 17279.9519998752 
 1373 , 17255.0120575363 
 1374 , 17220.394594074 
 1375 , 17166.6065252855 
 1376 , 17116.1520001343 
 1377 , 17113.7506648641 
 1378 , 17150.3413223614 
 1379 , 17156.0943856877 
 1380 , 17100.1402417757 
 1381 , 17023.0988226827 
 1382 , 16961.0968931026 
 1383 , 16920.7619746491 
 1384 , 16901.5761677935 
 1385 , 16893.1577903576 
 1386 , 16883.6010323231 
 1387 , 16867.1680246376 
 1388 , 16840.777517913 
 1389 , 16803.7780606557 
 1390 , 16757.4102618523 
 1391 , 16711.2605316128 
 1392 , 16681.8000844722 
 1393 , 16668.8314719363 
 1394 , 16650.427355337 
 1395 , 16618.0470710222 
 1396 , 16591.4762939418 
 1397 , 16582.6477039048 
 1398 , 16571.7335937441 
 1399 , 16541.1900858525 
 1400 , 16508.5858586997 
 1401 , 16496.1491181533 
 1402 , 16491.7976042462 
 1403 , 16471.1226740521 
 1404 , 16431.8382995156 
 1405 , 16385.4937045664 
 1406 , 16346.5068553809 
 1407 , 16331.2228488866 
 1408 , 16338.4592535522 
 1409 , 16344.4445141655 
 1410 , 16336.9242708875 
 1411 , 16327.9475544798 
 1412 , 16325.5540934326 
 1413 , 16319.4519914675 
 1414 , 16299.6194472196 
 1415 , 16269.9878948692 
 1416 , 16238.4683884949 
 1417 , 16215.3999309139 
 1418 , 16209.7826291948 
 1419 , 16208.8434894643 
 1420 , 16189.0716708734 
 1421 , 16148.7206141496 
 1422 , 16103.2297088207 
 1423 , 16062.508528451 
 1424 , 16029.6519289528 
 1425 , 16002.7932188176 
 1426 , 15972.8110960773 
 1427 , 15939.8642634051 
 1428 , 15926.570638372 
 1429 , 15945.4751918273 
 1430 , 15965.9125042264 
 1431 , 15956.0502732241 
 1432 , 15921.0707291585 
 1433 , 15876.7030334682 
 1434 , 15834.5519537824 
 1435 , 15803.425041622 
 1436 , 15781.1983695439 
 1437 , 15759.3693119812 
 1438 , 15734.8588263009 
 1439 , 15709.2936059218 
 1440 , 15684.5176053337 
 1441 , 15662.4315320303 
 1442 , 15643.438535896 
 1443 , 15625.5201496253 
 1444 , 15611.4835974211 
 1445 , 15615.5965950279 
 1446 , 15643.647454782 
 1447 , 15669.1020905057 
 1448 , 15666.8922522079 
 1449 , 15648.413386527 
 1450 , 15632.4142472917 
 1451 , 15617.182158914 
 1452 , 15595.0929610975 
 1453 , 15581.4746881891 
 1454 , 15602.2301908672 
 1455 , 15649.1989415646 
 1456 , 15688.7386242011 
 1457 , 15702.9032869732 
 1458 , 15690.8084334938 
 1459 , 15659.7361497023 
 1460 , 15627.1585652519 
 1461 , 15600.1855139028 
 1462 , 15564.9475027191 
 1463 , 15510.1176960388 
 1464 , 15436.9390254412 
 1465 , 15352.7096526319 
 1466 , 15279.2108006302 
 1467 , 15234.6628109793 
 1468 , 15203.5405794252 
 1469 , 15162.4988086028 
 1470 , 15106.5260641768 
 1471 , 15039.8087523301 
 1472 , 14980.5729120652 
 1473 , 14953.0001394279 
 1474 , 14951.2022971532 
 1475 , 14947.1848111179 
 1476 , 14931.1427408805 
 1477 , 14911.9265320553 
 1478 , 14893.6837817955 
 1479 , 14873.2932692645 
 1480 , 14847.3939994922 
 1481 , 14813.0892650511 
 1482 , 14772.3626341706 
 1483 , 14738.3249256595 
 1484 , 14719.8801761294 
 1485 , 14708.1594441133 
 1486 , 14692.6304904547 
 1487 , 14670.0325413563 
 1488 , 14641.102555644 
 1489 , 14618.4120882432 
 1490 , 14615.3286089491 
 1491 , 14619.7884576733 
 1492 , 14609.6772633161 
 1493 , 14580.6408742088 
 1494 , 14539.3422893558 
 1495 , 14496.9805615012 
 1496 , 14467.626736287 
 1497 , 14453.1300810473 
 1498 , 14443.1370370381 
 1499 , 14429.2232612981 
 1500 , 14406.2213940188 
 1501 , 14377.6607103496 
 1502 , 14360.8352800808 
 1503 , 14359.9865190928 
 1504 , 14349.3417572402 
 1505 , 14313.8663334012 
 1506 , 14277.8965131495 
 1507 , 14262.4686057858 
 1508 , 14253.6211844155 
 1509 , 14233.7192524853 
 1510 , 14203.7924143436 
 1511 , 14170.5527068647 
 1512 , 14142.5658666178 
 1513 , 14126.3130252917 
 1514 , 14106.2719735484 
 1515 , 14060.0320186309 
 1516 , 14003.1702483237 
 1517 , 13971.9308204521 
 1518 , 13970.4447205149 
 1519 , 13978.4249447415 
 1520 , 13975.5937025361 
 1521 , 13943.0653263791 
 1522 , 13887.2200723447 
 1523 , 13843.4270708688 
 1524 , 13828.6372040362 
 1525 , 13830.8205010112 
 1526 , 13834.4154026472 
 1527 , 13821.6270947657 
 1528 , 13784.9694243572 
 1529 , 13740.4663635464 
 1530 , 13706.3888312623 
 1531 , 13698.4098998518 
 1532 , 13721.4949838565 
 1533 , 13744.6912454678 
 1534 , 13738.0899459291 
 1535 , 13710.9573696611 
 1536 , 13681.2247009549 
 1537 , 13655.1596337321 
 1538 , 13634.1228828874 
 1539 , 13613.2125713137 
 1540 , 13586.2386019915 
 1541 , 13559.1491130658 
 1542 , 13542.5961520507 
 1543 , 13528.7596626805 
 1544 , 13499.6839944561 
 1545 , 13461.1592002124 
 1546 , 13436.3274335704 
 1547 , 13429.3931833473 
 1548 , 13426.9928768756 
 1549 , 13423.0436104431 
 1550 , 13420.1715447591 
 1551 , 13419.5285772282 
 1552 , 13419.6849183655 
 1553 , 13416.175538388 
 1554 , 13400.1119273356 
 1555 , 13370.9404983273 
 1556 , 13344.5015349484 
 1557 , 13332.0106741618 
 1558 , 13330.1775683612 
 1559 , 13330.8305828755 
 1560 , 13317.9708527862 
 1561 , 13283.3941762542 
 1562 , 13248.4597251999 
 1563 , 13231.7731569381 
 1564 , 13217.7871560446 
 1565 , 13189.0210762399 
 1566 , 13158.0246566325 
 1567 , 13142.5082109346 
 1568 , 13139.7434661485 
 1569 , 13140.9841982504 
 1570 , 13145.0488997073 
 1571 , 13152.7255318062 
 1572 , 13155.3617871392 
 1573 , 13141.6611450998 
 1574 , 13119.4952005231 
 1575 , 13105.9171774311 
 1576 , 13097.41524847 
 1577 , 13078.0613061333 
 1578 , 13049.9406530001 
 1579 , 13028.3849298668 
 1580 , 13016.6214743454 
 1581 , 13007.0128532619 
 1582 , 12993.1993076082 
 1583 , 12970.8470900679 
 1584 , 12946.6891913176 
 1585 , 12939.6536232415 
 1586 , 12950.2425820577 
 1587 , 12953.9989291592 
 1588 , 12936.9255859098 
 1589 , 12903.4205455605 
 1590 , 12868.7380150739 
 1591 , 12863.8903601024 
 1592 , 12893.3860582331 
 1593 , 12907.248717888 
 1594 , 12877.6903412697 
 1595 , 12839.9297535695 
 1596 , 12819.8833126871 
 1597 , 12798.7654466455 
 1598 , 12762.7849020214 
 1599 , 12732.2743723337 
 1600 , 12724.83763726 
 1601 , 12729.4708757747 
 1602 , 12733.375588676 
 1603 , 12738.5553917924 
 1604 , 12748.0408659844 
 1605 , 12754.8896210897 
 1606 , 12752.7254170131 
 1607 , 12750.1316978255 
 1608 , 12755.4556312692 
 1609 , 12752.3547651893 
 1610 , 12721.732014581 
 1611 , 12676.8888618172 
 1612 , 12639.771947625 
 1613 , 12609.846030528 
 1614 , 12577.8123500376 
 1615 , 12538.155514453 
 1616 , 12488.3897279514 
 1617 , 12436.9618983354 
 1618 , 12396.2546064611 
 1619 , 12363.8381705725 
 1620 , 12329.9871768256 
 1621 , 12294.6792078619 
 1622 , 12263.7706574374 
 1623 , 12242.6683573702 
 1624 , 12235.6114319236 
 1625 , 12235.8312147869 
 1626 , 12229.1391877124 
 1627 , 12208.2379164577 
 1628 , 12172.1286226275 
 1629 , 12133.8748485499 
 1630 , 12116.8333093891 
 1631 , 12118.247618669 
 1632 , 12112.3282790678 
 1633 , 12091.1737433377 
 1634 , 12064.6964193308 
 1635 , 12034.891134094 
 1636 , 11995.2805935123 
 1637 , 11953.4235482668 
 1638 , 11932.1790357629 
 1639 , 11932.4662544213 
 1640 , 11928.7601797346 
 1641 , 11910.0109223783 
 1642 , 11885.1740099589 
 1643 , 11860.2426275293 
 1644 , 11835.6364216262 
 1645 , 11814.3504590384 
 1646 , 11803.37430286 
 1647 , 11800.4842521992 
 1648 , 11789.5231140152 
 1649 , 11765.8614114585 
 1650 , 11744.4899197354 
 1651 , 11729.6208059287 
 1652 , 11705.1923469897 
 1653 , 11671.5607914288 
 1654 , 11660.2501989011 
 1655 , 11677.9111395107 
 1656 , 11681.2302289388 
 1657 , 11647.5019058725 
 1658 , 11602.2660664284 
 1659 , 11565.8424456528 
 1660 , 11538.0888672872 
 1661 , 11516.4868368243 
 1662 , 11498.4996364683 
 1663 , 11485.7327803164 
 1664 , 11488.3563893733 
 1665 , 11502.4443314655 
 1666 , 11491.5500842732 
 1667 , 11441.0256055698 
 1668 , 11393.7436042529 
 1669 , 11379.9450525564 
 1670 , 11383.6751736559 
 1671 , 11387.0129641947 
 1672 , 11382.2994028281 
 1673 , 11366.1271637297 
 1674 , 11341.7272159408 
 1675 , 11313.9103949356 
 1676 , 11288.9711113212 
 1677 , 11270.8997402784 
 1678 , 11257.5019591995 
 1679 , 11244.0448845601 
 1680 , 11221.8221917487 
 1681 , 11187.5045535555 
 1682 , 11152.7147605075 
 1683 , 11128.2781153601 
 1684 , 11117.2170560839 
 1685 , 11116.4822282349 
 1686 , 11110.7570585814 
 1687 , 11088.8448536265 
 1688 , 11054.7771055488 
 1689 , 11017.1356193047 
 1690 , 10989.9808184689 
 1691 , 10978.6718488256 
 1692 , 10964.6464688059 
 1693 , 10936.3121428336 
 1694 , 10908.5718826106 
 1695 , 10893.7153793161 
 1696 , 10887.634222979 
 1697 , 10883.7718359908 
 1698 , 10875.6501885255 
 1699 , 10859.704963378 
 1700 , 10839.3069677928 
 1701 , 10819.5536081685 
 1702 , 10807.1925414778 
 1703 , 10803.9383759797 
 1704 , 10799.4395274256 
 1705 , 10785.2142681091 
 1706 , 10760.7459515002 
 1707 , 10729.2784984896 
 1708 , 10699.8635401131 
 1709 , 10677.5182705392 
 1710 , 10657.1471253241 
 1711 , 10636.710971807 
 1712 , 10623.0098351293 
 1713 , 10618.2706877697 
 1714 , 10613.5951692984 
 1715 , 10604.0768838689 
 1716 , 10594.8407009997 
 1717 , 10587.2330613054 
 1718 , 10573.6917243987 
 1719 , 10550.5577692693 
 1720 , 10522.7233386464 
 1721 , 10499.1946565281 
 1722 , 10494.1707269389 
 1723 , 10505.7041415082 
 1724 , 10505.5916586 
 1725 , 10483.3659857198 
 1726 , 10458.8815956977 
 1727 , 10442.4676503167 
 1728 , 10427.093546477 
 1729 , 10407.2749478332 
 1730 , 10381.645385594 
 1731 , 10355.0004948653 
 1732 , 10339.2613850942 
 1733 , 10331.4350488091 
 1734 , 10310.5225601955 
 1735 , 10276.4611387889 
 1736 , 10253.5906998136 
 1737 , 10245.7295151263 
 1738 , 10234.0293572742 
 1739 , 10217.7213508156 
 1740 , 10214.2188929554 
 1741 , 10218.6915807027 
 1742 , 10206.0639026449 
 1743 , 10175.6438923698 
 1744 , 10147.9245512374 
 1745 , 10131.0996822291 
 1746 , 10122.459155964 
 1747 , 10113.9558715933 
 1748 , 10094.695830276 
 1749 , 10065.5355212824 
 1750 , 10035.093060195 
 1751 , 10007.2729539736 
 1752 , 9983.08509727722 
 1753 , 9965.60556234404 
 1754 , 9958.42333255893 
 1755 , 9958.59732677905 
 1756 , 9959.82639273827 
 1757 , 9956.80841570198 
 1758 , 9945.67636480327 
 1759 , 9929.32241866302 
 1760 , 9913.79109053014 
 1761 , 9906.32194644416 
 1762 , 9910.92418204558 
 1763 , 9910.3634466598 
 1764 , 9886.85987252083 
 1765 , 9858.52811308624 
 1766 , 9847.24647292605 
 1767 , 9840.02806947545 
 1768 , 9821.22324362256 
 1769 , 9804.29745379626 
 1770 , 9800.26122415595 
 1771 , 9785.30594195121 
 1772 , 9744.57490843725 
 1773 , 9715.66067259714 
 1774 , 9725.19453476428 
 1775 , 9740.98210923752 
 1776 , 9735.59143508491 
 1777 , 9717.92150659723 
 1778 , 9701.16409076243 
 1779 , 9695.92523705312 
 1780 , 9700.5809923952 
 1781 , 9691.1796316128 
 1782 , 9659.6680865285 
 1783 , 9628.42511218002 
 1784 , 9606.44343144221 
 1785 , 9579.292796388 
 1786 , 9550.82407462112 
 1787 , 9549.75390964035 
 1788 , 9571.41206808575 
 1789 , 9573.03992465541 
 1790 , 9548.266812107 
 1791 , 9527.787358281 
 1792 , 9522.69211395027 
 1793 , 9525.61793526219 
 1794 , 9528.12970104306 
 1795 , 9522.3232655307 
 1796 , 9510.72606141665 
 1797 , 9500.95805926731 
 1798 , 9483.66691749997 
 1799 , 9445.00284527319 
 1800 , 9412.97850883214 
 1801 , 9425.55834002491 
 1802 , 9450.18897789271 
 1803 , 9437.42240972915 
 1804 , 9407.90626207685 
 1805 , 9396.51132413517 
 1806 , 9388.6197899512 
 1807 , 9363.7067786163 
 1808 , 9335.92207980958 
 1809 , 9321.69474493884 
 1810 , 9316.55752915418 
 1811 , 9313.29415125891 
 1812 , 9309.03690684832 
 1813 , 9303.83576844098 
 1814 , 9302.7001191121 
 1815 , 9302.71568715102 
 1816 , 9284.55741749937 
 1817 , 9250.90987701602 
 1818 , 9242.61374746558 
 1819 , 9265.87718218605 
 1820 , 9275.75883162108 
 1821 , 9261.27160618232 
 1822 , 9253.43162273506 
 1823 , 9253.28909797715 
 1824 , 9232.74097386364 
 1825 , 9197.34553171909 
 1826 , 9178.49606956288 
 1827 , 9178.02829016771 
 1828 , 9178.69525487568 
 1829 , 9176.49088583701 
 1830 , 9173.56082791176 
 1831 , 9160.94571315388 
 1832 , 9128.83273611031 
 1833 , 9093.45347162029 
 1834 , 9075.44208090781 
 1835 , 9069.29079237127 
 1836 , 9064.06017657169 
 1837 , 9058.55681253136 
 1838 , 9051.34446284687 
 1839 , 9032.8620574895 
 1840 , 9002.26574253096 
 1841 , 8984.36373629825 
 1842 , 8989.49012160682 
 1843 , 8991.01131160726 
 1844 , 8976.28380350978 
 1845 , 8962.61489501647 
 1846 , 8960.12897447858 
 1847 , 8965.61705101976 
 1848 , 8972.24059428536 
 1849 , 8970.71264698162 
 1850 , 8960.33518610455 
 1851 , 8947.72799302431 
 1852 , 8935.67442245091 
 1853 , 8923.99331660827 
 1854 , 8911.68181413049 
 1855 , 8897.37600357239 
 1856 , 8880.22403422177 
 1857 , 8860.38670920127 
 1858 , 8842.47261268531 
 1859 , 8830.40826542872 
 1860 , 8818.19144596387 
 1861 , 8801.39842264661 
 1862 , 8790.26295926513 
 1863 , 8791.09531705016 
 1864 , 8791.68134187731 
 1865 , 8783.97914740577 
 1866 , 8774.68719440788 
 1867 , 8767.4115290823 
 1868 , 8757.89774095539 
 1869 , 8744.19712558519 
 1870 , 8728.08465507726 
 1871 , 8708.56993545634 
 1872 , 8682.43105230823 
 1873 , 8658.68189719624 
 1874 , 8653.82494261531 
 1875 , 8659.63361255137 
 1876 , 8655.43691221741 
 1877 , 8644.21544545102 
 1878 , 8637.58156435335 
 1879 , 8630.69524839405 
 1880 , 8616.81519260988 
 1881 , 8607.53383845275 
 1882 , 8609.89701070448 
 1883 , 8599.13559312613 
 1884 , 8563.82736382822 
 1885 , 8542.08939957296 
 1886 , 8554.06476491737 
 1887 , 8571.56146213353 
 1888 , 8573.28508457521 
 1889 , 8556.13119540724 
 1890 , 8526.89046247855 
 1891 , 8501.22891342672 
 1892 , 8484.75669560616 
 1893 , 8474.04590555103 
 1894 , 8465.44563825328 
 1895 , 8455.05088095569 
 1896 , 8436.46844597347 
 1897 , 8405.79488654632 
 1898 , 8381.3278884663 
 1899 , 8381.12822750131 
 1900 , 8386.65033905887 
 1901 , 8376.9654130613 
 1902 , 8355.03176701202 
 1903 , 8330.1801974683 
 1904 , 8315.4673627576 
 1905 , 8313.36992671902 
 1906 , 8307.51171938748 
 1907 , 8293.87748635317 
 1908 , 8286.17753466627 
 1909 , 8283.27648308488 
 1910 , 8269.9354735389 
 1911 , 8251.08350777645 
 1912 , 8244.58660265072 
 1913 , 8248.33896925839 
 1914 , 8250.34645573625 
 1915 , 8245.39453404199 
 1916 , 8232.99822305605 
 1917 , 8221.80346361592 
 1918 , 8218.0805200078 
 1919 , 8212.14155915502 
 1920 , 8197.50923887231 
 1921 , 8182.44716598442 
 1922 , 8169.53728911989 
 1923 , 8148.64574847517 
 1924 , 8119.94841992158 
 1925 , 8097.41399690846 
 1926 , 8087.42196790936 
 1927 , 8088.28088041243 
 1928 , 8093.0838440006 
 1929 , 8092.29574232354 
 1930 , 8081.43346954662 
 1931 , 8060.25423291244 
 1932 , 8038.32486725667 
 1933 , 8024.36069006347 
 1934 , 8011.31685383257 
 1935 , 7994.98484420264 
 1936 , 7988.39167494894 
 1937 , 8000.94233037161 
 1938 , 8029.76961284775 
 1939 , 8059.79120142927 
 1940 , 8062.68001842936 
 1941 , 8037.78174613453 
 1942 , 8010.77965197729 
 1943 , 7991.76097429648 
 1944 , 7978.56163633796 
 1945 , 7963.17145614248 
 1946 , 7937.99917582198 
 1947 , 7912.8438290985 
 1948 , 7899.31591518014 
 1949 , 7893.69361842448 
 1950 , 7891.08325501881 
 1951 , 7892.6103775762 
 1952 , 7894.95986703939 
 1953 , 7885.64366411901 
 1954 , 7863.48321396427 
 1955 , 7842.11598602021 
 1956 , 7827.67096883383 
 1957 , 7818.74408514977 
 1958 , 7812.71116460377 
 1959 , 7806.28212227851 
 1960 , 7795.67769497366 
 1961 , 7778.60316319295 
 1962 , 7760.56221498115 
 1963 , 7748.34166682524 
 1964 , 7745.73325924086 
 1965 , 7751.65077883705 
 1966 , 7756.14039459146 
 1967 , 7752.184834624 
 1968 , 7738.81702866379 
 1969 , 7721.40858772392 
 1970 , 7710.45274452255 
 1971 , 7707.41966687759 
 1972 , 7706.9018902423 
 1973 , 7699.47977465198 
 1974 , 7678.66826838551 
 1975 , 7661.8196681916 
 1976 , 7663.21320404995 
 1977 , 7662.7860032388 
 1978 , 7644.57723841993 
 1979 , 7616.67822565638 
 1980 , 7590.98719618095 
 1981 , 7579.64233847238 
 1982 , 7577.95350040948 
 1983 , 7566.32177570637 
 1984 , 7548.79840949588 
 1985 , 7543.13611125597 
 1986 , 7545.86432522972 
 1987 , 7545.95358391393 
 1988 , 7543.01084788183 
 1989 , 7537.57536529106 
 1990 , 7523.44460179295 
 1991 , 7504.4822407784 
 1992 , 7506.43932353626 
 1993 , 7528.65158902165 
 1994 , 7533.44659814004 
 1995 , 7510.2216234528 
 1996 , 7475.85065024264 
 1997 , 7458.13465653266 
 1998 , 7481.12716378929 
 1999 , 7507.70107650586 
 2000 , 7494.59427554453 
 2001 , 7468.37576882787 
 2002 , 7456.322033603 
 2003 , 7444.49972347947 
 2004 , 7426.54417433241 
 2005 , 7418.01925996333 
 2006 , 7417.65624237185 
 2007 , 7405.60460170653 
 2008 , 7383.8045643289 
 2009 , 7368.68558792021 
 2010 , 7364.15132004978 
 2011 , 7366.76846389257 
 2012 , 7366.55763448274 
 2013 , 7355.73977802534 
 2014 , 7338.37093604142 
 2015 , 7322.87690100348 
 2016 , 7321.25819804016 
 2017 , 7328.42342958429 
 2018 , 7320.4150100962 
 2019 , 7301.49381300469 
 2020 , 7294.69118519351 
 2021 , 7289.98312424363 
 2022 , 7268.2865921985 
 2023 , 7248.76815857112 
 2024 , 7250.78809379406 
 2025 , 7258.21258474197 
 2026 , 7254.87415090419 
 2027 , 7237.36017817131 
 2028 , 7208.37794081649 
 2029 , 7176.47261156494 
 2030 , 7152.6886148464 
 2031 , 7147.77868545582 
 2032 , 7156.31968382836 
 2033 , 7164.95261229499 
 2034 , 7160.48987833795 
 2035 , 7138.8220991618 
 2036 , 7121.79685949337 
 2037 , 7120.60493530972 
 2038 , 7119.46816751975 
 2039 , 7113.18766559935 
 2040 , 7110.50375724794 
 2041 , 7104.96346219784 
 2042 , 7081.9823685721 
 2043 , 7050.92731280882 
 2044 , 7028.90390694133 
 2045 , 7020.22151104704 
 2046 , 7022.60317629706 
 2047 , 7025.82927158948 
 2048 , 7022.57758322199 
 2049 , 7012.20052876123 
 2050 , 7000.09532245321 
 2051 , 6995.77776650145 
 2052 , 6996.16351007461 
 2053 , 6992.0305387246 
 2054 , 6983.49536332767 
 2055 , 6972.58100495453 
 2056 , 6956.06849888428 
 2057 , 6933.36000152609 
 2058 , 6911.4200923569 
 2059 , 6897.51549803427 
 2060 , 6897.08124287763 
 2061 , 6899.58077981488 
 2062 , 6886.14074630907 
 2063 , 6867.36130998194 
 2064 , 6861.1571384342 
 2065 , 6857.09871359838 
 2066 , 6842.6004378634 
 2067 , 6819.21809650473 
 2068 , 6800.67320981073 
 2069 , 6813.33325795083 
 2070 , 6838.56098227095 
 2071 , 6822.73980782108 
 2072 , 6779.92594233274 
 2073 , 6754.2013915373 
 2074 , 6747.09699474317 
 2075 , 6746.46670385514 
 2076 , 6740.92305506588 
 2077 , 6730.9455221221 
 2078 , 6735.86754707228 
 2079 , 6746.3636691208 
 2080 , 6725.99007599031 
 2081 , 6685.14403246186 
 2082 , 6658.51798979829 
 2083 , 6649.03548213981 
 2084 , 6646.35259739821 
 2085 , 6634.86127946584 
 2086 , 6614.13946502276 
 2087 , 6612.59333962098 
 2088 , 6628.92878587861 
 2089 , 6628.5591313511 
 2090 , 6607.29951088177 
 2091 , 6582.22688898186 
 2092 , 6572.55278958324 
 2093 , 6585.56848564173 
 2094 , 6587.00006412108 
 2095 , 6562.15955703051 
 2096 , 6548.12638794897 
 2097 , 6553.32420749619 
 2098 , 6550.78007350317 
 2099 , 6540.58269133239 
 2100 , 6537.75794756296 
 2101 , 6535.14534605634 
 2102 , 6522.59316622346 
 2103 , 6506.83751418237 
 2104 , 6491.90959119869 
 2105 , 6471.35332710385 
 2106 , 6449.46362845286 
 2107 , 6441.0863839146 
 2108 , 6442.01274875552 
 2109 , 6438.4804220605 
 2110 , 6429.14687799815 
 2111 , 6416.90757845029 
 2112 , 6404.59127000233 
 2113 , 6393.49258490116 
 2114 , 6382.51520185278 
 2115 , 6372.07074042171 
 2116 , 6364.23955195898 
 2117 , 6361.6096293558 
 2118 , 6363.74575370262 
 2119 , 6355.05144662524 
 2120 , 6328.11011179482 
 2121 , 6306.38417669509 
 2122 , 6298.02404860762 
 2123 , 6284.98549160678 
 2124 , 6273.00246532839 
 2125 , 6282.20399009235 
 2126 , 6289.51058457359 
 2127 , 6267.41793230931 
 2128 , 6244.10287796555 
 2129 , 6240.04008253316 
 2130 , 6234.60330226735 
 2131 , 6220.03782040932 
 2132 , 6207.61756165679 
 2133 , 6198.64024789064 
 2134 , 6189.08844797658 
 2135 , 6183.86871310924 
 2136 , 6183.49752051835 
 2137 , 6167.66975639665 
 2138 , 6137.75115043294 
 2139 , 6131.55233921004 
 2140 , 6143.88276963576 
 2141 , 6135.91358776827 
 2142 , 6115.23408904051 
 2143 , 6104.85766500431 
 2144 , 6100.17583679888 
 2145 , 6093.29112242849 
 2146 , 6083.64990931036 
 2147 , 6074.45898528758 
 2148 , 6070.87744721212 
 2149 , 6064.31978223796 
 2150 , 6042.8651061062 
 2151 , 6022.05156887913 
 2152 , 6015.05338988197 
 2153 , 6005.16812195716 
 2154 , 5988.83962304196 
 2155 , 5986.25481334063 
 2156 , 5990.65142898775 
 2157 , 5977.76322487077 
 2158 , 5955.83389503008 
 2159 , 5941.59305186219 
 2160 , 5934.36260243085 
 2161 , 5930.5787685238 
 2162 , 5928.02462812996 
 2163 , 5925.17461490137 
 2164 , 5920.63689562385 
 2165 , 5909.75149196164 
 2166 , 5890.89924168109 
 2167 , 5881.38552523331 
 2168 , 5885.92127499899 
 2169 , 5874.78621783341 
 2170 , 5848.49124093826 
 2171 , 5841.24292523868 
 2172 , 5848.70631510315 
 2173 , 5848.55452829224 
 2174 , 5844.46005041135 
 2175 , 5841.72707625058 
 2176 , 5831.54043878004 
 2177 , 5813.60063788685 
 2178 , 5799.73994632171 
 2179 , 5793.03996359339 
 2180 , 5790.66986763223 
 2181 , 5791.22969564137 
 2182 , 5791.5956714682 
 2183 , 5782.9846520727 
 2184 , 5760.26873944541 
 2185 , 5726.05973547311 
 2186 , 5705.0806841732 
 2187 , 5725.03249684485 
 2188 , 5744.10313897254 
 2189 , 5725.62100849017 
 2190 , 5714.09832680043 
 2191 , 5722.15704097368 
 2192 , 5703.11622591721 
 2193 , 5666.82606789615 
 2194 , 5656.68150299157 
 2195 , 5652.3463323439 
 2196 , 5627.68053661706 
 2197 , 5606.4244410161 
 2198 , 5604.47299573198 
 2199 , 5614.11158351266 
 2200 , 5621.69528677228 
 2201 , 5614.24552585282 
 2202 , 5600.48332619728 
 2203 , 5591.41315446647 
 2204 , 5582.63391239325 
 2205 , 5571.90910464093 
 2206 , 5563.05215470793 
 2207 , 5553.16467661418 
 2208 , 5536.37377348469 
 2209 , 5518.32712610881 
 2210 , 5504.47197723301 
 2211 , 5489.42337518368 
 2212 , 5473.68845388449 
 2213 , 5466.52922468454 
 2214 , 5464.33728708041 
 2215 , 5456.47378536329 
 2216 , 5441.56818505224 
 2217 , 5423.28175803002 
 2218 , 5409.86457143351 
 2219 , 5402.88079707787 
 2220 , 5395.63490734223 
 2221 , 5385.13853922327 
 2222 , 5372.76037709174 
 2223 , 5368.26083541339 
 2224 , 5374.03339038707 
 2225 , 5372.88520659951 
 2226 , 5361.51203691616 
 2227 , 5351.82780919223 
 2228 , 5341.75900288459 
 2229 , 5325.57433038609 
 2230 , 5312.13785249508 
 2231 , 5307.10233859607 
 2232 , 5304.41750093301 
 2233 , 5299.59714116263 
 2234 , 5290.15873395549 
 2235 , 5270.73623424773 
 2236 , 5241.64241268631 
 2237 , 5224.20950034901 
 2238 , 5225.07520639329 
 2239 , 5224.57935328283 
 2240 , 5215.32113779077 
 2241 , 5200.52875021045 
 2242 , 5185.27431190883 
 2243 , 5172.95164982709 
 2244 , 5161.58045637254 
 2245 , 5149.37074282459 
 2246 , 5135.65310782964 
 2247 , 5119.49443290036 
 2248 , 5102.10406096921 
 2249 , 5094.15274168202 
 2250 , 5097.99825172088 
 2251 , 5096.61953603787 
 2252 , 5082.8703929324 
 2253 , 5061.33646082799 
 2254 , 5043.49363862274 
 2255 , 5039.4343016557 
 2256 , 5046.66944177077 
 2257 , 5053.86148007175 
 2258 , 5042.95676471734 
 2259 , 5023.55095443824 
 2260 , 5017.15766058877 
 2261 , 5011.89513868526 
 2262 , 4998.88815713561 
 2263 , 4996.44112936564 
 2264 , 4999.22913283628 
 2265 , 4979.9970889879 
 2266 , 4953.8109755347 
 2267 , 4944.95755622848 
 2268 , 4940.34172951179 
 2269 , 4930.97460828454 
 2270 , 4924.648779264 
 2271 , 4917.93684685309 
 2272 , 4902.54545730845 
 2273 , 4890.73701964851 
 2274 , 4885.92351155773 
 2275 , 4859.43297194481 
 2276 , 4824.09558414561 
 2277 , 4830.21251894769 
 2278 , 4856.31060379717 
 2279 , 4858.78685831251 
 2280 , 4835.4979583466 
 2281 , 4807.15857201026 
 2282 , 4810.74452633961 
 2283 , 4827.78962400296 
 2284 , 4814.42705601484 
 2285 , 4787.64593341306 
 2286 , 4771.20313421168 
 2287 , 4765.33699158455 
 2288 , 4763.39122729465 
 2289 , 4755.75465766894 
 2290 , 4738.42094373494 
 2291 , 4714.92372866257 
 2292 , 4702.77543494945 
 2293 , 4703.64360978879 
 2294 , 4698.02952823091 
 2295 , 4684.23776374727 
 2296 , 4670.14242163062 
 2297 , 4657.79106206545 
 2298 , 4647.66489721892 
 2299 , 4639.92004979819 
 2300 , 4632.5052076365 
 2301 , 4622.07491623048 
 2302 , 4607.27467046813 
 2303 , 4589.94627334628 
 2304 , 4577.36154808885 
 2305 , 4574.3385997247 
 2306 , 4580.58273102645 
 2307 , 4581.55153570303 
 2308 , 4566.92294853398 
 2309 , 4555.95220954949 
 2310 , 4555.19224499741 
 2311 , 4550.25797034206 
 2312 , 4542.36233069006 
 2313 , 4537.50019341029 
 2314 , 4524.14622716621 
 2315 , 4500.90518310131 
 2316 , 4486.93737468824 
 2317 , 4479.60060823897 
 2318 , 4464.66686287421 
 2319 , 4451.26103890481 
 2320 , 4445.4487833302 
 2321 , 4434.52466476147 
 2322 , 4415.36512582584 
 2323 , 4396.04623064654 
 2324 , 4391.77933009645 
 2325 , 4407.48389248551 
 2326 , 4418.69766834521 
 2327 , 4410.09896254409 
 2328 , 4382.62519544157 
 2329 , 4356.95808770093 
 2330 , 4352.27792313196 
 2331 , 4360.00952994755 
 2332 , 4365.32119443916 
 2333 , 4354.10750327968 
 2334 , 4333.37547758334 
 2335 , 4317.55383571319 
 2336 , 4309.42392554323 
 2337 , 4302.15803637597 
 2338 , 4282.0778607738 
 2339 , 4265.95233574978 
