11-20-2017,17:48:43
Wavenumber(cm-1),Intensity
 250 , 10 
 251 , 10 
 252 , 10 
 253 , 10 
 254 , 10 
 255 , 9.53515625 
 256 , 41.705078125 
 257 , 69.595703125 
 258 , 81.1015625 
 259 , 73.93359375 
 260 , 49.86328125 
 261 , 16.90625 
 262 ,-11.796875 
 263 ,-25.810546875 
 264 ,-21.640625 
 265 ,-2.583984375 
 266 , 26.9609375 
 267 , 52.9296875 
 268 , 57.98046875 
 269 , 37.1015625 
 270 , 7.54296875 
 271 ,-8.7734375 
 272 ,-2.716796875 
 273 , 14.666015625 
 274 , 33.259765625 
 275 , 49.734375 
 276 , 64.9453125 
 277 , 79.556640625 
 278 , 95.859375 
 279 , 114.94921875 
 280 , 133.173828125 
 281 , 144.84375 
 282 , 144.3984375 
 283 , 134.5234375 
 284 , 125.04296875 
 285 , 124.830078125 
 286 , 134.111328125 
 287 , 149.345703125 
 288 , 166.771484375 
 289 , 185.0390625 
 290 , 203.53125 
 291 , 218.376953125 
 292 , 220.55859375 
 293 , 202.513671875 
 294 , 173.509765625 
 295 , 151.650390625 
 296 , 148.43359375 
 297 , 151.443359375 
 298 , 143.416015625 
 299 , 120.48046875 
 300 , 98.326171875 
 301 , 92.65625 
 302 , 103.76171875 
 303 , 122.720703125 
 304 , 141.01171875 
 305 , 151.466796875 
 306 , 146.9296875 
 307 , 126.416015625 
 308 , 102.869140625 
 309 , 86.02734375 
 310 , 75.373046875 
 311 , 57.099609375 
 312 , 22.978515625 
 313 ,-3.205078125 
 314 , 12.271484375 
 315 , 79.787109375 
 316 , 160.90625 
 317 , 213.10546875 
 318 , 224.02734375 
 319 , 206.345703125 
 320 , 177.033203125 
 321 , 147.16015625 
 322 , 128.59375 
 323 , 129.681640625 
 324 , 149.20703125 
 325 , 184.224609375 
 326 , 224.91796875 
 327 , 255.833984375 
 328 , 264.439453125 
 329 , 258.46875 
 330 , 253.751953125 
 331 , 261.482421875 
 332 , 281.517578125 
 333 , 311.7578125 
 334 , 344.021484375 
 335 , 363.74609375 
 336 , 358.798828125 
 337 , 336.087890625 
 338 , 310.681640625 
 339 , 293.677734375 
 340 , 285.8515625 
 341 , 286.208984375 
 342 , 290.427734375 
 343 , 290.603515625 
 344 , 279.81640625 
 345 , 259.568359375 
 346 , 235.12890625 
 347 , 211.046875 
 348 , 190.076171875 
 349 , 174.6484375 
 350 , 165.951171875 
 351 , 163.68359375 
 352 , 167.37109375 
 353 , 175.8359375 
 354 , 187.583984375 
 355 , 200.345703125 
 356 , 209.736328125 
 357 , 211.220703125 
 358 , 205.40234375 
 359 , 198.453125 
 360 , 195.755859375 
 361 , 194.720703125 
 362 , 189.203125 
 363 , 175.587890625 
 364 , 157.203125 
 365 , 138.5390625 
 366 , 123.375 
 367 , 114.580078125 
 368 , 114.396484375 
 369 , 121.365234375 
 370 , 132.546875 
 371 , 145.501953125 
 372 , 158.7265625 
 373 , 170.89453125 
 374 , 182.609375 
 375 , 196.421875 
 376 , 214.21875 
 377 , 233.03515625 
 378 , 248.052734375 
 379 , 254.306640625 
 380 , 246.720703125 
 381 , 221.029296875 
 382 , 186.14453125 
 383 , 162.169921875 
 384 , 164.736328125 
 385 , 184.111328125 
 386 , 202.392578125 
 387 , 211.1953125 
 388 , 219.75 
 389 , 238.212890625 
 390 , 263.8359375 
 391 , 284.5625 
 392 , 290.666015625 
 393 , 283.19921875 
 394 , 265.953125 
 395 , 241.857421875 
 396 , 212.771484375 
 397 , 180.568359375 
 398 , 147.884765625 
 399 , 117.888671875 
 400 , 93.890625 
 401 , 80.11328125 
 402 , 81.033203125 
 403 , 95.50390625 
 404 , 113.98828125 
 405 , 127.396484375 
 406 , 136.486328125 
 407 , 146.982421875 
 408 , 162.162109375 
 409 , 178.63671875 
 410 , 192.12890625 
 411 , 201.125 
 412 , 207.091796875 
 413 , 211.708984375 
 414 , 217.42578125 
 415 , 227.072265625 
 416 , 239.978515625 
 417 , 246.787109375 
 418 , 237.37109375 
 419 , 214.1015625 
 420 , 191.373046875 
 421 , 181.41796875 
 422 , 181.587890625 
 423 , 183.591796875 
 424 , 183.958984375 
 425 , 188.197265625 
 426 , 201.9140625 
 427 , 219.4609375 
 428 , 227.80078125 
 429 , 217.4296875 
 430 , 193.17578125 
 431 , 163.833984375 
 432 , 135.44140625 
 433 , 109.78125 
 434 , 89.173828125 
 435 , 82.421875 
 436 , 100.201171875 
 437 , 143.94921875 
 438 , 192.572265625 
 439 , 222.39453125 
 440 , 226.00390625 
 441 , 211.861328125 
 442 , 189.326171875 
 443 , 167.8984375 
 444 , 156.58984375 
 445 , 156.181640625 
 446 , 153.775390625 
 447 , 136.890625 
 448 , 111.00390625 
 449 , 92.630859375 
 450 , 93.046875 
 451 , 107.001953125 
 452 , 126.62109375 
 453 , 143.21484375 
 454 , 146.197265625 
 455 , 127.701171875 
 456 , 99.646484375 
 457 , 81.373046875 
 458 , 81.755859375 
 459 , 87.724609375 
 460 , 84.65625 
 461 , 75.35546875 
 462 , 76.01953125 
 463 , 96.533203125 
 464 , 119.759765625 
 465 , 122.244140625 
 466 , 98.708984375 
 467 , 68.314453125 
 468 , 49.904296875 
 469 , 46.41015625 
 470 , 53.03125 
 471 , 63.15234375 
 472 , 66.4140625 
 473 , 53.251953125 
 474 , 30.578125 
 475 , 19.630859375 
 476 , 35.921875 
 477 , 65.7890625 
 478 , 86.71875 
 479 , 89.5703125 
 480 , 84.923828125 
 481 , 83.732421875 
 482 , 86.169921875 
 483 , 85.9453125 
 484 , 78.1875 
 485 , 63.720703125 
 486 , 45.984375 
 487 , 36.54296875 
 488 , 54.6015625 
 489 , 111.423828125 
 490 , 178.75 
 491 , 216.318359375 
 492 , 212.091796875 
 493 , 196.5703125 
 494 , 200.7421875 
 495 , 225.306640625 
 496 , 252.859375 
 497 , 270.44140625 
 498 , 280.708984375 
 499 , 290.978515625 
 500 , 301.12890625 
 501 , 300.978515625 
 502 , 282.01171875 
 503 , 252.0625 
 504 , 226.515625 
 505 , 213.603515625 
 506 , 209.033203125 
 507 , 206.61328125 
 508 , 203.75 
 509 , 201.423828125 
 510 , 200.580078125 
 511 , 199.615234375 
 512 , 195.3984375 
 513 , 189.494140625 
 514 , 188.025390625 
 515 , 194.896484375 
 516 , 204.388671875 
 517 , 208.6953125 
 518 , 204.591796875 
 519 , 194.642578125 
 520 , 182.6796875 
 521 , 176.0546875 
 522 , 183.03515625 
 523 , 202.0703125 
 524 , 214.4296875 
 525 , 202.376953125 
 526 , 175.748046875 
 527 , 159.06640625 
 528 , 166.8515625 
 529 , 187.28125 
 530 , 205.072265625 
 531 , 213.244140625 
 532 , 211.990234375 
 533 , 202.681640625 
 534 , 191.541015625 
 535 , 187.2265625 
 536 , 192.859375 
 537 , 202.69140625 
 538 , 209.908203125 
 539 , 212.478515625 
 540 , 212.197265625 
 541 , 210.845703125 
 542 , 208.36328125 
 543 , 203.919921875 
 544 , 201.12890625 
 545 , 205.6171875 
 546 , 218.236328125 
 547 , 228.068359375 
 548 , 224.962890625 
 549 , 216.048828125 
 550 , 221.650390625 
 551 , 253.951171875 
 552 , 294.466796875 
 553 , 319.265625 
 554 , 322.240234375 
 555 , 319.115234375 
 556 , 324.087890625 
 557 , 333.779296875 
 558 , 335.8671875 
 559 , 323.763671875 
 560 , 304.34765625 
 561 , 288.27734375 
 562 , 282.578125 
 563 , 287.82421875 
 564 , 300.5 
 565 , 313.642578125 
 566 , 323.27734375 
 567 , 329.36328125 
 568 , 333.494140625 
 569 , 335.93359375 
 570 , 334.26171875 
 571 , 324.8125 
 572 , 310.9609375 
 573 , 306.4609375 
 574 , 323.853515625 
 575 , 353.453125 
 576 , 373.984375 
 577 , 374.2265625 
 578 , 361.32421875 
 579 , 345.841796875 
 580 , 334.2890625 
 581 , 330.64453125 
 582 , 334.6484375 
 583 , 338.896484375 
 584 , 336.7578125 
 585 , 331.046875 
 586 , 329.314453125 
 587 , 336.14453125 
 588 , 348.783203125 
 589 , 361.515625 
 590 , 367.966796875 
 591 , 362.9765625 
 592 , 343.3984375 
 593 , 309.34765625 
 594 , 263.08984375 
 595 , 213.89453125 
 596 , 175.837890625 
 597 , 157.255859375 
 598 , 148.259765625 
 599 , 136.740234375 
 600 , 121.4375 
 601 , 111.998046875 
 602 , 114.748046875 
 603 , 122.625 
 604 , 125.490234375 
 605 , 120.28515625 
 606 , 111.662109375 
 607 , 101.2421875 
 608 , 88.638671875 
 609 , 75.935546875 
 610 , 64.578125 
 611 , 52.373046875 
 612 , 39.708984375 
 613 , 38.009765625 
 614 , 61.994140625 
 615 , 113.8046875 
 616 , 171.435546875 
 617 , 213.009765625 
 618 , 242.244140625 
 619 , 275.607421875 
 620 , 318.412109375 
 621 , 355.80078125 
 622 , 377.369140625 
 623 , 391.181640625 
 624 , 415.640625 
 625 , 457.10546875 
 626 , 491.056640625 
 627 , 489.7421875 
 628 , 455.578125 
 629 , 418.15234375 
 630 , 399.630859375 
 631 , 388.576171875 
 632 , 364.287109375 
 633 , 327.205078125 
 634 , 303.00390625 
 635 , 313.5234375 
 636 , 341.583984375 
 637 , 354.12890625 
 638 , 336.931640625 
 639 , 304.43359375 
 640 , 275.8984375 
 641 , 258.29296875 
 642 , 250.58203125 
 643 , 248.634765625 
 644 , 248.025390625 
 645 , 246.9609375 
 646 , 246.16015625 
 647 , 245.564453125 
 648 , 246.083984375 
 649 , 252.109375 
 650 , 266.7578125 
 651 , 277.31640625 
 652 , 265.888671875 
 653 , 232.2109375 
 654 , 203.265625 
 655 , 202.935546875 
 656 , 223.3046875 
 657 , 241.490234375 
 658 , 241.591796875 
 659 , 221.849609375 
 660 , 184.61328125 
 661 , 143.650390625 
 662 , 117.1953125 
 663 , 116.072265625 
 664 , 138.765625 
 665 , 181.794921875 
 666 , 228.126953125 
 667 , 254.125 
 668 , 249.37109375 
 669 , 228.896484375 
 670 , 208.001953125 
 671 , 191.326171875 
 672 , 179.83984375 
 673 , 175.712890625 
 674 , 178.03125 
 675 , 181.298828125 
 676 , 180.509765625 
 677 , 175.255859375 
 678 , 168.0078125 
 679 , 156.751953125 
 680 , 134.72265625 
 681 , 109.8046875 
 682 , 102.796875 
 683 , 127.068359375 
 684 , 168.78515625 
 685 , 207.283203125 
 686 , 233.96484375 
 687 , 250.544921875 
 688 , 260.8828125 
 689 , 265.982421875 
 690 , 263.337890625 
 691 , 250.345703125 
 692 , 226.5 
 693 , 197.146484375 
 694 , 175.970703125 
 695 , 175.029296875 
 696 , 189.68359375 
 697 , 207.607421875 
 698 , 223.91015625 
 699 , 243.892578125 
 700 , 269.31640625 
 701 , 295.84375 
 702 , 317.767578125 
 703 , 331.837890625 
 704 , 336.91015625 
 705 , 332.69921875 
 706 , 321.98046875 
 707 , 308.05078125 
 708 , 293.609375 
 709 , 284.015625 
 710 , 287.990234375 
 711 , 300.662109375 
 712 , 305.779296875 
 713 , 289.466796875 
 714 , 253.248046875 
 715 , 207.53515625 
 716 , 166.009765625 
 717 , 138.53515625 
 718 , 123.353515625 
 719 , 109.21484375 
 720 , 89.564453125 
 721 , 71.80859375 
 722 , 66.78515625 
 723 , 75.86328125 
 724 , 90.099609375 
 725 , 103.6171875 
 726 , 116.171875 
 727 , 127.873046875 
 728 , 135.064453125 
 729 , 131.283203125 
 730 , 112.408203125 
 731 , 83.20703125 
 732 , 51.724609375 
 733 , 30.111328125 
 734 , 34.740234375 
 735 , 73.841796875 
 736 , 125.740234375 
 737 , 162.849609375 
 738 , 174.515625 
 739 , 164.630859375 
 740 , 136.5234375 
 741 , 107.88671875 
 742 , 103.978515625 
 743 , 131.123046875 
 744 , 171.6640625 
 745 , 204.443359375 
 746 , 220.666015625 
 747 , 219.15625 
 748 , 207.673828125 
 749 , 196.220703125 
 750 , 187.28515625 
 751 , 178.505859375 
 752 , 172.099609375 
 753 , 170.7734375 
 754 , 172.71484375 
 755 , 172.82421875 
 756 , 170.388671875 
 757 , 168.8203125 
 758 , 172.169921875 
 759 , 181.66796875 
 760 , 192.3828125 
 761 , 195.77734375 
 762 , 187.140625 
 763 , 173.244140625 
 764 , 163.740234375 
 765 , 162.12890625 
 766 , 167.646484375 
 767 , 181.771484375 
 768 , 198.150390625 
 769 , 204.73046875 
 770 , 195.14453125 
 771 , 175.95703125 
 772 , 158.78515625 
 773 , 149.552734375 
 774 , 147.5234375 
 775 , 143.693359375 
 776 , 127.82421875 
 777 , 99.25390625 
 778 , 67.7578125 
 779 , 40.146484375 
 780 , 19.96875 
 781 , 13.859375 
 782 , 27.59375 
 783 , 51.078125 
 784 , 69.427734375 
 785 , 74.5 
 786 , 64.87109375 
 787 , 45.251953125 
 788 , 26.998046875 
 789 , 20.22265625 
 790 , 25.681640625 
 791 , 39.73828125 
 792 , 57.546875 
 793 , 73.53515625 
 794 , 85.443359375 
 795 , 94.810546875 
 796 , 100.818359375 
 797 , 98.79296875 
 798 , 87.376953125 
 799 , 72.6875 
 800 , 66.34765625 
 801 , 76.28125 
 802 , 95.12890625 
 803 , 108.4765625 
 804 , 113.5859375 
 805 , 120.814453125 
 806 , 136.951171875 
 807 , 154.88671875 
 808 , 162.822265625 
 809 , 157.693359375 
 810 , 148.3671875 
 811 , 143.744140625 
 812 , 144.6875 
 813 , 148.224609375 
 814 , 153.51953125 
 815 , 164.33203125 
 816 , 183.77734375 
 817 , 205.037109375 
 818 , 217.2578125 
 819 , 218.287109375 
 820 , 217.7578125 
 821 , 222.1796875 
 822 , 214.9921875 
 823 , 175.984375 
 824 , 121.201171875 
 825 , 94.3125 
 826 , 118.18359375 
 827 , 164.435546875 
 828 , 199.486328125 
 829 , 217.5 
 830 , 227.677734375 
 831 , 236.408203125 
 832 , 243.15625 
 833 , 245.4453125 
 834 , 240.462890625 
 835 , 226.998046875 
 836 , 207.681640625 
 837 , 185.71875 
 838 , 162.7265625 
 839 , 142.04296875 
 840 , 128.3046875 
 841 , 122.056640625 
 842 , 119.220703125 
 843 , 115.400390625 
 844 , 111.451171875 
 845 , 111.017578125 
 846 , 118.095703125 
 847 , 135.005859375 
 848 , 158.8828125 
 849 , 182.720703125 
 850 , 201.22265625 
 851 , 214.04296875 
 852 , 221.677734375 
 853 , 225.134765625 
 854 , 227.01171875 
 855 , 229.736328125 
 856 , 230.943359375 
 857 , 226.8203125 
 858 , 217.69921875 
 859 , 207.376953125 
 860 , 200.45703125 
 861 , 201.6484375 
 862 , 213.962890625 
 863 , 230.849609375 
 864 , 242.34765625 
 865 , 243.314453125 
 866 , 234.28125 
 867 , 219.109375 
 868 , 214.125 
 869 , 237.62109375 
 870 , 282.572265625 
 871 , 322.453125 
 872 , 343.91796875 
 873 , 366.330078125 
 874 , 410.71484375 
 875 , 470.046875 
 876 , 524.205078125 
 877 , 571.6015625 
 878 , 638.927734375 
 879 , 744.7421875 
 880 , 854.91796875 
 881 , 923.96875 
 882 , 954.884765625 
 883 , 989.39453125 
 884 , 1044.412109375 
 885 , 1077.515625 
 886 , 1045.71484375 
 887 , 963.462890625 
 888 , 870.16796875 
 889 , 784.490234375 
 890 , 697.978515625 
 891 , 604.6796875 
 892 , 516.734375 
 893 , 449.529296875 
 894 , 398.87890625 
 895 , 345.919921875 
 896 , 283.25 
 897 , 227.166015625 
 898 , 192.94921875 
 899 , 171.98046875 
 900 , 146.556640625 
 901 , 112.5390625 
 902 , 81.623046875 
 903 , 64.0703125 
 904 , 61.125 
 905 , 71.201171875 
 906 , 84.85546875 
 907 , 87.779296875 
 908 , 73.51953125 
 909 , 50.2578125 
 910 , 27.060546875 
 911 , 13.068359375 
 912 , 17.99609375 
 913 , 41.634765625 
 914 , 71.248046875 
 915 , 95.16796875 
 916 , 110.349609375 
 917 , 116.501953125 
 918 , 116.119140625 
 919 , 112.001953125 
 920 , 103.9921875 
 921 , 89.994140625 
 922 , 71.140625 
 923 , 57.65234375 
 924 , 60.517578125 
 925 , 78.71875 
 926 , 103.078125 
 927 , 124.927734375 
 928 , 134.109375 
 929 , 121.751953125 
 930 , 97.90234375 
 931 , 81.994140625 
 932 , 81.0859375 
 933 , 83.99609375 
 934 , 79.91015625 
 935 , 69.169921875 
 936 , 55.982421875 
 937 , 45.060546875 
 938 , 37.7890625 
 939 , 31.904296875 
 940 , 22.978515625 
 941 , 8.51953125 
 942 ,-3.9453125 
 943 ,-4.1640625 
 944 , 7.427734375 
 945 , 20.037109375 
 946 , 25.462890625 
 947 , 24.322265625 
 948 , 20.09375 
 949 , 26.99609375 
 950 , 61.26171875 
 951 , 115.142578125 
 952 , 157.962890625 
 953 , 169.115234375 
 954 , 160.068359375 
 955 , 147.587890625 
 956 , 139.810546875 
 957 , 139.529296875 
 958 , 142.537109375 
 959 , 135.134765625 
 960 , 108.466796875 
 961 , 74.6015625 
 962 , 49.89453125 
 963 , 39.3984375 
 964 , 39.994140625 
 965 , 44.5859375 
 966 , 41.115234375 
 967 , 23.216796875 
 968 , 13.310546875 
 969 , 40.33203125 
 970 , 92.53125 
 971 , 123.736328125 
 972 , 109.751953125 
 973 , 76.7421875 
 974 , 53.96875 
 975 , 48.3125 
 976 , 57.87109375 
 977 , 76.98046875 
 978 , 95.248046875 
 979 , 105.228515625 
 980 , 110.443359375 
 981 , 115.8203125 
 982 , 120.423828125 
 983 , 120.501953125 
 984 , 115.2578125 
 985 , 107.390625 
 986 , 100.08203125 
 987 , 95.34765625 
 988 , 94.1328125 
 989 , 95.15234375 
 990 , 97.00390625 
 991 , 103.111328125 
 992 , 122.369140625 
 993 , 157.51171875 
 994 , 188.92578125 
 995 , 195.0546875 
 996 , 185.255859375 
 997 , 187.4375 
 998 , 223.2265625 
 999 , 304.74609375 
 1000 , 438.91015625 
 1001 , 614.5859375 
 1002 , 816.486328125 
 1003 , 1034.22265625 
 1004 , 1260.283203125 
 1005 , 1471.310546875 
 1006 , 1618.625 
 1007 , 1658.33984375 
 1008 , 1573.875 
 1009 , 1359.07421875 
 1010 , 1060.45703125 
 1011 , 763.841796875 
 1012 , 528.076171875 
 1013 , 360.650390625 
 1014 , 259.09375 
 1015 , 204.818359375 
 1016 , 176.10546875 
 1017 , 157.140625 
 1018 , 135.26953125 
 1019 , 106.72265625 
 1020 , 84.0859375 
 1021 , 78.818359375 
 1022 , 88.166015625 
 1023 , 104.80078125 
 1024 , 118.099609375 
 1025 , 115.384765625 
 1026 , 92.970703125 
 1027 , 64.201171875 
 1028 , 45.607421875 
 1029 , 56.67578125 
 1030 , 114.306640625 
 1031 , 199.34765625 
 1032 , 267.91796875 
 1033 , 299.611328125 
 1034 , 313.912109375 
 1035 , 330.052734375 
 1036 , 351.263671875 
 1037 , 375.94921875 
 1038 , 392.84375 
 1039 , 384.14453125 
 1040 , 347.96484375 
 1041 , 307.97265625 
 1042 , 284.291015625 
 1043 , 274.2421875 
 1044 , 269.91015625 
 1045 , 266.095703125 
 1046 , 258.970703125 
 1047 , 251.556640625 
 1048 , 257.484375 
 1049 , 285.05859375 
 1050 , 319.95703125 
 1051 , 344.375 
 1052 , 355.490234375 
 1053 , 358.67578125 
 1054 , 359.00390625 
 1055 , 361.224609375 
 1056 , 366.716796875 
 1057 , 366.099609375 
 1058 , 349.994140625 
 1059 , 326.359375 
 1060 , 311.212890625 
 1061 , 308.623046875 
 1062 , 309.220703125 
 1063 , 306.953125 
 1064 , 306.669921875 
 1065 , 313.681640625 
 1066 , 324.4296875 
 1067 , 331.8515625 
 1068 , 330.9765625 
 1069 , 318.599609375 
 1070 , 296.078125 
 1071 , 274.255859375 
 1072 , 263.154296875 
 1073 , 262.326171875 
 1074 , 267.640625 
 1075 , 271.4140625 
 1076 , 263.578125 
 1077 , 242.248046875 
 1078 , 219.1796875 
 1079 , 207.302734375 
 1080 , 219.666015625 
 1081 , 266.921875 
 1082 , 332.263671875 
 1083 , 382.568359375 
 1084 , 400.23828125 
 1085 , 388.76171875 
 1086 , 357.45703125 
 1087 , 328.935546875 
 1088 , 325.228515625 
 1089 , 344.634765625 
 1090 , 374.33984375 
 1091 , 398.634765625 
 1092 , 399.2109375 
 1093 , 372.748046875 
 1094 , 349.572265625 
 1095 , 355.609375 
 1096 , 369.203125 
 1097 , 355.193359375 
 1098 , 314.486328125 
 1099 , 275.150390625 
 1100 , 254.0078125 
 1101 , 248.197265625 
 1102 , 251.408203125 
 1103 , 251.41015625 
 1104 , 236.591796875 
 1105 , 213.8515625 
 1106 , 199.6796875 
 1107 , 194.6328125 
 1108 , 180.41796875 
 1109 , 149.640625 
 1110 , 125.388671875 
 1111 , 129.2578125 
 1112 , 145.0703125 
 1113 , 144.037109375 
 1114 , 126.26171875 
 1115 , 113.59765625 
 1116 , 110.544921875 
 1117 , 93.560546875 
 1118 , 47.009765625 
 1119 , 3.03515625 
 1120 , 0.337890625 
 1121 , 26.896484375 
 1122 , 42.8828125 
 1123 , 37.474609375 
 1124 , 35.978515625 
 1125 , 53.78125 
 1126 , 76.333984375 
 1127 , 87.3828125 
 1128 , 87.90625 
 1129 , 87.83984375 
 1130 , 93.03125 
 1131 , 104.458984375 
 1132 , 118.32421875 
 1133 , 122.7265625 
 1134 , 107.88671875 
 1135 , 77.228515625 
 1136 , 36.328125 
 1137 , 2.712890625 
 1138 ,-1.08984375 
 1139 , 24.720703125 
 1140 , 57.28515625 
 1141 , 78.673828125 
 1142 , 82.8984375 
 1143 , 69.185546875 
 1144 , 61.3359375 
 1145 , 87.634765625 
 1146 , 129.9453125 
 1147 , 144.060546875 
 1148 , 120.537109375 
 1149 , 96.5234375 
 1150 , 96.4453125 
 1151 , 99.466796875 
 1152 , 83.138671875 
 1153 , 66.24609375 
 1154 , 82.125 
 1155 , 127.890625 
 1156 , 170.11328125 
 1157 , 192.10546875 
 1158 , 208.47265625 
 1159 , 232.48046875 
 1160 , 260.302734375 
 1161 , 284.046875 
 1162 , 297.708984375 
 1163 , 297.404296875 
 1164 , 291.619140625 
 1165 , 300.0859375 
 1166 , 327.220703125 
 1167 , 346.296875 
 1168 , 335.912109375 
 1169 , 312.1484375 
 1170 , 298.275390625 
 1171 , 294.232421875 
 1172 , 288.66796875 
 1173 , 283.685546875 
 1174 , 293.19140625 
 1175 , 319.25390625 
 1176 , 342.93359375 
 1177 , 349.447265625 
 1178 , 347.54296875 
 1179 , 350.37109375 
 1180 , 361.830078125 
 1181 , 381.48046875 
 1182 , 404.38671875 
 1183 , 418.978515625 
 1184 , 416.578125 
 1185 , 397.7421875 
 1186 , 367.591796875 
 1187 , 342.611328125 
 1188 , 339.328125 
 1189 , 351.4296875 
 1190 , 360.634765625 
 1191 , 356.87890625 
 1192 , 340.095703125 
 1193 , 316.4296875 
 1194 , 299.375 
 1195 , 298.162109375 
 1196 , 308.296875 
 1197 , 323.783203125 
 1198 , 338.21875 
 1199 , 342.75390625 
 1200 , 339.48046875 
 1201 , 345.830078125 
 1202 , 365.923828125 
 1203 , 371.8515625 
 1204 , 342.05859375 
 1205 , 297.734375 
 1206 , 268.59765625 
 1207 , 265.89453125 
 1208 , 290.5625 
 1209 , 321.115234375 
 1210 , 316.66796875 
 1211 , 269.171875 
 1212 , 230.70703125 
 1213 , 236.791015625 
 1214 , 239.763671875 
 1215 , 185.19921875 
 1216 , 111.33984375 
 1217 , 92.935546875 
 1218 , 134.521484375 
 1219 , 185.291015625 
 1220 , 208.537109375 
 1221 , 188.158203125 
 1222 , 128.033203125 
 1223 , 58.775390625 
 1224 , 10.267578125 
 1225 ,-5.248046875 
 1226 , 16.703125 
 1227 , 53.6015625 
 1228 , 67.568359375 
 1229 , 55.1484375 
 1230 , 53.751953125 
 1231 , 77.484375 
 1232 , 87.466796875 
 1233 , 49.986328125 
 1234 , 10.58984375 
 1235 , 25.96484375 
 1236 , 73.5703125 
 1237 , 97.193359375 
 1238 , 88.568359375 
 1239 , 77.078125 
 1240 , 76.75 
 1241 , 83.14453125 
 1242 , 93.080078125 
 1243 , 96.365234375 
 1244 , 79.896484375 
 1245 , 57.361328125 
 1246 , 58.017578125 
 1247 , 88.166015625 
 1248 , 131.8828125 
 1249 , 171.392578125 
 1250 , 191.974609375 
 1251 , 189.947265625 
 1252 , 182.36328125 
 1253 , 182.708984375 
 1254 , 178.4609375 
 1255 , 152.634765625 
 1256 , 114.5703125 
 1257 , 87.20703125 
 1258 , 75.16796875 
 1259 , 66.1796875 
 1260 , 53.46484375 
 1261 , 39.125 
 1262 , 25.853515625 
 1263 , 16.240234375 
 1264 , 12.484375 
 1265 , 16.193359375 
 1266 , 29.263671875 
 1267 , 44.833984375 
 1268 , 47.9453125 
 1269 , 38.892578125 
 1270 , 39.701171875 
 1271 , 58.4375 
 1272 , 66.861328125 
 1273 , 44.921875 
 1274 , 27.220703125 
 1275 , 53.287109375 
 1276 , 94.84765625 
 1277 , 97.884765625 
 1278 , 65.9609375 
 1279 , 44.095703125 
 1280 , 51.8828125 
 1281 , 74.890625 
 1282 , 100.349609375 
 1283 , 125.828125 
 1284 , 149.9453125 
 1285 , 170.83203125 
 1286 , 188.04296875 
 1287 , 202.76171875 
 1288 , 214.64453125 
 1289 , 222.611328125 
 1290 , 227.41015625 
 1291 , 225.83203125 
 1292 , 206.9296875 
 1293 , 169.341796875 
 1294 , 133.017578125 
 1295 , 112.57421875 
 1296 , 98.666015625 
 1297 , 81.626953125 
 1298 , 68.193359375 
 1299 , 66.763671875 
 1300 , 75.0859375 
 1301 , 88.181640625 
 1302 , 102.1328125 
 1303 , 109.568359375 
 1304 , 103.224609375 
 1305 , 83.017578125 
 1306 , 56.326171875 
 1307 , 40.08203125 
 1308 , 44.99609375 
 1309 , 55.8984375 
 1310 , 53.626953125 
 1311 , 44.044921875 
 1312 , 45.388671875 
 1313 , 58.953125 
 1314 , 71.5859375 
 1315 , 75.423828125 
 1316 , 72.017578125 
 1317 , 65.515625 
 1318 , 60.154296875 
 1319 , 57.849609375 
 1320 , 58.55859375 
 1321 , 63.8515625 
 1322 , 78.849609375 
 1323 , 107.259765625 
 1324 , 138.0625 
 1325 , 154.076171875 
 1326 , 147.765625 
 1327 , 118.1015625 
 1328 , 74.443359375 
 1329 , 48.34375 
 1330 , 61.484375 
 1331 , 95.60546875 
 1332 , 128.310546875 
 1333 , 156.16015625 
 1334 , 181.158203125 
 1335 , 205.9453125 
 1336 , 233.169921875 
 1337 , 254.7109375 
 1338 , 254.642578125 
 1339 , 232.056640625 
 1340 , 206.359375 
 1341 , 192.869140625 
 1342 , 194.796875 
 1343 , 211.736328125 
 1344 , 234.6171875 
 1345 , 252.8671875 
 1346 , 266.453125 
 1347 , 280.806640625 
 1348 , 302.91015625 
 1349 , 340.140625 
 1350 , 382.931640625 
 1351 , 404.62109375 
 1352 , 392.34765625 
 1353 , 357.49609375 
 1354 , 317.826171875 
 1355 , 293.837890625 
 1356 , 295.58984375 
 1357 , 306.08984375 
 1358 , 308.173828125 
 1359 , 302.283203125 
 1360 , 292.419921875 
 1361 , 279.390625 
 1362 , 265.7421875 
 1363 , 256.203125 
 1364 , 252.34375 
 1365 , 251.76953125 
 1366 , 252.876953125 
 1367 , 254.583984375 
 1368 , 250.740234375 
 1369 , 236.44140625 
 1370 , 220.34375 
 1371 , 213.875 
 1372 , 215.99609375 
 1373 , 218.34765625 
 1374 , 206.53125 
 1375 , 166.267578125 
 1376 , 124.890625 
 1377 , 142.826171875 
 1378 , 214.443359375 
 1379 , 253.55859375 
 1380 , 219.564453125 
 1381 , 160.572265625 
 1382 , 120.03515625 
 1383 , 103.099609375 
 1384 , 105.244140625 
 1385 , 114.623046875 
 1386 , 120.861328125 
 1387 , 120.8984375 
 1388 , 114.6015625 
 1389 , 102.75 
 1390 , 85.1875 
 1391 , 70.4140625 
 1392 , 72.42578125 
 1393 , 86.51171875 
 1394 , 88.8359375 
 1395 , 72.8671875 
 1396 , 62.462890625 
 1397 , 70.650390625 
 1398 , 76.056640625 
 1399 , 62.3046875 
 1400 , 49.869140625 
 1401 , 61.486328125 
 1402 , 79.5390625 
 1403 , 77.513671875 
 1404 , 55.236328125 
 1405 , 23.3515625 
 1406 ,-2.51171875 
 1407 , 0.232421875 
 1408 , 32.58203125 
 1409 , 63.609375 
 1410 , 76.263671875 
 1411 , 89.49609375 
 1412 , 117.240234375 
 1413 , 144.4609375 
 1414 , 151.259765625 
 1415 , 142.560546875 
 1416 , 136.4453125 
 1417 , 146.322265625 
 1418 , 175.357421875 
 1419 , 205.439453125 
 1420 , 215.314453125 
 1421 , 206.228515625 
 1422 , 187.802734375 
 1423 , 165.0546875 
 1424 , 148.3046875 
 1425 , 142.48046875 
 1426 , 132.935546875 
 1427 , 114.572265625 
 1428 , 119.28515625 
 1429 , 169.6875 
 1430 , 227.080078125 
 1431 , 246.876953125 
 1432 , 234.58203125 
 1433 , 212.2109375 
 1434 , 194.037109375 
 1435 , 187.4296875 
 1436 , 187.609375 
 1437 , 185.189453125 
 1438 , 178.2421875 
 1439 , 171.3125 
 1440 , 168.484375 
 1441 , 170.861328125 
 1442 , 177.31640625 
 1443 , 185.6875 
 1444 , 200.529296875 
 1445 , 239.70703125 
 1446 , 309.55078125 
 1447 , 374.642578125 
 1448 , 401.419921875 
 1449 , 405.962890625 
 1450 , 416.138671875 
 1451 , 428.779296875 
 1452 , 427.330078125 
 1453 , 430.2421875 
 1454 , 479.109375 
 1455 , 568.123046875 
 1456 , 648.7109375 
 1457 , 694.1015625 
 1458 , 709.095703125 
 1459 , 708.35546875 
 1460 , 707.3203125 
 1461 , 705.95703125 
 1462 , 687.31640625 
 1463 , 641.435546875 
 1464 , 570.072265625 
 1465 , 480.703125 
 1466 , 404.326171875 
 1467 , 370.310546875 
 1468 , 359.287109375 
 1469 , 337.2578125 
 1470 , 295.0234375 
 1471 , 236.67578125 
 1472 , 186.421875 
 1473 , 178.880859375 
 1474 , 207.57421875 
 1475 , 232.978515625 
 1476 , 240.078125 
 1477 , 241.78515625 
 1478 , 244.76953125 
 1479 , 243.228515625 
 1480 , 230.68359375 
 1481 , 203.759765625 
 1482 , 166.564453125 
 1483 , 138.111328125 
 1484 , 131.765625 
 1485 , 136.58203125 
 1486 , 138.98046875 
 1487 , 134.3671875 
 1488 , 122.890625 
 1489 , 120.98828125 
 1490 , 146.66796875 
 1491 , 182.904296875 
 1492 , 197.8125 
 1493 , 184.94921875 
 1494 , 155.859375 
 1495 , 127.21484375 
 1496 , 116.19140625 
 1497 , 123.744140625 
 1498 , 136.76171875 
 1499 , 145.216796875 
 1500 , 143.458984375 
 1501 , 137.125 
 1502 , 147.59765625 
 1503 , 177.93359375 
 1504 , 193.689453125 
 1505 , 176.146484375 
 1506 , 155.880859375 
 1507 , 156.853515625 
 1508 , 161.09375 
 1509 , 150.2265625 
 1510 , 127.521484375 
 1511 , 100.5078125 
 1512 , 82.658203125 
 1513 , 84.396484375 
 1514 , 86.8828125 
 1515 , 55.56640625 
 1516 , 8.921875 
 1517 ,-3.810546875 
 1518 , 23.17578125 
 1519 , 64.0078125 
 1520 , 92.078125 
 1521 , 80.7734375 
 1522 , 37.9453125 
 1523 , 11.216796875 
 1524 , 26.349609375 
 1525 , 64.79296875 
 1526 , 104.015625 
 1527 , 116.283203125 
 1528 , 88.296875 
 1529 , 46.708984375 
 1530 , 23.884765625 
 1531 , 41.435546875 
 1532 , 101.84765625 
 1533 , 162.556640625 
 1534 , 186.255859375 
 1535 , 185.03125 
 1536 , 178.029296875 
 1537 , 170.439453125 
 1538 , 163.734375 
 1539 , 151.29296875 
 1540 , 125.4296875 
 1541 , 97.873046875 
 1542 , 86.09765625 
 1543 , 81.591796875 
 1544 , 56.82421875 
 1545 , 18.267578125 
 1546 ,-0.080078125 
 1547 , 7.939453125 
 1548 , 20.150390625 
 1549 , 25.884765625 
 1550 , 34.150390625 
 1551 , 52.296875 
 1552 , 77.06640625 
 1553 , 101.826171875 
 1554 , 110.837890625 
 1555 , 100.4296875 
 1556 , 92.234375 
 1557 , 102.0078125 
 1558 , 124.482421875 
 1559 , 147.2734375 
 1560 , 149.5546875 
 1561 , 123.1015625 
 1562 , 98.21875 
 1563 , 98.689453125 
 1564 , 102.576171875 
 1565 , 87.84375 
 1566 , 72.02734375 
 1567 , 76.53125 
 1568 , 95.94140625 
 1569 , 119.359375 
 1570 , 145.63671875 
 1571 , 174.63671875 
 1572 , 193.951171875 
 1573 , 189.74609375 
 1574 , 175.23828125 
 1575 , 175.16796875 
 1576 , 183.705078125 
 1577 , 175.841796875 
 1578 , 153.85546875 
 1579 , 142.482421875 
 1580 , 148.259765625 
 1581 , 158.76171875 
 1582 , 163.66796875 
 1583 , 158.48828125 
 1584 , 154.5390625 
 1585 , 177.146484375 
 1586 , 224.5 
 1587 , 261.669921875 
 1588 , 269.3203125 
 1589 , 251.435546875 
 1590 , 227.841796875 
 1591 , 247.896484375 
 1592 , 323.365234375 
 1593 , 378.416015625 
 1594 , 367.2890625 
 1595 , 343.01953125 
 1596 , 347.248046875 
 1597 , 349.80078125 
 1598 , 325.044921875 
 1599 , 302.3671875 
 1600 , 309.873046875 
 1601 , 333.4296875 
 1602 , 356.361328125 
 1603 , 382.216796875 
 1604 , 414.66015625 
 1605 , 444.3828125 
 1606 , 464.521484375 
 1607 , 487.658203125 
 1608 , 523.115234375 
 1609 , 545.19921875 
 1610 , 526.326171875 
 1611 , 486.490234375 
 1612 , 457.33203125 
 1613 , 437.654296875 
 1614 , 414.37890625 
 1615 , 379.65234375 
 1616 , 329.40625 
 1617 , 277.318359375 
 1618 , 245.0859375 
 1619 , 229.169921875 
 1620 , 209.634765625 
 1621 , 183.65234375 
 1622 , 163.068359375 
 1623 , 158.10546875 
 1624 , 173.76953125 
 1625 , 199.173828125 
 1626 , 215.134765625 
 1627 , 211.376953125 
 1628 , 182.240234375 
 1629 , 144.9140625 
 1630 , 138.072265625 
 1631 , 160.5703125 
 1632 , 173.65625 
 1633 , 165.951171875 
 1634 , 154.79296875 
 1635 , 143.865234375 
 1636 , 117.638671875 
 1637 , 83.212890625 
 1638 , 80.068359375 
 1639 , 114.119140625 
 1640 , 143.2109375 
 1641 , 146.740234375 
 1642 , 139.76171875 
 1643 , 132.90234375 
 1644 , 122.921875 
 1645 , 110.57421875 
 1646 , 109.939453125 
 1647 , 122.4609375 
 1648 , 125.556640625 
 1649 , 113.5546875 
 1650 , 109.7265625 
 1651 , 119.8359375 
 1652 , 117.12109375 
 1653 , 99.943359375 
 1654 , 114.3359375 
 1655 , 167.861328125 
 1656 , 195.736328125 
 1657 , 167.0703125 
 1658 , 120.87890625 
 1659 , 86.177734375 
 1660 , 63.92578125 
 1661 , 52.615234375 
 1662 , 47.15234375 
 1663 , 47.87109375 
 1664 , 71.927734375 
 1665 , 115.60546875 
 1666 , 123.11328125 
 1667 , 72.46875 
 1668 , 29.92578125 
 1669 , 40.833984375 
 1670 , 79.935546875 
 1671 , 119.91796875 
 1672 , 148.34375 
 1673 , 158.814453125 
 1674 , 155.85546875 
 1675 , 146.802734375 
 1676 , 142.396484375 
 1677 , 149.990234375 
 1678 , 165.05859375 
 1679 , 178.103515625 
 1680 , 174.939453125 
 1681 , 150.9375 
 1682 , 125.240234375 
 1683 , 115.46875 
 1684 , 125.685546875 
 1685 , 149.919921875 
 1686 , 165.345703125 
 1687 , 156.861328125 
 1688 , 128.78515625 
 1689 , 90.767578125 
 1690 , 68.44140625 
 1691 , 76.18359375 
 1692 , 81.63671875 
 1693 , 60.4921875 
 1694 , 39.61328125 
 1695 , 44.943359375 
 1696 , 68.20703125 
 1697 , 93.60546875 
 1698 , 109.009765625 
 1699 , 108.81640625 
 1700 , 98.021484375 
 1701 , 84.283203125 
 1702 , 79.6796875 
 1703 , 88.93359375 
 1704 , 97.56640625 
 1705 , 94.171875 
 1706 , 77.1171875 
 1707 , 48.41796875 
 1708 , 23.916015625 
 1709 , 13.953125 
 1710 , 8.951171875 
 1711 , 3.2890625 
 1712 , 7.796875 
 1713 , 26.6171875 
 1714 , 44.783203125 
 1715 , 53.876953125 
 1716 , 63.84765625 
 1717 , 78.65625 
 1718 , 87.16796875 
 1719 , 82.8046875 
 1720 , 71.62890625 
 1721 , 66.51953125 
 1722 , 89.986328125 
 1723 , 138.15625 
 1724 , 164.935546875 
 1725 , 154.4140625 
 1726 , 140.732421875 
 1727 , 141.259765625 
 1728 , 141.982421875 
 1729 , 131.724609375 
 1730 , 110.109375 
 1731 , 87.146484375 
 1732 , 80.677734375 
 1733 , 84.232421875 
 1734 , 68.29296875 
 1735 , 37.6953125 
 1736 , 28.697265625 
 1737 , 42.919921875 
 1738 , 50.875 
 1739 , 54.0390625 
 1740 , 81.099609375 
 1741 , 122.375 
 1742 , 134.140625 
 1743 , 114.912109375 
 1744 , 100.904296875 
 1745 , 106.177734375 
 1746 , 122.890625 
 1747 , 135.869140625 
 1748 , 130.076171875 
 1749 , 109.28515625 
 1750 , 86.609375 
 1751 , 67.416015625 
 1752 , 53.62109375 
 1753 , 50.931640625 
 1754 , 66.037109375 
 1755 , 93.775390625 
 1756 , 122.373046875 
 1757 , 143.447265625 
 1758 , 153.408203125 
 1759 , 157.18359375 
 1760 , 161.04296875 
 1761 , 175.17578125 
 1762 , 206.458984375 
 1763 , 224.603515625 
 1764 , 198.365234375 
 1765 , 161.025390625 
 1766 , 153.859375 
 1767 , 156.21484375 
 1768 , 141.943359375 
 1769 , 133.65234375 
 1770 , 148.083984375 
 1771 , 142.125 
 1772 , 89.41796875 
 1773 , 57.087890625 
 1774 , 93.44921875 
 1775 , 140.77734375 
 1776 , 148.830078125 
 1777 , 134.931640625 
 1778 , 124.896484375 
 1779 , 135.09765625 
 1780 , 159.3671875 
 1781 , 158.017578125 
 1782 , 120.720703125 
 1783 , 86.69140625 
 1784 , 70.248046875 
 1785 , 44.421875 
 1786 , 14.783203125 
 1787 , 31.388671875 
 1788 , 84.904296875 
 1789 , 97.546875 
 1790 , 58.044921875 
 1791 , 26.37109375 
 1792 , 26.9609375 
 1793 , 47.951171875 
 1794 , 74.34765625 
 1795 , 90.55078125 
 1796 , 99.708984375 
 1797 , 114.76171875 
 1798 , 117.1484375 
 1799 , 78.296875 
 1800 , 47.005859375 
 1801 , 93.39453125 
 1802 , 158.91015625 
 1803 , 151.779296875 
 1804 , 109.564453125 
 1805 , 98.83984375 
 1806 , 94.900390625 
 1807 , 60.47265625 
 1808 , 22.169921875 
 1809 , 11.509765625 
 1810 , 18.923828125 
 1811 , 28.412109375 
 1812 , 36.88671875 
 1813 , 48.0859375 
 1814 , 68.296875 
 1815 , 88.107421875 
 1816 , 74.94921875 
 1817 , 36.59765625 
 1818 , 43.28515625 
 1819 , 102.626953125 
 1820 , 135.3359375 
 1821 , 124.125 
 1822 , 126.130859375 
 1823 , 143.669921875 
 1824 , 125.177734375 
 1825 , 80.71875 
 1826 , 69.14453125 
 1827 , 93.93359375 
 1828 , 120.2421875 
 1829 , 138.7265625 
 1830 , 153.8828125 
 1831 , 150.396484375 
 1832 , 111.48828125 
 1833 , 67.01953125 
 1834 , 54.30078125 
 1835 , 64.01171875 
 1836 , 77.5078125 
 1837 , 92.59375 
 1838 , 105.796875 
 1839 , 98.599609375 
 1840 , 68.333984375 
 1841 , 59.55078125 
 1842 , 90.529296875 
 1843 , 111.763671875 
 1844 , 99.7294921875 
 1845 , 87.5546875 
 1846 , 95.7392578125 
 1847 , 120.46875 
 1848 , 149.9853515625 
 1849 , 164.5322265625 
 1850 , 161.4130859375 
 1851 , 155.2841796875 
 1852 , 151.310546875 
 1853 , 144.4501953125 
 1854 , 132.3740234375 
 1855 , 118.1826171875 
 1856 , 102.681640625 
 1857 , 84.7646484375 
 1858 , 73.0107421875 
 1859 , 75.958984375 
 1860 , 80.8818359375 
 1861 , 76.203125 
 1862 , 80.5927734375 
 1863 , 106.9833984375 
 1864 , 132.3525390625 
 1865 , 141.0419921875 
 1866 , 146.8076171875 
 1867 , 157.326171875 
 1868 , 161.5361328125 
 1869 , 153.86328125 
 1870 , 142.412109375 
 1871 , 127.728515625 
 1872 , 97.7978515625 
 1873 , 67.1640625 
 1874 , 72.9794921875 
 1875 , 101.796875 
 1876 , 109.640625 
 1877 , 101.5185546875 
 1878 , 104.0908203125 
 1879 , 107.7275390625 
 1880 , 94.8076171875 
 1881 , 87.818359375 
 1882 , 104.3271484375 
 1883 , 99.81640625 
 1884 , 53.1171875 
 1885 , 34.521484375 
 1886 , 80.4677734375 
 1887 , 137.013671875 
 1888 , 163.1455078125 
 1889 , 152.4013671875 
 1890 , 117.978515625 
 1891 , 92.1513671875 
 1892 , 86.9130859375 
 1893 , 93.97265625 
 1894 , 105.341796875 
 1895 , 114.0361328125 
 1896 , 106.888671875 
 1897 , 73.8720703125 
 1898 , 49.2548828125 
 1899 , 68.8046875 
 1900 , 98.1806640625 
 1901 , 97.9228515625 
 1902 , 73.86328125 
 1903 , 44.083984375 
 1904 , 34.3798828125 
 1905 , 50.681640625 
 1906 , 62.9921875 
 1907 , 63.54296875 
 1908 , 75.0341796875 
 1909 , 93.6162109375 
 1910 , 92.9638671875 
 1911 , 81.966796875 
 1912 , 88.8994140625 
 1913 , 109.9423828125 
 1914 , 129.1865234375 
 1915 , 137.935546875 
 1916 , 131.8876953125 
 1917 , 128.458984375 
 1918 , 142.677734375 
 1919 , 155.0390625 
 1920 , 150.51953125 
 1921 , 143.1943359375 
 1922 , 137.3623046875 
 1923 , 115.7880859375 
 1924 , 80.53515625 
 1925 , 57.4111328125 
 1926 , 58.0205078125 
 1927 , 79.7783203125 
 1928 , 107.974609375 
 1929 , 120.142578125 
 1930 , 108.58984375 
 1931 , 78.484375 
 1932 , 49.9287109375 
 1933 , 38.6591796875 
 1934 , 30.8955078125 
 1935 , 18.5703125 
 1936 , 25.7890625 
 1937 , 69.38671875 
 1938 , 142.6982421875 
 1939 , 216.833984375 
 1940 , 240.892578125 
 1941 , 215.1689453125 
 1942 , 185.703125 
 1943 , 169.5634765625 
 1944 , 162.345703125 
 1945 , 148.55859375 
 1946 , 113.7421875 
 1947 , 78.673828125 
 1948 , 68.28125 
 1949 , 74.9609375 
 1950 , 87.83984375 
 1951 , 109.3505859375 
 1952 , 132.9365234375 
 1953 , 131.107421875 
 1954 , 100.763671875 
 1955 , 74.76171875 
 1956 , 67.8505859375 
 1957 , 72.9228515625 
 1958 , 82.1220703125 
 1959 , 88.83984375 
 1960 , 85.3251953125 
 1961 , 66.5517578125 
 1962 , 43.55078125 
 1963 , 30.5947265625 
 1964 , 37.73046875 
 1965 , 64.9296875 
 1966 , 90.1689453125 
 1967 , 98.017578125 
 1968 , 90.1474609375 
 1969 , 77.8564453125 
 1970 , 76.294921875 
 1971 , 88.6328125 
 1972 , 111.6572265625 
 1973 , 124.9970703125 
 1974 , 106.955078125 
 1975 , 93.9140625 
 1976 , 121.0986328125 
 1977 , 145.2353515625 
 1978 , 129.1044921875 
 1979 , 92.228515625 
 1980 , 62.0693359375 
 1981 , 61.6162109375 
 1982 , 80.24609375 
 1983 , 78.4140625 
 1984 , 64.0361328125 
 1985 , 73.0068359375 
 1986 , 98.87109375 
 1987 , 119.716796875 
 1988 , 133.955078125 
 1989 , 141.875 
 1990 , 132.60546875 
 1991 , 114.5576171875 
 1992 , 134.748046875 
 1993 , 189.5615234375 
 1994 , 208.1298828125 
 1995 , 172.103515625 
 1996 , 114.6083984375 
 1997 , 90.744140625 
 1998 , 148.767578125 
 1999 , 215.9677734375 
 2000 , 207.2509765625 
 2001 , 173.38671875 
 2002 , 166.5556640625 
 2003 , 161.4296875 
 2004 , 147.0390625 
 2005 , 151.2421875 
 2006 , 169.6103515625 
 2007 , 163.966796875 
 2008 , 138.4931640625 
 2009 , 124.814453125 
 2010 , 130.240234375 
 2011 , 148.041015625 
 2012 , 159.37109375 
 2013 , 150.10546875 
 2014 , 129.28125 
 2015 , 113.60546875 
 2016 , 124.30078125 
 2017 , 149.828125 
 2018 , 144.32421875 
 2019 , 117.21875 
 2020 , 113.9208984375 
 2021 , 115.3818359375 
 2022 , 85.5703125 
 2023 , 63.1669921875 
 2024 , 86.046875 
 2025 , 119.166015625 
 2026 , 128.0556640625 
 2027 , 111.4150390625 
 2028 , 76.6259765625 
 2029 , 34.7646484375 
 2030 , 7.0654296875 
 2031 , 20.373046875 
 2032 , 60.1962890625 
 2033 , 90.845703125 
 2034 , 91.2802734375 
 2035 , 62.525390625 
 2036 , 44.8837890625 
 2037 , 57.9765625 
 2038 , 75.0107421875 
 2039 , 86.935546875 
 2040 , 102.19921875 
 2041 , 106.1533203125 
 2042 , 75.6123046875 
 2043 , 30.7275390625 
 2044 , 4.6103515625 
 2045 , 7.298828125 
 2046 , 35.7939453125 
 2047 , 67.0263671875 
 2048 , 83.5732421875 
 2049 , 83.4951171875 
 2050 , 77.478515625 
 2051 , 86.7763671875 
 2052 , 105.50390625 
 2053 , 114.2294921875 
 2054 , 113.935546875 
 2055 , 109.85546875 
 2056 , 95.3017578125 
 2057 , 68.60546875 
 2058 , 44.0478515625 
 2059 , 36.5 
 2060 , 56.8447265625 
 2061 , 83.7724609375 
 2062 , 79.1611328125 
 2063 , 64.0859375 
 2064 , 74.4482421875 
 2065 , 90.2197265625 
 2066 , 86.4970703125 
 2067 , 63.462890625 
 2068 , 47.3330078125 
 2069 , 94.171875 
 2070 , 166.7431640625 
 2071 , 154.0361328125 
 2072 , 85.5498046875 
 2073 , 53.5751953125 
 2074 , 60.0869140625 
 2075 , 78.439453125 
 2076 , 86.763671875 
 2077 , 86.947265625 
 2078 , 116.51953125 
 2079 , 154.8681640625 
 2080 , 127.314453125 
 2081 , 58.044921875 
 2082 , 22.27734375 
 2083 , 23.2080078125 
 2084 , 35.791015625 
 2085 , 33.4052734375 
 2086 , 17.80859375 
 2087 , 37.873046875 
 2088 , 88.41015625 
 2089 , 107.177734375 
 2090 , 85.4287109375 
 2091 , 51.6201171875 
 2092 , 50.6318359375 
 2093 , 104.84765625 
 2094 , 135.25390625 
 2095 , 104.353515625 
 2096 , 94.318359375 
 2097 , 124.5048828125 
 2098 , 134.2802734375 
 2099 , 126.4814453125 
 2100 , 140.15234375 
 2101 , 161.4990234375 
 2102 , 166.6650390625 
 2103 , 164.20703125 
 2104 , 159.294921875 
 2105 , 141.3369140625 
 2106 , 119.3095703125 
 2107 , 120.173828125 
 2108 , 136.7529296875 
 2109 , 145.193359375 
 2110 , 141.41796875 
 2111 , 128.7470703125 
 2112 , 114.08984375 
 2113 , 101.3291015625 
 2114 , 88.208984375 
 2115 , 76.74609375 
 2116 , 73.484375 
 2117 , 82.8056640625 
 2118 , 101.619140625 
 2119 , 99.89453125 
 2120 , 64.4755859375 
 2121 , 41.6171875 
 2122 , 47.0732421875 
 2123 , 45.341796875 
 2124 , 48.744140625 
 2125 , 97.7529296875 
 2126 , 141.3134765625 
 2127 , 119.36328125 
 2128 , 92.806640625 
 2129 , 106.0791015625 
 2130 , 113.9609375 
 2131 , 100.2099609375 
 2132 , 91.326171875 
 2133 , 89.912109375 
 2134 , 85.6181640625 
 2135 , 89.16796875 
 2136 , 102.9189453125 
 2137 , 85.421875 
 2138 , 41.0537109375 
 2139 , 51.16796875 
 2140 , 103.4169921875 
 2141 , 111.7802734375 
 2142 , 90.748046875 
 2143 , 88.970703125 
 2144 , 97.08203125 
 2145 , 99.65625 
 2146 , 98.541015625 
 2147 , 100.9990234375 
 2148 , 115.337890625 
 2149 , 122.4267578125 
 2150 , 96.5888671875 
 2151 , 67.6650390625 
 2152 , 61.8515625 
 2153 , 48.001953125 
 2154 , 22.302734375 
 2155 , 27.265625 
 2156 , 50.1904296875 
 2157 , 41.1298828125 
 2158 , 15.4609375 
 2159 , 6.0048828125 
 2160 , 11.537109375 
 2161 , 25.390625 
 2162 , 43.4306640625 
 2163 , 61.7841796875 
 2164 , 75.783203125 
 2165 , 73.5205078125 
 2166 , 51.5029296875 
 2167 , 48.091796875 
 2168 , 75.76171875 
 2169 , 73.103515625 
 2170 , 41.0419921875 
 2171 , 50.6708984375 
 2172 , 91.916015625 
 2173 , 116.498046875 
 2174 , 130.48828125 
 2175 , 144.3642578125 
 2176 , 140.9609375 
 2177 , 119.974609375 
 2178 , 105.298828125 
 2179 , 103.3515625 
 2180 , 108.8828125 
 2181 , 120.6904296875 
 2182 , 133.71875 
 2183 , 129.6220703125 
 2184 , 97.8291015625 
 2185 , 44.4716796875 
 2186 , 22.880859375 
 2187 , 92.06640625 
 2188 , 157.060546875 
 2189 , 135.6171875 
 2190 , 129.556640625 
 2191 , 168.025390625 
 2192 , 145.44140625 
 2193 , 85.5517578125 
 2194 , 88.1123046875 
 2195 , 104.6162109375 
 2196 , 73.0908203125 
 2197 , 47.0341796875 
 2198 , 61.955078125 
 2199 , 99.216796875 
 2200 , 128.2998046875 
 2201 , 121.556640625 
 2202 , 101.705078125 
 2203 , 95.6650390625 
 2204 , 92.5615234375 
 2205 , 87.5078125 
 2206 , 90.8583984375 
 2207 , 95.5732421875 
 2208 , 86.7685546875 
 2209 , 77.091796875 
 2210 , 78.0625 
 2211 , 74.1904296875 
 2212 , 64.92578125 
 2213 , 71.703125 
 2214 , 86.603515625 
 2215 , 86 
 2216 , 68.990234375 
 2217 , 45.3837890625 
 2218 , 33.1455078125 
 2219 , 34.9091796875 
 2220 , 34.8798828125 
 2221 , 27.630859375 
 2222 , 17.7265625 
 2223 , 25.865234375 
 2224 , 57.443359375 
 2225 , 76.6494140625 
 2226 , 75.5283203125 
 2227 , 77.953125 
 2228 , 80.1064453125 
 2229 , 70.2421875 
 2230 , 66.041015625 
 2231 , 78.9912109375 
 2232 , 96.431640625 
 2233 , 109.908203125 
 2234 , 115.490234375 
 2235 , 100.5751953125 
 2236 , 64.9384765625 
 2237 , 56.7841796875 
 2238 , 88.962890625 
 2239 , 112.3427734375 
 2240 , 112.23828125 
 2241 , 100.7041015625 
 2242 , 88.484375 
 2243 , 82.1953125 
 2244 , 78.08203125 
 2245 , 71.923828125 
 2246 , 61.1494140625 
 2247 , 43.0791015625 
 2248 , 21.3583984375 
 2249 , 24.8916015625 
 2250 , 59.603515625 
 2251 , 80.65234375 
 2252 , 70.478515625 
 2253 , 41.453125 
 2254 , 18.75390625 
 2255 , 25.4130859375 
 2256 , 59.5166015625 
 2257 , 97.2998046875 
 2258 , 97.1669921875 
 2259 , 79.8154296875 
 2260 , 93.0595703125 
 2261 , 107.1767578125 
 2262 , 100.6787109375 
 2263 , 117.6318359375 
 2264 , 145.9052734375 
 2265 , 121.1708984375 
 2266 , 79.443359375 
 2267 , 77.7685546875 
 2268 , 84.5068359375 
 2269 , 79.52734375 
 2270 , 84.0390625 
 2271 , 92.4111328125 
 2272 , 78.982421875 
 2273 , 76.48046875 
 2274 , 91.5302734375 
 2275 , 50.37109375 
 2276 ,-15.8583984375 
 2277 , 16.3896484375 
 2278 , 96.169921875 
 2279 , 119.771484375 
 2280 , 86.302734375 
 2281 , 44.6796875 
 2282 , 75.6728515625 
 2283 , 139.2412109375 
 2284 , 128.384765625 
 2285 , 83.6328125 
 2286 , 62.392578125 
 2287 , 66.533203125 
 2288 , 80.353515625 
 2289 , 80.1298828125 
 2290 , 57.916015625 
 2291 , 22.798828125 
 2292 , 14.7255859375 
 2293 , 38.3779296875 
 2294 , 49.2646484375 
 2295 , 41.7802734375 
 2296 , 32.9326171875 
 2297 , 27.6328125 
 2298 , 28.451171875 
 2299 , 36.8759765625 
 2300 , 43.451171875 
 2301 , 39.3037109375 
 2302 , 24.3232421875 
 2303 , 4.5927734375 
 2304 ,-4.0888671875 
 2305 , 12.2861328125 
 2306 , 56.8818359375 
 2307 , 90.7763671875 
 2308 , 85.25 
 2309 , 87.0712890625 
 2310 , 111.1767578125 
 2311 , 122.8173828125 
 2312 , 125.546875 
 2313 , 135.8955078125 
 2314 , 123.4921875 
 2315 , 84.0244140625 
 2316 , 65.9716796875 
 2317 , 65.728515625 
 2318 , 48.365234375 
 2319 , 33.4462890625 
 2320 , 34.34765625 
 2321 , 25.6201171875 
 2322 ,-2.4638671875 
 2323 ,-32.19140625 
 2324 ,-19.8251953125 
 2325 , 43.7470703125 
 2326 , 91.1083984375 
 2327 , 85.9228515625 
 2328 , 34.1474609375 
 2329 ,-15.9990234375 
 2330 , 10 
 2331 , 10 
 2332 , 10 
 2333 , 10 
 2334 , 10 
 2335 , 10 
 2336 , 10 
 2337 , 10 
 2338 , 10 
 2339 , 10 
