11-20-2017,17:52:13
Wavenumber(cm-1),Intensity
 250 , 13110.8234911372 
 251 , 13108.7782264958 
 252 , 13116.6366040008 
 253 , 13135.4774334306 
 254 , 13149.3540398969 
 255 , 13142.3868630908 
 256 , 13120.9436284255 
 257 , 13107.9395473843 
 258 , 13121.9429036907 
 259 , 13155.905226411 
 260 , 13194.1754843392 
 261 , 13223.8198796273 
 262 , 13238.1741592883 
 263 , 13231.9767410684 
 264 , 13213.2985190854 
 265 , 13204.30028627 
 266 , 13224.5464415542 
 267 , 13266.9565446043 
 268 , 13311.4712507801 
 269 , 13343.3236948566 
 270 , 13365.5894422201 
 271 , 13384.949232257 
 272 , 13403.5353591582 
 273 , 13416.8540674789 
 274 , 13420.7618227712 
 275 , 13421.8319082181 
 276 , 13433.8292091724 
 277 , 13466.0462102704 
 278 , 13506.271796144 
 279 , 13536.1113590576 
 280 , 13548.1583801957 
 281 , 13556.5573199533 
 282 , 13577.031403964 
 283 , 13607.9525038421 
 284 , 13632.2934436668 
 285 , 13636.3634790571 
 286 , 13631.1783139111 
 287 , 13637.4459034484 
 288 , 13666.8956333949 
 289 , 13708.0009274261 
 290 , 13745.6944969059 
 291 , 13769.7210605242 
 292 , 13775.2861091742 
 293 , 13759.8948996397 
 294 , 13738.147089887 
 295 , 13733.2946659955 
 296 , 13759.7583820097 
 297 , 13802.3924699382 
 298 , 13840.1135269397 
 299 , 13861.0080287019 
 300 , 13866.0778432859 
 301 , 13857.8199280248 
 302 , 13844.5694724055 
 303 , 13838.3163079651 
 304 , 13848.127229158 
 305 , 13870.7108779084 
 306 , 13899.5703180335 
 307 , 13928.0879201402 
 308 , 13949.4409942638 
 309 , 13957.4790690579 
 310 , 13955.9431460165 
 311 , 13955.9576539327 
 312 , 13967.2388598913 
 313 , 13991.5709832613 
 314 , 14028.2444023902 
 315 , 14074.1616178604 
 316 , 14121.4707500686 
 317 , 14162.0712328508 
 318 , 14193.4636782225 
 319 , 14217.9703030072 
 320 , 14237.9662622113 
 321 , 14255.2169934867 
 322 , 14271.2673120906 
 323 , 14287.6367480377 
 324 , 14305.7882223482 
 325 , 14327.0055166803 
 326 , 14348.8961902008 
 327 , 14365.5328722321 
 328 , 14372.5645890162 
 329 , 14376.9447074826 
 330 , 14390.1775591387 
 331 , 14418.4199014945 
 332 , 14454.4390489223 
 333 , 14489.0238590123 
 334 , 14514.8893269655 
 335 , 14526.7557330899 
 336 , 14521.2151698211 
 337 , 14507.5718055383 
 338 , 14500.6550851394 
 339 , 14510.5996108463 
 340 , 14534.9699233174 
 341 , 14569.1345218572 
 342 , 14605.0623452259 
 343 , 14631.0074127267 
 344 , 14636.8252200216 
 345 , 14625.7805439932 
 346 , 14607.2196598842 
 347 , 14590.6625849769 
 348 , 14586.0236062679 
 349 , 14602.8491657416 
 350 , 14638.4766709714 
 351 , 14676.6673012585 
 352 , 14702.4344361363 
 353 , 14715.6153157618 
 354 , 14722.8210875846 
 355 , 14730.5708545697 
 356 , 14745.0363423245 
 357 , 14772.0659042145 
 358 , 14810.2782525864 
 359 , 14850.361203172 
 360 , 14883.4525371095 
 361 , 14906.9644640171 
 362 , 14921.1091112243 
 363 , 14928.8303387052 
 364 , 14940.2397240591 
 365 , 14966.1500081774 
 366 , 15005.6647813166 
 367 , 15045.6018220171 
 368 , 15073.9937204855 
 369 , 15091.2023880943 
 370 , 15102.7633359535 
 371 , 15113.3806142592 
 372 , 15125.673620463 
 373 , 15141.9288182031 
 374 , 15164.0190192233 
 375 , 15193.4145184121 
 376 , 15230.3337297578 
 377 , 15267.3461942699 
 378 , 15294.1301870199 
 379 , 15307.0668568709 
 380 , 15317.3820953313 
 381 , 15337.5204634535 
 382 , 15365.8255637996 
 383 , 15388.303361299 
 384 , 15394.7526308795 
 385 , 15397.6898505419 
 386 , 15417.155394213 
 387 , 15460.557962771 
 388 , 15510.8661342574 
 389 , 15549.381064772 
 390 , 15574.011657077 
 391 , 15595.327972729 
 392 , 15621.1451193778 
 393 , 15645.2953970612 
 394 , 15657.7792354485 
 395 , 15658.6189674182 
 396 , 15664.2885840156 
 397 , 15690.806128599 
 398 , 15731.2361411703 
 399 , 15763.8872066813 
 400 , 15774.1048235492 
 401 , 15774.222281822 
 402 , 15782.568566046 
 403 , 15806.50508471 
 404 , 15838.5357906377 
 405 , 15870.7307590425 
 406 , 15900.6900132019 
 407 , 15928.9080303463 
 408 , 15956.5596516787 
 409 , 15986.7355461591 
 410 , 16022.7472974718 
 411 , 16064.4818000153 
 412 , 16108.103177531 
 413 , 16149.2284468285 
 414 , 16181.071750267 
 415 , 16195.8935740835 
 416 , 16192.6495036611 
 417 , 16185.3585265547 
 418 , 16189.2819182031 
 419 , 16205.5531189604 
 420 , 16223.3431267614 
 421 , 16234.7170169847 
 422 , 16247.8193796966 
 423 , 16275.5760376877 
 424 , 16319.342560494 
 425 , 16360.8959242446 
 426 , 16382.0132581443 
 427 , 16386.1155724392 
 428 , 16390.4219648963 
 429 , 16407.8133657094 
 430 , 16435.1250045765 
 431 , 16465.717095848 
 432 , 16494.7864546535 
 433 , 16519.8179560837 
 434 , 16538.11066979 
 435 , 16544.4526595648 
 436 , 16532.5021473247 
 437 , 16505.0536674232 
 438 , 16487.3606159122 
 439 , 16506.5096226942 
 440 , 16560.148315731 
 441 , 16619.6017776597 
 442 , 16659.9325862216 
 443 , 16679.8640856396 
 444 , 16685.6154176119 
 445 , 16684.3357643148 
 446 , 16684.7429889388 
 447 , 16694.8355676467 
 448 , 16713.0136592706 
 449 , 16731.7269499961 
 450 , 16746.4456385182 
 451 , 16762.9232272914 
 452 , 16788.757989763 
 453 , 16823.2302036505 
 454 , 16856.0703884819 
 455 , 16878.1703001648 
 456 , 16891.6908397657 
 457 , 16903.3943162009 
 458 , 16917.4583574923 
 459 , 16932.5451677512 
 460 , 16946.842417009 
 461 , 16961.9068518445 
 462 , 16981.853381844 
 463 , 17008.7140847345 
 464 , 17035.7744211937 
 465 , 17054.208187172 
 466 , 17060.1531009286 
 467 , 17056.4770695064 
 468 , 17047.2507799342 
 469 , 17042.343272483 
 470 , 17054.387848815 
 471 , 17088.5467128324 
 472 , 17131.6673828236 
 473 , 17168.4775644029 
 474 , 17194.7088556659 
 475 , 17215.4691843288 
 476 , 17235.5324220128 
 477 , 17256.7818698755 
 478 , 17280.2520732043 
 479 , 17305.6512751181 
 480 , 17330.7357805043 
 481 , 17353.12435625 
 482 , 17370.5992016696 
 483 , 17381.0296491285 
 484 , 17383.6783315611 
 485 , 17381.3939694574 
 486 , 17377.6468316214 
 487 , 17376.8679738647 
 488 , 17384.332388481 
 489 , 17403.7897932284 
 490 , 17431.7930173603 
 491 , 17462.8624110543 
 492 , 17494.0890432281 
 493 , 17526.3349109908 
 494 , 17560.3498872978 
 495 , 17593.388050531 
 496 , 17620.9482851621 
 497 , 17640.1911653494 
 498 , 17652.4194940861 
 499 , 17659.4828483847 
 500 , 17661.8410935173 
 501 , 17658.7975260412 
 502 , 17650.8022219972 
 503 , 17643.3516923213 
 504 , 17643.2543697796 
 505 , 17655.8700949452 
 506 , 17684.6142014955 
 507 , 17730.1235020513 
 508 , 17773.3895246649 
 509 , 17786.6521839921 
 510 , 17760.8794720691 
 511 , 17727.7694218966 
 512 , 17722.1060108489 
 513 , 17747.8866246767 
 514 , 17786.8086845533 
 515 , 17823.246064052 
 516 , 17852.9226603872 
 517 , 17874.181259906 
 518 , 17887.7834363165 
 519 , 17897.2239239965 
 520 , 17906.1061148972 
 521 , 17917.8081471969 
 522 , 17935.5808109023 
 523 , 17958.8717504489 
 524 , 17980.4773731487 
 525 , 17993.4177817578 
 526 , 17999.6940123394 
 527 , 18006.4903702874 
 528 , 18019.5999286051 
 529 , 18040.8425114938 
 530 , 18070.9905841049 
 531 , 18103.9518349286 
 532 , 18127.6232663588 
 533 , 18133.8878263875 
 534 , 18132.7295227859 
 535 , 18138.7390833951 
 536 , 18155.5026187878 
 537 , 18172.2707649732 
 538 , 18179.4877483293 
 539 , 18182.3158999198 
 540 , 18192.0394358821 
 541 , 18216.6335261888 
 542 , 18257.6437765657 
 543 , 18314.7216220591 
 544 , 18374.6862527824 
 545 , 18416.3894596597 
 546 , 18427.2143648372 
 547 , 18419.4833854139 
 548 , 18409.7789580014 
 549 , 18410.7352480326 
 550 , 18431.4427243137 
 551 , 18476.3124983939 
 552 , 18530.0481604082 
 553 , 18572.4389864412 
 554 , 18598.7637968582 
 555 , 18624.0378543547 
 556 , 18661.2525059846 
 557 , 18702.0326929418 
 558 , 18729.6132128762 
 559 , 18737.2334835448 
 560 , 18736.1530049244 
 561 , 18738.3425158134 
 562 , 18744.3398469521 
 563 , 18748.2296138183 
 564 , 18747.8863822943 
 565 , 18750.9889401537 
 566 , 18766.0878785426 
 567 , 18791.6343501927 
 568 , 18818.1911355733 
 569 , 18837.6445955869 
 570 , 18847.3915679974 
 571 , 18846.3138435932 
 572 , 18839.6103045401 
 573 , 18839.1661370001 
 574 , 18853.8410438285 
 575 , 18875.5648704207 
 576 , 18891.1251409243 
 577 , 18896.7617252243 
 578 , 18902.1113105848 
 579 , 18916.4466653147 
 580 , 18939.2623193371 
 581 , 18965.8304214724 
 582 , 18991.219378324 
 583 , 19010.1450619922 
 584 , 19018.1295828106 
 585 , 19019.127213942 
 586 , 19021.9262194181 
 587 , 19031.6650809177 
 588 , 19044.2193287676 
 589 , 19054.1852682791 
 590 , 19058.2147296411 
 591 , 19054.4956235746 
 592 , 19043.4176891407 
 593 , 19032.5222765802 
 594 , 19030.5466396818 
 595 , 19040.3268149777 
 596 , 19059.0680752123 
 597 , 19083.4382084264 
 598 , 19108.7487592289 
 599 , 19130.0722146372 
 600 , 19146.6977099909 
 601 , 19162.9818554693 
 602 , 19182.2517758346 
 603 , 19200.3585249296 
 604 , 19210.6431699897 
 605 , 19211.9465802096 
 606 , 19211.3472896827 
 607 , 19216.3955470572 
 608 , 19233.1661169439 
 609 , 19267.0146667561 
 610 , 19316.1734583968 
 611 , 19365.7153378784 
 612 , 19400.9113950147 
 613 , 19422.0739597232 
 614 , 19437.6701829009 
 615 , 19455.1372753487 
 616 , 19479.3988384971 
 617 , 19514.4936760541 
 618 , 19558.0451332829 
 619 , 19603.4694695622 
 620 , 19646.3302711297 
 621 , 19688.2940622275 
 622 , 19731.9534428928 
 623 , 19778.1721607062 
 624 , 19826.4638202989 
 625 , 19874.2193261563 
 626 , 19911.9296366974 
 627 , 19929.142987851 
 628 , 19924.8893942251 
 629 , 19906.8735478043 
 630 , 19883.1382119384 
 631 , 19861.7990089931 
 632 , 19850.8266909587 
 633 , 19854.0423838368 
 634 , 19870.8788025406 
 635 , 19899.1627416274 
 636 , 19930.2870149123 
 637 , 19953.9977364784 
 638 , 19966.8839086137 
 639 , 19973.7927745733 
 640 , 19979.4110202823 
 641 , 19984.9420100003 
 642 , 19990.4330610327 
 643 , 19995.9429823426 
 644 , 20001.5472519428 
 645 , 20007.7433648773 
 646 , 20017.5892933037 
 647 , 20035.035626687 
 648 , 20060.0642846627 
 649 , 20086.6454539921 
 650 , 20108.3719393227 
 651 , 20119.6824901236 
 652 , 20115.4654038605 
 653 , 20097.5751600956 
 654 , 20079.4621845262 
 655 , 20074.0826854801 
 656 , 20082.2778710949 
 657 , 20099.3127100707 
 658 , 20119.9467053889 
 659 , 20138.0788288277 
 660 , 20148.4926412642 
 661 , 20154.1030647112 
 662 , 20161.8379853577 
 663 , 20175.3192445704 
 664 , 20191.7053428071 
 665 , 20208.1100009828 
 666 , 20227.9101182511 
 667 , 20257.7511259158 
 668 , 20297.452326085 
 669 , 20332.7770476109 
 670 , 20349.646573775 
 671 , 20351.9768959933 
 672 , 20353.6620221034 
 673 , 20364.7064865372 
 674 , 20386.5625682017 
 675 , 20418.8464733149 
 676 , 20453.8392647754 
 677 , 20479.6381855229 
 678 , 20491.9357820464 
 679 , 20503.2686471336 
 680 , 20526.3037503139 
 681 , 20551.9559072629 
 682 , 20558.4256059435 
 683 , 20540.3292752906 
 684 , 20529.3695624317 
 685 , 20558.2338917721 
 686 , 20617.5614146395 
 687 , 20673.11787705 
 688 , 20701.3661996052 
 689 , 20703.4597798221 
 690 , 20684.5237459796 
 691 , 20656.0389758398 
 692 , 20633.2098590405 
 693 , 20626.5403818594 
 694 , 20636.0326899683 
 695 , 20659.7816224903 
 696 , 20690.8427888308 
 697 , 20719.3780986258 
 698 , 20739.3742642661 
 699 , 20753.1314925169 
 700 , 20763.8630633522 
 701 , 20773.1712310201 
 702 , 20781.7570246632 
 703 , 20790.4504117283 
 704 , 20800.3686115232 
 705 , 20812.2133169294 
 706 , 20822.5739268378 
 707 , 20825.8810745042 
 708 , 20821.5643954673 
 709 , 20818.8952757813 
 710 , 20826.3667183895 
 711 , 20836.188258031 
 712 , 20832.5187567548 
 713 , 20814.1346327956 
 714 , 20806.7344302344 
 715 , 20833.8151311303 
 716 , 20879.4378960632 
 717 , 20909.4687362067 
 718 , 20907.875222582 
 719 , 20889.4592727482 
 720 , 20870.510547035 
 721 , 20856.8430950177 
 722 , 20849.7592124253 
 723 , 20848.5272289103 
 724 , 20849.299703667 
 725 , 20850.0429184389 
 726 , 20861.7033687207 
 727 , 20899.8031861442 
 728 , 20960.6611315369 
 729 , 21013.8562943613 
 730 , 21032.9881130352 
 731 , 21024.5629162663 
 732 , 21006.3063558272 
 733 , 20995.725461764 
 734 , 21010.0445837818 
 735 , 21059.4279508809 
 736 , 21120.5079292695 
 737 , 21160.6764531823 
 738 , 21166.9745088089 
 739 , 21147.8484852536 
 740 , 21114.6116417316 
 741 , 21085.860620882 
 742 , 21081.1832556932 
 743 , 21102.1356322498 
 744 , 21133.2172726616 
 745 , 21162.4124304603 
 746 , 21192.0056281452 
 747 , 21226.7227905365 
 748 , 21261.0336250539 
 749 , 21281.1005157456 
 750 , 21279.8725708007 
 751 , 21270.4778742751 
 752 , 21268.6002216512 
 753 , 21276.7381741485 
 754 , 21288.3679634763 
 755 , 21299.0136519549 
 756 , 21309.4770496948 
 757 , 21321.2339581012 
 758 , 21334.8538618961 
 759 , 21350.382041433 
 760 , 21366.8683913074 
 761 , 21381.4378937572 
 762 , 21391.1373767459 
 763 , 21394.1199120788 
 764 , 21389.1104781913 
 765 , 21378.4899712255 
 766 , 21370.4199179288 
 767 , 21371.6287477088 
 768 , 21377.1538291376 
 769 , 21377.8305265695 
 770 , 21369.9741730176 
 771 , 21356.9031193728 
 772 , 21342.82594399 
 773 , 21333.976528998 
 774 , 21336.8142731775 
 775 , 21349.1353813388 
 776 , 21359.9082304564 
 777 , 21361.4253500261 
 778 , 21359.2767928302 
 779 , 21361.6169204375 
 780 , 21370.1342768574 
 781 , 21381.3245226426 
 782 , 21392.816238314 
 783 , 21405.7124373765 
 784 , 21421.2351838866 
 785 , 21435.4469583394 
 786 , 21441.2339726264 
 787 , 21437.3666826648 
 788 , 21434.8143723091 
 789 , 21444.3948123996 
 790 , 21463.9113799219 
 791 , 21485.1003190245 
 792 , 21505.4359635494 
 793 , 21531.3637035368 
 794 , 21567.2653104397 
 795 , 21601.4990323801 
 796 , 21617.3172466114 
 797 , 21613.8443844476 
 798 , 21608.7487053296 
 799 , 21615.7023185843 
 800 , 21627.9753473578 
 801 , 21634.3073534268 
 802 , 21634.7523898488 
 803 , 21639.199760527 
 804 , 21654.1007587216 
 805 , 21675.096178602 
 806 , 21696.179419561 
 807 , 21714.5484004 
 808 , 21729.425507163 
 809 , 21737.5447036975 
 810 , 21730.4952065516 
 811 , 21702.9920771578 
 812 , 21678.0257353654 
 813 , 21690.8361126201 
 814 , 21744.3322267527 
 815 , 21794.3010246699 
 816 , 21803.1012729849 
 817 , 21785.1810360671 
 818 , 21770.6657848489 
 819 , 21770.7421839106 
 820 , 21777.0085931909 
 821 , 21781.2258643077 
 822 , 21778.7835611018 
 823 , 21766.48960943 
 824 , 21750.0369066343 
 825 , 21741.5403093639 
 826 , 21745.8203764592 
 827 , 21750.6889418031 
 828 , 21743.6637529331 
 829 , 21729.6080856859 
 830 , 21721.8960465861 
 831 , 21725.8344193156 
 832 , 21734.13104807 
 833 , 21739.9663972958 
 834 , 21744.775997382 
 835 , 21752.4801692665 
 836 , 21760.8788795789 
 837 , 21761.3298499357 
 838 , 21748.5120116469 
 839 , 21729.3875008555 
 840 , 21713.1175588934 
 841 , 21703.6067720649 
 842 , 21701.0392492268 
 843 , 21704.7362476072 
 844 , 21712.3168818223 
 845 , 21721.5228235769 
 846 , 21732.74246086 
 847 , 21747.4911735472 
 848 , 21762.7488277989 
 849 , 21769.0933552243 
 850 , 21760.1719996055 
 851 , 21746.1191176832 
 852 , 21741.1756822379 
 853 , 21746.2438000991 
 854 , 21749.994340505 
 855 , 21746.8906948986 
 856 , 21749.0681953657 
 857 , 21769.2747335177 
 858 , 21794.6992244159 
 859 , 21797.7719924568 
 860 , 21771.9496152099 
 861 , 21747.8444493706 
 862 , 21754.1586409337 
 863 , 21786.5578287316 
 864 , 21828.7887310232 
 865 , 21865.3214844523 
 866 , 21881.4401176688 
 867 , 21870.9283887049 
 868 , 21856.378831736 
 869 , 21864.632165369 
 870 , 21898.8406030276 
 871 , 21945.9862971165 
 872 , 21997.089393253 
 873 , 22051.9322379928 
 874 , 22111.0514631887 
 875 , 22172.9910397821 
 876 , 22235.6730596618 
 877 , 22303.6853561215 
 878 , 22389.7279231665 
 879 , 22500.1465874995 
 880 , 22615.5652312707 
 881 , 22711.802109612 
 882 , 22781.9216117516 
 883 , 22831.6229523898 
 884 , 22861.2707757847 
 885 , 22859.2249498115 
 886 , 22814.8576753407 
 887 , 22735.5125401003 
 888 , 22636.1368146525 
 889 , 22527.8618902598 
 890 , 22417.0302951407 
 891 , 22310.8692897366 
 892 , 22221.09789756 
 893 , 22159.1899502694 
 894 , 22118.5604058157 
 895 , 22079.5342972272 
 896 , 22032.6054610954 
 897 , 21990.0413518085 
 898 , 21963.8756438805 
 899 , 21946.3579977772 
 900 , 21922.0579280952 
 901 , 21889.8798686782 
 902 , 21865.6504003863 
 903 , 21860.6723473458 
 904 , 21867.0311155475 
 905 , 21873.2087778955 
 906 , 21874.928573118 
 907 , 21872.7508038687 
 908 , 21867.7375165654 
 909 , 21861.7235929699 
 910 , 21855.9577294121 
 911 , 21847.7770710353 
 912 , 21833.3261658964 
 913 , 21814.1302892186 
 914 , 21797.2655611727 
 915 , 21787.8599192441 
 916 , 21784.52992548 
 917 , 21785.0287661827 
 918 , 21790.3590063759 
 919 , 21803.2684471272 
 920 , 21821.3273048772 
 921 , 21834.0411311076 
 922 , 21832.3987337075 
 923 , 21817.5022422424 
 924 , 21793.6517307815 
 925 , 21769.6381645416 
 926 , 21757.9791356046 
 927 , 21765.2673795377 
 928 , 21784.1811318032 
 929 , 21805.5651630433 
 930 , 21821.1183323228 
 931 , 21823.166952794 
 932 , 21812.3152726044 
 933 , 21799.0618077592 
 934 , 21792.6015071059 
 935 , 21795.7310083081 
 936 , 21808.8801321813 
 937 , 21821.2573206041 
 938 , 21815.2753504415 
 939 , 21788.1666557384 
 940 , 21762.118547231 
 941 , 21755.7138215583 
 942 , 21758.1881164647 
 943 , 21751.1313472938 
 944 , 21739.8060034391 
 945 , 21749.6504289637 
 946 , 21790.87924018 
 947 , 21837.1999893282 
 948 , 21860.3604261978 
 949 , 21853.9923902999 
 950 , 21821.5284894563 
 951 , 21781.6651859803 
 952 , 21770.3874820216 
 953 , 21807.8670662121 
 954 , 21862.1233863849 
 955 , 21894.6475605937 
 956 , 21901.7788865468 
 957 , 21899.2743963812 
 958 , 21894.6551302877 
 959 , 21883.0140252035 
 960 , 21860.1072250287 
 961 , 21828.5309744712 
 962 , 21792.9257600621 
 963 , 21761.6988057322 
 964 , 21745.8861099306 
 965 , 21749.1726865903 
 966 , 21761.4598836387 
 967 , 21773.0453797825 
 968 , 21784.3201471188 
 969 , 21798.7078951931 
 970 , 21813.8811848511 
 971 , 21822.4316832429 
 972 , 21819.7759354761 
 973 , 21808.2371060828 
 974 , 21791.8406612502 
 975 , 21779.507500109 
 976 , 21781.6502928314 
 977 , 21795.5620715096 
 978 , 21804.6092071078 
 979 , 21800.8999073713 
 980 , 21802.7266492102 
 981 , 21829.0591582401 
 982 , 21867.5691329645 
 983 , 21891.2259551483 
 984 , 21892.5843189701 
 985 , 21888.6034378793 
 986 , 21893.5491524722 
 987 , 21907.9004221813 
 988 , 21928.8628963835 
 989 , 21949.2059667148 
 990 , 21959.4434843401 
 991 , 21961.3274849521 
 992 , 21972.4808623045 
 993 , 22004.034569159 
 994 , 22038.3447559385 
 995 , 22054.3592777349 
 996 , 22068.3668674527 
 997 , 22119.6507727566 
 998 , 22217.7219996148 
 999 , 22325.1240124613 
 1000 , 22415.1121377904 
 1001 , 22522.3002650116 
 1002 , 22693.5698830359 
 1003 , 22929.8766841911 
 1004 , 23200.6193530354 
 1005 , 23460.8849931782 
 1006 , 23642.7727881856 
 1007 , 23687.1794511751 
 1008 , 23584.0339251766 
 1009 , 23340.3500716125 
 1010 , 23009.6215635568 
 1011 , 22678.5351492222 
 1012 , 22406.7870213068 
 1013 , 22205.3860984905 
 1014 , 22075.2955620319 
 1015 , 21993.7447811331 
 1016 , 21932.581582026 
 1017 , 21884.8415791426 
 1018 , 21859.1597063853 
 1019 , 21857.0675220508 
 1020 , 21866.7502672307 
 1021 , 21876.3172252835 
 1022 , 21879.9954588969 
 1023 , 21874.3288250789 
 1024 , 21863.2867687193 
 1025 , 21856.269777118 
 1026 , 21857.9912579563 
 1027 , 21864.6598444584 
 1028 , 21873.3118965297 
 1029 , 21888.7452567921 
 1030 , 21917.4574994922 
 1031 , 21958.9465780576 
 1032 , 22007.7115521168 
 1033 , 22059.8776338429 
 1034 , 22114.5164554981 
 1035 , 22168.4361433425 
 1036 , 22207.398211906 
 1037 , 22215.7281231526 
 1038 , 22197.0832240053 
 1039 , 22168.0745487531 
 1040 , 22136.5820835664 
 1041 , 22096.240030139 
 1042 , 22044.3252578456 
 1043 , 21997.6272200973 
 1044 , 21975.4124573028 
 1045 , 21970.7138724347 
 1046 , 21960.6747457065 
 1047 , 21943.0897797276 
 1048 , 21945.9064188132 
 1049 , 21987.6852564584 
 1050 , 22045.4765784714 
 1051 , 22089.0396063638 
 1052 , 22106.0743088138 
 1053 , 22094.4360989927 
 1054 , 22060.0705892301 
 1055 , 22019.1242236216 
 1056 , 21985.5541571759 
 1057 , 21964.5995109042 
 1058 , 21958.2167180963 
 1059 , 21955.3937617599 
 1060 , 21939.5973853019 
 1061 , 21913.3379778121 
 1062 , 21900.1269409098 
 1063 , 21911.6061690688 
 1064 , 21926.175406744 
 1065 , 21921.0637009484 
 1066 , 21900.1528925353 
 1067 , 21877.5079413068 
 1068 , 21857.1974577861 
 1069 , 21834.0453546334 
 1070 , 21808.0230091273 
 1071 , 21790.6695329625 
 1072 , 21790.5998532754 
 1073 , 21793.6496043851 
 1074 , 21780.1426212465 
 1075 , 21757.4618447456 
 1076 , 21753.1821394003 
 1077 , 21775.4238652306 
 1078 , 21798.6327136075 
 1079 , 21800.8376827445 
 1080 , 21787.564508064 
 1081 , 21771.1134616785 
 1082 , 21762.2211807228 
 1083 , 21770.3563855072 
 1084 , 21791.5038052044 
 1085 , 21803.8232238601 
 1086 , 21793.1360800642 
 1087 , 21772.2772011357 
 1088 , 21757.1407175168 
 1089 , 21748.0796805401 
 1090 , 21738.4888119527 
 1091 , 21725.2622686519 
 1092 , 21708.8878876366 
 1093 , 21691.2757374755 
 1094 , 21677.1737451378 
 1095 , 21668.7968719373 
 1096 , 21652.6222066401 
 1097 , 21611.4319684792 
 1098 , 21551.1098321766 
 1099 , 21494.8654703957 
 1100 , 21454.615682661 
 1101 , 21423.0620432457 
 1102 , 21393.0800592346 
 1103 , 21364.9090591482 
 1104 , 21340.3201931824 
 1105 , 21319.1946511221 
 1106 , 21300.3204052253 
 1107 , 21280.5550531048 
 1108 , 21254.5080542861 
 1109 , 21220.2103542737 
 1110 , 21184.8442526908 
 1111 , 21156.0380078622 
 1112 , 21135.2720749435 
 1113 , 21121.6448191512 
 1114 , 21113.160928651 
 1115 , 21106.9137706711 
 1116 , 21098.7838817449 
 1117 , 21082.5778973348 
 1118 , 21054.9264082568 
 1119 , 21024.449478075 
 1120 , 21002.231117268 
 1121 , 20994.5649485198 
 1122 , 21004.6983442104 
 1123 , 21024.1608299846 
 1124 , 21030.7768890238 
 1125 , 21013.3747519783 
 1126 , 20990.4811814853 
 1127 , 20980.6750069393 
 1128 , 20976.1273354382 
 1129 , 20960.7411995373 
 1130 , 20936.9789081344 
 1131 , 20921.4590915219 
 1132 , 20917.5446285322 
 1133 , 20906.7371724284 
 1134 , 20876.5961464691 
 1135 , 20842.8315006791 
 1136 , 20824.951889373 
 1137 , 20823.0745117901 
 1138 , 20827.7296820787 
 1139 , 20827.042783349 
 1140 , 20806.8286006985 
 1141 , 20763.5222150333 
 1142 , 20716.1250386128 
 1143 , 20683.5193236198 
 1144 , 20670.7345387341 
 1145 , 20677.5501361796 
 1146 , 20690.1781542443 
 1147 , 20686.8207706696 
 1148 , 20663.2472394886 
 1149 , 20637.7029121445 
 1150 , 20624.2433537656 
 1151 , 20621.9856725463 
 1152 , 20626.7880698033 
 1153 , 20629.7089911218 
 1154 , 20621.0288879135 
 1155 , 20605.2424305638 
 1156 , 20597.4649553795 
 1157 , 20604.4106702405 
 1158 , 20619.6222094074 
 1159 , 20636.2649324696 
 1160 , 20649.8124718563 
 1161 , 20656.8738873431 
 1162 , 20658.8486141415 
 1163 , 20658.9397466734 
 1164 , 20655.5859560972 
 1165 , 20643.1126564897 
 1166 , 20620.1691870391 
 1167 , 20593.1514277841 
 1168 , 20567.8327327023 
 1169 , 20544.9095604594 
 1170 , 20524.3383164607 
 1171 , 20509.4090152144 
 1172 , 20504.7085195473 
 1173 , 20508.1621206698 
 1174 , 20511.3109801508 
 1175 , 20506.9476379451 
 1176 , 20490.7165971708 
 1177 , 20460.5107348542 
 1178 , 20421.83550048 
 1179 , 20381.929731175 
 1180 , 20346.8015969434 
 1181 , 20321.735986331 
 1182 , 20309.893028671 
 1183 , 20312.2394482786 
 1184 , 20321.6109612286 
 1185 , 20315.0880911298 
 1186 , 20278.4129014511 
 1187 , 20239.7851202657 
 1188 , 20233.2878910802 
 1189 , 20250.2900447833 
 1190 , 20260.4489352642 
 1191 , 20244.3124333061 
 1192 , 20193.6911442236 
 1193 , 20117.5548991214 
 1194 , 20057.1307181064 
 1195 , 20045.1133508063 
 1196 , 20066.0952846724 
 1197 , 20094.1266426383 
 1198 , 20114.1048443432 
 1199 , 20116.8931245768 
 1200 , 20104.885810942 
 1201 , 20091.3971138815 
 1202 , 20082.5276143129 
 1203 , 20070.4597099572 
 1204 , 20046.6839886737 
 1205 , 20005.5290122922 
 1206 , 19945.2692011233 
 1207 , 19889.2043395018 
 1208 , 19870.1032663679 
 1209 , 19884.6102403667 
 1210 , 19898.073581465 
 1211 , 19889.5182269548 
 1212 , 19861.9594530215 
 1213 , 19820.3509751706 
 1214 , 19768.799853181 
 1215 , 19712.7516198121 
 1216 , 19667.3970817338 
 1217 , 19650.3680145673 
 1218 , 19658.380003739 
 1219 , 19672.2874295907 
 1220 , 19670.1655687243 
 1221 , 19626.8037922234 
 1222 , 19539.339378888 
 1223 , 19464.5261783587 
 1224 , 19454.0363094362 
 1225 , 19481.7801502312 
 1226 , 19499.4872480761 
 1227 , 19495.2038476693 
 1228 , 19479.4857505027 
 1229 , 19458.6201714227 
 1230 , 19433.6363594377 
 1231 , 19404.9720522176 
 1232 , 19372.4236444826 
 1233 , 19337.5494701898 
 1234 , 19309.3907770813 
 1235 , 19297.3586191551 
 1236 , 19298.3703669625 
 1237 , 19303.2168781826 
 1238 , 19302.1924329791 
 1239 , 19285.3224852649 
 1240 , 19251.6043831956 
 1241 , 19214.4350431271 
 1242 , 19182.6739435914 
 1243 , 19147.7593072698 
 1244 , 19101.1363118916 
 1245 , 19053.0878082484 
 1246 , 19019.5050219861 
 1247 , 19002.146925397 
 1248 , 18993.4687597003 
 1249 , 18987.880149427 
 1250 , 18982.3003227095 
 1251 , 18975.6306107694 
 1252 , 18970.6585624537 
 1253 , 18968.5594462778 
 1254 , 18962.1457733802 
 1255 , 18944.0344403721 
 1256 , 18921.3474484612 
 1257 , 18906.9141386542 
 1258 , 18896.1388935712 
 1259 , 18870.2470898781 
 1260 , 18824.8240479791 
 1261 , 18776.9138919284 
 1262 , 18743.9393337787 
 1263 , 18739.9260845449 
 1264 , 18771.4256781034 
 1265 , 18811.2273656203 
 1266 , 18825.5920770608 
 1267 , 18816.3080676314 
 1268 , 18803.974927286 
 1269 , 18791.6690774344 
 1270 , 18765.612166592 
 1271 , 18725.9782113033 
 1272 , 18697.3019019608 
 1273 , 18694.3487651466 
 1274 , 18695.9905754162 
 1275 , 18679.2867502497 
 1276 , 18647.8921489514 
 1277 , 18614.2677408492 
 1278 , 18587.624371719 
 1279 , 18574.9494856495 
 1280 , 18577.1779456539 
 1281 , 18588.9868699631 
 1282 , 18604.6462547352 
 1283 , 18618.2198734248 
 1284 , 18624.0590351544 
 1285 , 18617.483605742 
 1286 , 18595.6233165106 
 1287 , 18564.8929325504 
 1288 , 18534.4399657809 
 1289 , 18507.1596115793 
 1290 , 18482.0130172255 
 1291 , 18456.434868946 
 1292 , 18426.3753392614 
 1293 , 18391.8444277443 
 1294 , 18360.109591528 
 1295 , 18335.1441221236 
 1296 , 18308.6156452393 
 1297 , 18272.8846956209 
 1298 , 18236.9237786595 
 1299 , 18213.9768856698 
 1300 , 18203.0842542827 
 1301 , 18195.0551069357 
 1302 , 18182.8569659836 
 1303 , 18161.7740699316 
 1304 , 18134.4378693518 
 1305 , 18115.1866161766 
 1306 , 18110.8271280242 
 1307 , 18104.5838359445 
 1308 , 18080.3890781993 
 1309 , 18044.8961053944 
 1310 , 18010.5194259477 
 1311 , 17980.3298884944 
 1312 , 17952.485078546 
 1313 , 17923.3718797643 
 1314 , 17888.1220466663 
 1315 , 17851.4380240842 
 1316 , 17831.2659270665 
 1317 , 17835.7487747315 
 1318 , 17848.4122712721 
 1319 , 17853.4016725893 
 1320 , 17850.6584176951 
 1321 , 17843.5988807021 
 1322 , 17833.0183167826 
 1323 , 17818.668377569 
 1324 , 17800.9506033883 
 1325 , 17780.7034309417 
 1326 , 17758.4442137922 
 1327 , 17734.3448702274 
 1328 , 17710.1890381971 
 1329 , 17690.6533918531 
 1330 , 17680.3153845455 
 1331 , 17682.5902983132 
 1332 , 17695.805752428 
 1333 , 17694.0155449648 
 1334 , 17649.5471149286 
 1335 , 17585.1452554702 
 1336 , 17547.0274732567 
 1337 , 17541.7985755768 
 1338 , 17543.6935760079 
 1339 , 17537.2574627469 
 1340 , 17521.6244219234 
 1341 , 17498.6805173426 
 1342 , 17473.9862807194 
 1343 , 17453.4207583937 
 1344 , 17442.4097958801 
 1345 , 17443.7664663194 
 1346 , 17446.0965928764 
 1347 , 17435.078958204 
 1348 , 17416.4058817671 
 1349 , 17406.0639447077 
 1350 , 17401.5239297526 
 1351 , 17384.0958378427 
 1352 , 17347.619196818 
 1353 , 17303.8446483387 
 1354 , 17263.5630255284 
 1355 , 17232.7244588167 
 1356 , 17212.745914689 
 1357 , 17191.5215785912 
 1358 , 17156.849510801 
 1359 , 17112.5903351292 
 1360 , 17067.8174622927 
 1361 , 17027.2764709663 
 1362 , 16993.1527244878 
 1363 , 16965.068365579 
 1364 , 16940.5524695205 
 1365 , 16920.3632481741 
 1366 , 16909.5038984228 
 1367 , 16903.8312065995 
 1368 , 16880.2426690705 
 1369 , 16826.9577951955 
 1370 , 16775.189784482 
 1371 , 16755.2381387804 
 1372 , 16749.7230063335 
 1373 , 16730.0064379322 
 1374 , 16699.2659590129 
 1375 , 16675.3245536842 
 1376 , 16660.0281506666 
 1377 , 16643.1324151559 
 1378 , 16614.7007786968 
 1379 , 16565.6458745316 
 1380 , 16499.8849023982 
 1381 , 16443.2690478588 
 1382 , 16413.6466882659 
 1383 , 16402.6852927445 
 1384 , 16397.8134497824 
 1385 , 16386.2010075754 
 1386 , 16358.0171647729 
 1387 , 16322.9876531097 
 1388 , 16296.6050412676 
 1389 , 16274.3722660274 
 1390 , 16240.9161342236 
 1391 , 16199.4697134191 
 1392 , 16169.4634128198 
 1393 , 16159.0065537144 
 1394 , 16160.8152140767 
 1395 , 16162.2513705806 
 1396 , 16142.4062202828 
 1397 , 16090.9680460064 
 1398 , 16030.7838614939 
 1399 , 15987.1633144965 
 1400 , 15970.1421503438 
 1401 , 15981.5229936528 
 1402 , 15995.6220570903 
 1403 , 15978.8973129923 
 1404 , 15937.6395240025 
 1405 , 15901.6640907116 
 1406 , 15880.1733730286 
 1407 , 15863.7339357051 
 1408 , 15847.9183010198 
 1409 , 15835.5890939425 
 1410 , 15827.8268403216 
 1411 , 15821.4838002764 
 1412 , 15814.7130973697 
 1413 , 15810.515152529 
 1414 , 15809.7859523721 
 1415 , 15801.3664100266 
 1416 , 15775.3014187458 
 1417 , 15748.3510367254 
 1418 , 15743.1921351989 
 1419 , 15741.0834580128 
 1420 , 15703.1959400366 
 1421 , 15637.5648682879 
 1422 , 15588.5509980078 
 1423 , 15569.91408275 
 1424 , 15560.0850319083 
 1425 , 15545.9661375904 
 1426 , 15530.8680724161 
 1427 , 15518.5143344856 
 1428 , 15510.268653923 
 1429 , 15504.278111224 
 1430 , 15489.1941054903 
 1431 , 15456.3854427364 
 1432 , 15419.6738751705 
 1433 , 15396.1320515924 
 1434 , 15377.9198615828 
 1435 , 15348.4274123277 
 1436 , 15313.1218465732 
 1437 , 15290.0531368956 
 1438 , 15280.4439257323 
 1439 , 15271.181659587 
 1440 , 15254.0188041417 
 1441 , 15227.0684901932 
 1442 , 15195.0565458914 
 1443 , 15172.851338621 
 1444 , 15169.1829469068 
 1445 , 15176.7276430222 
 1446 , 15186.5066021129 
 1447 , 15191.3413431309 
 1448 , 15185.3149071137 
 1449 , 15166.644976023 
 1450 , 15137.2247561492 
 1451 , 15115.3662375991 
 1452 , 15123.2172422585 
 1453 , 15155.7293907629 
 1454 , 15193.33890603 
 1455 , 15227.3681714762 
 1456 , 15257.3348919878 
 1457 , 15276.7078617366 
 1458 , 15272.8037358218 
 1459 , 15247.1828575126 
 1460 , 15221.5257941861 
 1461 , 15204.0328698444 
 1462 , 15174.657721283 
 1463 , 15118.953205073 
 1464 , 15045.0124573558 
 1465 , 14964.9649270182 
 1466 , 14892.5440633202 
 1467 , 14838.4744369937 
 1468 , 14796.7556130596 
 1469 , 14756.4228394654 
 1470 , 14708.033293327 
 1471 , 14644.2042773634 
 1472 , 14571.5703440306 
 1473 , 14504.5471463192 
 1474 , 14454.2379774616 
 1475 , 14428.624936111 
 1476 , 14423.3342830754 
 1477 , 14421.8901650337 
 1478 , 14415.6741183661 
 1479 , 14407.0991427024 
 1480 , 14397.4907740768 
 1481 , 14384.9805006669 
 1482 , 14367.6148523694 
 1483 , 14343.9800195506 
 1484 , 14314.9136282144 
 1485 , 14287.9591678955 
 1486 , 14269.5121921951 
 1487 , 14255.8453198917 
 1488 , 14241.9447881097 
 1489 , 14230.3341960969 
 1490 , 14225.0338864248 
 1491 , 14221.4289811791 
 1492 , 14211.3640221075 
 1493 , 14191.3655837102 
 1494 , 14161.4252737522 
 1495 , 14131.1961045948 
 1496 , 14116.8216674767 
 1497 , 14112.0791228812 
 1498 , 14088.9351514388 
 1499 , 14043.5095324754 
 1500 , 14003.6808291169 
 1501 , 13981.463886167 
 1502 , 13959.6580625278 
 1503 , 13926.5097702732 
 1504 , 13887.3342435503 
 1505 , 13849.2768383456 
 1506 , 13818.6194595813 
 1507 , 13799.5036712486 
 1508 , 13789.0237369972 
 1509 , 13782.2778729625 
 1510 , 13772.3312427235 
 1511 , 13753.3324758867 
 1512 , 13729.4820393089 
 1513 , 13707.6269689423 
 1514 , 13685.9093985781 
 1515 , 13658.7093152587 
 1516 , 13624.4768610011 
 1517 , 13584.5473390547 
 1518 , 13546.3829317752 
 1519 , 13521.506174976 
 1520 , 13510.579991111 
 1521 , 13504.1114954131 
 1522 , 13496.5843204477 
 1523 , 13487.540007664 
 1524 , 13475.0258083946 
 1525 , 13454.570355937 
 1526 , 13426.2514918775 
 1527 , 13398.6371822416 
 1528 , 13378.0599322269 
 1529 , 13363.8983290793 
 1530 , 13354.6752874552 
 1531 , 13349.1490498269 
 1532 , 13345.3122674512 
 1533 , 13338.3345390326 
 1534 , 13324.2976799149 
 1535 , 13306.0163445302 
 1536 , 13287.4675398677 
 1537 , 13268.8167914967 
 1538 , 13248.7288105238 
 1539 , 13224.5371549361 
 1540 , 13193.7394891056 
 1541 , 13160.2833514461 
 1542 , 13131.2423218521 
 1543 , 13111.0077912892 
 1544 , 13101.5126165579 
 1545 , 13093.6858881561 
 1546 , 13071.2305474507 
 1547 , 13041.1021284285 
 1548 , 13030.8975813336 
 1549 , 13042.7203576527 
 1550 , 13050.1026710665 
 1551 , 13041.5924770052 
 1552 , 13027.4097026083 
 1553 , 13014.6278222382 
 1554 , 13003.0472687374 
 1555 , 12993.355666166 
 1556 , 12989.0983635756 
 1557 , 12990.8528737128 
 1558 , 12991.8028470921 
 1559 , 12986.9190122555 
 1560 , 12978.7327339786 
 1561 , 12968.0197254904 
 1562 , 12945.748835941 
 1563 , 12906.3423311833 
 1564 , 12865.4727307671 
 1565 , 12840.0132567104 
 1566 , 12828.1415199176 
 1567 , 12822.5965490961 
 1568 , 12816.3239751331 
 1569 , 12803.6062363257 
 1570 , 12787.2616907326 
 1571 , 12773.6378222331 
 1572 , 12769.0803559089 
 1573 , 12778.4577825987 
 1574 , 12792.1706810252 
 1575 , 12793.3789451552 
 1576 , 12776.884817024 
 1577 , 12745.6779831485 
 1578 , 12709.414152936 
 1579 , 12682.0806888372 
 1580 , 12665.8688472947 
 1581 , 12652.6630381021 
 1582 , 12637.727215678 
 1583 , 12620.2238036443 
 1584 , 12603.5750877243 
 1585 , 12595.6925344324 
 1586 , 12595.5282152411 
 1587 , 12590.070402971 
 1588 , 12575.1032386436 
 1589 , 12560.8027707338 
 1590 , 12554.3374145765 
 1591 , 12555.6603865503 
 1592 , 12559.1241600964 
 1593 , 12549.6032003509 
 1594 , 12521.8118124504 
 1595 , 12494.6497780002 
 1596 , 12478.5538589557 
 1597 , 12454.4895320482 
 1598 , 12413.189840988 
 1599 , 12386.4198854693 
 1600 , 12396.5644587781 
 1601 , 12411.7736455031 
 1602 , 12403.7021398893 
 1603 , 12397.5560903679 
 1604 , 12420.3798670214 
 1605 , 12455.2937819017 
 1606 , 12477.0106074295 
 1607 , 12474.6959661013 
 1608 , 12445.1754402897 
 1609 , 12403.3579596451 
 1610 , 12367.9355793364 
 1611 , 12344.4317619355 
 1612 , 12331.1746961362 
 1613 , 12310.896204577 
 1614 , 12264.321584639 
 1615 , 12205.4655125223 
 1616 , 12160.3796825783 
 1617 , 12128.4042364039 
 1618 , 12096.3193602926 
 1619 , 12059.5894627051 
 1620 , 12018.5770029633 
 1621 , 11974.1181916222 
 1622 , 11927.7177839612 
 1623 , 11885.8326388978 
 1624 , 11857.7196634215 
 1625 , 11846.4378795301 
 1626 , 11849.8600805254 
 1627 , 11855.1184992381 
 1628 , 11842.4998005028 
 1629 , 11816.2656130994 
 1630 , 11799.8801664545 
 1631 , 11796.6889434369 
 1632 , 11791.6854864972 
 1633 , 11777.3034101995 
 1634 , 11753.8759892644 
 1635 , 11723.0045772753 
 1636 , 11687.4374548695 
 1637 , 11654.5976015095 
 1638 , 11636.6507463468 
 1639 , 11633.7451409247 
 1640 , 11631.666106496 
 1641 , 11620.4749868227 
 1642 , 11596.7760212421 
 1643 , 11562.8386138305 
 1644 , 11527.9307838327 
 1645 , 11501.9604935274 
 1646 , 11494.8209988382 
 1647 , 11503.9212871058 
 1648 , 11508.2552495357 
 1649 , 11493.8504682798 
 1650 , 11460.1876234428 
 1651 , 11416.0777516617 
 1652 , 11383.5679207173 
 1653 , 11372.6314765505 
 1654 , 11370.4118130661 
 1655 , 11366.0810411554 
 1656 , 11356.5110165762 
 1657 , 11340.7136774408 
 1658 , 11320.2093426774 
 1659 , 11297.2481662737 
 1660 , 11274.9443692758 
 1661 , 11253.6332687877 
 1662 , 11227.8800873244 
 1663 , 11197.5943425094 
 1664 , 11175.2464725939 
 1665 , 11167.8486292414 
 1666 , 11167.2833447465 
 1667 , 11163.7182544986 
 1668 , 11147.9047782767 
 1669 , 11118.8202498293 
 1670 , 11093.9187848425 
 1671 , 11084.6662257261 
 1672 , 11082.6783521663 
 1673 , 11076.3092986245 
 1674 , 11052.8818581787 
 1675 , 11010.3247165259 
 1676 , 10972.4933531832 
 1677 , 10955.9752446835 
 1678 , 10950.1769765371 
 1679 , 10942.2189521185 
 1680 , 10923.693036 
 1681 , 10893.8950732524 
 1682 , 10869.6605439073 
 1683 , 10860.4215653741 
 1684 , 10850.2189155931 
 1685 , 10828.8196139841 
 1686 , 10810.3421595856 
 1687 , 10800.6322624966 
 1688 , 10775.125891726 
 1689 , 10723.2359141473 
 1690 , 10681.4720977195 
 1691 , 10675.5191827356 
 1692 , 10685.6232756584 
 1693 , 10691.8178718901 
 1694 , 10691.0329587326 
 1695 , 10681.8738931461 
 1696 , 10660.7358769787 
 1697 , 10630.688890993 
 1698 , 10611.7685205227 
 1699 , 10611.1799914166 
 1700 , 10599.5205427077 
 1701 , 10560.9660674443 
 1702 , 10523.9945243134 
 1703 , 10509.9462883205 
 1704 , 10509.2682668589 
 1705 , 10508.3101516572 
 1706 , 10493.9507076833 
 1707 , 10463.2334858631 
 1708 , 10435.1253465911 
 1709 , 10421.9788566521 
 1710 , 10416.0826922078 
 1711 , 10408.774139875 
 1712 , 10394.6727515628 
 1713 , 10370.7247814013 
 1714 , 10337.7489025105 
 1715 , 10304.5363802021 
 1716 , 10293.9778220212 
 1717 , 10309.6629695135 
 1718 , 10317.2437236106 
 1719 , 10299.8895421197 
 1720 , 10278.4020370249 
 1721 , 10265.0089544203 
 1722 , 10251.3073697072 
 1723 , 10234.2583721655 
 1724 , 10222.3941000693 
 1725 , 10216.7626359058 
 1726 , 10205.5835780326 
 1727 , 10182.7540838127 
 1728 , 10151.9785418552 
 1729 , 10120.0948308484 
 1730 , 10096.9259416515 
 1731 , 10082.6597310569 
 1732 , 10065.1042145443 
 1733 , 10043.1574654516 
 1734 , 10029.7275566753 
 1735 , 10023.6711641354 
 1736 , 10007.5325498725 
 1737 , 9982.82972143759 
 1738 , 9971.47884294016 
 1739 , 9974.24023904006 
 1740 , 9970.27083172986 
 1741 , 9951.84529978083 
 1742 , 9924.70185967685 
 1743 , 9899.8147782605 
 1744 , 9890.88399204707 
 1745 , 9889.17526225948 
 1746 , 9869.80337413948 
 1747 , 9837.8693962903 
 1748 , 9819.00357897116 
 1749 , 9809.50672662247 
 1750 , 9787.67589757613 
 1751 , 9761.75569789144 
 1752 , 9755.57010887725 
 1753 , 9755.262621915 
 1754 , 9730.04306144133 
 1755 , 9696.25602031279 
 1756 , 9689.96611430785 
 1757 , 9702.59886816541 
 1758 , 9706.66725700196 
 1759 , 9695.10296964152 
 1760 , 9671.28320963594 
 1761 , 9647.70824472637 
 1762 , 9637.76754818499 
 1763 , 9639.27633408292 
 1764 , 9644.40843631407 
 1765 , 9644.87649410065 
 1766 , 9633.6888640813 
 1767 , 9610.39618755408 
 1768 , 9579.09748409262 
 1769 , 9554.73039065674 
 1770 , 9546.4931812292 
 1771 , 9533.44500371268 
 1772 , 9500.62835286467 
 1773 , 9472.94460002129 
 1774 , 9470.31995972373 
 1775 , 9477.26664247131 
 1776 , 9480.53486397979 
 1777 , 9487.15696976357 
 1778 , 9497.04081641104 
 1779 , 9488.38171390986 
 1780 , 9456.50617346904 
 1781 , 9434.24882330228 
 1782 , 9432.164510439 
 1783 , 9417.14292189426 
 1784 , 9382.05810000102 
 1785 , 9363.35251771368 
 1786 , 9371.53720513823 
 1787 , 9379.51411642172 
 1788 , 9370.51852295792 
 1789 , 9343.05056981008 
 1790 , 9312.31436842519 
 1791 , 9307.34140840176 
 1792 , 9322.28997622796 
 1793 , 9322.6729228187 
 1794 , 9304.71168195948 
 1795 , 9287.75555035942 
 1796 , 9281.83664688356 
 1797 , 9288.66136352744 
 1798 , 9291.87253515986 
 1799 , 9269.19388802558 
 1800 , 9232.61403533367 
 1801 , 9207.6354325402 
 1802 , 9198.29311994228 
 1803 , 9198.53997826012 
 1804 , 9195.87211070268 
 1805 , 9179.36294490796 
 1806 , 9156.26697035169 
 1807 , 9136.78307483736 
 1808 , 9121.44909525093 
 1809 , 9107.84534595817 
 1810 , 9091.69326104837 
 1811 , 9073.1769253987 
 1812 , 9065.84493983761 
 1813 , 9074.9124574534 
 1814 , 9081.07718292757 
 1815 , 9072.19742381331 
 1816 , 9056.77584072977 
 1817 , 9046.26989498272 
 1818 , 9052.64450267742 
 1819 , 9068.26530643781 
 1820 , 9059.67678099477 
 1821 , 9026.64742406937 
 1822 , 9007.93706642399 
 1823 , 9011.07279663067 
 1824 , 9012.11021134028 
 1825 , 9000.49350671411 
 1826 , 8978.3121953189 
 1827 , 8957.06021827758 
 1828 , 8951.89780777925 
 1829 , 8954.48263535852 
 1830 , 8946.28770502548 
 1831 , 8931.67837440573 
 1832 , 8922.7428430654 
 1833 , 8914.1584920444 
 1834 , 8896.2541212219 
 1835 , 8870.07343109995 
 1836 , 8841.52798559075 
 1837 , 8822.81126069089 
 1838 , 8821.82109199233 
 1839 , 8828.30252910129 
 1840 , 8829.89715084993 
 1841 , 8817.87837786304 
 1842 , 8793.41501114842 
 1843 , 8776.37477263393 
 1844 , 8777.0355890486 
 1845 , 8786.23905406581 
 1846 , 8791.10094152365 
 1847 , 8777.01497624861 
 1848 , 8751.51191944213 
 1849 , 8744.38120008357 
 1850 , 8754.08823068637 
 1851 , 8752.39529965113 
 1852 , 8732.45203420477 
 1853 , 8703.92867778061 
 1854 , 8684.28959737814 
 1855 , 8690.08080544118 
 1856 , 8699.73609160197 
 1857 , 8682.54523389606 
 1858 , 8653.44720984145 
 1859 , 8636.48435868344 
 1860 , 8624.55797860504 
 1861 , 8608.14904459418 
 1862 , 8598.66485967106 
 1863 , 8603.61712595421 
 1864 , 8608.56345449347 
 1865 , 8604.50113537376 
 1866 , 8600.85759655988 
 1867 , 8599.55983111618 
 1868 , 8587.01119966871 
 1869 , 8558.84089693924 
 1870 , 8524.34495016451 
 1871 , 8495.88246181408 
 1872 , 8486.83623690964 
 1873 , 8492.51226208665 
 1874 , 8495.04890194263 
 1875 , 8489.1837216193 
 1876 , 8477.93606976803 
 1877 , 8466.50176175079 
 1878 , 8458.28897740114 
 1879 , 8440.3246989554 
 1880 , 8403.06750748592 
 1881 , 8378.67234530612 
 1882 , 8394.36401095468 
 1883 , 8422.85640410968 
 1884 , 8435.16820724626 
 1885 , 8426.3083825628 
 1886 , 8401.71107374967 
 1887 , 8379.37498104223 
 1888 , 8366.32500320032 
 1889 , 8352.01038696082 
 1890 , 8336.76265360376 
 1891 , 8333.44889155061 
 1892 , 8334.67761704378 
 1893 , 8317.3053527791 
 1894 , 8284.01431464748 
 1895 , 8253.56928393305 
 1896 , 8235.01108236982 
 1897 , 8230.46746789546 
 1898 , 8230.4025478669 
 1899 , 8224.13266973705 
 1900 , 8214.62135686615 
 1901 , 8205.75200138519 
 1902 , 8192.62213025289 
 1903 , 8173.61228476864 
 1904 , 8158.69143067253 
 1905 , 8152.61326564871 
 1906 , 8148.29040053046 
 1907 , 8138.52243740887 
 1908 , 8118.1905694993 
 1909 , 8097.6398560928 
 1910 , 8099.62002965913 
 1911 , 8112.66163722406 
 1912 , 8104.59610417158 
 1913 , 8085.48898421228 
 1914 , 8082.71065384016 
 1915 , 8086.71049411463 
 1916 , 8077.03192784365 
 1917 , 8050.1736039687 
 1918 , 8012.4856233829 
 1919 , 7986.50298082965 
 1920 , 7984.6350415868 
 1921 , 7988.50142355095 
 1922 , 7986.8247894044 
 1923 , 7987.19158584691 
 1924 , 7985.9125244507 
 1925 , 7964.58743364908 
 1926 , 7931.64332820025 
 1927 , 7917.71504258246 
 1928 , 7918.58991774415 
 1929 , 7909.99844722126 
 1930 , 7896.03123938892 
 1931 , 7891.79654270832 
 1932 , 7897.50298055861 
 1933 , 7906.00814596838 
 1934 , 7901.6143435107 
 1935 , 7878.54485648569 
 1936 , 7862.32931220669 
 1937 , 7864.86657377615 
 1938 , 7863.50472214871 
 1939 , 7849.95619311 
 1940 , 7839.63451429999 
 1941 , 7836.25657560468 
 1942 , 7831.15845472509 
 1943 , 7821.86652728548 
 1944 , 7810.63810145556 
 1945 , 7800.52292255378 
 1946 , 7794.39916119668 
 1947 , 7792.32342775618 
 1948 , 7790.63891098229 
 1949 , 7775.49147027393 
 1950 , 7743.28852658734 
 1951 , 7722.27276514178 
 1952 , 7722.04946290783 
 1953 , 7711.3590323034 
 1954 , 7686.8809505084 
 1955 , 7683.1596222351 
 1956 , 7696.8786977014 
 1957 , 7692.7893758553 
 1958 , 7673.67225207907 
 1959 , 7662.17602467621 
 1960 , 7650.57705497518 
 1961 , 7626.23637383942 
 1962 , 7614.37588591471 
 1963 , 7635.53989738611 
 1964 , 7662.35648434356 
 1965 , 7666.2948105473 
 1966 , 7635.92178768452 
 1967 , 7582.94430724045 
 1968 , 7547.71846149782 
 1969 , 7539.68810733214 
 1970 , 7536.86909467114 
 1971 , 7535.71972806775 
 1972 , 7543.6000379207 
 1973 , 7546.63446673771 
 1974 , 7528.09570590135 
 1975 , 7507.49887011404 
 1976 , 7504.98240711077 
 1977 , 7505.69463070438 
 1978 , 7497.32990149145 
 1979 , 7488.37264417759 
 1980 , 7481.42676605736 
 1981 , 7466.99752077971 
 1982 , 7445.67689762204 
 1983 , 7428.51392446385 
 1984 , 7419.57382811568 
 1985 , 7417.64177299304 
 1986 , 7419.82458466353 
 1987 , 7421.67184526581 
 1988 , 7414.75145563693 
 1989 , 7394.35113099098 
 1990 , 7370.66715069066 
 1991 , 7353.18230198639 
 1992 , 7344.22219547969 
 1993 , 7341.21035830941 
 1994 , 7336.68242463872 
 1995 , 7332.37933120476 
 1996 , 7336.9875311877 
 1997 , 7342.78428099877 
 1998 , 7335.7967029 
 1999 , 7325.30749327912 
 2000 , 7324.04660386639 
 2001 , 7322.44888338147 
 2002 , 7312.16341876742 
 2003 , 7301.5412313137 
 2004 , 7292.80803669893 
 2005 , 7274.66850390176 
 2006 , 7251.26821392329 
 2007 , 7242.90114051795 
 2008 , 7246.57283916075 
 2009 , 7244.58874679679 
 2010 , 7237.64643289396 
 2011 , 7232.55598440305 
 2012 , 7224.35708665363 
 2013 , 7212.06685247653 
 2014 , 7215.83037183597 
 2015 , 7234.1316004295 
 2016 , 7220.40914313609 
 2017 , 7174.42658080239 
 2018 , 7153.2643607621 
 2019 , 7163.2518139495 
 2020 , 7170.78299653495 
 2021 , 7158.85189554645 
 2022 , 7125.77293172719 
 2023 , 7102.30560782925 
 2024 , 7110.70041996309 
 2025 , 7117.14201355359 
 2026 , 7102.27848887891 
 2027 , 7093.34213597177 
 2028 , 7096.27125198675 
 2029 , 7086.72126449491 
 2030 , 7065.17085932236 
 2031 , 7050.25988232554 
 2032 , 7039.80140041661 
 2033 , 7024.17776723309 
 2034 , 7008.60725178473 
 2035 , 6998.92192061855 
 2036 , 6989.7476076621 
 2037 , 6979.09230834718 
 2038 , 6974.16009421428 
 2039 , 6969.65818771082 
 2040 , 6947.32847379722 
 2041 , 6918.3431734348 
 2042 , 6910.90418254159 
 2043 , 6920.10428524557 
 2044 , 6930.49913597585 
 2045 , 6945.22112204928 
 2046 , 6962.97095301709 
 2047 , 6959.08846791375 
 2048 , 6930.02387969156 
 2049 , 6909.21340317916 
 2050 , 6901.62552808952 
 2051 , 6883.75927076666 
 2052 , 6855.59543112585 
 2053 , 6831.53477304479 
 2054 , 6823.11504497896 
 2055 , 6833.43915432506 
 2056 , 6840.72183740706 
 2057 , 6829.35118940936 
 2058 , 6807.05333912208 
 2059 , 6786.86778047515 
 2060 , 6783.25000575536 
 2061 , 6785.7997956159 
 2062 , 6770.30042699787 
 2063 , 6753.47276677023 
 2064 , 6760.06427779901 
 2065 , 6766.08375243901 
 2066 , 6748.59813556555 
 2067 , 6720.60953264904 
 2068 , 6700.40135731434 
 2069 , 6704.30411748979 
 2070 , 6717.86599445034 
 2071 , 6703.44611586395 
 2072 , 6669.12567496571 
 2073 , 6644.30582324791 
 2074 , 6635.04474543126 
 2075 , 6636.81991338087 
 2076 , 6636.5563458376 
 2077 , 6626.68688886011 
 2078 , 6611.80444041356 
 2079 , 6598.60561487924 
 2080 , 6593.59243551794 
 2081 , 6590.84463222306 
 2082 , 6579.12728272714 
 2083 , 6560.96426286964 
 2084 , 6543.02079231539 
 2085 , 6529.22485806402 
 2086 , 6522.54572048824 
 2087 , 6524.90610781655 
 2088 , 6530.16293531992 
 2089 , 6524.62728497013 
 2090 , 6508.13364295155 
 2091 , 6489.88318174537 
 2092 , 6480.93365356745 
 2093 , 6484.31909617444 
 2094 , 6474.52123955213 
 2095 , 6445.08763667094 
 2096 , 6435.08950565614 
 2097 , 6449.02528806465 
 2098 , 6451.05638492492 
 2099 , 6441.728946266 
 2100 , 6440.95108905192 
 2101 , 6435.94436161712 
 2102 , 6411.53964728823 
 2103 , 6383.86473331155 
 2104 , 6365.69734241663 
 2105 , 6352.68824115504 
 2106 , 6343.68477611261 
 2107 , 6341.53395844188 
 2108 , 6336.38171472125 
 2109 , 6315.53157443104 
 2110 , 6293.24894772674 
 2111 , 6283.88467722201 
 2112 , 6275.57296116766 
 2113 , 6264.4720123011 
 2114 , 6266.42508781671 
 2115 , 6276.74305154192 
 2116 , 6272.83269869889 
 2117 , 6258.95946136844 
 2118 , 6249.49127163379 
 2119 , 6237.30372498045 
 2120 , 6218.33030146071 
 2121 , 6211.34421568374 
 2122 , 6219.39861792252 
 2123 , 6220.03489953234 
 2124 , 6207.53667593576 
 2125 , 6189.66255089853 
 2126 , 6165.03012386612 
 2127 , 6135.10071127786 
 2128 , 6127.58825466846 
 2129 , 6147.57835348259 
 2130 , 6144.17176825841 
 2131 , 6111.76461999354 
 2132 , 6098.30209621609 
 2133 , 6099.04815117158 
 2134 , 6082.71498520214 
 2135 , 6064.87280653064 
 2136 , 6064.39147265871 
 2137 , 6063.71688280109 
 2138 , 6053.11474267036 
 2139 , 6044.09928447811 
 2140 , 6037.44493206126 
 2141 , 6024.65187653627 
 2142 , 6008.91695069801 
 2143 , 5997.07680786935 
 2144 , 5988.00971733956 
 2145 , 5982.48677127955 
 2146 , 5988.58013975526 
 2147 , 5997.86121431022 
 2148 , 5985.325351947 
 2149 , 5957.92845327095 
 2150 , 5938.3637585277 
 2151 , 5925.21866209985 
 2152 , 5910.13133238644 
 2153 , 5887.66223969327 
 2154 , 5862.33132250893 
 2155 , 5851.0092037425 
 2156 , 5854.71802241548 
 2157 , 5862.12224095401 
 2158 , 5866.41586725529 
 2159 , 5864.84766290169 
 2160 , 5861.44995143771 
 2161 , 5858.23367323884 
 2162 , 5851.46803453379 
 2163 , 5841.40878739647 
 2164 , 5831.6068394125 
 2165 , 5817.434909683 
 2166 , 5796.02724937314 
 2167 , 5788.51498020646 
 2168 , 5803.69570899569 
 2169 , 5813.18147633953 
 2170 , 5801.40806786917 
 2171 , 5773.07626572405 
 2172 , 5746.58292298338 
 2173 , 5741.38879941682 
 2174 , 5746.95447307058 
 2175 , 5749.31418083346 
 2176 , 5747.3046768985 
 2177 , 5739.64585569201 
 2178 , 5723.59008364198 
 2179 , 5707.11844449092 
 2180 , 5702.19056126669 
 2181 , 5704.45020797483 
 2182 , 5705.0891417552 
 2183 , 5697.97516938229 
 2184 , 5682.34848132956 
 2185 , 5663.98617841878 
 2186 , 5648.42383770803 
 2187 , 5639.94862211255 
 2188 , 5638.47591814313 
 2189 , 5640.12380060393 
 2190 , 5635.01103198937 
 2191 , 5620.01872322516 
 2192 , 5602.48294013891 
 2193 , 5584.99783203948 
 2194 , 5567.54405517453 
 2195 , 5558.37183415634 
 2196 , 5563.08322317877 
 2197 , 5571.26232264512 
 2198 , 5569.6231287606 
 2199 , 5546.81928910313 
 2200 , 5519.82657056975 
 2201 , 5517.69802141501 
 2202 , 5519.85674557344 
 2203 , 5502.63644304708 
 2204 , 5483.71717667439 
 2205 , 5473.57693331589 
 2206 , 5463.75197955815 
 2207 , 5453.29922020098 
 2208 , 5446.32218077248 
 2209 , 5440.12106350429 
 2210 , 5432.66497775403 
 2211 , 5429.65061231792 
 2212 , 5427.18305393705 
 2213 , 5409.77207617062 
 2214 , 5390.07076477577 
 2215 , 5391.11503475218 
 2216 , 5391.94478150499 
 2217 , 5373.77800918582 
 2218 , 5355.85326868647 
 2219 , 5343.14553763916 
 2220 , 5320.47927323978 
 2221 , 5304.02898657462 
 2222 , 5316.31587470043 
 2223 , 5322.25350812188 
 2224 , 5300.09521976649 
 2225 , 5288.18488827361 
 2226 , 5294.09472180229 
 2227 , 5289.1183757428 
 2228 , 5271.99651596585 
 2229 , 5253.1377607402 
 2230 , 5230.70100532764 
 2231 , 5208.2708155129 
 2232 , 5202.93070506032 
 2233 , 5209.06074345814 
 2234 , 5203.22535609424 
 2235 , 5184.78793723865 
 2236 , 5163.89354869893 
 2237 , 5152.95879763866 
 2238 , 5154.91548266885 
 2239 , 5158.42398439335 
 2240 , 5153.87706204929 
 2241 , 5136.61289141249 
 2242 , 5117.67741678854 
 2243 , 5104.93060423917 
 2244 , 5086.2273748025 
 2245 , 5064.65461148752 
 2246 , 5061.32926869557 
 2247 , 5067.31766812922 
 2248 , 5062.89197691996 
 2249 , 5056.09551078166 
 2250 , 5051.72730307974 
 2251 , 5036.33256573872 
 2252 , 5016.63687995636 
 2253 , 5014.55091118703 
 2254 , 5019.42782777828 
 2255 , 5013.97606333133 
 2256 , 5003.19244456064 
 2257 , 4990.89630402052 
 2258 , 4974.31219070562 
 2259 , 4960.47529737702 
 2260 , 4958.49460466433 
 2261 , 4954.16386023025 
 2262 , 4936.17690291877 
 2263 , 4914.56321362224 
 2264 , 4899.83107090603 
 2265 , 4897.37117045269 
 2266 , 4890.21351236282 
 2267 , 4864.17238590943 
 2268 , 4848.62023634903 
 2269 , 4855.8068708645 
 2270 , 4860.21512913972 
 2271 , 4850.96911564645 
 2272 , 4831.51628013818 
 2273 , 4814.39829145607 
 2274 , 4807.27655223062 
 2275 , 4801.23952443168 
 2276 , 4793.62931920153 
 2277 , 4788.69833212001 
 2278 , 4777.32969722161 
 2279 , 4754.34700300358 
 2280 , 4747.7557849398 
 2281 , 4761.448579134 
 2282 , 4758.08559388721 
 2283 , 4738.9627766756 
 2284 , 4727.73241972719 
 2285 , 4720.29327819886 
 2286 , 4710.79046296925 
 2287 , 4706.1692079705 
 2288 , 4701.71998878122 
 2289 , 4684.56019462799 
 2290 , 4669.96354916653 
 2291 , 4672.66104692305 
 2292 , 4672.27424632849 
 2293 , 4658.47075224161 
 2294 , 4640.45900504536 
 2295 , 4619.51327263726 
 2296 , 4595.75278104359 
 2297 , 4585.29018263315 
 2298 , 4589.16217009859 
 2299 , 4578.84013047064 
 2300 , 4557.82507862287 
 2301 , 4550.49824984184 
 2302 , 4550.43559955278 
 2303 , 4545.14067995661 
 2304 , 4532.16436591087 
 2305 , 4516.2137189677 
 2306 , 4506.88068590638 
 2307 , 4507.58193171103 
 2308 , 4513.4895172665 
 2309 , 4504.82114012005 
 2310 , 4484.8528509973 
 2311 , 4484.54692411634 
 2312 , 4490.93519722266 
 2313 , 4477.08629650972 
 2314 , 4459.78710522518 
 2315 , 4449.7041668543 
 2316 , 4433.38394260168 
 2317 , 4416.24343212846 
 2318 , 4413.53546108925 
 2319 , 4417.49023448481 
 2320 , 4413.82013661661 
 2321 , 4390.5798953746 
 2322 , 4364.20891671765 
 2323 , 4365.25699714113 
 2324 , 4366.41519332664 
 2325 , 4344.70120866886 
 2326 , 4335.8321774049 
 2327 , 4347.03498436911 
 2328 , 4350.68475751031 
 2329 , 4337.51024504903 
 2330 , 4312.99542414479 
 2331 , 4298.68436510823 
 2332 , 4297.90441174237 
 2333 , 4291.05345410848 
 2334 , 4275.52373875217 
 2335 , 4256.19012954459 
 2336 , 4231.59501219424 
 2337 , 4210.6047793204 
 2338 , 4214.30987575005 
 2339 , 4226.39404912415 
