11-20-2017,17:53:44
Wavenumber(cm-1),Intensity
 250 , 5486.22833069276 
 251 , 5504.93408454273 
 252 , 5515.04101212881 
 253 , 5511.78781088759 
 254 , 5501.04615155498 
 255 , 5489.42661993126 
 256 , 5480.74624346962 
 257 , 5476.74420658159 
 258 , 5478.32671192814 
 259 , 5482.16570090758 
 260 , 5483.52185951388 
 261 , 5480.72634281815 
 262 , 5479.18058437038 
 263 , 5485.07555490328 
 264 , 5499.46640450859 
 265 , 5517.98069494905 
 266 , 5536.17487024173 
 267 , 5551.14473160604 
 268 , 5560.73627718976 
 269 , 5564.26274447312 
 270 , 5565.88710831018 
 271 , 5570.70267758727 
 272 , 5580.03526902477 
 273 , 5589.7223205634 
 274 , 5595.5796920867 
 275 , 5598.47566305367 
 276 , 5602.66897759588 
 277 , 5611.73250125104 
 278 , 5625.74385912742 
 279 , 5643.74891243524 
 280 , 5663.23400035317 
 281 , 5678.62720564471 
 282 , 5684.42236754541 
 283 , 5683.0015215323 
 284 , 5683.74735033762 
 285 , 5694.4458918036 
 286 , 5711.14159615599 
 287 , 5725.2700140098 
 288 , 5731.28285022264 
 289 , 5731.45248071942 
 290 , 5729.29368517138 
 291 , 5728.21388601836 
 292 , 5731.49867434262 
 293 , 5741.61742276134 
 294 , 5754.13551525844 
 295 , 5761.12388658422 
 296 , 5758.23710056531 
 297 , 5753.12710345999 
 298 , 5755.78192707579 
 299 , 5769.02828214483 
 300 , 5785.60645662847 
 301 , 5798.01160569628 
 302 , 5804.47585216011 
 303 , 5806.82257088135 
 304 , 5807.24221150499 
 305 , 5809.21937947003 
 306 , 5816.5263390962 
 307 , 5829.20514397924 
 308 , 5840.95984223679 
 309 , 5845.44917301636 
 310 , 5844.48517110485 
 311 , 5845.96584721716 
 312 , 5856.19178654379 
 313 , 5872.74016796803 
 314 , 5890.47951830153 
 315 , 5906.16528333964 
 316 , 5920.31295431783 
 317 , 5933.77401002281 
 318 , 5945.45167680121 
 319 , 5952.57208681838 
 320 , 5953.22200350334 
 321 , 5950.82915671862 
 322 , 5950.7429782858 
 323 , 5956.05438990378 
 324 , 5964.73073440649 
 325 , 5974.1335415144 
 326 , 5983.76544770595 
 327 , 5995.1879045055 
 328 , 6009.58143532545 
 329 , 6025.07439627725 
 330 , 6038.56505253239 
 331 , 6047.89359683296 
 332 , 6053.26163835584 
 333 , 6055.32797829406 
 334 , 6057.09198525069 
 335 , 6063.98977219431 
 336 , 6080.0613088358 
 337 , 6098.55214110979 
 338 , 6108.01925134601 
 339 , 6102.80922617828 
 340 , 6092.74654381861 
 341 , 6089.84186545539 
 342 , 6096.24004476595 
 343 , 6103.30493011738 
 344 , 6103.24108627768 
 345 , 6098.64947207932 
 346 , 6096.84224577485 
 347 , 6102.57382505721 
 348 , 6113.50660319 
 349 , 6126.11871762305 
 350 , 6137.53676417397 
 351 , 6145.60841278701 
 352 , 6148.86672185378 
 353 , 6150.739594574 
 354 , 6156.88705164442 
 355 , 6169.79830120951 
 356 , 6183.25018822635 
 357 , 6189.79337993989 
 358 , 6188.85032101873 
 359 , 6187.38177735146 
 360 , 6191.67665032454 
 361 , 6200.26824501765 
 362 , 6208.24046144973 
 363 , 6213.30705503561 
 364 , 6220.15645092365 
 365 , 6234.33102347543 
 366 , 6254.29161252608 
 367 , 6271.06876663141 
 368 , 6277.20309666253 
 369 , 6278.01348754015 
 370 , 6284.16753033639 
 371 , 6300.93428646459 
 372 , 6320.28578967416 
 373 , 6332.61815571439 
 374 , 6337.68855464322 
 375 , 6344.36322185998 
 376 , 6360.08125748593 
 377 , 6381.11086055121 
 378 , 6399.462595548 
 379 , 6409.77876617182 
 380 , 6412.54402262294 
 381 , 6409.20139165747 
 382 , 6404.40094575522 
 383 , 6405.59876296204 
 384 , 6418.32726771022 
 385 , 6437.22539152454 
 386 , 6453.30254562392 
 387 , 6461.03974494733 
 388 , 6461.63719556137 
 389 , 6457.19896579364 
 390 , 6451.83205196687 
 391 , 6451.17041188237 
 392 , 6459.18939935478 
 393 , 6472.14398642056 
 394 , 6484.15328164973 
 395 , 6493.45063338877 
 396 , 6505.02326771595 
 397 , 6523.75996984059 
 398 , 6546.15306618121 
 399 , 6563.29712187009 
 400 , 6569.54015832634 
 401 , 6571.62060355813 
 402 , 6578.96291510158 
 403 , 6593.10331497666 
 404 , 6604.89206243066 
 405 , 6606.16184171908 
 406 , 6604.21442597496 
 407 , 6614.4399734669 
 408 , 6644.52464380559 
 409 , 6679.41441516343 
 410 , 6700.41549838447 
 411 , 6702.15062791445 
 412 , 6693.71811808139 
 413 , 6684.43851026714 
 414 , 6680.25468425765 
 415 , 6685.71287015544 
 416 , 6702.43296698945 
 417 , 6725.46317232779 
 418 , 6748.9527240419 
 419 , 6767.02216622635 
 420 , 6773.76774713342 
 421 , 6765.96658996888 
 422 , 6753.57528206577 
 423 , 6750.4843004445 
 424 , 6762.2536796495 
 425 , 6780.34688468335 
 426 , 6795.48978290224 
 427 , 6805.55323792339 
 428 , 6812.96311297286 
 429 , 6819.10274040785 
 430 , 6821.429070815 
 431 , 6816.71555196298 
 432 , 6808.09990248287 
 433 , 6806.64852834356 
 434 , 6821.60322458853 
 435 , 6844.50015374751 
 436 , 6858.74329547112 
 437 , 6855.41864784102 
 438 , 6844.59002656498 
 439 , 6838.79023960566 
 440 , 6843.11391263521 
 441 , 6856.0049060971 
 442 , 6875.12664915563 
 443 , 6895.37239009648 
 444 , 6910.8041558453 
 445 , 6918.94413721982 
 446 , 6923.16973628775 
 447 , 6927.21035488071 
 448 , 6932.43886098896 
 449 , 6938.76701965902 
 450 , 6946.05220219368 
 451 , 6954.04406275867 
 452 , 6962.41374232276 
 453 , 6969.1494342087 
 454 , 6970.30716639723 
 455 , 6963.33363914211 
 456 , 6955.67487571839 
 457 , 6958.82800764644 
 458 , 6976.56914688755 
 459 , 6996.26071582643 
 460 , 7004.16294350003 
 461 , 7001.1063871344 
 462 , 6998.98495441615 
 463 , 7006.92608623565 
 464 , 7021.66085942509 
 465 , 7036.84342625623 
 466 , 7049.5562935936 
 467 , 7061.53020304234 
 468 , 7074.32471698914 
 469 , 7085.47433864157 
 470 , 7090.58722103292 
 471 , 7087.95590259988 
 472 , 7082.46794117747 
 473 , 7079.81041660505 
 474 , 7082.34207923918 
 475 , 7089.58563624823 
 476 , 7100.72065343116 
 477 , 7113.77560511924 
 478 , 7126.48259187248 
 479 , 7138.2260022082 
 480 , 7150.82206639539 
 481 , 7165.65928461831 
 482 , 7178.71608194897 
 483 , 7183.19925199994 
 484 , 7177.05695170398 
 485 , 7170.50570171569 
 486 , 7175.13218005501 
 487 , 7191.88936916871 
 488 , 7212.38982166523 
 489 , 7228.71472072779 
 490 , 7236.58670912933 
 491 , 7232.9114592157 
 492 , 7221.32538397836 
 493 , 7215.33710477401 
 494 , 7227.08298040711 
 495 , 7250.41052507711 
 496 , 7269.97849148612 
 497 , 7276.94511652102 
 498 , 7278.71414824488 
 499 , 7284.65741793284 
 500 , 7295.72078947178 
 501 , 7305.83772986682 
 502 , 7309.98944141154 
 503 , 7308.5421755873 
 504 , 7303.31375296409 
 505 , 7296.73866066491 
 506 , 7292.07913762975 
 507 , 7292.32600225248 
 508 , 7298.01996832084 
 509 , 7308.58975471966 
 510 , 7321.95478836723 
 511 , 7332.77112141752 
 512 , 7335.74087813733 
 513 , 7332.04437967446 
 514 , 7327.55434965729 
 515 , 7327.24863886718 
 516 , 7332.53099134892 
 517 , 7343.92105619554 
 518 , 7359.45565079354 
 519 , 7374.36606357639 
 520 , 7384.26478358065 
 521 , 7387.91613373509 
 522 , 7385.27648213983 
 523 , 7379.29667923765 
 524 , 7378.16164413842 
 525 , 7389.34763767537 
 526 , 7407.91544497897 
 527 , 7421.76438850574 
 528 , 7423.4099487541 
 529 , 7418.21894497448 
 530 , 7413.60147274668 
 531 , 7414.55306920753 
 532 , 7423.95512363764 
 533 , 7442.28025478167 
 534 , 7459.90139185001 
 535 , 7464.76223705931 
 536 , 7456.46819254094 
 537 , 7449.81605180621 
 538 , 7457.9891423229 
 539 , 7476.19375934587 
 540 , 7492.18165400563 
 541 , 7500.45653874448 
 542 , 7508.60874384443 
 543 , 7524.65076267674 
 544 , 7544.7547066827 
 545 , 7557.73820082454 
 546 , 7557.32505936638 
 547 , 7551.70137566464 
 548 , 7551.23799664961 
 549 , 7558.56753929438 
 550 , 7569.37731763952 
 551 , 7580.46791179223 
 552 , 7594.5247890031 
 553 , 7615.67160936461 
 554 , 7642.31646321989 
 555 , 7665.58479355071 
 556 , 7677.87912966702 
 557 , 7682.91434488549 
 558 , 7688.84662645582 
 559 , 7698.46020065376 
 560 , 7704.86373921509 
 561 , 7701.3484019297 
 562 , 7692.85956034659 
 563 , 7690.91537427645 
 564 , 7700.96390865067 
 565 , 7712.85869795713 
 566 , 7714.88638026973 
 567 , 7708.64125649556 
 568 , 7706.11176655612 
 569 , 7715.53462298387 
 570 , 7730.66966260655 
 571 , 7742.27905081878 
 572 , 7747.5994442023 
 573 , 7750.72040263078 
 574 , 7755.14959715402 
 575 , 7759.78530604065 
 576 , 7762.1178848688 
 577 , 7761.83697061586 
 578 , 7761.74935721543 
 579 , 7764.48474133915 
 580 , 7769.74321140644 
 581 , 7775.95352113384 
 582 , 7780.79925696455 
 583 , 7780.56913398352 
 584 , 7772.10442672792 
 585 , 7759.29941945023 
 586 , 7750.09043360845 
 587 , 7748.86585549423 
 588 , 7751.02916625116 
 589 , 7751.0441826991 
 590 , 7749.67776115901 
 591 , 7752.40517500813 
 592 , 7763.18988211446 
 593 , 7780.62752416505 
 594 , 7802.06372636075 
 595 , 7821.81362142753 
 596 , 7831.30073743701 
 597 , 7825.37110336118 
 598 , 7814.20840601813 
 599 , 7811.82973844167 
 600 , 7821.67673998555 
 601 , 7834.48163404446 
 602 , 7841.93643075337 
 603 , 7845.36374830034 
 604 , 7849.41438418506 
 605 , 7856.84512308547 
 606 , 7867.57203414916 
 607 , 7880.86760509209 
 608 , 7893.03348146836 
 609 , 7899.10574121091 
 610 , 7898.33414305029 
 611 , 7897.76611208353 
 612 , 7904.63664985756 
 613 , 7920.09904822975 
 614 , 7942.00195694724 
 615 , 7966.94590621135 
 616 , 7988.78106128915 
 617 , 8001.88426982859 
 618 , 8011.39961911475 
 619 , 8029.52760900296 
 620 , 8061.75871868255 
 621 , 8094.80476295053 
 622 , 8113.20313724427 
 623 , 8117.12917313849 
 624 , 8118.96576831152 
 625 , 8127.82321200061 
 626 , 8140.92003564898 
 627 , 8153.00757472369 
 628 , 8158.58414122968 
 629 , 8151.91656203221 
 630 , 8130.77185949272 
 631 , 8106.71422510656 
 632 , 8094.29564464095 
 633 , 8097.79270945014 
 634 , 8110.61533160211 
 635 , 8125.97540861675 
 636 , 8138.5761870202 
 637 , 8143.67237408474 
 638 , 8140.55728242643 
 639 , 8133.3979876079 
 640 , 8126.92946593963 
 641 , 8127.3643036531 
 642 , 8141.20481902715 
 643 , 8166.2802633699 
 644 , 8188.62319375279 
 645 , 8196.0782531815 
 646 , 8192.65098290425 
 647 , 8188.33332187479 
 648 , 8187.94040318736 
 649 , 8188.43235837827 
 650 , 8186.89493801598 
 651 , 8185.75848437624 
 652 , 8189.64544276276 
 653 , 8199.64746857275 
 654 , 8210.96510637847 
 655 , 8218.79032829815 
 656 , 8222.49335822255 
 657 , 8223.36531083479 
 658 , 8222.65809743069 
 659 , 8221.53439554332 
 660 , 8221.37974870224 
 661 , 8225.51646861773 
 662 , 8238.19176547523 
 663 , 8259.15273414326 
 664 , 8279.41241695946 
 665 , 8290.01777350433 
 666 , 8291.32930034135 
 667 , 8288.6258286234 
 668 , 8285.62745787529 
 669 , 8282.76672498795 
 670 , 8280.46871485173 
 671 , 8282.94263554192 
 672 , 8296.46339329709 
 673 , 8320.73440450369 
 674 , 8341.34923027871 
 675 , 8343.82261512375 
 676 , 8331.0743921711 
 677 , 8316.02644796976 
 678 , 8308.50505923662 
 679 , 8311.25222215667 
 680 , 8325.4655270348 
 681 , 8346.17691142456 
 682 , 8364.81223368022 
 683 , 8376.97853861505 
 684 , 8387.73936501633 
 685 , 8402.74796938291 
 686 , 8420.45321263401 
 687 , 8435.04433279376 
 688 , 8442.99522997316 
 689 , 8446.02218975439 
 690 , 8446.43712336264 
 691 , 8445.34699597075 
 692 , 8443.1459110361 
 693 , 8439.70425662053 
 694 , 8433.75447973603 
 695 , 8424.49261651044 
 696 , 8417.31479271016 
 697 , 8421.17425622797 
 698 , 8439.74074432668 
 699 , 8465.21143229515 
 700 , 8488.64706517376 
 701 , 8504.52525728989 
 702 , 8509.25581259929 
 703 , 8502.16569968527 
 704 , 8488.57305795271 
 705 , 8474.03848744798 
 706 , 8459.56520551634 
 707 , 8443.73445021186 
 708 , 8426.96528099012 
 709 , 8413.32508319033 
 710 , 8407.10565310347 
 711 , 8410.90797152637 
 712 , 8426.44638020432 
 713 , 8451.92478397919 
 714 , 8479.12105387019 
 715 , 8499.54300969747 
 716 , 8507.94049652617 
 717 , 8500.66340904322 
 718 , 8480.61692928004 
 719 , 8461.7939854768 
 720 , 8457.01352695275 
 721 , 8463.35886679077 
 722 , 8471.2806251766 
 723 , 8476.76470710246 
 724 , 8484.38634830929 
 725 , 8498.24991196501 
 726 , 8514.93371737581 
 727 , 8528.19383340615 
 728 , 8535.19930712705 
 729 , 8537.87744469349 
 730 , 8538.4502986305 
 731 , 8538.82586714842 
 732 , 8540.77008475994 
 733 , 8544.82553569414 
 734 , 8550.01947652667 
 735 , 8555.55766502026 
 736 , 8561.94419117 
 737 , 8570.04084633386 
 738 , 8579.94640531984 
 739 , 8590.92842355931 
 740 , 8601.61920124578 
 741 , 8608.23215658618 
 742 , 8606.78998594314 
 743 , 8602.19127392013 
 744 , 8607.72997594904 
 745 , 8630.43770477526 
 746 , 8654.65479131916 
 747 , 8661.00986091797 
 748 , 8649.03345439233 
 749 , 8633.57590679425 
 750 , 8626.44912905556 
 751 , 8629.47092700619 
 752 , 8642.27745686474 
 753 , 8659.47258054232 
 754 , 8672.22762396568 
 755 , 8675.61988582713 
 756 , 8674.15643408356 
 757 , 8673.31482223494 
 758 , 8674.64760180306 
 759 , 8677.46905272923 
 760 , 8680.66816431902 
 761 , 8682.35692680761 
 762 , 8681.04864881299 
 763 , 8679.04076042344 
 764 , 8680.34013334577 
 765 , 8685.78682041979 
 766 , 8691.19425148396 
 767 , 8692.93461877206 
 768 , 8693.41318805676 
 769 , 8697.14281938751 
 770 , 8703.53572998773 
 771 , 8705.48972856894 
 772 , 8698.18117947354 
 773 , 8689.38064391987 
 774 , 8690.08600848883 
 775 , 8700.85625888368 
 776 , 8711.61266649181 
 777 , 8714.33794106094 
 778 , 8710.09079805979 
 779 , 8701.92504430295 
 780 , 8692.39224624679 
 781 , 8683.63965775673 
 782 , 8677.29606575379 
 783 , 8673.61360833154 
 784 , 8672.56003893767 
 785 , 8673.51506044324 
 786 , 8675.49907963314 
 787 , 8678.60994165057 
 788 , 8685.17223742801 
 789 , 8697.36870670845 
 790 , 8714.10700939285 
 791 , 8732.74204122822 
 792 , 8750.50534880746 
 793 , 8764.4512799148 
 794 , 8772.74784209397 
 795 , 8779.9379476602 
 796 , 8792.54495376735 
 797 , 8809.20148678647 
 798 , 8819.3218826234 
 799 , 8815.47754091161 
 800 , 8805.11441901586 
 801 , 8798.91960247904 
 802 , 8798.20860040407 
 803 , 8796.15145341705 
 804 , 8789.62879085525 
 805 , 8786.95255212586 
 806 , 8797.10312059139 
 807 , 8813.40147375134 
 808 , 8819.26145333646 
 809 , 8808.18219557603 
 810 , 8794.56988306613 
 811 , 8793.2677695641 
 812 , 8803.20830002216 
 813 , 8816.11092179903 
 814 , 8825.61157104726 
 815 , 8828.18741868555 
 816 , 8822.28313589914 
 817 , 8815.17492282037 
 818 , 8816.51609090319 
 819 , 8825.88200153197 
 820 , 8832.42719835529 
 821 , 8828.19346191736 
 822 , 8816.68486254887 
 823 , 8803.75710304951 
 824 , 8794.10496390196 
 825 , 8791.56894241489 
 826 , 8797.33724099521 
 827 , 8806.57749796049 
 828 , 8814.00847989637 
 829 , 8817.6028808684 
 830 , 8816.98275965029 
 831 , 8813.42104046918 
 832 , 8810.7303208495 
 833 , 8811.9643808962 
 834 , 8814.99256979974 
 835 , 8816.03729393427 
 836 , 8812.98177650863 
 837 , 8805.45842847065 
 838 , 8794.76548748329 
 839 , 8787.55972659423 
 840 , 8790.75385543091 
 841 , 8799.67803320261 
 842 , 8801.51815925975 
 843 , 8791.57353012706 
 844 , 8783.12088309064 
 845 , 8789.36896683078 
 846 , 8804.96592531384 
 847 , 8816.17641092867 
 848 , 8818.48039971278 
 849 , 8820.41186661595 
 850 , 8828.17480605262 
 851 , 8832.59176027278 
 852 , 8820.86623644953 
 853 , 8796.84556826409 
 854 , 8779.63855185809 
 855 , 8780.99215288141 
 856 , 8790.2234256941 
 857 , 8793.98863395601 
 858 , 8792.06146709539 
 859 , 8791.86116324007 
 860 , 8796.0951521359 
 861 , 8799.04775258647 
 862 , 8796.14845581737 
 863 , 8794.47024434798 
 864 , 8804.83422648882 
 865 , 8825.3965860417 
 866 , 8840.39335090129 
 867 , 8839.1865386151 
 868 , 8831.02563299081 
 869 , 8828.61763585373 
 870 , 8834.93064844354 
 871 , 8846.27871231705 
 872 , 8859.7832618888 
 873 , 8874.45141444827 
 874 , 8889.86498916888 
 875 , 8907.94412921737 
 876 , 8931.49193833681 
 877 , 8960.65210483121 
 878 , 8992.32942153753 
 879 , 9023.57292503339 
 880 , 9052.70921453904 
 881 , 9078.33904312831 
 882 , 9098.70155467488 
 883 , 9111.77217521765 
 884 , 9115.84801250889 
 885 , 9109.92553124731 
 886 , 9093.72452666697 
 887 , 9071.42108456443 
 888 , 9048.99361444606 
 889 , 9028.52955895006 
 890 , 9007.2617203878 
 891 , 8983.05718969139 
 892 , 8957.34098925327 
 893 , 8932.35264155433 
 894 , 8909.93855698665 
 895 , 8891.65711249669 
 896 , 8878.80276978502 
 897 , 8872.13447881285 
 898 , 8871.39335370899 
 899 , 8869.94179128517 
 900 , 8858.81760516323 
 901 , 8838.46223799186 
 902 , 8820.40814814495 
 903 , 8813.63026024502 
 904 , 8815.93266880605 
 905 , 8822.62669203457 
 906 , 8828.38292763731 
 907 , 8827.48588316802 
 908 , 8818.60281777077 
 909 , 8808.60462692366 
 910 , 8803.94037058441 
 911 , 8803.35836166076 
 912 , 8802.9562543483 
 913 , 8802.05550877139 
 914 , 8803.30535456163 
 915 , 8807.32238025332 
 916 , 8808.26408769072 
 917 , 8800.317053372 
 918 , 8789.51471740088 
 919 , 8788.39734756683 
 920 , 8799.28388294537 
 921 , 8808.51905389556 
 922 , 8805.19258493892 
 923 , 8797.53014114992 
 924 , 8798.54157821277 
 925 , 8808.22937952123 
 926 , 8815.74899038045 
 927 , 8814.60202539754 
 928 , 8809.07085727156 
 929 , 8804.33069216305 
 930 , 8801.11203584942 
 931 , 8798.21866757416 
 932 , 8794.86193319946 
 933 , 8790.75025240202 
 934 , 8786.80212441306 
 935 , 8787.94389777465 
 936 , 8799.02902545795 
 937 , 8814.6700750349 
 938 , 8823.18593429416 
 939 , 8819.60197715308 
 940 , 8810.31831934105 
 941 , 8801.85367290274 
 942 , 8795.99654106302 
 943 , 8793.14254092303 
 944 , 8794.67464145998 
 945 , 8802.80919729735 
 946 , 8817.08631008688 
 947 , 8830.82927955677 
 948 , 8837.42943973609 
 949 , 8836.79354441161 
 950 , 8831.6261375803 
 951 , 8825.66092022606 
 952 , 8823.78796380101 
 953 , 8828.72091274769 
 954 , 8836.20162041938 
 955 , 8841.11288752908 
 956 , 8843.12859318517 
 957 , 8844.58550451441 
 958 , 8846.33564089609 
 959 , 8847.00422826605 
 960 , 8845.04789042872 
 961 , 8838.96238518166 
 962 , 8827.63672872235 
 963 , 8815.12129373236 
 964 , 8809.10673830062 
 965 , 8811.18756914621 
 966 , 8811.46832942657 
 967 , 8802.26626200684 
 968 , 8794.32013517566 
 969 , 8803.46940286611 
 970 , 8826.95653857577 
 971 , 8845.58701113861 
 972 , 8846.83745644167 
 973 , 8834.84788003393 
 974 , 8816.52900526623 
 975 , 8801.6910484612 
 976 , 8800.84959532015 
 977 , 8812.17138679339 
 978 , 8820.71534159716 
 979 , 8818.55740902735 
 980 , 8819.05081492269 
 981 , 8836.25600279403 
 982 , 8860.08007915056 
 983 , 8869.10153290962 
 984 , 8857.62582901086 
 985 , 8839.5514327861 
 986 , 8827.39786316301 
 987 , 8825.18035222599 
 988 , 8834.62725878185 
 989 , 8852.12991269134 
 990 , 8871.11970562135 
 991 , 8886.97089001234 
 992 , 8897.84190134178 
 993 , 8903.99298774392 
 994 , 8912.76774947037 
 995 , 8932.28153487293 
 996 , 8960.70205238472 
 997 , 8990.05126987284 
 998 , 9019.06577455407 
 999 , 9057.0981468548 
 1000 , 9113.90780898714 
 1001 , 9197.12429672155 
 1002 , 9312.36836595138 
 1003 , 9446.94102373026 
 1004 , 9575.70637573304 
 1005 , 9679.15464392363 
 1006 , 9747.61964916105 
 1007 , 9771.27961722719 
 1008 , 9735.42386034273 
 1009 , 9626.46972098687 
 1010 , 9464.67108122248 
 1011 , 9294.52730615096 
 1012 , 9147.87925581192 
 1013 , 9033.39669816861 
 1014 , 8954.98684013562 
 1015 , 8905.34687840327 
 1016 , 8874.28459614511 
 1017 , 8856.70996151586 
 1018 , 8851.27821584277 
 1019 , 8853.90660425237 
 1020 , 8855.46326779107 
 1021 , 8849.36260142664 
 1022 , 8843.39179523396 
 1023 , 8848.48121898033 
 1024 , 8860.63432905092 
 1025 , 8864.94954376671 
 1026 , 8857.10215633216 
 1027 , 8851.90349008009 
 1028 , 8862.27606957121 
 1029 , 8883.55807870965 
 1030 , 8906.43150799257 
 1031 , 8926.5770881719 
 1032 , 8943.296277049 
 1033 , 8958.66082510411 
 1034 , 8979.31206655669 
 1035 , 9008.35704744352 
 1036 , 9031.66743471395 
 1037 , 9032.24032655699 
 1038 , 9015.35447523161 
 1039 , 9001.15513731314 
 1040 , 8995.64804041442 
 1041 , 8981.95218739482 
 1042 , 8948.78064597587 
 1043 , 8915.16836422653 
 1044 , 8905.28716464287 
 1045 , 8916.78238911347 
 1046 , 8930.93362839635 
 1047 , 8935.01158130782 
 1048 , 8925.29029794951 
 1049 , 8903.31138139472 
 1050 , 8886.76739436501 
 1051 , 8893.92280669427 
 1052 , 8914.47371937947 
 1053 , 8922.77066169116 
 1054 , 8911.22200387097 
 1055 , 8895.52273340189 
 1056 , 8888.5046938119 
 1057 , 8889.61804593145 
 1058 , 8895.63155476806 
 1059 , 8902.23191202541 
 1060 , 8904.65089827511 
 1061 , 8899.86856750281 
 1062 , 8886.80286021065 
 1063 , 8867.82728570434 
 1064 , 8853.929263869 
 1065 , 8854.87042006415 
 1066 , 8863.53640852646 
 1067 , 8866.54380241004 
 1068 , 8860.42712505359 
 1069 , 8850.90635911869 
 1070 , 8842.34137818182 
 1071 , 8835.50099280941 
 1072 , 8830.67899632839 
 1073 , 8828.06033558301 
 1074 , 8827.63973914194 
 1075 , 8827.15563736205 
 1076 , 8822.69344066491 
 1077 , 8814.28141172045 
 1078 , 8808.67109221698 
 1079 , 8810.83343208644 
 1080 , 8815.9584863773 
 1081 , 8817.38568444177 
 1082 , 8814.89173287786 
 1083 , 8812.05125326749 
 1084 , 8810.27943087043 
 1085 , 8808.06474440716 
 1086 , 8804.07537892551 
 1087 , 8798.1372256809 
 1088 , 8790.48696869867 
 1089 , 8782.81098200945 
 1090 , 8777.39173872563 
 1091 , 8774.93419307559 
 1092 , 8774.54319919412 
 1093 , 8776.1308541392 
 1094 , 8781.58528251863 
 1095 , 8791.07495621929 
 1096 , 8794.04743953043 
 1097 , 8777.46538158267 
 1098 , 8744.49694364447 
 1099 , 8710.50758008005 
 1100 , 8685.97285623915 
 1101 , 8672.85732746547 
 1102 , 8670.03960871937 
 1103 , 8667.7438075601 
 1104 , 8655.72413083254 
 1105 , 8638.40352348966 
 1106 , 8627.92292839438 
 1107 , 8627.36533461787 
 1108 , 8629.0789535259 
 1109 , 8626.55042921272 
 1110 , 8617.7834595067 
 1111 , 8602.13533496182 
 1112 , 8582.83874603672 
 1113 , 8564.58264081412 
 1114 , 8551.99249814273 
 1115 , 8549.56731066729 
 1116 , 8555.67815097864 
 1117 , 8557.98408660896 
 1118 , 8547.2463583525 
 1119 , 8530.75783762498 
 1120 , 8518.75643140977 
 1121 , 8510.52495486823 
 1122 , 8499.44809352048 
 1123 , 8485.60306818401 
 1124 , 8476.99909090733 
 1125 , 8478.07430883633 
 1126 , 8483.12675270936 
 1127 , 8486.17058753346 
 1128 , 8488.69262692441 
 1129 , 8494.3669503983 
 1130 , 8499.32000833757 
 1131 , 8493.96111471356 
 1132 , 8476.64287426985 
 1133 , 8458.70265415516 
 1134 , 8449.74795900439 
 1135 , 8449.21765582291 
 1136 , 8454.07225331105 
 1137 , 8459.22135532282 
 1138 , 8458.77919537799 
 1139 , 8451.77205994615 
 1140 , 8442.20697689767 
 1141 , 8432.17841904727 
 1142 , 8419.28792460978 
 1143 , 8402.81908763447 
 1144 , 8392.54452542413 
 1145 , 8399.66995920271 
 1146 , 8417.32085878227 
 1147 , 8427.65111105928 
 1148 , 8425.23783595168 
 1149 , 8420.65502173012 
 1150 , 8420.81356825088 
 1151 , 8420.18902482654 
 1152 , 8412.86488526467 
 1153 , 8402.5939926715 
 1154 , 8396.39206947263 
 1155 , 8397.41854512342 
 1156 , 8405.88444293122 
 1157 , 8420.65732398318 
 1158 , 8438.67367337026 
 1159 , 8456.56298503845 
 1160 , 8470.49232395714 
 1161 , 8476.70838187957 
 1162 , 8472.67000739489 
 1163 , 8456.73738696427 
 1164 , 8434.17542367964 
 1165 , 8416.19602617134 
 1166 , 8407.58136865767 
 1167 , 8401.60431108415 
 1168 , 8392.81274063943 
 1169 , 8384.57078840473 
 1170 , 8381.47445393802 
 1171 , 8381.90161122663 
 1172 , 8381.24465409292 
 1173 , 8375.22594134895 
 1174 , 8359.96530449408 
 1175 , 8338.45679847674 
 1176 , 8326.66106340166 
 1177 , 8336.39640066972 
 1178 , 8357.47481508782 
 1179 , 8374.62211937265 
 1180 , 8375.4681936631 
 1181 , 8350.03848302804 
 1182 , 8309.34411261243 
 1183 , 8285.32042389797 
 1184 , 8292.79851621779 
 1185 , 8311.27218613202 
 1186 , 8320.76372682535 
 1187 , 8320.04847246039 
 1188 , 8312.68701253934 
 1189 , 8302.61242263083 
 1190 , 8293.75913679829 
 1191 , 8285.61277783734 
 1192 , 8273.21678047267 
 1193 , 8254.47765736493 
 1194 , 8233.21984216213 
 1195 , 8214.97305174218 
 1196 , 8209.31503696315 
 1197 , 8224.15664208271 
 1198 , 8245.0282306587 
 1199 , 8247.37032200024 
 1200 , 8230.06728941527 
 1201 , 8214.41284101364 
 1202 , 8211.87098791837 
 1203 , 8214.39039269466 
 1204 , 8213.03208656867 
 1205 , 8203.13522337603 
 1206 , 8182.16762256467 
 1207 , 8156.37883193726 
 1208 , 8135.65310663628 
 1209 , 8122.85890123741 
 1210 , 8114.77916583063 
 1211 , 8110.89727896888 
 1212 , 8115.42593390675 
 1213 , 8126.50638858117 
 1214 , 8121.64466566747 
 1215 , 8081.09176696104 
 1216 , 8029.27376284853 
 1217 , 8005.761306351 
 1218 , 8014.66386435409 
 1219 , 8033.36829828107 
 1220 , 8043.22787831474 
 1221 , 8032.05994622684 
 1222 , 7997.12974893456 
 1223 , 7959.37090484324 
 1224 , 7939.47679093642 
 1225 , 7936.60675003325 
 1226 , 7943.09345047314 
 1227 , 7953.7230338917 
 1228 , 7964.69697768883 
 1229 , 7968.7691976744 
 1230 , 7954.79884231905 
 1231 , 7921.18601408927 
 1232 , 7886.80532717067 
 1233 , 7868.8199422765 
 1234 , 7866.9648176013 
 1235 , 7876.16728644705 
 1236 , 7888.21372297618 
 1237 , 7893.73485364826 
 1238 , 7890.47838405932 
 1239 , 7882.50773138735 
 1240 , 7872.02819694638 
 1241 , 7857.91134925504 
 1242 , 7839.03556974739 
 1243 , 7815.19561755392 
 1244 , 7787.87505154304 
 1245 , 7767.37317219659 
 1246 , 7765.77683118204 
 1247 , 7778.4646203899 
 1248 , 7789.97226714262 
 1249 , 7791.94650738769 
 1250 , 7784.65843671739 
 1251 , 7771.92200406734 
 1252 , 7763.99546081336 
 1253 , 7766.44215075822 
 1254 , 7762.9318464906 
 1255 , 7735.87160408582 
 1256 , 7699.85054955935 
 1257 , 7682.77327828604 
 1258 , 7684.82720273848 
 1259 , 7683.45941007895 
 1260 , 7670.53567018601 
 1261 , 7659.83169422766 
 1262 , 7661.09114852918 
 1263 , 7669.08957839396 
 1264 , 7676.23284232274 
 1265 , 7675.09193246888 
 1266 , 7659.87443193095 
 1267 , 7639.85755072038 
 1268 , 7631.96735395423 
 1269 , 7638.61727022753 
 1270 , 7648.20796000015 
 1271 , 7650.86999843571 
 1272 , 7640.56420347025 
 1273 , 7617.79451244436 
 1274 , 7601.44073317969 
 1275 , 7608.47200060199 
 1276 , 7626.60317129311 
 1277 , 7635.08122794126 
 1278 , 7629.79602863944 
 1279 , 7616.73309836101 
 1280 , 7601.57658402769 
 1281 , 7589.52514998878 
 1282 , 7583.55984990272 
 1283 , 7582.76379829901 
 1284 , 7586.39117422725 
 1285 , 7595.48942740341 
 1286 , 7609.39683386334 
 1287 , 7615.64849867247 
 1288 , 7599.78603829273 
 1289 , 7571.59035228596 
 1290 , 7555.0238360442 
 1291 , 7553.52688189631 
 1292 , 7549.02200363758 
 1293 , 7533.28629387545 
 1294 , 7517.19287191535 
 1295 , 7509.99104576793 
 1296 , 7510.05762095971 
 1297 , 7512.9265140084 
 1298 , 7509.88549163088 
 1299 , 7492.40055415054 
 1300 , 7468.58204425909 
 1301 , 7455.47635827731 
 1302 , 7452.04812379701 
 1303 , 7439.72956693214 
 1304 , 7414.56444249898 
 1305 , 7397.37408865367 
 1306 , 7400.11393620016 
 1307 , 7404.23553920887 
 1308 , 7392.86481419436 
 1309 , 7382.17272489439 
 1310 , 7394.10330049138 
 1311 , 7414.31625985686 
 1312 , 7411.51792446657 
 1313 , 7384.55356575364 
 1314 , 7357.73266299961 
 1315 , 7344.67319157086 
 1316 , 7343.08086550281 
 1317 , 7347.02531086764 
 1318 , 7344.92942254612 
 1319 , 7329.01235107527 
 1320 , 7309.39939886553 
 1321 , 7298.30996125691 
 1322 , 7292.3961618345 
 1323 , 7282.80588961282 
 1324 , 7273.34137247553 
 1325 , 7276.09559371941 
 1326 , 7291.87958332095 
 1327 , 7308.9067923933 
 1328 , 7317.41180693446 
 1329 , 7312.37426208341 
 1330 , 7293.96727472019 
 1331 , 7276.16070542221 
 1332 , 7271.24087594639 
 1333 , 7270.59188147552 
 1334 , 7261.00177217361 
 1335 , 7245.70192153089 
 1336 , 7235.84553933674 
 1337 , 7234.04847155343 
 1338 , 7235.85759589386 
 1339 , 7236.21840618834 
 1340 , 7229.60515941278 
 1341 , 7216.0037799425 
 1342 , 7206.81768571718 
 1343 , 7209.84902767995 
 1344 , 7216.00066375216 
 1345 , 7214.88633080817 
 1346 , 7208.93999002368 
 1347 , 7204.38849427871 
 1348 , 7200.63171575211 
 1349 , 7193.51632892493 
 1350 , 7184.46358649989 
 1351 , 7179.72004291604 
 1352 , 7179.79708573711 
 1353 , 7177.14464135236 
 1354 , 7167.52695111333 
 1355 , 7155.07844457994 
 1356 , 7143.88033601058 
 1357 , 7134.07870141949 
 1358 , 7124.15888683593 
 1359 , 7108.00623953954 
 1360 , 7079.30657185231 
 1361 , 7045.40977234448 
 1362 , 7020.60085923466 
 1363 , 7007.09573045057 
 1364 , 6996.7748639289 
 1365 , 6984.76292547736 
 1366 , 6970.88110769588 
 1367 , 6957.09583611853 
 1368 , 6949.04766596417 
 1369 , 6948.30641246529 
 1370 , 6942.17387185471 
 1371 , 6919.6479116985 
 1372 , 6892.61883294128 
 1373 , 6878.06970636524 
 1374 , 6875.11196900692 
 1375 , 6874.46096252972 
 1376 , 6873.35307862499 
 1377 , 6873.85064843079 
 1378 , 6874.37774103241 
 1379 , 6869.1369853469 
 1380 , 6853.51411804415 
 1381 , 6825.29541741345 
 1382 , 6788.7587542099 
 1383 , 6764.36870940737 
 1384 , 6766.33074007995 
 1385 , 6773.13422496869 
 1386 , 6759.46016592579 
 1387 , 6733.23765713114 
 1388 , 6713.62679718381 
 1389 , 6700.67781593545 
 1390 , 6683.63778594341 
 1391 , 6662.20362899011 
 1392 , 6645.28546883716 
 1393 , 6637.80467320526 
 1394 , 6639.09682603353 
 1395 , 6645.7336892496 
 1396 , 6649.71621741195 
 1397 , 6646.1614168446 
 1398 , 6640.62914982853 
 1399 , 6638.14118617764 
 1400 , 6633.11324454473 
 1401 , 6618.90250868533 
 1402 , 6601.61431239225 
 1403 , 6591.55004593691 
 1404 , 6586.58248826268 
 1405 , 6577.34767006342 
 1406 , 6562.94708908503 
 1407 , 6550.10203072773 
 1408 , 6543.41766862172 
 1409 , 6544.36805608646 
 1410 , 6548.72493120442 
 1411 , 6542.00547095583 
 1412 , 6518.89648293166 
 1413 , 6502.36945255089 
 1414 , 6511.03506940067 
 1415 , 6525.74582350508 
 1416 , 6522.85244913707 
 1417 , 6511.03473743411 
 1418 , 6508.55075014845 
 1419 , 6506.74196470006 
 1420 , 6483.8364645858 
 1421 , 6447.69661672518 
 1422 , 6428.99040605351 
 1423 , 6434.23597543004 
 1424 , 6442.25456915618 
 1425 , 6438.72096107552 
 1426 , 6422.5336013269 
 1427 , 6398.21035280383 
 1428 , 6380.33341731988 
 1429 , 6378.82937241197 
 1430 , 6383.79604594403 
 1431 , 6383.71146500278 
 1432 , 6378.8182076327 
 1433 , 6372.36307044478 
 1434 , 6363.80379283314 
 1435 , 6351.32868441559 
 1436 , 6337.18473366881 
 1437 , 6325.80898492246 
 1438 , 6316.40132076442 
 1439 , 6303.86221001276 
 1440 , 6289.03415686593 
 1441 , 6279.83764128945 
 1442 , 6278.97703871247 
 1443 , 6280.01724602934 
 1444 , 6278.8278058516 
 1445 , 6278.41636542648 
 1446 , 6280.42440228687 
 1447 , 6278.93964317756 
 1448 , 6269.81310213766 
 1449 , 6263.93901510219 
 1450 , 6272.61047738207 
 1451 , 6281.30494189436 
 1452 , 6268.49000094801 
 1453 , 6245.92773152839 
 1454 , 6242.33834423712 
 1455 , 6261.03334425095 
 1456 , 6285.90605640411 
 1457 , 6304.40401511984 
 1458 , 6308.30656795814 
 1459 , 6296.33360737391 
 1460 , 6276.57562073019 
 1461 , 6254.60900066352 
 1462 , 6229.95842067785 
 1463 , 6204.08625191255 
 1464 , 6185.18905023704 
 1465 , 6177.14783067755 
 1466 , 6164.6010471654 
 1467 , 6133.74955932009 
 1468 , 6099.88876613448 
 1469 , 6083.71839998377 
 1470 , 6080.83167453248 
 1471 , 6076.81277661272 
 1472 , 6063.66200019999 
 1473 , 6037.98082284189 
 1474 , 6009.77432802129 
 1475 , 5998.38827912933 
 1476 , 6004.71307543865 
 1477 , 6011.14781399944 
 1478 , 6009.23884582142 
 1479 , 6003.60898220815 
 1480 , 5996.05392618571 
 1481 , 5981.92825463538 
 1482 , 5960.11625359501 
 1483 , 5939.10858960219 
 1484 , 5926.155554772 
 1485 , 5920.53414742126 
 1486 , 5919.45099645657 
 1487 , 5917.87128665355 
 1488 , 5911.04134213203 
 1489 , 5899.05251623164 
 1490 , 5884.39028964755 
 1491 , 5874.92913249631 
 1492 , 5879.32062923949 
 1493 , 5888.13082142218 
 1494 , 5882.47995949301 
 1495 , 5865.31891556476 
 1496 , 5855.9087284018 
 1497 , 5856.34703035382 
 1498 , 5851.49680278257 
 1499 , 5837.25837758403 
 1500 , 5824.48122676659 
 1501 , 5819.24761922712 
 1502 , 5818.26723610169 
 1503 , 5816.56939441564 
 1504 , 5807.4760997047 
 1505 , 5788.22044025773 
 1506 , 5767.22634600311 
 1507 , 5752.70830416058 
 1508 , 5745.50605693175 
 1509 , 5744.16871754587 
 1510 , 5744.18744497832 
 1511 , 5740.72323305214 
 1512 , 5732.25216831242 
 1513 , 5718.81342930826 
 1514 , 5703.04838285459 
 1515 , 5688.59379150286 
 1516 , 5676.52036046445 
 1517 , 5666.50474643399 
 1518 , 5660.4502163192 
 1519 , 5661.61478496911 
 1520 , 5666.30415659267 
 1521 , 5664.53494233777 
 1522 , 5654.52993325595 
 1523 , 5644.24168951391 
 1524 , 5636.17832590827 
 1525 , 5624.25179147159 
 1526 , 5607.29280659878 
 1527 , 5594.12342395911 
 1528 , 5589.44375986799 
 1529 , 5586.44880037997 
 1530 , 5580.39831320068 
 1531 , 5576.64655161918 
 1532 , 5578.53962170056 
 1533 , 5576.2812138619 
 1534 , 5562.12668364318 
 1535 , 5550.01411461669 
 1536 , 5554.93267706426 
 1537 , 5564.71334278346 
 1538 , 5561.44200025442 
 1539 , 5552.18847257284 
 1540 , 5552.02990551476 
 1541 , 5552.88751188666 
 1542 , 5536.68992743039 
 1543 , 5509.1538469078 
 1544 , 5490.05133815122 
 1545 , 5483.14447274238 
 1546 , 5480.03307718263 
 1547 , 5477.62361041008 
 1548 , 5477.91348004624 
 1549 , 5480.7861741072 
 1550 , 5483.55427652385 
 1551 , 5482.24674261088 
 1552 , 5471.48516993059 
 1553 , 5452.74186449062 
 1554 , 5438.37215983893 
 1555 , 5435.08529009794 
 1556 , 5437.16792429115 
 1557 , 5438.88877307884 
 1558 , 5437.56924416538 
 1559 , 5431.27012533658 
 1560 , 5418.92264342399 
 1561 , 5401.65457208869 
 1562 , 5387.25435039559 
 1563 , 5382.36049679916 
 1564 , 5383.8484760785 
 1565 , 5386.29321731586 
 1566 , 5384.65780590613 
 1567 , 5375.84802914564 
 1568 , 5367.05568363273 
 1569 , 5367.02617498419 
 1570 , 5370.74154839217 
 1571 , 5369.14906626804 
 1572 , 5366.66888065413 
 1573 , 5372.56573048363 
 1574 , 5379.26224760577 
 1575 , 5371.11268652523 
 1576 , 5350.64423059829 
 1577 , 5331.97472570212 
 1578 , 5322.4381248098 
 1579 , 5323.65756903851 
 1580 , 5330.24631022598 
 1581 , 5331.20453907632 
 1582 , 5325.1989998542 
 1583 , 5320.57034975829 
 1584 , 5317.94568396618 
 1585 , 5308.86578658942 
 1586 , 5296.78044681301 
 1587 , 5301.1520415584 
 1588 , 5323.2704169714 
 1589 , 5335.70189427595 
 1590 , 5326.72576903744 
 1591 , 5315.46957438379 
 1592 , 5313.05486317366 
 1593 , 5309.15158532502 
 1594 , 5296.09758238229 
 1595 , 5277.61484474433 
 1596 , 5259.52789241961 
 1597 , 5249.10617233214 
 1598 , 5248.72451900272 
 1599 , 5246.10535128528 
 1600 , 5232.88205694599 
 1601 , 5221.88057506049 
 1602 , 5224.70543392391 
 1603 , 5232.58191013687 
 1604 , 5236.07724964783 
 1605 , 5242.64766022454 
 1606 , 5259.99536974958 
 1607 , 5276.17327718176 
 1608 , 5277.14488201648 
 1609 , 5268.54528519194 
 1610 , 5260.0495872778 
 1611 , 5246.55387740285 
 1612 , 5220.12555362213 
 1613 , 5190.58387761627 
 1614 , 5172.44932021197 
 1615 , 5160.53606619558 
 1616 , 5142.27034902881 
 1617 , 5118.71083461757 
 1618 , 5097.28534268931 
 1619 , 5080.57038039443 
 1620 , 5068.25921909393 
 1621 , 5058.18286402268 
 1622 , 5047.31038335542 
 1623 , 5035.5615151672 
 1624 , 5024.78112499924 
 1625 , 5016.42358830009 
 1626 , 5011.24127936575 
 1627 , 5003.95864002009 
 1628 , 4985.70229582713 
 1629 , 4965.85983356649 
 1630 , 4967.64357877854 
 1631 , 4984.19727653599 
 1632 , 4982.52030672485 
 1633 , 4959.62179469459 
 1634 , 4941.76196198179 
 1635 , 4936.9973371377 
 1636 , 4933.53755662505 
 1637 , 4927.68207229325 
 1638 , 4925.45967830411 
 1639 , 4924.71074820565 
 1640 , 4913.39502260486 
 1641 , 4893.35709367784 
 1642 , 4884.17580146912 
 1643 , 4888.82583494759 
 1644 , 4886.98278828445 
 1645 , 4871.74954392333 
 1646 , 4857.25728332922 
 1647 , 4850.48144298839 
 1648 , 4845.49174811728 
 1649 , 4840.1345986948 
 1650 , 4839.71215530131 
 1651 , 4844.01083461073 
 1652 , 4842.756937655 
 1653 , 4829.7367194235 
 1654 , 4807.38326615852 
 1655 , 4784.45811800944 
 1656 , 4779.39402394653 
 1657 , 4793.84906889446 
 1658 , 4796.36720976888 
 1659 , 4773.70267724507 
 1660 , 4754.98814465528 
 1661 , 4755.64785139986 
 1662 , 4753.69316501853 
 1663 , 4736.70988417277 
 1664 , 4721.6011134707 
 1665 , 4720.48323880933 
 1666 , 4727.26699432089 
 1667 , 4731.72384919883 
 1668 , 4719.74385851944 
 1669 , 4689.34339292993 
 1670 , 4667.2090152664 
 1671 , 4668.43477043164 
 1672 , 4672.00833408701 
 1673 , 4663.17048535439 
 1674 , 4654.10320506086 
 1675 , 4653.37284697319 
 1676 , 4651.41201872848 
 1677 , 4641.90006816158 
 1678 , 4633.01838183694 
 1679 , 4630.14133259116 
 1680 , 4626.29865677337 
 1681 , 4616.95281075468 
 1682 , 4608.34153190799 
 1683 , 4605.42751912223 
 1684 , 4605.79470865989 
 1685 , 4605.09305664648 
 1686 , 4596.98640035246 
 1687 , 4580.34042053082 
 1688 , 4567.92292673269 
 1689 , 4567.04917900892 
 1690 , 4565.85967211852 
 1691 , 4555.47551169704 
 1692 , 4541.93956944561 
 1693 , 4530.72845232164 
 1694 , 4520.1941735694 
 1695 , 4510.18147804125 
 1696 , 4506.8732213443 
 1697 , 4512.35135432485 
 1698 , 4516.43165866631 
 1699 , 4511.69305581516 
 1700 , 4501.66837122152 
 1701 , 4489.9014125721 
 1702 , 4476.22146008706 
 1703 , 4462.35715640771 
 1704 , 4455.58481646099 
 1705 , 4458.40979531905 
 1706 , 4460.94947677401 
 1707 , 4455.40548355016 
 1708 , 4442.18881167764 
 1709 , 4424.54984891974 
 1710 , 4409.4515351517 
 1711 , 4403.16904043924 
 1712 , 4409.54156976729 
 1713 , 4423.94593334644 
 1714 , 4425.76871330035 
 1715 , 4408.81591122298 
 1716 , 4397.71910005183 
 1717 , 4401.86918459608 
 1718 , 4396.70581825413 
 1719 , 4374.40463096412 
 1720 , 4362.55204041869 
 1721 , 4372.01643495025 
 1722 , 4379.84487621099 
 1723 , 4372.74598934625 
 1724 , 4357.99341035533 
 1725 , 4342.5411412406 
 1726 , 4330.01815683757 
 1727 , 4321.93473940015 
 1728 , 4317.10725554031 
 1729 , 4312.60499621107 
 1730 , 4303.5697350616 
 1731 , 4291.72990820618 
 1732 , 4287.18888002318 
 1733 , 4289.8573801178 
 1734 , 4286.93285037497 
 1735 , 4276.19359377203 
 1736 , 4268.11821332646 
 1737 , 4265.90200642772 
 1738 , 4264.28364134993 
 1739 , 4260.36742543504 
 1740 , 4254.05459239763 
 1741 , 4245.34588527891 
 1742 , 4234.39853268249 
 1743 , 4224.60746454856 
 1744 , 4221.69008252016 
 1745 , 4223.34907805044 
 1746 , 4221.17739250559 
 1747 , 4213.12344961514 
 1748 , 4202.09479876042 
 1749 , 4191.8244917428 
 1750 , 4185.68486889101 
 1751 , 4177.36805553209 
 1752 , 4156.50016341495 
 1753 , 4133.95433126492 
 1754 , 4130.08878358908 
 1755 , 4138.50947816827 
 1756 , 4141.1105393115 
 1757 , 4140.90901494973 
 1758 , 4148.92422775255 
 1759 , 4159.59241712365 
 1760 , 4161.21202661329 
 1761 , 4149.65116979449 
 1762 , 4126.01098957959 
 1763 , 4104.14107806682 
 1764 , 4098.18577269315 
 1765 , 4100.59710310776 
 1766 , 4099.80081515191 
 1767 , 4097.33686400573 
 1768 , 4095.84570870323 
 1769 , 4087.41361645816 
 1770 , 4068.02542080175 
 1771 , 4056.99762546645 
 1772 , 4068.12800108546 
 1773 , 4081.56931671486 
 1774 , 4079.47241056998 
 1775 , 4067.79478620171 
 1776 , 4054.8927540982 
 1777 , 4044.97787368772 
 1778 , 4039.54591860324 
 1779 , 4035.58949331693 
 1780 , 4030.52756128217 
 1781 , 4023.73978982932 
 1782 , 4017.91917389357 
 1783 , 4020.73884512869 
 1784 , 4030.27422961971 
 1785 , 4030.13512092399 
 1786 , 4016.29110288179 
 1787 , 4001.99124513173 
 1788 , 3995.65583645696 
 1789 , 3998.5402696517 
 1790 , 4002.87464704335 
 1791 , 3993.40675018744 
 1792 , 3974.56764544458 
 1793 , 3966.77456455428 
 1794 , 3970.63979461751 
 1795 , 3972.30885399196 
 1796 , 3968.52836507886 
 1797 , 3963.08916669573 
 1798 , 3958.44658776555 
 1799 , 3955.77795424989 
 1800 , 3952.58331201567 
 1801 , 3945.70989367245 
 1802 , 3939.63523027369 
 1803 , 3940.12737441935 
 1804 , 3942.33339219323 
 1805 , 3939.6619810412 
 1806 , 3934.98872851818 
 1807 , 3932.27278790902 
 1808 , 3928.65756938988 
 1809 , 3921.30901972565 
 1810 , 3913.05713051779 
 1811 , 3906.78000785849 
 1812 , 3902.25501166612 
 1813 , 3899.65202233563 
 1814 , 3901.25171038506 
 1815 , 3906.10768878027 
 1816 , 3906.51411243174 
 1817 , 3900.20969301297 
 1818 , 3894.94474988164 
 1819 , 3892.87975896558 
 1820 , 3887.50919850793 
 1821 , 3880.09473346824 
 1822 , 3880.88672701797 
 1823 , 3885.33240250742 
 1824 , 3875.4181914068 
 1825 , 3854.77936493999 
 1826 , 3843.6209928221 
 1827 , 3844.74127174866 
 1828 , 3849.14466268275 
 1829 , 3850.52857607227 
 1830 , 3845.50193599143 
 1831 , 3840.43046763174 
 1832 , 3843.08311060233 
 1833 , 3842.56733457951 
 1834 , 3826.60497010209 
 1835 , 3810.25378648544 
 1836 , 3809.18771524663 
 1837 , 3809.18373580697 
 1838 , 3797.42476557217 
 1839 , 3788.13455586106 
 1840 , 3791.64478509392 
 1841 , 3795.43251072513 
 1842 , 3790.41009018805 
 1843 , 3781.52954548745 
 1844 , 3774.52593848549 
 1845 , 3773.57116130936 
 1846 , 3779.52264582022 
 1847 , 3788.82041871663 
 1848 , 3792.28056300895 
 1849 , 3776.36636844968 
 1850 , 3752.66817373438 
 1851 , 3751.92903055424 
 1852 , 3765.58264582433 
 1853 , 3760.8070097462 
 1854 , 3743.27910109906 
 1855 , 3736.95846766047 
 1856 , 3737.59099693857 
 1857 , 3731.78266813169 
 1858 , 3726.97164793042 
 1859 , 3732.67708315295 
 1860 , 3735.04035244258 
 1861 , 3722.71076845209 
 1862 , 3714.74676747247 
 1863 , 3723.53535644789 
 1864 , 3726.90454756644 
 1865 , 3711.65299626053 
 1866 , 3694.51337151828 
 1867 , 3686.04097072264 
 1868 , 3680.93514898528 
 1869 , 3676.3910284554 
 1870 , 3674.46525229619 
 1871 , 3673.77762181569 
 1872 , 3669.49289155566 
 1873 , 3661.6151279638 
 1874 , 3654.02390087758 
 1875 , 3649.86193924149 
 1876 , 3650.90917624889 
 1877 , 3652.23004215617 
 1878 , 3647.59619025723 
 1879 , 3642.09108104642 
 1880 , 3641.96841811982 
 1881 , 3640.31729815984 
 1882 , 3631.11577003004 
 1883 , 3623.33598695255 
 1884 , 3623.45424568199 
 1885 , 3624.01254108943 
 1886 , 3620.47505987792 
 1887 , 3617.80543741495 
 1888 , 3616.35935697138 
 1889 , 3608.55800368881 
 1890 , 3595.05947052363 
 1891 , 3586.01368920734 
 1892 , 3584.62312162753 
 1893 , 3587.49687404729 
 1894 , 3588.74462302268 
 1895 , 3582.02528378432 
 1896 , 3569.69312664102 
 1897 , 3558.26231802164 
 1898 , 3553.32726744169 
 1899 , 3556.79272523181 
 1900 , 3556.07921730802 
 1901 , 3543.63772961195 
 1902 , 3540.19606378603 
 1903 , 3554.45709252165 
 1904 , 3554.49516964268 
 1905 , 3529.7933246334 
 1906 , 3516.04654721959 
 1907 , 3522.57550594839 
 1908 , 3519.79690235361 
 1909 , 3502.92559944981 
 1910 , 3492.58328789852 
 1911 , 3492.88471428391 
 1912 , 3495.32639935367 
 1913 , 3492.87520772761 
 1914 , 3482.00206320338 
 1915 , 3475.55429907885 
 1916 , 3485.3654288991 
 1917 , 3489.42199342428 
 1918 , 3470.09309105814 
 1919 , 3454.71141070381 
 1920 , 3462.89034093384 
 1921 , 3475.58261236938 
 1922 , 3475.55570168324 
 1923 , 3458.19088671678 
 1924 , 3433.94458554524 
 1925 , 3429.01168646508 
 1926 , 3443.88927069857 
 1927 , 3455.92886436451 
 1928 , 3454.41880540945 
 1929 , 3439.10806525345 
 1930 , 3425.68362117829 
 1931 , 3431.37660168439 
 1932 , 3440.71428844076 
 1933 , 3434.21351082194 
 1934 , 3419.20802337504 
 1935 , 3407.78990496116 
 1936 , 3407.8078576489 
 1937 , 3417.98016274165 
 1938 , 3421.57509531307 
 1939 , 3413.32578773388 
 1940 , 3405.24199819798 
 1941 , 3402.83460860686 
 1942 , 3404.03511054017 
 1943 , 3404.78174542741 
 1944 , 3400.70708159416 
 1945 , 3394.51872559923 
 1946 , 3390.66646618173 
 1947 , 3384.07517828427 
 1948 , 3371.23402441587 
 1949 , 3366.52929212474 
 1950 , 3377.21830892981 
 1951 , 3382.03389373883 
 1952 , 3369.98735175264 
 1953 , 3355.98409208815 
 1954 , 3351.22088330982 
 1955 , 3358.36962084106 
 1956 , 3368.49930593097 
 1957 , 3364.62691903894 
 1958 , 3348.30027048863 
 1959 , 3331.62356945896 
 1960 , 3319.13628514431 
 1961 , 3311.79768431665 
 1962 , 3309.28804246858 
 1963 , 3310.40444288996 
 1964 , 3312.34091656888 
 1965 , 3310.25434979342 
 1966 , 3296.00312006147 
 1967 , 3275.5761260536 
 1968 , 3274.51755797875 
 1969 , 3290.8088632532 
 1970 , 3296.05716708819 
 1971 , 3293.44340731678 
 1972 , 3303.94832374633 
 1973 , 3311.77926716434 
 1974 , 3293.21918965384 
 1975 , 3272.29825497597 
 1976 , 3273.78312186026 
 1977 , 3276.05686200055 
 1978 , 3263.60783303505 
 1979 , 3254.35313028808 
 1980 , 3257.10439725039 
 1981 , 3261.21548497213 
 1982 , 3260.47503170248 
 1983 , 3254.59988799813 
 1984 , 3242.8985597326 
 1985 , 3225.88775908174 
 1986 , 3216.57812633291 
 1987 , 3226.65355372232 
 1988 , 3234.4584966214 
 1989 , 3221.60240340601 
 1990 , 3209.73325171935 
 1991 , 3214.43834803331 
 1992 , 3224.17699674476 
 1993 , 3227.52213560631 
 1994 , 3218.06539687578 
 1995 , 3201.02793918408 
 1996 , 3190.69783542295 
 1997 , 3190.89021079543 
 1998 , 3198.40151538241 
 1999 , 3206.35625015443 
 2000 , 3208.5037367074 
 2001 , 3206.56891494211 
 2002 , 3203.87409989273 
 2003 , 3202.75584748496 
 2004 , 3201.70693029905 
 2005 , 3193.57184538432 
 2006 , 3180.20180565786 
 2007 , 3172.79234828344 
 2008 , 3170.88169961696 
 2009 , 3166.62295214276 
 2010 , 3161.50778021745 
 2011 , 3159.99588241165 
 2012 , 3159.94065047018 
 2013 , 3158.73055998329 
 2014 , 3157.94817144755 
 2015 , 3157.37920796158 
 2016 , 3152.39828614989 
 2017 , 3146.22298713866 
 2018 , 3150.55610996355 
 2019 , 3156.25489471625 
 2020 , 3142.09783459229 
 2021 , 3124.17855476846 
 2022 , 3128.82819909389 
 2023 , 3139.84185552801 
 2024 , 3136.30697614778 
 2025 , 3123.22463748822 
 2026 , 3109.57901144911 
 2027 , 3102.4213032737 
 2028 , 3101.53680387412 
 2029 , 3098.65155259293 
 2030 , 3092.23797993935 
 2031 , 3085.84295783095 
 2032 , 3078.56116167154 
 2033 , 3068.82397628322 
 2034 , 3062.77932414296 
 2035 , 3066.03054343773 
 2036 , 3075.78147958628 
 2037 , 3082.77442052489 
 2038 , 3069.80390556121 
 2039 , 3044.86240892318 
 2040 , 3042.33856157394 
 2041 , 3057.26928113083 
 2042 , 3059.67069626419 
 2043 , 3049.90073033188 
 2044 , 3040.46021929438 
 2045 , 3036.99990772645 
 2046 , 3038.71103478945 
 2047 , 3033.3115273608 
 2048 , 3019.5585074228 
 2049 , 3015.27651205157 
 2050 , 3021.34381594121 
 2051 , 3022.14687845934 
 2052 , 3018.28079106566 
 2053 , 3018.69959970279 
 2054 , 3021.43888661798 
 2055 , 3020.90587313637 
 2056 , 3012.95150031494 
 2057 , 2999.46639754476 
 2058 , 2993.558332251 
 2059 , 2995.81222736678 
 2060 , 2990.76305326478 
 2061 , 2979.71549330409 
 2062 , 2975.65977845525 
 2063 , 2976.65420406794 
 2064 , 2975.28898359636 
 2065 , 2971.24252387841 
 2066 , 2965.09464062989 
 2067 , 2954.92953687393 
 2068 , 2943.92277057528 
 2069 , 2942.76146235713 
 2070 , 2948.7855919649 
 2071 , 2947.62293280624 
 2072 , 2934.92359743084 
 2073 , 2915.1797799612 
 2074 , 2908.68138698582 
 2075 , 2926.33610839934 
 2076 , 2936.91110221244 
 2077 , 2924.38307043913 
 2078 , 2911.3263443099 
 2079 , 2907.82807160487 
 2080 , 2907.31720831249 
 2081 , 2904.13480148818 
 2082 , 2895.83328762005 
 2083 , 2892.58230808202 
 2084 , 2900.51639783645 
 2085 , 2898.35309424075 
 2086 , 2879.27646462565 
 2087 , 2872.29625374126 
 2088 , 2879.68530657349 
 2089 , 2872.91265582918 
 2090 , 2854.72231919974 
 2091 , 2845.71797911086 
 2092 , 2845.02924717319 
 2093 , 2845.42325153674 
 2094 , 2845.74786134334 
 2095 , 2845.42205519113 
 2096 , 2842.73413984279 
 2097 , 2840.56023246245 
 2098 , 2845.57694109895 
 2099 , 2848.47751166447 
 2100 , 2834.42965004526 
 2101 , 2817.91989874999 
 2102 , 2815.65481765527 
 2103 , 2816.73438725501 
 2104 , 2812.2992031462 
 2105 , 2807.05824005942 
 2106 , 2805.39089230888 
 2107 , 2808.96412850252 
 2108 , 2809.91393484493 
 2109 , 2799.47268833334 
 2110 , 2794.89934488935 
 2111 , 2807.70519633234 
 2112 , 2807.38170147123 
 2113 , 2784.92201544536 
 2114 , 2776.81830021763 
 2115 , 2785.63630586676 
 2116 , 2781.9465821653 
 2117 , 2768.86409305439 
 2118 , 2762.76708900653 
 2119 , 2757.76270063028 
 2120 , 2749.00566419984 
 2121 , 2750.12556076552 
 2122 , 2760.55792373153 
 2123 , 2757.87195034982 
 2124 , 2745.89130915565 
 2125 , 2745.56002183552 
 2126 , 2742.01022666731 
 2127 , 2717.85913883524 
 2128 , 2706.35365745406 
 2129 , 2724.76830806819 
 2130 , 2735.51378370652 
 2131 , 2725.32340380296 
 2132 , 2714.28970871908 
 2133 , 2708.73929632217 
 2134 , 2705.32356911625 
 2135 , 2701.4601359825 
 2136 , 2695.88748515634 
 2137 , 2690.1688102027 
 2138 , 2684.22206730474 
 2139 , 2675.0403893423 
 2140 , 2666.04339712323 
 2141 , 2664.84212710242 
 2142 , 2667.00271776393 
 2143 , 2664.81546932473 
 2144 , 2660.32136586473 
 2145 , 2657.14229078791 
 2146 , 2657.07219814846 
 2147 , 2657.73011682968 
 2148 , 2652.94682688017 
 2149 , 2643.55640488479 
 2150 , 2634.58827527293 
 2151 , 2629.67453646506 
 2152 , 2628.995823922 
 2153 , 2625.00076110573 
 2154 , 2617.27468600273 
 2155 , 2616.45872572099 
 2156 , 2620.66190985943 
 2157 , 2619.5837329724 
 2158 , 2616.22453844212 
 2159 , 2616.5066905549 
 2160 , 2617.38033310644 
 2161 , 2617.11806583735 
 2162 , 2619.21691899254 
 2163 , 2620.9631344152 
 2164 , 2614.47545631914 
 2165 , 2601.40766720552 
 2166 , 2588.30920584593 
 2167 , 2581.71223673216 
 2168 , 2583.9525026144 
 2169 , 2588.81999621971 
 2170 , 2590.07317411565 
 2171 , 2583.571585628 
 2172 , 2575.28121643241 
 2173 , 2573.76091966678 
 2174 , 2572.21468470085 
 2175 , 2564.34534007823 
 2176 , 2555.62606874745 
 2177 , 2549.41057928794 
 2178 , 2544.75672783586 
 2179 , 2544.85970017265 
 2180 , 2553.02200268642 
 2181 , 2557.89235532705 
 2182 , 2549.58182967801 
 2183 , 2534.57445887001 
 2184 , 2522.40911779896 
 2185 , 2522.15296025035 
 2186 , 2529.04793395724 
 2187 , 2530.5580948007 
 2188 , 2524.97120853384 
 2189 , 2515.43843719523 
 2190 , 2507.66345531436 
 2191 , 2505.51834160306 
 2192 , 2509.20671892288 
 2193 , 2511.71839926577 
 2194 , 2503.2031370123 
 2195 , 2486.90150646381 
 2196 , 2472.74204491432 
 2197 , 2475.41658574843 
 2198 , 2490.73714331233 
 2199 , 2489.39550429935 
 2200 , 2476.78683942663 
 2201 , 2478.27363038041 
 2202 , 2479.91665374461 
 2203 , 2465.10885429226 
 2204 , 2449.65498887454 
 2205 , 2445.50372736839 
 2206 , 2451.23461461012 
 2207 , 2458.61525753574 
 2208 , 2457.32873662662 
 2209 , 2448.42320555343 
 2210 , 2437.1417137032 
 2211 , 2429.22895365655 
 2212 , 2427.59803022425 
 2213 , 2430.66361450245 
 2214 , 2427.96050925149 
 2215 , 2409.49127378208 
 2216 , 2396.39985520701 
 2217 , 2402.53768880851 
 2218 , 2401.72574552482 
 2219 , 2389.29561740547 
 2220 , 2389.47004655056 
 2221 , 2394.11369179634 
 2222 , 2383.49666392739 
 2223 , 2376.03220828658 
 2224 , 2383.34687571189 
 2225 , 2381.52203065059 
 2226 , 2368.2454908811 
 2227 , 2365.14134678603 
 2228 , 2368.69055130565 
 2229 , 2365.50314368237 
 2230 , 2355.81066873666 
 2231 , 2346.96453893899 
 2232 , 2352.0313216655 
 2233 , 2363.79217978771 
 2234 , 2360.52679064307 
 2235 , 2346.78368042038 
 2236 , 2335.3339313822 
 2237 , 2329.07789881905 
 2238 , 2327.38993607616 
 2239 , 2327.31443685578 
 2240 , 2326.25053396163 
 2241 , 2322.11123060099 
 2242 , 2313.50941113912 
 2243 , 2301.70986557559 
 2244 , 2293.63653179017 
 2245 , 2290.51703212428 
 2246 , 2286.45901136994 
 2247 , 2280.06442744019 
 2248 , 2273.93989560522 
 2249 , 2275.67616957932 
 2250 , 2284.2772356544 
 2251 , 2281.69545088537 
 2252 , 2272.84347400814 
 2253 , 2279.03643978175 
 2254 , 2280.99219104063 
 2255 , 2257.82045032056 
 2256 , 2236.11028248761 
 2257 , 2234.0860023569 
 2258 , 2245.20624575157 
 2259 , 2251.94443871273 
 2260 , 2238.69546157657 
 2261 , 2228.87506564458 
 2262 , 2237.77657115458 
 2263 , 2239.03215929366 
 2264 , 2227.26296649653 
 2265 , 2221.2316553556 
 2266 , 2220.97609727861 
 2267 , 2218.26462972053 
 2268 , 2208.78664586096 
 2269 , 2197.02500368387 
 2270 , 2197.9396832881 
 2271 , 2208.25757091177 
 2272 , 2212.87788993875 
 2273 , 2205.28752868734 
 2274 , 2188.95320295327 
 2275 , 2182.31588067342 
 2276 , 2187.54325530089 
 2277 , 2189.88603163422 
 2278 , 2187.81644877019 
 2279 , 2184.00074705757 
 2280 , 2173.38070401162 
 2281 , 2157.759712004 
 2282 , 2150.03335986215 
 2283 , 2150.2681222282 
 2284 , 2151.14370494494 
 2285 , 2154.0622058568 
 2286 , 2158.10331972361 
 2287 , 2153.09133508777 
 2288 , 2143.90187022117 
 2289 , 2145.81729226385 
 2290 , 2142.35614000444 
 2291 , 2120.30264045502 
 2292 , 2113.11396922275 
 2293 , 2126.48258173077 
 2294 , 2124.760255439 
 2295 , 2109.91533198997 
 2296 , 2102.24754200288 
 2297 , 2102.79521959934 
 2298 , 2105.35530467482 
 2299 , 2100.39641809634 
 2300 , 2089.62923238701 
 2301 , 2082.2655153129 
 2302 , 2080.3634739433 
 2303 , 2081.69925401403 
 2304 , 2080.18512850286 
 2305 , 2072.97711542642 
 2306 , 2061.81726818859 
 2307 , 2054.75107527539 
 2308 , 2057.78225331033 
 2309 , 2063.25893121128 
 2310 , 2062.19459237301 
 2311 , 2048.80716781518 
 2312 , 2034.82790358832 
 2313 , 2034.66039137212 
 2314 , 2036.46366814886 
 2315 , 2033.83401231641 
 2316 , 2037.02650418849 
 2317 , 2037.8083995524 
 2318 , 2021.71476235029 
 2319 , 2010.74216394365 
 2320 , 2015.68617256126 
 2321 , 2006.93406531895 
 2322 , 1989.03938572522 
 2323 , 1992.02780991696 
 2324 , 2001.52206878332 
 2325 , 1999.59031564801 
 2326 , 1998.2353566749 
 2327 , 1999.48930975705 
 2328 , 1993.48081670344 
 2329 , 1988.70830023429 
 2330 , 1994.23029017561 
 2331 , 1997.58637428462 
 2332 , 1991.17803276768 
 2333 , 1978.183082147 
 2334 , 1966.85141518828 
 2335 , 1963.17771432013 
 2336 , 1958.38175828311 
 2337 , 1950.5657367878 
 2338 , 1949.86771678021 
 2339 , 1951.29530331259 
