11-20-2017,16:40:12
Wavenumber(cm-1),Intensity
 250 , 21646.7408734352 
 251 , 21657.459385896 
 252 , 21676.2238580668 
 253 , 21703.0573368417 
 254 , 21722.2623818874 
 255 , 21718.2723597815 
 256 , 21697.0412858036 
 257 , 21680.5301901589 
 258 , 21687.2737860803 
 259 , 21715.2343268821 
 260 , 21755.456209493 
 261 , 21798.894250532 
 262 , 21836.3089655711 
 263 , 21858.8590110395 
 264 , 21868.5330836653 
 265 , 21878.765178686 
 266 , 21902.3462265417 
 267 , 21942.3625813949 
 268 , 21997.1722281219 
 269 , 22061.2390019237 
 270 , 22116.216112513 
 271 , 22141.4857000956 
 272 , 22135.8977238083 
 273 , 22126.6623249987 
 274 , 22141.0768870232 
 275 , 22180.0336809737 
 276 , 22226.7056260617 
 277 , 22267.458208868 
 278 , 22305.0935403086 
 279 , 22347.1699304054 
 280 , 22396.5760275475 
 281 , 22447.0413652572 
 282 , 22491.4598402243 
 283 , 22527.0165742902 
 284 , 22554.7050825791 
 285 , 22575.6885770754 
 286 , 22591.3696240538 
 287 , 22603.2447280996 
 288 , 22612.7420471074 
 289 , 22621.1125856325 
 290 , 22629.5953180407 
 291 , 22639.9024353767 
 292 , 22654.2831454246 
 293 , 22674.7144750441 
 294 , 22700.6050249273 
 295 , 22730.0629617536 
 296 , 22760.3948380887 
 297 , 22786.2772816991 
 298 , 22801.9372713632 
 299 , 22806.103748783 
 300 , 22803.8464831232 
 301 , 22800.7141234197 
 302 , 22802.2738483545 
 303 , 22814.1044358781 
 304 , 22839.7143925824 
 305 , 22874.0234413375 
 306 , 22909.7336744143 
 307 , 22940.2590565608 
 308 , 22960.2231022247 
 309 , 22965.0155208277 
 310 , 22959.2962227574 
 311 , 22954.6448012414 
 312 , 22962.1382271236 
 313 , 22989.5081894091 
 314 , 23043.3782185215 
 315 , 23121.8768606014 
 316 , 23206.2135961402 
 317 , 23276.3767123225 
 318 , 23326.2982365814 
 319 , 23361.9132433654 
 320 , 23389.7496289548 
 321 , 23417.5074091016 
 322 , 23453.281049457 
 323 , 23498.4578486038 
 324 , 23539.2259593704 
 325 , 23560.4205293146 
 326 , 23562.7575878166 
 327 , 23562.2236771896 
 328 , 23573.1787583382 
 329 , 23595.2258449814 
 330 , 23622.014599497 
 331 , 23649.4979479775 
 332 , 23679.4236292059 
 333 , 23714.2904073378 
 334 , 23753.158254884 
 335 , 23791.5070482942 
 336 , 23824.7216359465 
 337 , 23848.702658631 
 338 , 23859.5814874516 
 339 , 23856.974203284 
 340 , 23849.7794094381 
 341 , 23848.2530097828 
 342 , 23857.9873091939 
 343 , 23879.4783966065 
 344 , 23911.7411586451 
 345 , 23944.6317379378 
 346 , 23963.8610884556 
 347 , 23960.9866190018 
 348 , 23943.6860968406 
 349 , 23922.4127636208 
 350 , 23908.493294354 
 351 , 23914.2256063558 
 352 , 23949.5395617032 
 353 , 24006.0857950257 
 354 , 24067.1687963698 
 355 , 24120.7693147303 
 356 , 24167.7881075823 
 357 , 24211.3245551364 
 358 , 24254.6828748134 
 359 , 24301.391989899 
 360 , 24354.0415954923 
 361 , 24408.2450566001 
 362 , 24456.5152450004 
 363 , 24494.9466925157 
 364 , 24529.1135880173 
 365 , 24565.8593736106 
 366 , 24605.130652643 
 367 , 24639.6375289885 
 368 , 24663.1531772692 
 369 , 24679.0981707422 
 370 , 24694.9350927477 
 371 , 24715.3555016168 
 372 , 24738.2147526866 
 373 , 24760.4626973814 
 374 , 24781.7739511195 
 375 , 24804.4745457564 
 376 , 24830.5568903663 
 377 , 24859.2682335789 
 378 , 24888.8083098413 
 379 , 24917.7715104389 
 380 , 24945.6301656233 
 381 , 24972.0864227219 
 382 , 24998.8936932616 
 383 , 25029.6001429621 
 384 , 25066.9038291745 
 385 , 25108.5876922121 
 386 , 25150.8025397467 
 387 , 25191.9207735576 
 388 , 25234.613640936 
 389 , 25281.546392525 
 390 , 25328.0496801066 
 391 , 25363.8625166485 
 392 , 25381.6989879171 
 393 , 25388.4479953963 
 394 , 25394.9720198673 
 395 , 25408.2463070506 
 396 , 25428.8646498953 
 397 , 25456.7642235884 
 398 , 25491.1432342638 
 399 , 25530.7248279695 
 400 , 25574.1741305327 
 401 , 25619.9702634512 
 402 , 25666.5625366699 
 403 , 25712.9685053852 
 404 , 25758.9755100764 
 405 , 25804.4231243834 
 406 , 25849.1285429812 
 407 , 25892.8975654643 
 408 , 25935.8992426247 
 409 , 25979.3653714463 
 410 , 26024.6183617179 
 411 , 26070.2231412128 
 412 , 26111.7471473395 
 413 , 26144.7976636029 
 414 , 26166.2547182211 
 415 , 26173.5387432388 
 416 , 26168.2790367633 
 417 , 26161.5667589169 
 418 , 26165.4625760884 
 419 , 26186.4344489982 
 420 , 26226.2148343691 
 421 , 26284.4386264214 
 422 , 26351.1665519166 
 423 , 26413.5815657404 
 424 , 26463.3782494589 
 425 , 26499.8859810937 
 426 , 26523.4870151781 
 427 , 26538.1678869657 
 428 , 26550.2127996322 
 429 , 26564.0335366603 
 430 , 26577.32396517 
 431 , 26586.3874065369 
 432 , 26590.5776557376 
 433 , 26593.0488254813 
 434 , 26597.3094861704 
 435 , 26607.7541435854 
 436 , 26629.1775380154 
 437 , 26663.7006213744 
 438 , 26706.8707356171 
 439 , 26753.2658658235 
 440 , 26797.8768436763 
 441 , 26836.0636429036 
 442 , 26863.3782138862 
 443 , 26876.2803006537 
 444 , 26871.6698217618 
 445 , 26858.2240659959 
 446 , 26864.5475569043 
 447 , 26917.3002697772 
 448 , 27000.4911905842 
 449 , 27071.687932882 
 450 , 27102.2986195623 
 451 , 27110.8105072647 
 452 , 27124.8069019432 
 453 , 27153.2369922869 
 454 , 27183.6564342485 
 455 , 27204.7251854002 
 456 , 27220.349010394 
 457 , 27240.6519432781 
 458 , 27271.0862666518 
 459 , 27307.1487076734 
 460 , 27343.4576678507 
 461 , 27380.3937075126 
 462 , 27422.7126338338 
 463 , 27471.4165466561 
 464 , 27511.7681655259 
 465 , 27525.3989980145 
 466 , 27510.1066336255 
 467 , 27485.6069699112 
 468 , 27471.7346535076 
 469 , 27476.7655061788 
 470 , 27503.4056610027 
 471 , 27549.4323945735 
 472 , 27600.65527544 
 473 , 27641.9138303957 
 474 , 27672.5123975174 
 475 , 27704.0806659993 
 476 , 27745.3259975408 
 477 , 27789.8330576414 
 478 , 27827.0132059272 
 479 , 27853.3351878992 
 480 , 27875.6551405588 
 481 , 27900.7516109997 
 482 , 27927.4982149919 
 483 , 27950.7044803755 
 484 , 27965.6466153983 
 485 , 27968.8887009258 
 486 , 27957.9913104958 
 487 , 27945.0946484857 
 488 , 27955.145381334 
 489 , 28005.7127119732 
 490 , 28078.1817656564 
 491 , 28143.7178752209 
 492 , 28186.3584105142 
 493 , 28209.0224427323 
 494 , 28216.5810631685 
 495 , 28217.6905096169 
 496 , 28222.9015101898 
 497 , 28238.8364524721 
 498 , 28262.3676580276 
 499 , 28289.1306228556 
 500 , 28318.8788553775 
 501 , 28354.7930239056 
 502 , 28397.7239353104 
 503 , 28438.1296739337 
 504 , 28463.9527744737 
 505 , 28473.9216047533 
 506 , 28481.2427215011 
 507 , 28497.7712213414 
 508 , 28517.7583846791 
 509 , 28527.5557865776 
 510 , 28519.5164187546 
 511 , 28499.0986384013 
 512 , 28473.9591342164 
 513 , 28458.3336375898 
 514 , 28471.2229472415 
 515 , 28522.6363137642 
 516 , 28590.0568233487 
 517 , 28644.2703417066 
 518 , 28672.5342996166 
 519 , 28680.7185261837 
 520 , 28676.1325182518 
 521 , 28668.6993567149 
 522 , 28669.2529351872 
 523 , 28684.4980418345 
 524 , 28713.9153624639 
 525 , 28755.8459025554 
 526 , 28804.5019942692 
 527 , 28851.7146947712 
 528 , 28890.9944921127 
 529 , 28920.5199771582 
 530 , 28939.4348355784 
 531 , 28950.0874518844 
 532 , 28957.632192445 
 533 , 28966.502261178 
 534 , 28977.6049802336 
 535 , 28990.9855939063 
 536 , 29010.2122557442 
 537 , 29043.4423236466 
 538 , 29096.8278618688 
 539 , 29160.7267932427 
 540 , 29218.9617044529 
 541 , 29262.9498185297 
 542 , 29298.816266094 
 543 , 29334.0989153542 
 544 , 29373.4023065786 
 545 , 29419.5011892002 
 546 , 29468.4792603538 
 547 , 29497.2108055224 
 548 , 29481.3452797973 
 549 , 29438.8016952559 
 550 , 29425.4373107986 
 551 , 29482.2225184576 
 552 , 29579.871550917 
 553 , 29670.7126599086 
 554 , 29730.0172030313 
 555 , 29762.2903841133 
 556 , 29775.7453106877 
 557 , 29790.3001319588 
 558 , 29830.3147270216 
 559 , 29900.3147551446 
 560 , 29969.1569738436 
 561 , 30005.3666138788 
 562 , 30010.6176098731 
 563 , 30005.3054585028 
 564 , 30003.3976853848 
 565 , 30002.009694202 
 566 , 29996.1798386676 
 567 , 29989.4569654024 
 568 , 29992.037097931 
 569 , 30010.1459966065 
 570 , 30035.1049359915 
 571 , 30055.1460371473 
 572 , 30065.0921220766 
 573 , 30066.7419178947 
 574 , 30064.0700253044 
 575 , 30070.3619389514 
 576 , 30101.533584628 
 577 , 30158.8813669983 
 578 , 30222.9842916109 
 579 , 30274.7363003842 
 580 , 30308.3978745782 
 581 , 30324.0209861251 
 582 , 30324.0717046943 
 583 , 30315.5225717441 
 584 , 30305.2591685657 
 585 , 30294.3213820885 
 586 , 30280.3990516465 
 587 , 30264.1544906846 
 588 , 30253.7765183055 
 589 , 30258.0012060345 
 590 , 30276.852196644 
 591 , 30303.8443970249 
 592 , 30332.3502966621 
 593 , 30355.7884886099 
 594 , 30367.7354531754 
 595 , 30364.9086548037 
 596 , 30347.022590412 
 597 , 30317.3584642727 
 598 , 30294.1418059527 
 599 , 30299.0953969998 
 600 , 30335.8260997591 
 601 , 30386.1694120163 
 602 , 30432.6918406853 
 603 , 30469.3238912277 
 604 , 30494.0750636173 
 605 , 30511.0276624552 
 606 , 30533.3492246826 
 607 , 30572.1987998789 
 608 , 30618.8114283043 
 609 , 30655.7733075468 
 610 , 30677.5131485715 
 611 , 30700.4156718914 
 612 , 30741.3968876866 
 613 , 30800.2774700391 
 614 , 30867.601829179 
 615 , 30933.3234664791 
 616 , 30986.2666891271 
 617 , 31016.3361296865 
 618 , 31028.1389090306 
 619 , 31035.9286004998 
 620 , 31052.4919610623 
 621 , 31086.1222208434 
 622 , 31143.4298127907 
 623 , 31216.9997982743 
 624 , 31288.4690115944 
 625 , 31344.7770645836 
 626 , 31391.3572997907 
 627 , 31436.5040833466 
 628 , 31469.6824247488 
 629 , 31463.1307588577 
 630 , 31403.4596079566 
 631 , 31336.2893728359 
 632 , 31319.9307788284 
 633 , 31366.4951505029 
 634 , 31439.2359242397 
 635 , 31504.0640181607 
 636 , 31549.9546161014 
 637 , 31572.7176240617 
 638 , 31574.5018992635 
 639 , 31565.1054395804 
 640 , 31554.061135847 
 641 , 31547.0548608251 
 642 , 31548.4360554603 
 643 , 31559.9886998727 
 644 , 31580.0086342058 
 645 , 31606.6767707269 
 646 , 31638.9932226258 
 647 , 31676.2314934342 
 648 , 31715.7078718555 
 649 , 31751.7743178006 
 650 , 31779.000259164 
 651 , 31795.1372967613 
 652 , 31799.2757709859 
 653 , 31790.8656700029 
 654 , 31769.948185491 
 655 , 31738.2279688113 
 656 , 31709.6466724766 
 657 , 31703.6244566777 
 658 , 31725.5313521732 
 659 , 31755.2839856615 
 660 , 31772.8534060158 
 661 , 31780.9853843533 
 662 , 31793.6887925973 
 663 , 31818.520476738 
 664 , 31850.3753499148 
 665 , 31882.8294132442 
 666 , 31910.6463643714 
 667 , 31929.2384940098 
 668 , 31936.9917623384 
 669 , 31938.3766354623 
 670 , 31938.7881865887 
 671 , 31945.3304198201 
 672 , 31966.0342660061 
 673 , 32004.9117324412 
 674 , 32057.3533918851 
 675 , 32117.0467420719 
 676 , 32171.7634402468 
 677 , 32205.9211763416 
 678 , 32214.1307021851 
 679 , 32213.5481229146 
 680 , 32222.8495930657 
 681 , 32245.4299684756 
 682 , 32275.7035543124 
 683 , 32309.2156717289 
 684 , 32344.2988699324 
 685 , 32379.8827990046 
 686 , 32417.1705777851 
 687 , 32458.6950082993 
 688 , 32503.1368782939 
 689 , 32540.5099894008 
 690 , 32560.6782366456 
 691 , 32564.1077496016 
 692 , 32557.5051771879 
 693 , 32545.6864395575 
 694 , 32529.1078340555 
 695 , 32508.3398890766 
 696 , 32490.9801603629 
 697 , 32488.6604036549 
 698 , 32507.5043096706 
 699 , 32541.6668659847 
 700 , 32583.0845462339 
 701 , 32617.2832111889 
 702 , 32626.2816440683 
 703 , 32604.7690845864 
 704 , 32573.7275893144 
 705 , 32555.1264600848 
 706 , 32550.2342632298 
 707 , 32549.2877944523 
 708 , 32547.0452231485 
 709 , 32547.3341285379 
 710 , 32554.2857310553 
 711 , 32565.6744076278 
 712 , 32576.1136211801 
 713 , 32584.133573791 
 714 , 32595.4922004486 
 715 , 32615.9139783922 
 716 , 32644.8612796917 
 717 , 32678.770445781 
 718 , 32706.3961787969 
 719 , 32703.5113456902 
 720 , 32651.8836602738 
 721 , 32584.0630146521 
 722 , 32553.7111312493 
 723 , 32579.1932703735 
 724 , 32624.2269181234 
 725 , 32653.3643645392 
 726 , 32665.5581126258 
 727 , 32672.8941054915 
 728 , 32682.5072073507 
 729 , 32694.6032501901 
 730 , 32708.2546578189 
 731 , 32719.1280240521 
 732 , 32722.0394472073 
 733 , 32722.7090344866 
 734 , 32740.3656013149 
 735 , 32788.5654888421 
 736 , 32849.858927615 
 737 , 32898.1588795731 
 738 , 32923.0429882517 
 739 , 32931.1540104264 
 740 , 32931.0785024883 
 741 , 32935.8162015913 
 742 , 32958.6623988366 
 743 , 32995.6256140575 
 744 , 33026.3628748157 
 745 , 33037.4004821854 
 746 , 33041.120334696 
 747 , 33054.6058409571 
 748 , 33081.0501155744 
 749 , 33112.3871886566 
 750 , 33141.6494745761 
 751 , 33165.9556529315 
 752 , 33183.1564208766 
 753 , 33191.1402238354 
 754 , 33187.8358503333 
 755 , 33175.3115946914 
 756 , 33165.4592829713 
 757 , 33170.2807111507 
 758 , 33188.8005177227 
 759 , 33212.6736875586 
 760 , 33235.8872263728 
 761 , 33257.1318526054 
 762 , 33275.1040690747 
 763 , 33284.3692427543 
 764 , 33277.7086173315 
 765 , 33256.5713303912 
 766 , 33236.1394861764 
 767 , 33229.287947808 
 768 , 33227.7151118994 
 769 , 33215.6720846425 
 770 , 33193.4635583634 
 771 , 33181.89918936 
 772 , 33196.3835626186 
 773 , 33220.9141366987 
 774 , 33231.0994297627 
 775 , 33220.4717122605 
 776 , 33200.8288419206 
 777 , 33183.3665798721 
 778 , 33174.1939545463 
 779 , 33178.0952937866 
 780 , 33196.8377348549 
 781 , 33229.754750691 
 782 , 33270.0159188812 
 783 , 33294.2421600952 
 784 , 33279.815085259 
 785 , 33243.4252360864 
 786 , 33226.1134066115 
 787 , 33246.8155478081 
 788 , 33278.254248651 
 789 , 33291.8471035034 
 790 , 33293.5147662599 
 791 , 33305.3645424811 
 792 , 33340.4356267908 
 793 , 33397.5285845483 
 794 , 33472.052397881 
 795 , 33547.2017395214 
 796 , 33602.3537711651 
 797 , 33631.2928053353 
 798 , 33644.6344604768 
 799 , 33651.6647171023 
 800 , 33652.4404538031 
 801 , 33645.0243240568 
 802 , 33633.5974172291 
 803 , 33627.6571229725 
 804 , 33632.6681980352 
 805 , 33642.0102914754 
 806 , 33647.6490054961 
 807 , 33650.0196189517 
 808 , 33654.935853635 
 809 , 33665.6673221509 
 810 , 33680.114974084 
 811 , 33695.4442448016 
 812 , 33708.210539212 
 813 , 33714.7421631153 
 814 , 33713.9555568521 
 815 , 33708.5337764054 
 816 , 33702.8907308094 
 817 , 33708.703992713 
 818 , 33739.0973032849 
 819 , 33786.4653862817 
 820 , 33821.7702117001 
 821 , 33822.8552556747 
 822 , 33794.3489163296 
 823 , 33746.9440356661 
 824 , 33696.4355184065 
 825 , 33662.2826402289 
 826 , 33654.2122091649 
 827 , 33659.5092204311 
 828 , 33664.3979834982 
 829 , 33672.3586645113 
 830 , 33695.2676027216 
 831 , 33732.739301281 
 832 , 33765.2902233944 
 833 , 33774.7825708521 
 834 , 33758.9307417824 
 835 , 33721.2252704905 
 836 , 33678.7798522554 
 837 , 33663.0393803028 
 838 , 33691.5541837263 
 839 , 33732.5199943575 
 840 , 33746.3574661431 
 841 , 33728.6209387958 
 842 , 33699.6670745872 
 843 , 33673.617392184 
 844 , 33649.929781912 
 845 , 33626.8896624636 
 846 , 33608.5170814591 
 847 , 33601.3734578566 
 848 , 33606.8747060141 
 849 , 33619.1641691532 
 850 , 33631.8131254967 
 851 , 33638.2806764758 
 852 , 33632.3681093981 
 853 , 33615.2929774737 
 854 , 33595.0746343983 
 855 , 33577.9200441081 
 856 , 33564.1951383382 
 857 , 33553.5508409605 
 858 , 33548.8272250525 
 859 , 33554.7087371003 
 860 , 33573.5002312661 
 861 , 33603.2976663472 
 862 , 33640.4601216606 
 863 , 33673.6946520673 
 864 , 33689.4929002344 
 865 , 33689.4649103232 
 866 , 33691.8341609888 
 867 , 33708.9568323769 
 868 , 33730.3069222799 
 869 , 33742.1252174402 
 870 , 33751.2448368897 
 871 , 33778.4932954048 
 872 , 33832.5915387457 
 873 , 33897.337723513 
 874 , 33956.3502609056 
 875 , 34012.1058790442 
 876 , 34074.8411812166 
 877 , 34154.8740983127 
 878 , 34262.5922731435 
 879 , 34398.8913201091 
 880 , 34528.9786209868 
 881 , 34613.078815241 
 882 , 34658.8590399254 
 883 , 34708.6722729062 
 884 , 34777.7518696979 
 885 , 34821.7577648714 
 886 , 34796.6447946353 
 887 , 34714.2851141267 
 888 , 34610.0277047176 
 889 , 34500.9100972717 
 890 , 34381.0514824353 
 891 , 34247.9499021422 
 892 , 34117.3574983018 
 893 , 34008.3914421036 
 894 , 33926.9288926469 
 895 , 33869.1884514907 
 896 , 33829.1658480767 
 897 , 33796.6872607751 
 898 , 33762.2440918677 
 899 , 33724.2777586878 
 900 , 33684.620605906 
 901 , 33648.9545962272 
 902 , 33627.4859233778 
 903 , 33624.4199948334 
 904 , 33622.0706995684 
 905 , 33600.2158884805 
 906 , 33565.987974158 
 907 , 33544.6547702382 
 908 , 33548.8736589005 
 909 , 33567.1177018575 
 910 , 33586.4216835496 
 911 , 33600.885482909 
 912 , 33607.180105581 
 913 , 33602.408526061 
 914 , 33584.1189268853 
 915 , 33553.9121777682 
 916 , 33525.3058185814 
 917 , 33512.2226589503 
 918 , 33511.1977659507 
 919 , 33509.1217665736 
 920 , 33502.2141301742 
 921 , 33501.3383076001 
 922 , 33514.9719733861 
 923 , 33534.6569927839 
 924 , 33547.4661567223 
 925 , 33547.9958666346 
 926 , 33537.1336576291 
 927 , 33517.4239301014 
 928 , 33494.7835982924 
 929 , 33475.0321086805 
 930 , 33459.8975486157 
 931 , 33449.274331444 
 932 , 33441.4790073306 
 933 , 33432.9509493098 
 934 , 33422.0939564389 
 935 , 33414.3536191507 
 936 , 33415.8385396506 
 937 , 33423.4473970061 
 938 , 33428.4106351178 
 939 , 33427.3848885345 
 940 , 33426.244665972 
 941 , 33429.6842254333 
 942 , 33432.2996318075 
 943 , 33426.3503321907 
 944 , 33417.424851707 
 945 , 33422.4620944621 
 946 , 33447.5336917643 
 947 , 33472.8771710635 
 948 , 33478.7718550524 
 949 , 33470.8997856073 
 950 , 33465.4076065011 
 951 , 33469.4744326858 
 952 , 33480.0514238972 
 953 , 33494.25899389 
 954 , 33511.4676929881 
 955 , 33531.0539562283 
 956 , 33548.2160684847 
 957 , 33555.8468643061 
 958 , 33549.01014937 
 959 , 33525.9997514336 
 960 , 33487.041337289 
 961 , 33439.268401116 
 962 , 33391.9122218428 
 963 , 33358.4567042004 
 964 , 33355.2763382639 
 965 , 33382.404433544 
 966 , 33409.3530570507 
 967 , 33408.6599875845 
 968 , 33386.6336209657 
 969 , 33360.3252176259 
 970 , 33338.6524283639 
 971 , 33323.3250938745 
 972 , 33315.5263422427 
 973 , 33315.7999150402 
 974 , 33323.9126571496 
 975 , 33335.0483904296 
 976 , 33342.6740773763 
 977 , 33344.3095878487 
 978 , 33341.7866848048 
 979 , 33338.5661533625 
 980 , 33342.0597139013 
 981 , 33358.7374222561 
 982 , 33381.8344567745 
 983 , 33398.338865394 
 984 , 33402.4678115128 
 985 , 33397.4542316873 
 986 , 33389.5215776784 
 987 , 33392.8462553975 
 988 , 33420.7609328123 
 989 , 33462.6245667697 
 990 , 33494.5816999561 
 991 , 33505.3334068294 
 992 , 33501.4816298904 
 993 , 33495.02415898 
 994 , 33513.1129678437 
 995 , 33581.7286787087 
 996 , 33673.8595245459 
 997 , 33729.8739949913 
 998 , 33733.1818187101 
 999 , 33735.0778191497 
 1000 , 33784.3588296113 
 1001 , 33895.0339796073 
 1002 , 34071.3298789744 
 1003 , 34307.9426919718 
 1004 , 34592.6639294674 
 1005 , 34883.6165142767 
 1006 , 35089.3682643657 
 1007 , 35135.155881711 
 1008 , 35041.6752835265 
 1009 , 34855.3677848141 
 1010 , 34611.0388132049 
 1011 , 34335.2013495498 
 1012 , 34062.687341519 
 1013 , 33843.2597738406 
 1014 , 33711.812468395 
 1015 , 33627.1780247808 
 1016 , 33530.187540581 
 1017 , 33418.9200806935 
 1018 , 33333.5816548242 
 1019 , 33293.2169471989 
 1020 , 33277.2937261735 
 1021 , 33265.2038357601 
 1022 , 33255.1799099933 
 1023 , 33250.595455863 
 1024 , 33249.6228751668 
 1025 , 33246.6405579547 
 1026 , 33240.2468683954 
 1027 , 33236.6520534439 
 1028 , 33243.1821556146 
 1029 , 33268.7125533781 
 1030 , 33321.1249521243 
 1031 , 33388.9285346112 
 1032 , 33446.9012107733 
 1033 , 33482.3718742509 
 1034 , 33504.4892885136 
 1035 , 33521.2825694469 
 1036 , 33526.7545486002 
 1037 , 33512.241181401 
 1038 , 33483.1400149051 
 1039 , 33454.2383876391 
 1040 , 33431.8973282908 
 1041 , 33408.8228170044 
 1042 , 33377.9647117112 
 1043 , 33338.0625593127 
 1044 , 33290.4904010135 
 1045 , 33249.8456701588 
 1046 , 33238.6034510182 
 1047 , 33262.2643042457 
 1048 , 33301.6567863484 
 1049 , 33338.6294504747 
 1050 , 33365.4367823695 
 1051 , 33377.5329343521 
 1052 , 33378.9509597241 
 1053 , 33378.3072582777 
 1054 , 33377.8650642528 
 1055 , 33371.7063626865 
 1056 , 33355.6824961522 
 1057 , 33332.6780871968 
 1058 , 33307.2188181603 
 1059 , 33286.2496171959 
 1060 , 33277.4683141662 
 1061 , 33277.3775910818 
 1062 , 33270.1503632803 
 1063 , 33246.4115451924 
 1064 , 33214.976517134 
 1065 , 33186.6092162844 
 1066 , 33166.016177084 
 1067 , 33155.2388718301 
 1068 , 33151.5455008805 
 1069 , 33147.8036751493 
 1070 , 33138.5409121249 
 1071 , 33122.1275117618 
 1072 , 33098.2673228425 
 1073 , 33071.0658446043 
 1074 , 33045.6717551923 
 1075 , 33021.6867640071 
 1076 , 32994.5570378027 
 1077 , 32962.4699466371 
 1078 , 32928.4123021769 
 1079 , 32896.8696428561 
 1080 , 32876.5036156385 
 1081 , 32876.9146765582 
 1082 , 32906.5183137193 
 1083 , 32972.2154570182 
 1084 , 33048.2315148136 
 1085 , 33065.5769322757 
 1086 , 32986.6370868002 
 1087 , 32878.1973241153 
 1088 , 32816.4730581765 
 1089 , 32799.5119649763 
 1090 , 32790.5860177205 
 1091 , 32775.8331662329 
 1092 , 32764.766807903 
 1093 , 32765.1373442325 
 1094 , 32778.3843608882 
 1095 , 32800.7762604325 
 1096 , 32805.3564888477 
 1097 , 32760.1487660677 
 1098 , 32673.5871740024 
 1099 , 32584.4707023657 
 1100 , 32515.9138351807 
 1101 , 32464.0873996692 
 1102 , 32422.2482379657 
 1103 , 32382.0818370919 
 1104 , 32336.0440701801 
 1105 , 32287.2602348447 
 1106 , 32244.4153282472 
 1107 , 32207.911698416 
 1108 , 32168.3667333388 
 1109 , 32123.4126135309 
 1110 , 32090.2067395635 
 1111 , 32084.5431768091 
 1112 , 32094.9873421268 
 1113 , 32100.3491782794 
 1114 , 32087.7918157018 
 1115 , 32051.4942458385 
 1116 , 31996.0376214626 
 1117 , 31943.8321788144 
 1118 , 31912.9331946474 
 1119 , 31897.0758649125 
 1120 , 31884.2197220616 
 1121 , 31864.5634848836 
 1122 , 31830.1403971677 
 1123 , 31791.3329179967 
 1124 , 31780.0164199988 
 1125 , 31808.613619113 
 1126 , 31837.4396110658 
 1127 , 31826.6388652055 
 1128 , 31782.2296271729 
 1129 , 31726.3692118883 
 1130 , 31675.7401843852 
 1131 , 31642.6514427913 
 1132 , 31631.2061488551 
 1133 , 31632.5220000012 
 1134 , 31633.584577559 
 1135 , 31610.9908132173 
 1136 , 31545.2969300605 
 1137 , 31468.1037701311 
 1138 , 31433.7577318849 
 1139 , 31444.0732497467 
 1140 , 31447.5326769548 
 1141 , 31418.5205301391 
 1142 , 31390.9425585496 
 1143 , 31395.0162397858 
 1144 , 31408.6917063065 
 1145 , 31397.971355776 
 1146 , 31365.3431425959 
 1147 , 31335.6102926189 
 1148 , 31314.9539238482 
 1149 , 31285.4696304007 
 1150 , 31238.8589607115 
 1151 , 31196.3767696164 
 1152 , 31179.2901792523 
 1153 , 31180.4726680139 
 1154 , 31183.0400463684 
 1155 , 31178.854685569 
 1156 , 31166.4725980127 
 1157 , 31147.7061230166 
 1158 , 31129.0637484558 
 1159 , 31113.5428986017 
 1160 , 31091.7177866315 
 1161 , 31054.8050156416 
 1162 , 31016.0002369567 
 1163 , 30996.9608127467 
 1164 , 31000.8785062444 
 1165 , 31014.7853275938 
 1166 , 31024.7826093415 
 1167 , 31016.2988170681 
 1168 , 30981.7255104158 
 1169 , 30939.0221405562 
 1170 , 30907.8771213293 
 1171 , 30875.0916948002 
 1172 , 30813.4678810029 
 1173 , 30735.7889978595 
 1174 , 30692.9628595804 
 1175 , 30703.0896608368 
 1176 , 30719.3389807051 
 1177 , 30700.5374662366 
 1178 , 30656.2494434157 
 1179 , 30608.1488691268 
 1180 , 30574.5354377214 
 1181 , 30571.054095909 
 1182 , 30591.9501694512 
 1183 , 30610.0575041126 
 1184 , 30606.1069441506 
 1185 , 30578.1544649383 
 1186 , 30530.0997799076 
 1187 , 30481.3443952781 
 1188 , 30452.3922253005 
 1189 , 30438.9511776469 
 1190 , 30424.1329706792 
 1191 , 30397.5450699388 
 1192 , 30355.5078211342 
 1193 , 30304.3556685371 
 1194 , 30269.2364423041 
 1195 , 30267.3271093191 
 1196 , 30275.963478563 
 1197 , 30266.2685342064 
 1198 , 30239.5221825601 
 1199 , 30211.6334186305 
 1200 , 30188.9184375396 
 1201 , 30168.3880650664 
 1202 , 30145.1728520052 
 1203 , 30111.6626894532 
 1204 , 30063.2544895665 
 1205 , 30007.3061428912 
 1206 , 29953.5673256648 
 1207 , 29909.3666256283 
 1208 , 29880.5630003829 
 1209 , 29866.4635811735 
 1210 , 29860.6154368764 
 1211 , 29852.2717003457 
 1212 , 29824.0044663893 
 1213 , 29763.5650311781 
 1214 , 29677.0791381542 
 1215 , 29578.2414311558 
 1216 , 29506.2090043768 
 1217 , 29505.9616095758 
 1218 , 29559.7535870757 
 1219 , 29603.0795678815 
 1220 , 29599.8454423679 
 1221 , 29555.1755162562 
 1222 , 29481.9526965848 
 1223 , 29405.4754279063 
 1224 , 29349.5564789009 
 1225 , 29319.5687092799 
 1226 , 29314.2204731833 
 1227 , 29325.223800139 
 1228 , 29339.7578209475 
 1229 , 29339.9218054682 
 1230 , 29302.2049622591 
 1231 , 29219.4531007286 
 1232 , 29119.4908084757 
 1233 , 29034.5255296572 
 1234 , 28996.6605456214 
 1235 , 29029.5716458666 
 1236 , 29088.301974503 
 1237 , 29097.4690584509 
 1238 , 29039.7790644356 
 1239 , 28949.7940016817 
 1240 , 28858.7829685759 
 1241 , 28789.8193807454 
 1242 , 28753.9080035352 
 1243 , 28728.2135933458 
 1244 , 28690.4390254189 
 1245 , 28657.9241822441 
 1246 , 28659.5809492752 
 1247 , 28691.8261896291 
 1248 , 28729.6256513894 
 1249 , 28750.5587648106 
 1250 , 28735.8231505329 
 1251 , 28681.3600355554 
 1252 , 28613.8431741432 
 1253 , 28557.9526031216 
 1254 , 28514.9445445045 
 1255 , 28480.1962195756 
 1256 , 28448.5753759164 
 1257 , 28414.998016756 
 1258 , 28379.1618176426 
 1259 , 28344.6528645332 
 1260 , 28311.3646929184 
 1261 , 28273.6742244129 
 1262 , 28231.6273892122 
 1263 , 28201.150719191 
 1264 , 28195.0226640952 
 1265 , 28198.2554238362 
 1266 , 28189.5952758058 
 1267 , 28168.4852952369 
 1268 , 28145.3810846092 
 1269 , 28121.6780403925 
 1270 , 28090.0473704956 
 1271 , 28050.6284079673 
 1272 , 28016.5806171471 
 1273 , 27997.075082833 
 1274 , 27985.7643120313 
 1275 , 27974.0764449006 
 1276 , 27957.0000626767 
 1277 , 27931.0479216372 
 1278 , 27896.0001278285 
 1279 , 27853.9784261038 
 1280 , 27815.9496042316 
 1281 , 27801.8689141242 
 1282 , 27817.1520278618 
 1283 , 27840.6535058726 
 1284 , 27852.9703129726 
 1285 , 27848.7284220838 
 1286 , 27827.0135299002 
 1287 , 27796.7435028784 
 1288 , 27769.2051430552 
 1289 , 27743.2887449878 
 1290 , 27710.2654748972 
 1291 , 27662.8204343068 
 1292 , 27595.3611945841 
 1293 , 27513.4280498565 
 1294 , 27441.9862020315 
 1295 , 27398.8301958751 
 1296 , 27373.8444947255 
 1297 , 27353.1344366891 
 1298 , 27331.1769360548 
 1299 , 27305.682600381 
 1300 , 27278.2814924915 
 1301 , 27252.7287792768 
 1302 , 27229.0144473965 
 1303 , 27203.4970358723 
 1304 , 27177.0980023807 
 1305 , 27158.3458775599 
 1306 , 27148.4027330557 
 1307 , 27126.3235055602 
 1308 , 27074.7363993921 
 1309 , 27011.5884418235 
 1310 , 26962.8067164023 
 1311 , 26931.2977623881 
 1312 , 26908.155602026 
 1313 , 26885.1980980349 
 1314 , 26855.1033381603 
 1315 , 26817.8498715668 
 1316 , 26783.4504598413 
 1317 , 26757.2300796207 
 1318 , 26732.1226089321 
 1319 , 26702.9026758909 
 1320 , 26678.2718544077 
 1321 , 26667.6003171371 
 1322 , 26661.5954861882 
 1323 , 26644.2901161605 
 1324 , 26613.9250710419 
 1325 , 26578.5294761353 
 1326 , 26546.6724418425 
 1327 , 26527.1977067815 
 1328 , 26519.2214989517 
 1329 , 26504.5702610133 
 1330 , 26472.1489961181 
 1331 , 26436.822104572 
 1332 , 26414.6412469608 
 1333 , 26404.0100093139 
 1334 , 26397.3217264702 
 1335 , 26382.3800316541 
 1336 , 26345.9399361572 
 1337 , 26296.2932502178 
 1338 , 26258.8015343098 
 1339 , 26235.8867438447 
 1340 , 26199.730846646 
 1341 , 26134.7463930905 
 1342 , 26054.6747819903 
 1343 , 25980.3225083519 
 1344 , 25944.1396921032 
 1345 , 25968.9186649431 
 1346 , 26009.0982847025 
 1347 , 26002.3676985119 
 1348 , 25956.6887879548 
 1349 , 25917.8602601244 
 1350 , 25897.983878207 
 1351 , 25879.1923474224 
 1352 , 25850.2891031999 
 1353 , 25810.6598868025 
 1354 , 25766.5983616678 
 1355 , 25737.5947541755 
 1356 , 25731.1680900045 
 1357 , 25707.4840071905 
 1358 , 25629.269643068 
 1359 , 25531.9607145444 
 1360 , 25470.5899964893 
 1361 , 25442.1811735724 
 1362 , 25412.5544644651 
 1363 , 25367.7701708666 
 1364 , 25311.6694767183 
 1365 , 25253.1449641102 
 1366 , 25206.8677629134 
 1367 , 25177.4751930684 
 1368 , 25148.6509080414 
 1369 , 25109.3979884859 
 1370 , 25073.4808741218 
 1371 , 25053.385701538 
 1372 , 25030.3214598513 
 1373 , 24980.4033456206 
 1374 , 24919.6450906819 
 1375 , 24881.4827716205 
 1376 , 24865.6831297354 
 1377 , 24847.0556676259 
 1378 , 24814.0146297602 
 1379 , 24770.9495508253 
 1380 , 24717.7691208871 
 1381 , 24645.3645153279 
 1382 , 24553.8181691324 
 1383 , 24469.2362351449 
 1384 , 24415.2709032679 
 1385 , 24388.8942523549 
 1386 , 24379.6811662324 
 1387 , 24372.9935541551 
 1388 , 24352.6728301252 
 1389 , 24303.9667031054 
 1390 , 24214.7208829041 
 1391 , 24105.267360496 
 1392 , 24023.9118336252 
 1393 , 23997.0564897287 
 1394 , 24021.3696306212 
 1395 , 24071.7495278766 
 1396 , 24085.2870100175 
 1397 , 24026.4376820049 
 1398 , 23950.6095779261 
 1399 , 23913.0086193222 
 1400 , 23896.2518051447 
 1401 , 23867.2211272023 
 1402 , 23822.0283830658 
 1403 , 23769.5936697776 
 1404 , 23725.2877777694 
 1405 , 23707.104671879 
 1406 , 23707.7097203435 
 1407 , 23697.5332127816 
 1408 , 23665.2496483514 
 1409 , 23624.079435833 
 1410 , 23586.9831891292 
 1411 , 23563.3940621734 
 1412 , 23555.4773784498 
 1413 , 23546.4875832343 
 1414 , 23523.4576182057 
 1415 , 23502.215937642 
 1416 , 23499.1759343872 
 1417 , 23488.4178252076 
 1418 , 23433.7667335521 
 1419 , 23356.241926643 
 1420 , 23305.7499171 
 1421 , 23285.468932551 
 1422 , 23261.9529887307 
 1423 , 23222.8963868721 
 1424 , 23180.7227105672 
 1425 , 23139.8308750901 
 1426 , 23089.8720209641 
 1427 , 23033.804643945 
 1428 , 23007.6655166149 
 1429 , 23033.4792786034 
 1430 , 23072.3332308292 
 1431 , 23080.3142916042 
 1432 , 23049.5559205503 
 1433 , 22985.4644635009 
 1434 , 22910.8074466672 
 1435 , 22853.4786627995 
 1436 , 22815.3126927653 
 1437 , 22782.5879007161 
 1438 , 22748.8876822192 
 1439 , 22714.2499231329 
 1440 , 22679.9678995678 
 1441 , 22648.6013824149 
 1442 , 22624.9137898802 
 1443 , 22617.1007338697 
 1444 , 22625.0391408729 
 1445 , 22629.0013402902 
 1446 , 22613.4625425028 
 1447 , 22585.0921676303 
 1448 , 22554.3741023396 
 1449 , 22528.8845452082 
 1450 , 22513.0896342379 
 1451 , 22496.4454115626 
 1452 , 22465.7582071387 
 1453 , 22440.9888477282 
 1454 , 22457.6105613741 
 1455 , 22505.5412045597 
 1456 , 22540.7229472478 
 1457 , 22542.8838179219 
 1458 , 22517.2839913964 
 1459 , 22472.3705334461 
 1460 , 22419.3820297347 
 1461 , 22368.4255960181 
 1462 , 22327.0642990466 
 1463 , 22294.6613848678 
 1464 , 22250.1418918596 
 1465 , 22177.7570374201 
 1466 , 22092.4005649685 
 1467 , 22012.4831428421 
 1468 , 21939.9141495858 
 1469 , 21871.7478063584 
 1470 , 21806.837062448 
 1471 , 21744.6578010581 
 1472 , 21683.2869025767 
 1473 , 21620.4713708582 
 1474 , 21560.8691541908 
 1475 , 21514.055929872 
 1476 , 21481.8803335927 
 1477 , 21458.3166236522 
 1478 , 21436.8756479807 
 1479 , 21410.9202223447 
 1480 , 21374.6490017771 
 1481 , 21323.7744354982 
 1482 , 21265.1418426792 
 1483 , 21230.8721893763 
 1484 , 21237.1639894271 
 1485 , 21240.221806726 
 1486 , 21200.0312398787 
 1487 , 21140.1732375032 
 1488 , 21096.724428641 
 1489 , 21083.1809775429 
 1490 , 21101.420008595 
 1491 , 21124.6805344085 
 1492 , 21116.564991689 
 1493 , 21078.4331900612 
 1494 , 21033.8115727826 
 1495 , 20997.3914326597 
 1496 , 20975.9903504668 
 1497 , 20958.7484530552 
 1498 , 20918.0886200327 
 1499 , 20852.2422301191 
 1500 , 20793.0085456063 
 1501 , 20754.9084437151 
 1502 , 20720.7516756589 
 1503 , 20679.4942944077 
 1504 , 20639.1077802922 
 1505 , 20608.2465636465 
 1506 , 20590.9253754811 
 1507 , 20585.3823497792 
 1508 , 20572.2047523299 
 1509 , 20534.0085666569 
 1510 , 20480.7160387243 
 1511 , 20428.2468784184 
 1512 , 20381.2839304775 
 1513 , 20340.2726934411 
 1514 , 20305.2519908415 
 1515 , 20276.0013523798 
 1516 , 20251.5679939287 
 1517 , 20230.1487913005 
 1518 , 20203.9841106565 
 1519 , 20161.695108132 
 1520 , 20109.629072457 
 1521 , 20070.2883537436 
 1522 , 20048.8247194948 
 1523 , 20029.6319523166 
 1524 , 20005.7582474576 
 1525 , 19984.3646715087 
 1526 , 19966.4600887213 
 1527 , 19940.0944354545 
 1528 , 19899.925716305 
 1529 , 19858.3509988773 
 1530 , 19827.1261925831 
 1531 , 19809.5319019772 
 1532 , 19803.6567980964 
 1533 , 19794.5418816134 
 1534 , 19769.6641344931 
 1535 , 19739.7835705513 
 1536 , 19717.9232706541 
 1537 , 19694.2151168467 
 1538 , 19654.6775004052 
 1539 , 19611.4647427325 
 1540 , 19585.0275251159 
 1541 , 19570.8905978891 
 1542 , 19552.1855497372 
 1543 , 19519.0563325381 
 1544 , 19467.6317338499 
 1545 , 19415.89148784 
 1546 , 19396.7151399203 
 1547 , 19408.0232472737 
 1548 , 19415.8452644956 
 1549 , 19403.4794552105 
 1550 , 19374.7323748565 
 1551 , 19340.0649023386 
 1552 , 19317.0716338834 
 1553 , 19308.1554398115 
 1554 , 19291.1652610283 
 1555 , 19257.6310368392 
 1556 , 19228.8554201502 
 1557 , 19219.9658730042 
 1558 , 19224.7610760554 
 1559 , 19232.1548020262 
 1560 , 19225.7445041221 
 1561 , 19195.0412731977 
 1562 , 19151.6475217976 
 1563 , 19110.4487871827 
 1564 , 19081.6696724258 
 1565 , 19070.2821236056 
 1566 , 19061.9620213838 
 1567 , 19039.3106234252 
 1568 , 18999.4191086356 
 1569 , 18947.3748266017 
 1570 , 18908.0815150604 
 1571 , 18908.8955166699 
 1572 , 18930.5274294717 
 1573 , 18934.2032078795 
 1574 , 18912.6117361821 
 1575 , 18876.6019467199 
 1576 , 18839.6156181855 
 1577 , 18815.5590287268 
 1578 , 18801.9859794804 
 1579 , 18784.5656278903 
 1580 , 18759.853388158 
 1581 , 18734.0761885308 
 1582 , 18709.9973473676 
 1583 , 18686.4091672211 
 1584 , 18657.5543761423 
 1585 , 18613.1957518648 
 1586 , 18565.656410243 
 1587 , 18556.5465140605 
 1588 , 18586.5645377553 
 1589 , 18592.4417041879 
 1590 , 18546.7383057556 
 1591 , 18492.1680234796 
 1592 , 18456.5722574518 
 1593 , 18425.495247348 
 1594 , 18389.821124709 
 1595 , 18363.031802468 
 1596 , 18352.9318110351 
 1597 , 18345.3995146227 
 1598 , 18329.9732419811 
 1599 , 18316.3935230655 
 1600 , 18311.878262732 
 1601 , 18303.759034071 
 1602 , 18282.0559497092 
 1603 , 18261.6043627069 
 1604 , 18258.7545138412 
 1605 , 18272.2732625827 
 1606 , 18292.1033852643 
 1607 , 18288.2188660621 
 1608 , 18235.6331237969 
 1609 , 18167.4308686527 
 1610 , 18126.1110298165 
 1611 , 18095.5244454781 
 1612 , 18044.4439000041 
 1613 , 17986.1862773398 
 1614 , 17947.6539689727 
 1615 , 17919.7586424593 
 1616 , 17879.5491837636 
 1617 , 17825.9010935933 
 1618 , 17768.8619187542 
 1619 , 17719.9244088365 
 1620 , 17689.3831814006 
 1621 , 17666.7256732662 
 1622 , 17631.1805408248 
 1623 , 17589.7877455009 
 1624 , 17565.8372926033 
 1625 , 17553.146997428 
 1626 , 17526.1977617814 
 1627 , 17489.6591349419 
 1628 , 17469.9009213986 
 1629 , 17458.0964930894 
 1630 , 17417.4984402613 
 1631 , 17351.0155385886 
 1632 , 17296.8491530894 
 1633 , 17265.4001186104 
 1634 , 17239.2201338689 
 1635 , 17208.7083485696 
 1636 , 17173.8261337414 
 1637 , 17141.0053207539 
 1638 , 17122.9876804991 
 1639 , 17120.8112538525 
 1640 , 17121.2849092252 
 1641 , 17110.4316219209 
 1642 , 17074.7047063695 
 1643 , 17016.4556034371 
 1644 , 16959.0389667046 
 1645 , 16920.6058069535 
 1646 , 16909.6670387437 
 1647 , 16920.1560332443 
 1648 , 16925.6284438665 
 1649 , 16911.0263069482 
 1650 , 16881.6563921115 
 1651 , 16842.5350763535 
 1652 , 16795.3755656169 
 1653 , 16748.1068326265 
 1654 , 16719.6998163301 
 1655 , 16714.0632890756 
 1656 , 16706.2034635486 
 1657 , 16680.1984386779 
 1658 , 16642.7411967702 
 1659 , 16601.8722738953 
 1660 , 16563.4109607157 
 1661 , 16530.8707416096 
 1662 , 16503.6293995354 
 1663 , 16480.7987656176 
 1664 , 16461.9641371304 
 1665 , 16445.1710143906 
 1666 , 16425.0360887108 
 1667 , 16398.3942092266 
 1668 , 16367.9831242251 
 1669 , 16338.7939527805 
 1670 , 16319.1143514573 
 1671 , 16311.2192310842 
 1672 , 16302.3631439512 
 1673 , 16281.6965088718 
 1674 , 16247.9220588676 
 1675 , 16203.5845124269 
 1676 , 16157.155279794 
 1677 , 16116.3015286479 
 1678 , 16084.5670140094 
 1679 , 16061.8727538895 
 1680 , 16040.7031614859 
 1681 , 16015.1102271578 
 1682 , 15985.8944382185 
 1683 , 15953.9234747985 
 1684 , 15917.6320325332 
 1685 , 15878.4334712548 
 1686 , 15846.1978678428 
 1687 , 15825.9750755139 
 1688 , 15807.3243273415 
 1689 , 15779.7642032554 
 1690 , 15738.8046215568 
 1691 , 15690.4644004799 
 1692 , 15664.7289640168 
 1693 , 15674.2174988946 
 1694 , 15679.2157185461 
 1695 , 15654.1082331801 
 1696 , 15627.6197594597 
 1697 , 15621.9718576298 
 1698 , 15623.6809578202 
 1699 , 15617.4706941478 
 1700 , 15596.4928359811 
 1701 , 15560.9681737146 
 1702 , 15524.7630864633 
 1703 , 15494.9332650906 
 1704 , 15458.4949372313 
 1705 , 15411.0276495391 
 1706 , 15373.4694436784 
 1707 , 15358.919717004 
 1708 , 15355.9234120266 
 1709 , 15351.1459050394 
 1710 , 15334.1497989566 
 1711 , 15301.6121391643 
 1712 , 15263.9920658568 
 1713 , 15230.2507964961 
 1714 , 15203.0460825201 
 1715 , 15182.698627375 
 1716 , 15166.4801354758 
 1717 , 15150.6794163067 
 1718 , 15130.463757542 
 1719 , 15105.3021518632 
 1720 , 15082.3838432589 
 1721 , 15067.3828920576 
 1722 , 15062.0282151941 
 1723 , 15061.2900436187 
 1724 , 15050.0791201763 
 1725 , 15020.723212585 
 1726 , 14978.2794125958 
 1727 , 14932.4922022852 
 1728 , 14898.0108574322 
 1729 , 14875.6070373629 
 1730 , 14846.9396886491 
 1731 , 14807.4706364101 
 1732 , 14772.027186916 
 1733 , 14748.0603992948 
 1734 , 14732.3964960385 
 1735 , 14719.0170192792 
 1736 , 14699.6754011144 
 1737 , 14673.7509873668 
 1738 , 14648.7116679727 
 1739 , 14626.862830202 
 1740 , 14604.8138100976 
 1741 , 14576.8217990168 
 1742 , 14536.0783262142 
 1743 , 14492.2284293496 
 1744 , 14467.9659431897 
 1745 , 14464.3859632267 
 1746 , 14465.1825212638 
 1747 , 14460.372144111 
 1748 , 14445.4960508837 
 1749 , 14421.3644835457 
 1750 , 14392.1209533171 
 1751 , 14359.4156221555 
 1752 , 14323.8778160276 
 1753 , 14292.3211548446 
 1754 , 14273.4408407847 
 1755 , 14260.1797584629 
 1756 , 14239.4513226238 
 1757 , 14217.4263453614 
 1758 , 14207.0192122515 
 1759 , 14202.1891012375 
 1760 , 14190.1519350802 
 1761 , 14168.4875840935 
 1762 , 14140.5902875159 
 1763 , 14119.5697310628 
 1764 , 14115.7885028481 
 1765 , 14107.8962788633 
 1766 , 14073.1158614649 
 1767 , 14028.0893509994 
 1768 , 13995.8797780735 
 1769 , 13980.3638326767 
 1770 , 13977.7226785239 
 1771 , 13973.9312523961 
 1772 , 13956.9727125994 
 1773 , 13928.284407287 
 1774 , 13897.210747874 
 1775 , 13887.6497745789 
 1776 , 13906.9139765391 
 1777 , 13915.8079618778 
 1778 , 13892.6348387506 
 1779 , 13868.2111698654 
 1780 , 13859.1866444383 
 1781 , 13842.6037467617 
 1782 , 13807.4445708257 
 1783 , 13769.8808216497 
 1784 , 13740.397060564 
 1785 , 13717.3028147546 
 1786 , 13697.6560403002 
 1787 , 13678.2328922832 
 1788 , 13658.0965032844 
 1789 , 13639.1353924367 
 1790 , 13628.0747797103 
 1791 , 13635.1747698719 
 1792 , 13650.6082246215 
 1793 , 13648.6004239454 
 1794 , 13626.7013851032 
 1795 , 13599.4917269955 
 1796 , 13569.8366307914 
 1797 , 13534.3360814852 
 1798 , 13506.0943856399 
 1799 , 13503.686083188 
 1800 , 13513.775805989 
 1801 , 13511.0860370136 
 1802 , 13494.6813079441 
 1803 , 13472.9112696652 
 1804 , 13449.3451248399 
 1805 , 13425.3172130857 
 1806 , 13399.5858974845 
 1807 , 13372.0695561613 
 1808 , 13350.3043497052 
 1809 , 13338.4673276411 
 1810 , 13323.3809539544 
 1811 , 13298.5960352314 
 1812 , 13286.1278226912 
 1813 , 13296.1005203454 
 1814 , 13299.9680730037 
 1815 , 13284.1085451912 
 1816 , 13274.2156836829 
 1817 , 13280.7453200749 
 1818 , 13282.1702751631 
 1819 , 13266.174250757 
 1820 , 13237.3455142552 
 1821 , 13207.6878134487 
 1822 , 13195.3913663972 
 1823 , 13198.1048327119 
 1824 , 13194.0938412578 
 1825 , 13174.8376038625 
 1826 , 13143.7199644904 
 1827 , 13111.0753187358 
 1828 , 13089.3728977846 
 1829 , 13068.64792009 
 1830 , 13031.0212370214 
 1831 , 12994.123160335 
 1832 , 12985.9606375699 
 1833 , 12998.0462394771 
 1834 , 13008.8454269175 
 1835 , 13000.116556418 
 1836 , 12964.2268346278 
 1837 , 12930.9241487571 
 1838 , 12922.8677904289 
 1839 , 12912.3144795652 
 1840 , 12882.0922601059 
 1841 , 12865.8349442361 
 1842 , 12878.0667748637 
 1843 , 12879.2813532896 
 1844 , 12850.9711993985 
 1845 , 12819.3375054916 
 1846 , 12801.4131224965 
 1847 , 12796.3277109968 
 1848 , 12796.1868488439 
 1849 , 12787.668697093 
 1850 , 12772.2119269936 
 1851 , 12763.1173664296 
 1852 , 12757.002922643 
 1853 , 12739.7742170246 
 1854 , 12710.4513343608 
 1855 , 12675.8798930067 
 1856 , 12644.9370034417 
 1857 , 12624.6026721424 
 1858 , 12606.0583760512 
 1859 , 12579.9264425176 
 1860 , 12558.9793050735 
 1861 , 12554.5086180711 
 1862 , 12552.029160837 
 1863 , 12536.9484388999 
 1864 , 12508.8788879813 
 1865 , 12474.7262945141 
 1866 , 12451.5347526055 
 1867 , 12449.6617258301 
 1868 , 12466.2488006869 
 1869 , 12483.3515010258 
 1870 , 12467.0431495676 
 1871 , 12422.3912287988 
 1872 , 12392.451591507 
 1873 , 12386.1543679383 
 1874 , 12384.9676095889 
 1875 , 12379.2647082068 
 1876 , 12366.2900001378 
 1877 , 12350.5015162835 
 1878 , 12338.2650375669 
 1879 , 12327.089704238 
 1880 , 12312.2129371158 
 1881 , 12293.1945751721 
 1882 , 12270.4129251734 
 1883 , 12243.0076564533 
 1884 , 12214.3953215854 
 1885 , 12199.2253790711 
 1886 , 12204.0874872206 
 1887 , 12217.0169822445 
 1888 , 12225.4117804939 
 1889 , 12218.814851198 
 1890 , 12188.5901368884 
 1891 , 12129.7190877523 
 1892 , 12068.5554302502 
 1893 , 12052.949477857 
 1894 , 12068.703583188 
 1895 , 12065.7915404788 
 1896 , 12038.0168121843 
 1897 , 12001.8259444838 
 1898 , 11977.3016439247 
 1899 , 11977.3696980477 
 1900 , 11978.3318333934 
 1901 , 11958.8451478385 
 1902 , 11936.4021448896 
 1903 , 11924.6011215201 
 1904 , 11910.3124481554 
 1905 , 11889.8084225332 
 1906 , 11881.658939964 
 1907 , 11886.2363669477 
 1908 , 11878.38838764 
 1909 , 11851.9788170512 
 1910 , 11820.6764271154 
 1911 , 11793.7507193579 
 1912 , 11776.1065444463 
 1913 , 11767.4123852799 
 1914 , 11763.2024541185 
 1915 , 11750.3045919545 
 1916 , 11719.3459194944 
 1917 , 11693.6864974032 
 1918 , 11690.6747231688 
 1919 , 11678.4911846228 
 1920 , 11637.7047950387 
 1921 , 11600.1677309458 
 1922 , 11587.9298772186 
 1923 , 11594.1997651535 
 1924 , 11602.4508246798 
 1925 , 11588.9166051584 
 1926 , 11555.8359848581 
 1927 , 11528.1983175609 
 1928 , 11516.6495581356 
 1929 , 11520.0586305317 
 1930 , 11523.4955713627 
 1931 , 11510.2424194572 
 1932 , 11489.309202716 
 1933 , 11472.7479713883 
 1934 , 11451.0990643279 
 1935 , 11419.7905871151 
 1936 , 11400.3785186253 
 1937 , 11401.558811041 
 1938 , 11400.553279045 
 1939 , 11391.8324215947 
 1940 , 11396.1022287881 
 1941 , 11403.631247231 
 1942 , 11377.7740481984 
 1943 , 11335.4045893565 
 1944 , 11324.1566454231 
 1945 , 11333.7138197191 
 1946 , 11330.706972991 
 1947 , 11313.1347789837 
 1948 , 11291.6853746583 
 1949 , 11284.1726271873 
 1950 , 11295.4217574112 
 1951 , 11293.3112866201 
 1952 , 11263.634577959 
 1953 , 11233.6067132127 
 1954 , 11217.375716765 
 1955 , 11207.2930524487 
 1956 , 11190.2371365935 
 1957 , 11152.3911614072 
 1958 , 11112.0029648036 
 1959 , 11100.6061206221 
 1960 , 11103.7379218507 
 1961 , 11095.5358483923 
 1962 , 11088.728720317 
 1963 , 11094.5695496468 
 1964 , 11085.6469614209 
 1965 , 11047.8490458309 
 1966 , 11009.7961129803 
 1967 , 10990.1489872243 
 1968 , 10985.4263680789 
 1969 , 10984.9114954264 
 1970 , 10973.8705679307 
 1971 , 10956.3323082321 
 1972 , 10947.351563169 
 1973 , 10946.3154816459 
 1974 , 10944.5897788989 
 1975 , 10930.7677404048 
 1976 , 10900.27266921 
 1977 , 10873.5795315315 
 1978 , 10865.8556851142 
 1979 , 10869.637129816 
 1980 , 10870.1659048871 
 1981 , 10847.5747042534 
 1982 , 10810.0255008871 
 1983 , 10790.9317305426 
 1984 , 10784.9048709117 
 1985 , 10764.0884006967 
 1986 , 10735.707820488 
 1987 , 10718.5740654767 
 1988 , 10709.5981095295 
 1989 , 10701.2739299069 
 1990 , 10692.5164733283 
 1991 , 10682.4063273412 
 1992 , 10668.1048033087 
 1993 , 10653.8016391668 
 1994 , 10652.347846302 
 1995 , 10658.5597789459 
 1996 , 10652.6990751545 
 1997 , 10636.6811385393 
 1998 , 10623.4345014672 
 1999 , 10611.9459938094 
 2000 , 10599.7501780956 
 2001 , 10600.2935726336 
 2002 , 10615.806360932 
 2003 , 10611.0201463908 
 2004 , 10573.553168679 
 2005 , 10536.8926546297 
 2006 , 10517.916687424 
 2007 , 10511.0206903961 
 2008 , 10508.6746034948 
 2009 , 10503.5960714874 
 2010 , 10494.8371283138 
 2011 , 10484.1588079348 
 2012 , 10472.3189888283 
 2013 , 10459.08966537 
 2014 , 10442.2958329626 
 2015 , 10423.6006534536 
 2016 , 10412.1069649518 
 2017 , 10410.1922636245 
 2018 , 10411.1331011436 
 2019 , 10405.5193328372 
 2020 , 10384.3389011115 
 2021 , 10355.8987117348 
 2022 , 10333.6930557959 
 2023 , 10314.0347280721 
 2024 , 10292.7441569536 
 2025 , 10280.2985600243 
 2026 , 10279.7497817469 
 2027 , 10275.2045481262 
 2028 , 10259.8129125149 
 2029 , 10240.3607504299 
 2030 , 10226.5379991026 
 2031 , 10227.4608899414 
 2032 , 10234.1324569332 
 2033 , 10230.3065437223 
 2034 , 10207.8257609879 
 2035 , 10169.2147841094 
 2036 , 10140.6571127583 
 2037 , 10135.8658058218 
 2038 , 10138.7237538429 
 2039 , 10133.124249326 
 2040 , 10107.7385487745 
 2041 , 10068.4784434973 
 2042 , 10033.4635138127 
 2043 , 10021.2120307785 
 2044 , 10039.7090745439 
 2045 , 10051.862885879 
 2046 , 10029.8031802577 
 2047 , 9999.15295427289 
 2048 , 9981.33761850093 
 2049 , 9977.77152538565 
 2050 , 9976.14669662263 
 2051 , 9955.01832285842 
 2052 , 9919.50050433145 
 2053 , 9889.98281946599 
 2054 , 9880.89498153446 
 2055 , 9894.18187203079 
 2056 , 9897.04081717416 
 2057 , 9872.3418697235 
 2058 , 9849.05586572883 
 2059 , 9838.02231760672 
 2060 , 9822.02360044872 
 2061 , 9802.83018481174 
 2062 , 9794.79971323992 
 2063 , 9786.77813851231 
 2064 , 9763.52987181617 
 2065 , 9744.37729179346 
 2066 , 9740.8618329759 
 2067 , 9722.08308285365 
 2068 , 9687.31898245723 
 2069 , 9687.766903311 
 2070 , 9715.56515303172 
 2071 , 9711.22809418541 
 2072 , 9674.86156123272 
 2073 , 9636.07944730201 
 2074 , 9600.74467472016 
 2075 , 9572.15974610311 
 2076 , 9568.65260867142 
 2077 , 9585.7106833091 
 2078 , 9576.87642792588 
 2079 , 9538.35007149146 
 2080 , 9511.69507955218 
 2081 , 9508.24294536612 
 2082 , 9516.87065162478 
 2083 , 9512.2348794967 
 2084 , 9476.53127330783 
 2085 , 9432.32041313727 
 2086 , 9402.66808568442 
 2087 , 9395.93715403579 
 2088 , 9402.03143697587 
 2089 , 9394.91881255864 
 2090 , 9378.11073572257 
 2091 , 9371.30852061622 
 2092 , 9372.43880867758 
 2093 , 9369.30712141926 
 2094 , 9343.89369699856 
 2095 , 9302.40163292501 
 2096 , 9296.64495435256 
 2097 , 9323.72664274022 
 2098 , 9321.03273001189 
 2099 , 9294.23666468713 
 2100 , 9286.09115375868 
 2101 , 9285.5399727504 
 2102 , 9270.66621149634 
 2103 , 9249.0781932856 
 2104 , 9231.774780088 
 2105 , 9224.62510309495 
 2106 , 9218.82677506309 
 2107 , 9193.95077505797 
 2108 , 9162.59235049226 
 2109 , 9149.54345220942 
 2110 , 9135.41314044861 
 2111 , 9101.09932386014 
 2112 , 9071.84999064829 
 2113 , 9062.4424044044 
 2114 , 9058.15729383184 
 2115 , 9054.05397024406 
 2116 , 9054.91451462553 
 2117 , 9047.9701449815 
 2118 , 9019.07054250459 
 2119 , 8992.22269703237 
 2120 , 8986.38341819018 
 2121 , 8980.57798805701 
 2122 , 8962.19037503905 
 2123 , 8938.87237715962 
 2124 , 8922.28600192204 
 2125 , 8922.22368226755 
 2126 , 8920.3976621988 
 2127 , 8898.90502193974 
 2128 , 8887.6600296376 
 2129 , 8901.90700010668 
 2130 , 8905.80326985325 
 2131 , 8883.43247406124 
 2132 , 8847.93988322335 
 2133 , 8811.46553839166 
 2134 , 8783.16979258415 
 2135 , 8764.66989438584 
 2136 , 8755.09079769692 
 2137 , 8753.66408397141 
 2138 , 8753.2317337178 
 2139 , 8737.94731954044 
 2140 , 8712.1690580928 
 2141 , 8695.35331678879 
 2142 , 8684.42664107594 
 2143 , 8670.00064872726 
 2144 , 8660.57534204817 
 2145 , 8660.12125394382 
 2146 , 8654.66681498873 
 2147 , 8639.52794317971 
 2148 , 8622.20504558681 
 2149 , 8602.69881680817 
 2150 , 8578.32345272628 
 2151 , 8558.7412310761 
 2152 , 8550.23654986026 
 2153 , 8539.53266061925 
 2154 , 8520.48598756685 
 2155 , 8501.41572583541 
 2156 , 8488.14260231262 
 2157 , 8482.47039867375 
 2158 , 8477.91321247123 
 2159 , 8467.5746562142 
 2160 , 8454.55672750742 
 2161 , 8443.88110674382 
 2162 , 8439.64830536301 
 2163 , 8433.1693791494 
 2164 , 8407.1698199546 
 2165 , 8372.16406478742 
 2166 , 8350.52300355218 
 2167 , 8355.21149720588 
 2168 , 8374.9614223699 
 2169 , 8356.1395237995 
 2170 , 8304.50035976396 
 2171 , 8288.63142622299 
 2172 , 8301.49633512654 
 2173 , 8298.48086315722 
 2174 , 8274.81691289967 
 2175 , 8246.54923889835 
 2176 , 8249.10233860538 
 2177 , 8274.31675178969 
 2178 , 8263.25886263608 
 2179 , 8226.12735694765 
 2180 , 8209.87097049929 
 2181 , 8206.6763164344 
 2182 , 8198.7293786612 
 2183 , 8189.7856261544 
 2184 , 8182.03859896002 
 2185 , 8171.49107126883 
 2186 , 8159.8423560872 
 2187 , 8151.87397828552 
 2188 , 8145.43578606074 
 2189 , 8135.02066081383 
 2190 , 8113.07259028328 
 2191 , 8086.25130099853 
 2192 , 8078.82695222022 
 2193 , 8079.33827934525 
 2194 , 8058.03516818484 
 2195 , 8036.36705461732 
 2196 , 8036.25612221902 
 2197 , 8028.29946795725 
 2198 , 8001.19629816996 
 2199 , 7980.1011099041 
 2200 , 7970.06437616857 
 2201 , 7962.44112125579 
 2202 , 7965.87623256648 
 2203 , 7979.35127498938 
 2204 , 7958.72457071276 
 2205 , 7905.2098437689 
 2206 , 7886.59420997628 
 2207 , 7897.82809853603 
 2208 , 7889.12623625689 
 2209 , 7866.48087839817 
 2210 , 7847.78878764652 
 2211 , 7830.59232512439 
 2212 , 7812.42542201458 
 2213 , 7794.89731187217 
 2214 , 7778.03959329921 
 2215 , 7761.42732434362 
 2216 , 7748.48601262275 
 2217 , 7738.00518412765 
 2218 , 7715.53299142063 
 2219 , 7686.0801582218 
 2220 , 7676.30207670168 
 2221 , 7677.47950048973 
 2222 , 7665.10960788975 
 2223 , 7641.07567675031 
 2224 , 7616.79616548806 
 2225 , 7607.22561520998 
 2226 , 7609.25187870231 
 2227 , 7603.21656413779 
 2228 , 7591.31392745618 
 2229 , 7582.67370568635 
 2230 , 7568.89363799109 
 2231 , 7547.73513349595 
 2232 , 7534.22404365482 
 2233 , 7525.58244992123 
 2234 , 7505.63873000405 
 2235 , 7484.27508421418 
 2236 , 7472.85796488733 
 2237 , 7452.89840442819 
 2238 , 7421.75518591267 
 2239 , 7405.83389817909 
 2240 , 7400.41723252741 
 2241 , 7382.3984901025 
 2242 , 7359.07289656388 
 2243 , 7342.39433270091 
 2244 , 7330.30969014392 
 2245 , 7321.01027722979 
 2246 , 7315.33919630404 
 2247 , 7313.66338099709 
 2248 , 7314.74464397215 
 2249 , 7312.21492241712 
 2250 , 7299.87658761246 
 2251 , 7274.74500689331 
 2252 , 7242.5549884103 
 2253 , 7215.64256297835 
 2254 , 7200.07939106262 
 2255 , 7195.16519524799 
 2256 , 7188.46775863507 
 2257 , 7177.69574870526 
 2258 , 7175.66028202471 
 2259 , 7171.35336238938 
 2260 , 7145.84898663578 
 2261 , 7122.59235085674 
 2262 , 7116.20423490807 
 2263 , 7096.24678654272 
 2264 , 7062.21884467599 
 2265 , 7045.07995357821 
 2266 , 7040.30926547068 
 2267 , 7031.00356749998 
 2268 , 7017.27896436002 
 2269 , 7001.83899811075 
 2270 , 6986.11744492906 
 2271 , 6973.42199318348 
 2272 , 6966.58487161839 
 2273 , 6958.87112035429 
 2274 , 6942.11417203805 
 2275 , 6912.4727539376 
 2276 , 6884.4078919172 
 2277 , 6884.20376076877 
 2278 , 6889.22575559063 
 2279 , 6868.96862995738 
 2280 , 6843.1905333718 
 2281 , 6830.3595096504 
 2282 , 6830.99696591018 
 2283 , 6828.1751548173 
 2284 , 6802.03372888388 
 2285 , 6770.14213258881 
 2286 , 6754.40687023176 
 2287 , 6761.63403564602 
 2288 , 6771.58265268487 
 2289 , 6749.59133701112 
 2290 , 6723.04556201601 
 2291 , 6721.13754791391 
 2292 , 6704.57291210295 
 2293 , 6665.96423703235 
 2294 , 6648.18320744686 
 2295 , 6645.62331165493 
 2296 , 6632.50315112979 
 2297 , 6620.73892772907 
 2298 , 6618.06592925052 
 2299 , 6610.47097315237 
 2300 , 6595.81507249555 
 2301 , 6581.3926823875 
 2302 , 6567.91851270156 
 2303 , 6552.01400794486 
 2304 , 6527.2060354967 
 2305 , 6506.92460831298 
 2306 , 6517.36029807248 
 2307 , 6531.93886260993 
 2308 , 6514.89983556833 
 2309 , 6472.15363733058 
 2310 , 6425.27668139903 
 2311 , 6403.19634799944 
 2312 , 6406.93623308766 
 2313 , 6419.11771535446 
 2314 , 6413.78291503405 
 2315 , 6387.45853742232 
 2316 , 6372.67314292578 
 2317 , 6373.81819051514 
 2318 , 6374.8423042842 
 2319 , 6366.74314564864 
 2320 , 6347.49775944367 
 2321 , 6324.16842174746 
 2322 , 6302.72691162362 
 2323 , 6286.94754325756 
 2324 , 6278.3151893795 
 2325 , 6276.15375491736 
 2326 , 6276.361064549 
 2327 , 6268.03508047521 
 2328 , 6238.46968058068 
 2329 , 6208.1196493056 
 2330 , 6198.19381934544 
 2331 , 6191.36257887705 
 2332 , 6177.31096127685 
 2333 , 6161.58730104534 
 2334 , 6146.35409664688 
 2335 , 6132.75029188282 
 2336 , 6125.64726302373 
 2337 , 6120.35519458866 
 2338 , 6100.86176629568 
 2339 , 6079.44837606367 
