11-20-2017,16:38:12
Wavenumber(cm-1),Intensity
 250 , 34389.1296072943 
 251 , 34440.0439154397 
 252 , 34469.8768081489 
 253 , 34476.7134476516 
 254 , 34471.7671689089 
 255 , 34466.8466101655 
 256 , 34465.8045522821 
 257 , 34466.5762255077 
 258 , 34468.1087450058 
 259 , 34475.5778021801 
 260 , 34496.2402562265 
 261 , 34534.1166049695 
 262 , 34585.7740510772 
 263 , 34646.6826985898 
 264 , 34710.9852571591 
 265 , 34771.4216323294 
 266 , 34821.7072142191 
 267 , 34864.0493372561 
 268 , 34904.7917817098 
 269 , 34948.3727514361 
 270 , 34992.8181573532 
 271 , 35034.897899195 
 272 , 35075.0396269402 
 273 , 35118.9995003405 
 274 , 35172.3649187076 
 275 , 35233.4901698804 
 276 , 35295.8757071036 
 277 , 35353.8313474307 
 278 , 35405.8650665254 
 279 , 35451.7160209096 
 280 , 35491.9837753776 
 281 , 35528.9550214467 
 282 , 35565.1093335473 
 283 , 35602.8652327488 
 284 , 35644.5870562448 
 285 , 35692.2747663008 
 286 , 35745.6147001476 
 287 , 35803.3796539978 
 288 , 35862.4602074304 
 289 , 35914.8898441799 
 290 , 35952.2477595546 
 291 , 35975.4512997968 
 292 , 35996.0149510927 
 293 , 36024.5242684763 
 294 , 36058.7603051358 
 295 , 36090.0223220563 
 296 , 36112.2439476017 
 297 , 36128.2792275657 
 298 , 36142.7695275719 
 299 , 36157.3968640997 
 300 , 36169.6751334903 
 301 , 36177.3935707671 
 302 , 36184.9160830232 
 303 , 36200.7222192754 
 304 , 36230.5089585778 
 305 , 36268.1684821491 
 306 , 36304.6093396752 
 307 , 36336.7349951506 
 308 , 36371.6348859785 
 309 , 36416.830396093 
 310 , 36471.871881847 
 311 , 36530.3597765029 
 312 , 36587.4542951529 
 313 , 36646.8343737951 
 314 , 36714.7923836151 
 315 , 36791.5745446609 
 316 , 36865.3829858177 
 317 , 36923.6909239996 
 318 , 36966.3987459748 
 319 , 37004.1043917774 
 320 , 37045.9291061854 
 321 , 37090.3401312053 
 322 , 37131.9781843498 
 323 , 37171.5441596172 
 324 , 37223.4827286389 
 325 , 37302.8130440463 
 326 , 37396.2701847318 
 327 , 37463.3922314207 
 328 , 37471.0465133724 
 329 , 37441.521963401 
 330 , 37419.4479876173 
 331 , 37433.9856574077 
 332 , 37475.5019544062 
 333 , 37528.6343047285 
 334 , 37583.6690323855 
 335 , 37636.7734798362 
 336 , 37685.0427980708 
 337 , 37730.2417384667 
 338 , 37776.1614166205 
 339 , 37823.0327630849 
 340 , 37861.5783281103 
 341 , 37881.3141157533 
 342 , 37881.5198585831 
 343 , 37872.1447461624 
 344 , 37862.9357827523 
 345 , 37858.069380636 
 346 , 37859.1937290098 
 347 , 37866.6330833761 
 348 , 37877.1086083389 
 349 , 37886.755613475 
 350 , 37892.4824611753 
 351 , 37892.0571347563 
 352 , 37884.9384255819 
 353 , 37883.0233547409 
 354 , 37903.8811876422 
 355 , 37957.1853932794 
 356 , 38030.912751883 
 357 , 38109.6695335589 
 358 , 38186.5112912845 
 359 , 38263.7624184609 
 360 , 38343.6492730679 
 361 , 38424.2047954296 
 362 , 38501.597661439 
 363 , 38573.8447004055 
 364 , 38643.8574846138 
 365 , 38715.2025916547 
 366 , 38787.8763506539 
 367 , 38858.1290119826 
 368 , 38921.5173222936 
 369 , 38970.0552332104 
 370 , 38994.2930611269 
 371 , 38992.8706583564 
 372 , 38984.297810403 
 373 , 38989.5470610644 
 374 , 39017.9652616591 
 375 , 39067.5865214854 
 376 , 39134.1414876978 
 377 , 39201.9953778515 
 378 , 39251.2194992821 
 379 , 39272.2963356027 
 380 , 39278.7649534414 
 381 , 39286.8538122296 
 382 , 39305.4598819245 
 383 , 39337.0654436868 
 384 , 39382.9261811981 
 385 , 39438.8457311992 
 386 , 39498.8049785743 
 387 , 39557.7803562648 
 388 , 39612.6762703394 
 389 , 39661.0934858095 
 390 , 39707.6518533964 
 391 , 39762.3223265671 
 392 , 39830.6259644695 
 393 , 39897.2270789993 
 394 , 39941.10324939 
 395 , 39958.2141674819 
 396 , 39972.3967641154 
 397 , 40007.9132396827 
 398 , 40063.9893031417 
 399 , 40123.7555794839 
 400 , 40174.51205712 
 401 , 40219.9988390161 
 402 , 40267.6222099163 
 403 , 40318.6976385529 
 404 , 40366.2895427064 
 405 , 40404.5370122435 
 406 , 40442.3296313122 
 407 , 40496.2689728591 
 408 , 40574.8496349414 
 409 , 40662.6570304807 
 410 , 40740.4359911422 
 411 , 40802.5643190124 
 412 , 40858.2393860804 
 413 , 40915.4711731344 
 414 , 40969.3641786791 
 415 , 41009.769756397 
 416 , 41033.6540252492 
 417 , 41054.0194611895 
 418 , 41085.2387369542 
 419 , 41127.4710167196 
 420 , 41168.840480058 
 421 , 41199.872564329 
 422 , 41224.761416142 
 423 , 41251.8358030855 
 424 , 41284.9936229467 
 425 , 41320.6340548914 
 426 , 41354.8120382072 
 427 , 41387.9338465177 
 428 , 41423.1796594859 
 429 , 41461.5279757015 
 430 , 41496.0539461166 
 431 , 41518.331066751 
 432 , 41528.281743779 
 433 , 41536.2295588846 
 434 , 41550.875853461 
 435 , 41563.5773708396 
 436 , 41557.7483702791 
 437 , 41532.517628923 
 438 , 41525.7217460408 
 439 , 41578.4457225915 
 440 , 41682.7202643738 
 441 , 41786.7147428138 
 442 , 41848.1037425409 
 443 , 41880.6116844404 
 444 , 41915.4666050666 
 445 , 41966.6206136667 
 446 , 42018.7830410667 
 447 , 42055.5457425231 
 448 , 42079.3284786207 
 449 , 42104.2235994561 
 450 , 42139.5066151035 
 451 , 42177.9463062923 
 452 , 42209.118323745 
 453 , 42229.015016624 
 454 , 42240.9956431965 
 455 , 42249.6011681533 
 456 , 42264.5553331407 
 457 , 42297.6614337675 
 458 , 42353.2760788384 
 459 , 42419.9370865337 
 460 , 42484.6636885581 
 461 , 42541.8281926473 
 462 , 42591.3861477676 
 463 , 42634.4308606171 
 464 , 42676.1242152711 
 465 , 42722.4766337392 
 466 , 42771.455317751 
 467 , 42810.1223050194 
 468 , 42826.9220036203 
 469 , 42827.6024459446 
 470 , 42826.2173233908 
 471 , 42833.4232546037 
 472 , 42851.4396983098 
 473 , 42881.2102969193 
 474 , 42923.504095535 
 475 , 42978.9413662771 
 476 , 43045.9527369586 
 477 , 43113.006126422 
 478 , 43165.9773937937 
 479 , 43203.6315227174 
 480 , 43243.7037742288 
 481 , 43301.1081612491 
 482 , 43353.0349028629 
 483 , 43357.3312926215 
 484 , 43297.3799881904 
 485 , 43222.730427783 
 486 , 43191.1634070303 
 487 , 43218.6034725066 
 488 , 43284.209461732 
 489 , 43366.5186034118 
 490 , 43446.9798175871 
 491 , 43508.0534036379 
 492 , 43540.9799627568 
 493 , 43549.87854475 
 494 , 43542.0359987679 
 495 , 43542.8754557596 
 496 , 43586.8836390977 
 497 , 43684.8379246745 
 498 , 43788.7141447297 
 499 , 43844.5933024019 
 500 , 43849.7911060918 
 501 , 43844.2626515674 
 502 , 43860.2073221025 
 503 , 43891.1677294499 
 504 , 43920.6278863856 
 505 , 43942.7914166777 
 506 , 43966.2513382511 
 507 , 43998.0898508051 
 508 , 44026.6467498382 
 509 , 44031.8808729059 
 510 , 44005.7040400634 
 511 , 43966.05286117 
 512 , 43933.8996686818 
 513 , 43925.0958360846 
 514 , 43951.78298567 
 515 , 44017.3340857392 
 516 , 44094.0698389669 
 517 , 44148.0243947323 
 518 , 44164.0623693247 
 519 , 44148.3262691039 
 520 , 44112.0695853588 
 521 , 44090.0728066057 
 522 , 44125.2914745069 
 523 , 44221.4756970527 
 524 , 44313.784732687 
 525 , 44337.8703703308 
 526 , 44303.7825467317 
 527 , 44264.5041150501 
 528 , 44257.9174970191 
 529 , 44279.2203496005 
 530 , 44316.6416092806 
 531 , 44363.09477502 
 532 , 44415.5950720147 
 533 , 44470.3923101948 
 534 , 44519.8300028629 
 535 , 44555.4548988522 
 536 , 44578.9104044637 
 537 , 44604.9925506832 
 538 , 44646.7665650459 
 539 , 44699.4537147121 
 540 , 44750.8657041637 
 541 , 44794.3073837209 
 542 , 44833.7391014451 
 543 , 44873.958250216 
 544 , 44915.5756657429 
 545 , 44956.6012738318 
 546 , 44996.2839043638 
 547 , 45037.5566299653 
 548 , 45083.9453811578 
 549 , 45137.6971543819 
 550 , 45199.911062819 
 551 , 45270.0705091035 
 552 , 45340.8425624843 
 553 , 45403.3025513721 
 554 , 45457.9048779972 
 555 , 45517.0545280887 
 556 , 45591.2452475223 
 557 , 45673.5998674736 
 558 , 45750.3716538004 
 559 , 45811.4569309992 
 560 , 45853.3313403925 
 561 , 45873.8273481261 
 562 , 45877.3253166547 
 563 , 45871.8994233068 
 564 , 45862.5879872685 
 565 , 45846.6182901053 
 566 , 45820.7410869767 
 567 , 45793.088420082 
 568 , 45780.6817102204 
 569 , 45793.9869821346 
 570 , 45819.0603174428 
 571 , 45836.9359272598 
 572 , 45840.3973616311 
 573 , 45834.6642186419 
 574 , 45826.6867125317 
 575 , 45829.1462823149 
 576 , 45856.216416384 
 577 , 45907.0152382071 
 578 , 45959.3264894616 
 579 , 45992.2956507421 
 580 , 46006.178639785 
 581 , 46010.3260300205 
 582 , 46012.2297226389 
 583 , 46015.8110671335 
 584 , 46024.61437767 
 585 , 46042.3671279399 
 586 , 46072.8870994496 
 587 , 46114.3706448522 
 588 , 46150.9662239611 
 589 , 46165.824015727 
 590 , 46158.6866925318 
 591 , 46141.6919369538 
 592 , 46124.3493317813 
 593 , 46106.5030629835 
 594 , 46086.2054914853 
 595 , 46065.7680894252 
 596 , 46051.5662445957 
 597 , 46049.5189825733 
 598 , 46062.8639662748 
 599 , 46093.9516089181 
 600 , 46139.8513563098 
 601 , 46191.2861296515 
 602 , 46239.2477946653 
 603 , 46278.3548864218 
 604 , 46304.55188928 
 605 , 46317.0454798151 
 606 , 46319.9240934059 
 607 , 46318.5577414252 
 608 , 46324.6922553955 
 609 , 46352.777998667 
 610 , 46407.0472642992 
 611 , 46472.8261154128 
 612 , 46534.6292330956 
 613 , 46588.4076771771 
 614 , 46636.3172380572 
 615 , 46680.7116540803 
 616 , 46724.2534739877 
 617 , 46769.2040670668 
 618 , 46812.5458544765 
 619 , 46847.8054595778 
 620 , 46874.4563683804 
 621 , 46908.480820689 
 622 , 46967.5756382498 
 623 , 47052.6790334151 
 624 , 47151.6457613962 
 625 , 47250.9583328903 
 626 , 47333.7102818912 
 627 , 47382.6489803043 
 628 , 47387.480853913 
 629 , 47344.2790204703 
 630 , 47259.2002735949 
 631 , 47177.1307153119 
 632 , 47150.7413534026 
 633 , 47188.5136786416 
 634 , 47252.1968336486 
 635 , 47307.3896444886 
 636 , 47347.7821983107 
 637 , 47375.1841675491 
 638 , 47392.3401865508 
 639 , 47403.1223054685 
 640 , 47412.0756948368 
 641 , 47426.9760114875 
 642 , 47456.4460979825 
 643 , 47499.3805605024 
 644 , 47541.4416502893 
 645 , 47570.9599498485 
 646 , 47598.2616834553 
 647 , 47641.5803894315 
 648 , 47698.5497863984 
 649 , 47735.5900750317 
 650 , 47722.8871041341 
 651 , 47674.2457487667 
 652 , 47621.5804788176 
 653 , 47584.0622253095 
 654 , 47559.5414764725 
 655 , 47544.191524734 
 656 , 47536.7758652083 
 657 , 47537.2252211743 
 658 , 47543.2148681611 
 659 , 47548.3313318151 
 660 , 47547.4751733308 
 661 , 47550.0904658123 
 662 , 47572.7531266845 
 663 , 47620.6493366291 
 664 , 47676.7922330057 
 665 , 47722.9975498846 
 666 , 47753.1721319618 
 667 , 47767.6330147741 
 668 , 47768.3909780492 
 669 , 47760.8096056989 
 670 , 47750.8079264976 
 671 , 47745.6861920231 
 672 , 47753.4888416935 
 673 , 47778.1311363494 
 674 , 47814.6751621361 
 675 , 47857.2817270348 
 676 , 47902.5133361044 
 677 , 47948.3232259569 
 678 , 47994.3534460329 
 679 , 48043.9300012378 
 680 , 48100.279190192 
 681 , 48160.551674778 
 682 , 48218.3431378536 
 683 , 48271.037574998 
 684 , 48324.5951618167 
 685 , 48384.7608960197 
 686 , 48442.9553958589 
 687 , 48482.1344358711 
 688 , 48490.7657655704 
 689 , 48469.9117059511 
 690 , 48423.6198363849 
 691 , 48369.0737386353 
 692 , 48331.140410297 
 693 , 48322.4656718859 
 694 , 48328.4472549455 
 695 , 48332.1989496453 
 696 , 48330.5804567525 
 697 , 48328.4023460056 
 698 , 48330.4732422758 
 699 , 48341.3890854159 
 700 , 48364.7418901597 
 701 , 48394.6954023395 
 702 , 48420.1739530647 
 703 , 48436.2151560622 
 704 , 48450.623158768 
 705 , 48470.5678744945 
 706 , 48483.0167428198 
 707 , 48464.2620586407 
 708 , 48406.4167423718 
 709 , 48332.8115670198 
 710 , 48269.2823269437 
 711 , 48232.1508911292 
 712 , 48232.8380629849 
 713 , 48271.7318027646 
 714 , 48329.0534094912 
 715 , 48384.0885204204 
 716 , 48425.6132421582 
 717 , 48446.8748040942 
 718 , 48443.8912624982 
 719 , 48417.3308913272 
 720 , 48370.4431567104 
 721 , 48321.4036928104 
 722 , 48294.5235105308 
 723 , 48299.5822856219 
 724 , 48323.8764116136 
 725 , 48354.4115293411 
 726 , 48388.3894405307 
 727 , 48426.8258039597 
 728 , 48465.670764918 
 729 , 48493.8133958125 
 730 , 48501.2338510752 
 731 , 48486.7634207204 
 732 , 48452.5381955299 
 733 , 48410.6899034324 
 734 , 48385.7293059524 
 735 , 48397.1665524316 
 736 , 48437.0389383842 
 737 , 48489.1933014419 
 738 , 48536.8624469172 
 739 , 48562.6117819549 
 740 , 48557.7369400002 
 741 , 48549.2639641003 
 742 , 48571.5880806052 
 743 , 48622.9171267885 
 744 , 48667.2289589221 
 745 , 48678.6368027034 
 746 , 48670.7682051183 
 747 , 48664.7867857671 
 748 , 48666.3109619299 
 749 , 48668.359827533 
 750 , 48666.3450204608 
 751 , 48663.5921890654 
 752 , 48664.6682097032 
 753 , 48671.984873317 
 754 , 48686.4655386618 
 755 , 48705.4377957946 
 756 , 48717.7632419102 
 757 , 48713.1676486085 
 758 , 48702.0200735528 
 759 , 48706.3345429776 
 760 , 48734.8891779659 
 761 , 48770.4460666351 
 762 , 48795.2756761311 
 763 , 48810.9536793793 
 764 , 48827.805425744 
 765 , 48841.8241720621 
 766 , 48826.2452667252 
 767 , 48761.4372179691 
 768 , 48682.7610073548 
 769 , 48644.9749776462 
 770 , 48663.3061457288 
 771 , 48702.4865950305 
 772 , 48727.9599153904 
 773 , 48723.796775353 
 774 , 48680.5637403832 
 775 , 48614.3846622889 
 776 , 48567.4253814932 
 777 , 48568.7659724156 
 778 , 48596.5393739799 
 779 , 48618.7498955575 
 780 , 48623.3202446792 
 781 , 48614.1767288217 
 782 , 48595.9501517974 
 783 , 48573.9560358819 
 784 , 48553.7505207629 
 785 , 48542.282732657 
 786 , 48547.2874799123 
 787 , 48564.1304261907 
 788 , 48562.7179521281 
 789 , 48517.7458485116 
 790 , 48466.3048636909 
 791 , 48474.2561067046 
 792 , 48560.7973059687 
 793 , 48672.3628511326 
 794 , 48757.4175144168 
 795 , 48811.341945189 
 796 , 48845.8049580245 
 797 , 48867.4415563861 
 798 , 48876.9871099701 
 799 , 48874.1729153456 
 800 , 48856.0214060938 
 801 , 48819.965866827 
 802 , 48783.2747190223 
 803 , 48780.4483290991 
 804 , 48830.1948655544 
 805 , 48904.2392163738 
 806 , 48967.7462000461 
 807 , 49006.6616606759 
 808 , 49020.1743660816 
 809 , 49008.000668623 
 810 , 48970.4981674972 
 811 , 48910.4537662003 
 812 , 48848.3674820677 
 813 , 48812.5054319568 
 814 , 48815.577915021 
 815 , 48847.6088948695 
 816 , 48894.7657718134 
 817 , 48932.7353169479 
 818 , 48935.1906358054 
 819 , 48907.4985350526 
 820 , 48887.7952281398 
 821 , 48902.241564065 
 822 , 48931.0976563741 
 823 , 48945.8063247904 
 824 , 48930.6948300836 
 825 , 48879.5087004123 
 826 , 48800.4791104664 
 827 , 48734.4744588153 
 828 , 48721.1584726386 
 829 , 48752.1045372597 
 830 , 48795.0590088648 
 831 , 48826.2966179522 
 832 , 48835.5795491926 
 833 , 48817.2898700686 
 834 , 48784.1670389057 
 835 , 48754.4318390906 
 836 , 48731.5761501972 
 837 , 48703.5882822605 
 838 , 48664.0597453005 
 839 , 48628.0517049442 
 840 , 48613.4628765763 
 841 , 48615.715607992 
 842 , 48614.3864561517 
 843 , 48597.0130845665 
 844 , 48569.132328322 
 845 , 48538.8308500631 
 846 , 48515.6626890487 
 847 , 48509.6052696359 
 848 , 48518.6459187225 
 849 , 48523.8672748247 
 850 , 48510.4560949083 
 851 , 48488.56307896 
 852 , 48474.7893608923 
 853 , 48470.1387990836 
 854 , 48461.3095633246 
 855 , 48438.8001422092 
 856 , 48405.3613603709 
 857 , 48366.5490046917 
 858 , 48334.6201284712 
 859 , 48325.6615326497 
 860 , 48346.8463838064 
 861 , 48389.6505993649 
 862 , 48443.2341110816 
 863 , 48492.495924082 
 864 , 48521.2341736349 
 865 , 48525.3053191746 
 866 , 48513.8162020772 
 867 , 48495.960446512 
 868 , 48478.9161378413 
 869 , 48469.2710114612 
 870 , 48471.5763924051 
 871 , 48488.9869766861 
 872 , 48524.0989748625 
 873 , 48578.4386999917 
 874 , 48651.9568249 
 875 , 48734.8923434345 
 876 , 48813.7126464738 
 877 , 48882.4112361719 
 878 , 48944.1524498036 
 879 , 49004.1301973189 
 880 , 49073.08334106 
 881 , 49161.5304104468 
 882 , 49258.7393647107 
 883 , 49338.4046107632 
 884 , 49379.9210790986 
 885 , 49375.6141015323 
 886 , 49321.7956386955 
 887 , 49231.1355993183 
 888 , 49123.0759531169 
 889 , 49008.3080912803 
 890 , 48886.5925820586 
 891 , 48760.4509144354 
 892 , 48645.4682617623 
 893 , 48559.3809437939 
 894 , 48506.9047876707 
 895 , 48483.2138018044 
 896 , 48474.4740268851 
 897 , 48448.5597534692 
 898 , 48378.0079035976 
 899 , 48281.93122072 
 900 , 48197.9499197605 
 901 , 48143.3947416554 
 902 , 48111.6164830539 
 903 , 48092.210929804 
 904 , 48066.4611168083 
 905 , 48016.0003399243 
 906 , 47948.8437734029 
 907 , 47890.5216567696 
 908 , 47856.9934688712 
 909 , 47845.7360387015 
 910 , 47851.402742695 
 911 , 47863.9929594838 
 912 , 47872.1077888958 
 913 , 47871.2538015819 
 914 , 47864.0633734781 
 915 , 47853.4400830718 
 916 , 47842.1213252885 
 917 , 47832.2780116034 
 918 , 47820.8618927489 
 919 , 47801.9880905448 
 920 , 47776.0773524788 
 921 , 47753.3845335224 
 922 , 47742.6544814404 
 923 , 47741.6867895318 
 924 , 47744.9459273028 
 925 , 47744.1730590929 
 926 , 47728.8650171596 
 927 , 47695.9031087475 
 928 , 47659.3412889299 
 929 , 47634.2297554301 
 930 , 47625.4852635387 
 931 , 47633.3961216966 
 932 , 47651.5220875922 
 933 , 47665.4011907613 
 934 , 47662.4885558311 
 935 , 47638.346349278 
 936 , 47591.4015854494 
 937 , 47532.8111010319 
 938 , 47481.5643569744 
 939 , 47449.0075957234 
 940 , 47433.5068003073 
 941 , 47431.903170078 
 942 , 47439.6157598085 
 943 , 47451.8023381816 
 944 , 47466.6919674513 
 945 , 47485.127774289 
 946 , 47505.1473188741 
 947 , 47518.1420785701 
 948 , 47516.3103571476 
 949 , 47503.9112832722 
 950 , 47490.164845213 
 951 , 47479.8117526611 
 952 , 47472.4847798585 
 953 , 47467.5414115236 
 954 , 47464.3424716583 
 955 , 47462.6267215334 
 956 , 47465.7919513824 
 957 , 47479.0264530461 
 958 , 47493.6797522219 
 959 , 47480.7226397428 
 960 , 47420.6677732301 
 961 , 47340.1409903296 
 962 , 47275.739432372 
 963 , 47238.1298605411 
 964 , 47219.3739022086 
 965 , 47209.2244791096 
 966 , 47193.8933462162 
 967 , 47163.3633663275 
 968 , 47129.7191483319 
 969 , 47111.5228961698 
 970 , 47111.6978915667 
 971 , 47119.3239723953 
 972 , 47124.2645940485 
 973 , 47119.2876813663 
 974 , 47099.1016829571 
 975 , 47068.6402906668 
 976 , 47036.7701240659 
 977 , 47005.9468891911 
 978 , 46971.8109628594 
 979 , 46934.3716338723 
 980 , 46906.7048513044 
 981 , 46901.6832654046 
 982 , 46912.1471092356 
 983 , 46921.5188289447 
 984 , 46925.4929351462 
 985 , 46935.0570339793 
 986 , 46957.9995153877 
 987 , 46988.5217502127 
 988 , 47018.5399732439 
 989 , 47044.7348068363 
 990 , 47066.485891621 
 991 , 47084.1009313647 
 992 , 47099.152928768 
 993 , 47113.7359187024 
 994 , 47131.5377987656 
 995 , 47155.8344569405 
 996 , 47181.0834133061 
 997 , 47196.5370147355 
 998 , 47212.1890698707 
 999 , 47270.4921227509 
 1000 , 47400.0867789071 
 1001 , 47560.6058616366 
 1002 , 47699.2902337797 
 1003 , 47832.7068089736 
 1004 , 48024.0062120957 
 1005 , 48279.0254668474 
 1006 , 48505.9255828649 
 1007 , 48616.8463938268 
 1008 , 48583.2986336894 
 1009 , 48397.2488688829 
 1010 , 48103.798398628 
 1011 , 47786.0156134294 
 1012 , 47497.9666914644 
 1013 , 47241.3124944763 
 1014 , 47017.2076330986 
 1015 , 46849.113184394 
 1016 , 46763.7257493903 
 1017 , 46742.1105756608 
 1018 , 46731.8206866443 
 1019 , 46703.2428559706 
 1020 , 46668.9669706796 
 1021 , 46644.0801685749 
 1022 , 46634.8937548999 
 1023 , 46643.3930031346 
 1024 , 46646.7979823046 
 1025 , 46604.4466067808 
 1026 , 46511.6173493666 
 1027 , 46427.8205018927 
 1028 , 46404.5612181044 
 1029 , 46426.7011442727 
 1030 , 46461.4763253093 
 1031 , 46495.3518222475 
 1032 , 46528.5925869203 
 1033 , 46562.1587507161 
 1034 , 46597.6792707861 
 1035 , 46633.1844982467 
 1036 , 46650.8309217727 
 1037 , 46630.7957288409 
 1038 , 46582.0836039506 
 1039 , 46533.0033731752 
 1040 , 46498.0605882267 
 1041 , 46469.2743605173 
 1042 , 46439.9453608375 
 1043 , 46416.4073260524 
 1044 , 46406.5539587074 
 1045 , 46399.7109374208 
 1046 , 46374.0053716377 
 1047 , 46324.5747103555 
 1048 , 46271.3522179003 
 1049 , 46232.9136062536 
 1050 , 46216.2005791508 
 1051 , 46224.2929439306 
 1052 , 46247.9663656302 
 1053 , 46271.3202130942 
 1054 , 46283.7170015836 
 1055 , 46281.3393295637 
 1056 , 46264.7729090425 
 1057 , 46246.6945550945 
 1058 , 46239.5436190326 
 1059 , 46235.4945943933 
 1060 , 46217.43485463 
 1061 , 46179.8196080472 
 1062 , 46129.9279054972 
 1063 , 46079.3197725755 
 1064 , 46048.8495179006 
 1065 , 46055.312589897 
 1066 , 46079.4561576902 
 1067 , 46088.5492455105 
 1068 , 46069.2999836257 
 1069 , 46026.4477947966 
 1070 , 45966.1712439723 
 1071 , 45896.2486993635 
 1072 , 45824.7101032358 
 1073 , 45759.8413664258 
 1074 , 45709.302653053 
 1075 , 45670.4395757464 
 1076 , 45632.8760554022 
 1077 , 45591.6787864493 
 1078 , 45551.4219126582 
 1079 , 45517.0354546463 
 1080 , 45491.1954621382 
 1081 , 45476.0679973837 
 1082 , 45474.4241437688 
 1083 , 45489.1328181001 
 1084 , 45512.3504107254 
 1085 , 45522.0532651062 
 1086 , 45503.8589283078 
 1087 , 45469.5746799387 
 1088 , 45434.3819631559 
 1089 , 45401.4825014962 
 1090 , 45368.6588995603 
 1091 , 45335.0843924804 
 1092 , 45301.3705408153 
 1093 , 45267.890130816 
 1094 , 45234.3346099672 
 1095 , 45200.0003902265 
 1096 , 45162.5562654107 
 1097 , 45119.0283281909 
 1098 , 45065.0286662166 
 1099 , 44995.2253828244 
 1100 , 44913.1058841137 
 1101 , 44836.6527478448 
 1102 , 44780.3161606484 
 1103 , 44740.1777757129 
 1104 , 44707.1982027302 
 1105 , 44664.8892135553 
 1106 , 44593.3983534254 
 1107 , 44494.8706737209 
 1108 , 44397.3362425487 
 1109 , 44325.3019419897 
 1110 , 44290.3768904611 
 1111 , 44296.7758322892 
 1112 , 44316.1318164572 
 1113 , 44309.420123282 
 1114 , 44264.4743581243 
 1115 , 44191.3243086588 
 1116 , 44105.2842319982 
 1117 , 44029.7544817769 
 1118 , 43981.6994823606 
 1119 , 43949.4202511958 
 1120 , 43915.2768915023 
 1121 , 43872.5980821979 
 1122 , 43821.1787335308 
 1123 , 43771.6945525968 
 1124 , 43747.4925891668 
 1125 , 43758.4577221245 
 1126 , 43778.7312286232 
 1127 , 43780.1497408587 
 1128 , 43753.3246586992 
 1129 , 43696.8541548433 
 1130 , 43627.9125419772 
 1131 , 43577.753941391 
 1132 , 43559.5648029155 
 1133 , 43556.9512560625 
 1134 , 43550.2412924431 
 1135 , 43517.6117323594 
 1136 , 43441.4655114012 
 1137 , 43342.6602762464 
 1138 , 43259.6389592573 
 1139 , 43201.9015663174 
 1140 , 43149.5102477371 
 1141 , 43093.6568672942 
 1142 , 43051.7216072831 
 1143 , 43038.9833492142 
 1144 , 43045.493415163 
 1145 , 43054.4528874596 
 1146 , 43054.5883100269 
 1147 , 43038.234168544 
 1148 , 43003.3472163847 
 1149 , 42954.9690699699 
 1150 , 42903.0667437598 
 1151 , 42869.4350973591 
 1152 , 42870.2947610675 
 1153 , 42877.652501364 
 1154 , 42849.878280183 
 1155 , 42781.7244914058 
 1156 , 42695.5807131642 
 1157 , 42617.3629568773 
 1158 , 42577.2995658519 
 1159 , 42590.6710070434 
 1160 , 42624.0448272298 
 1161 , 42638.8020070193 
 1162 , 42628.0111581278 
 1163 , 42598.5224884124 
 1164 , 42559.4037447395 
 1165 , 42521.5119183702 
 1166 , 42487.4536128274 
 1167 , 42445.4079829708 
 1168 , 42388.4402663829 
 1169 , 42332.6243413477 
 1170 , 42295.1987351414 
 1171 , 42260.6542830214 
 1172 , 42199.518998637 
 1173 , 42121.6421153725 
 1174 , 42074.3699661031 
 1175 , 42072.8727874357 
 1176 , 42068.6319627677 
 1177 , 42020.1276486759 
 1178 , 41941.3219889466 
 1179 , 41859.0522275104 
 1180 , 41793.2837300596 
 1181 , 41759.6521871479 
 1182 , 41755.1819787578 
 1183 , 41758.2778721265 
 1184 , 41752.3865023583 
 1185 , 41732.4411883364 
 1186 , 41695.8013341755 
 1187 , 41644.243178409 
 1188 , 41581.489390338 
 1189 , 41518.5596220102 
 1190 , 41469.4298432526 
 1191 , 41428.7815362682 
 1192 , 41372.0874671189 
 1193 , 41297.0629029773 
 1194 , 41246.1011940566 
 1195 , 41248.9953125837 
 1196 , 41265.8332037733 
 1197 , 41246.9335958927 
 1198 , 41204.6274940034 
 1199 , 41180.3946187462 
 1200 , 41176.1205827908 
 1201 , 41155.7906119774 
 1202 , 41103.1355853677 
 1203 , 41040.5687596551 
 1204 , 40986.8654123806 
 1205 , 40932.7418368219 
 1206 , 40865.695644884 
 1207 , 40797.0307700868 
 1208 , 40747.7227295178 
 1209 , 40716.4298186779 
 1210 , 40682.5719371448 
 1211 , 40641.8004120012 
 1212 , 40617.2561633624 
 1213 , 40615.5297980957 
 1214 , 40582.7055329503 
 1215 , 40468.9778016654 
 1216 , 40328.5830526714 
 1217 , 40252.2616562919 
 1218 , 40259.383907685 
 1219 , 40314.9548908558 
 1220 , 40365.8506996531 
 1221 , 40335.629288415 
 1222 , 40190.3552232937 
 1223 , 40012.8232171639 
 1224 , 39888.9677321195 
 1225 , 39821.2419485139 
 1226 , 39786.685633997 
 1227 , 39783.5353838805 
 1228 , 39821.8025835914 
 1229 , 39868.7232306201 
 1230 , 39842.9004242652 
 1231 , 39714.6839585647 
 1232 , 39568.6114459121 
 1233 , 39481.6512618311 
 1234 , 39441.5959931846 
 1235 , 39417.0615931042 
 1236 , 39404.8941307613 
 1237 , 39414.3498069302 
 1238 , 39428.822115865 
 1239 , 39408.9652842895 
 1240 , 39339.3735173506 
 1241 , 39244.3081190547 
 1242 , 39149.891162434 
 1243 , 39077.1402680036 
 1244 , 39040.3115149659 
 1245 , 39019.9137931246 
 1246 , 38986.8345420115 
 1247 , 38942.4136317056 
 1248 , 38907.5911654127 
 1249 , 38885.0731155372 
 1250 , 38855.7442816982 
 1251 , 38811.6307962109 
 1252 , 38770.9610018132 
 1253 , 38747.0510970847 
 1254 , 38720.4914039755 
 1255 , 38667.6001398176 
 1256 , 38594.3991331735 
 1257 , 38520.0489433799 
 1258 , 38452.3561394061 
 1259 , 38389.7433151979 
 1260 , 38334.858385313 
 1261 , 38296.8794575244 
 1262 , 38279.1967890063 
 1263 , 38268.8037478192 
 1264 , 38251.5669492348 
 1265 , 38220.692719326 
 1266 , 38173.2640064438 
 1267 , 38121.9843442772 
 1268 , 38086.9866001696 
 1269 , 38062.6501082611 
 1270 , 38018.8337723739 
 1271 , 37949.2594385072 
 1272 , 37889.0286199597 
 1273 , 37864.0691804236 
 1274 , 37861.4002826879 
 1275 , 37860.8491550061 
 1276 , 37842.2724936138 
 1277 , 37788.0541982187 
 1278 , 37707.5704669406 
 1279 , 37626.7286845092 
 1280 , 37575.0434826121 
 1281 , 37585.1023453976 
 1282 , 37650.9959478002 
 1283 , 37698.2060585897 
 1284 , 37671.9526710385 
 1285 , 37601.4975876863 
 1286 , 37528.4990562844 
 1287 , 37471.4633665377 
 1288 , 37438.8450192574 
 1289 , 37419.057697201 
 1290 , 37388.6147463665 
 1291 , 37336.4255804328 
 1292 , 37264.5841887804 
 1293 , 37180.9086618177 
 1294 , 37102.190340374 
 1295 , 37039.6569575232 
 1296 , 36984.7700488523 
 1297 , 36927.170937804 
 1298 , 36867.1191624031 
 1299 , 36808.7386107872 
 1300 , 36758.6944614741 
 1301 , 36724.5184248557 
 1302 , 36700.0671445486 
 1303 , 36666.067958293 
 1304 , 36618.1497339751 
 1305 , 36576.8909544386 
 1306 , 36553.4164290019 
 1307 , 36526.6916636652 
 1308 , 36476.3054035046 
 1309 , 36411.1824319038 
 1310 , 36346.7870250471 
 1311 , 36278.6891906783 
 1312 , 36193.812014784 
 1313 , 36106.9063575037 
 1314 , 36055.6714535966 
 1315 , 36044.8879255076 
 1316 , 36032.9030145193 
 1317 , 35996.6831576524 
 1318 , 35963.5111438545 
 1319 , 35957.2731799233 
 1320 , 35961.2425481722 
 1321 , 35951.2635653064 
 1322 , 35920.1964282481 
 1323 , 35868.4582017744 
 1324 , 35802.1575624295 
 1325 , 35731.3168539391 
 1326 , 35666.6204530438 
 1327 , 35619.3005319148 
 1328 , 35591.8892483995 
 1329 , 35571.4266531191 
 1330 , 35550.1487077554 
 1331 , 35540.1899858064 
 1332 , 35548.026453537 
 1333 , 35533.9047066677 
 1334 , 35452.3841153851 
 1335 , 35333.2317356312 
 1336 , 35242.1093050758 
 1337 , 35200.0995586922 
 1338 , 35191.1824261873 
 1339 , 35187.4303037572 
 1340 , 35147.1310222448 
 1341 , 35058.5576808231 
 1342 , 34973.6330592099 
 1343 , 34930.8751270708 
 1344 , 34897.1033267508 
 1345 , 34835.4164771838 
 1346 , 34773.1752664373 
 1347 , 34754.3776215832 
 1348 , 34765.6377051067 
 1349 , 34762.8674248577 
 1350 , 34733.1442058274 
 1351 , 34691.1811638809 
 1352 , 34643.799696791 
 1353 , 34585.7443233977 
 1354 , 34516.9518417487 
 1355 , 34450.3859219262 
 1356 , 34395.2280895216 
 1357 , 34341.7298389376 
 1358 , 34278.7189997486 
 1359 , 34210.1865537353 
 1360 , 34144.4354409598 
 1361 , 34079.8330378409 
 1362 , 34009.8518276542 
 1363 , 33939.4061879993 
 1364 , 33883.0046283383 
 1365 , 33844.6457491803 
 1366 , 33814.1737648924 
 1367 , 33780.9712400617 
 1368 , 33735.4147126374 
 1369 , 33673.3510570303 
 1370 , 33607.5546859714 
 1371 , 33551.4473215541 
 1372 , 33504.7896007144 
 1373 , 33462.5980230356 
 1374 , 33416.3954021517 
 1375 , 33357.3239629195 
 1376 , 33296.0270707566 
 1377 , 33256.8129409354 
 1378 , 33234.8108844148 
 1379 , 33192.0867871535 
 1380 , 33108.0690066828 
 1381 , 32994.6165250466 
 1382 , 32875.1908540155 
 1383 , 32795.1462488835 
 1384 , 32782.4018007005 
 1385 , 32780.3314953239 
 1386 , 32724.1625738746 
 1387 , 32633.3657148344 
 1388 , 32556.7101247172 
 1389 , 32503.3185971979 
 1390 , 32459.0616269776 
 1391 , 32416.154470187 
 1392 , 32372.6229106409 
 1393 , 32324.9360836746 
 1394 , 32267.3551710522 
 1395 , 32200.9991480668 
 1396 , 32140.3672799181 
 1397 , 32095.5748914025 
 1398 , 32059.7948851117 
 1399 , 32023.6591734119 
 1400 , 31979.9446577998 
 1401 , 31923.3977410992 
 1402 , 31858.1825972884 
 1403 , 31792.2094911969 
 1404 , 31731.2934835561 
 1405 , 31680.1595794053 
 1406 , 31647.5485743504 
 1407 , 31645.0326906774 
 1408 , 31654.4110211283 
 1409 , 31619.3512916201 
 1410 , 31526.2333048719 
 1411 , 31445.9209019669 
 1412 , 31428.0146812505 
 1413 , 31438.2580970683 
 1414 , 31438.0645527113 
 1415 , 31429.7743891876 
 1416 , 31423.6664091424 
 1417 , 31413.9629405468 
 1418 , 31389.351141586 
 1419 , 31344.4200542704 
 1420 , 31277.5142271295 
 1421 , 31194.2375277359 
 1422 , 31105.8777671783 
 1423 , 31022.2996060967 
 1424 , 30951.4813297335 
 1425 , 30894.1582905905 
 1426 , 30839.7744197004 
 1427 , 30786.117455043 
 1428 , 30752.1258957856 
 1429 , 30748.316835864 
 1430 , 30748.0100177367 
 1431 , 30723.1317289762 
 1432 , 30675.5991679059 
 1433 , 30615.6570697744 
 1434 , 30548.6552839284 
 1435 , 30478.2460904421 
 1436 , 30412.7035292123 
 1437 , 30362.4089820281 
 1438 , 30324.9962462605 
 1439 , 30287.3967009419 
 1440 , 30242.2980406537 
 1441 , 30189.6439602989 
 1442 , 30134.8393915618 
 1443 , 30091.4693423355 
 1444 , 30065.8522801776 
 1445 , 30046.1009451019 
 1446 , 30022.1699774179 
 1447 , 29998.0030382699 
 1448 , 29977.9746304844 
 1449 , 29955.5678005218 
 1450 , 29923.4775250371 
 1451 , 29889.7971614239 
 1452 , 29867.5309251588 
 1453 , 29856.8828761316 
 1454 , 29851.0956720936 
 1455 , 29846.6894405307 
 1456 , 29842.4934102608 
 1457 , 29831.1197280195 
 1458 , 29798.9837974744 
 1459 , 29745.6061488754 
 1460 , 29689.071655 
 1461 , 29637.0271260504 
 1462 , 29574.8346952743 
 1463 , 29494.3680140878 
 1464 , 29410.6889483792 
 1465 , 29337.7604144726 
 1466 , 29272.4385977557 
 1467 , 29207.7001645347 
 1468 , 29136.2154403529 
 1469 , 29051.5595966273 
 1470 , 28954.2563119178 
 1471 , 28848.2995127674 
 1472 , 28742.8531806128 
 1473 , 28650.038577261 
 1474 , 28582.1195096139 
 1475 , 28550.3361736975 
 1476 , 28540.4262834823 
 1477 , 28513.3473770982 
 1478 , 28459.6712766713 
 1479 , 28410.2019505325 
 1480 , 28379.3045851857 
 1481 , 28348.0721090595 
 1482 , 28303.9025270152 
 1483 , 28256.3569290356 
 1484 , 28214.1569077542 
 1485 , 28173.8611982326 
 1486 , 28131.4967150512 
 1487 , 28090.5870908777 
 1488 , 28053.5791459372 
 1489 , 28005.9489602015 
 1490 , 27934.0287400022 
 1491 , 27875.8781697326 
 1492 , 27884.8195100769 
 1493 , 27923.1598918551 
 1494 , 27903.778797183 
 1495 , 27821.2587407754 
 1496 , 27733.2615811218 
 1497 , 27676.347642584 
 1498 , 27663.49141818 
 1499 , 27673.9183771364 
 1500 , 27645.7074153368 
 1501 , 27556.5497611282 
 1502 , 27453.0706150521 
 1503 , 27372.1344535201 
 1504 , 27316.8104815313 
 1505 , 27282.8902422432 
 1506 , 27257.9635553369 
 1507 , 27229.9413595055 
 1508 , 27192.7315113071 
 1509 , 27144.047898883 
 1510 , 27093.0496338131 
 1511 , 27050.2550689127 
 1512 , 27014.518817186 
 1513 , 26980.4763408527 
 1514 , 26943.7603309134 
 1515 , 26900.6532642077 
 1516 , 26849.2563787688 
 1517 , 26789.0235941479 
 1518 , 26723.1913249131 
 1519 , 26658.2010938774 
 1520 , 26608.0672314604 
 1521 , 26592.7858515812 
 1522 , 26600.0064792904 
 1523 , 26580.1530048438 
 1524 , 26519.0387700223 
 1525 , 26456.3692228712 
 1526 , 26412.0098602421 
 1527 , 26362.8222852742 
 1528 , 26297.7245359772 
 1529 , 26242.4804411124 
 1530 , 26217.3586686983 
 1531 , 26213.4148296259 
 1532 , 26217.7948314091 
 1533 , 26221.6411267838 
 1534 , 26217.8957533323 
 1535 , 26203.5737970238 
 1536 , 26176.9212817918 
 1537 , 26136.7961800773 
 1538 , 26082.7458698454 
 1539 , 26017.6550727992 
 1540 , 25946.9524759112 
 1541 , 25886.0122514628 
 1542 , 25852.6394805065 
 1543 , 25833.4201436004 
 1544 , 25797.4844790931 
 1545 , 25748.8067961954 
 1546 , 25716.4622499859 
 1547 , 25693.9230764486 
 1548 , 25642.9376739902 
 1549 , 25570.0641474106 
 1550 , 25531.4805847796 
 1551 , 25540.4285043927 
 1552 , 25550.5554201337 
 1553 , 25537.0122114337 
 1554 , 25515.1564462768 
 1555 , 25495.4639978966 
 1556 , 25472.5903413512 
 1557 , 25443.1300541508 
 1558 , 25411.9816467201 
 1559 , 25382.9079483064 
 1560 , 25353.5339169562 
 1561 , 25319.3458702405 
 1562 , 25272.217690603 
 1563 , 25209.2871540499 
 1564 , 25151.111121424 
 1565 , 25117.5216062623 
 1566 , 25098.1426340472 
 1567 , 25076.07649281 
 1568 , 25047.5017049179 
 1569 , 25013.2191497304 
 1570 , 24974.4019087337 
 1571 , 24934.3702954875 
 1572 , 24912.6628996733 
 1573 , 24931.1096927445 
 1574 , 24956.5500253183 
 1575 , 24929.9865314518 
 1576 , 24857.223319689 
 1577 , 24785.2391869088 
 1578 , 24734.8557079465 
 1579 , 24706.0453752 
 1580 , 24692.4117736211 
 1581 , 24682.5073409988 
 1582 , 24666.7287285569 
 1583 , 24637.8272597969 
 1584 , 24598.3228655731 
 1585 , 24561.6128305517 
 1586 , 24530.5010739371 
 1587 , 24493.2120229505 
 1588 , 24446.8670208942 
 1589 , 24403.3739186596 
 1590 , 24369.6622131135 
 1591 , 24342.0384565188 
 1592 , 24313.3908437872 
 1593 , 24272.0222689324 
 1594 , 24215.0672061193 
 1595 , 24160.3717219997 
 1596 , 24119.9470546933 
 1597 , 24084.1196740209 
 1598 , 24047.6983998223 
 1599 , 24027.9401847407 
 1600 , 24034.5201034962 
 1601 , 24039.4737854894 
 1602 , 24017.6328545789 
 1603 , 23982.3366034782 
 1604 , 23951.5419054918 
 1605 , 23925.3919474263 
 1606 , 23900.9963120219 
 1607 , 23883.10070969 
 1608 , 23874.9432628426 
 1609 , 23859.785667436 
 1610 , 23818.5328533162 
 1611 , 23757.5377125684 
 1612 , 23691.1943534951 
 1613 , 23624.6426496749 
 1614 , 23559.4729960178 
 1615 , 23499.2922161184 
 1616 , 23447.3032335352 
 1617 , 23395.4548720306 
 1618 , 23332.2004482408 
 1619 , 23266.5905579828 
 1620 , 23217.0942184971 
 1621 , 23181.0228526533 
 1622 , 23143.8108946769 
 1623 , 23102.6640891241 
 1624 , 23062.411439006 
 1625 , 23024.5151483416 
 1626 , 22987.680568834 
 1627 , 22946.8660914353 
 1628 , 22894.9721164094 
 1629 , 22838.6256610775 
 1630 , 22795.077849448 
 1631 , 22763.7214107269 
 1632 , 22728.2918877314 
 1633 , 22688.9971986983 
 1634 , 22661.7257770559 
 1635 , 22642.0169828662 
 1636 , 22604.51372613 
 1637 , 22548.6412473856 
 1638 , 22501.8198809683 
 1639 , 22474.1056563605 
 1640 , 22453.3315236066 
 1641 , 22427.2994274875 
 1642 , 22385.6232692701 
 1643 , 22327.9123789324 
 1644 , 22266.86525325 
 1645 , 22212.5690680837 
 1646 , 22170.0311998615 
 1647 , 22137.2767319099 
 1648 , 22102.7060935691 
 1649 , 22065.3337990384 
 1650 , 22041.8070929105 
 1651 , 22036.9689386233 
 1652 , 22033.7888062386 
 1653 , 22015.4921306356 
 1654 , 21969.4310015599 
 1655 , 21901.4796143613 
 1656 , 21849.8431510023 
 1657 , 21833.1876406933 
 1658 , 21827.3301038771 
 1659 , 21808.4791056056 
 1660 , 21762.8710813897 
 1661 , 21694.0112523195 
 1662 , 21637.8081743319 
 1663 , 21615.8148005455 
 1664 , 21611.5119246553 
 1665 , 21605.9613404349 
 1666 , 21585.2991891577 
 1667 , 21542.5019299067 
 1668 , 21484.2432506931 
 1669 , 21420.9006695121 
 1670 , 21367.0640346004 
 1671 , 21329.9185296735 
 1672 , 21298.1111332027 
 1673 , 21264.9656166397 
 1674 , 21241.0837586493 
 1675 , 21225.6535752766 
 1676 , 21184.3482637435 
 1677 , 21104.2122367376 
 1678 , 21036.6885023305 
 1679 , 21015.383394605 
 1680 , 21005.7570405543 
 1681 , 20976.6164092261 
 1682 , 20931.0809038991 
 1683 , 20879.2092531559 
 1684 , 20835.230159804 
 1685 , 20805.9235140293 
 1686 , 20777.6480786937 
 1687 , 20740.3891756399 
 1688 , 20701.2959011238 
 1689 , 20665.2192559031 
 1690 , 20624.5027803684 
 1691 , 20573.2049751222 
 1692 , 20514.563974671 
 1693 , 20459.168490476 
 1694 , 20432.3184094358 
 1695 , 20442.4640638132 
 1696 , 20451.103057369 
 1697 , 20429.3001183246 
 1698 , 20388.5576308497 
 1699 , 20343.3859637086 
 1700 , 20301.0996414948 
 1701 , 20265.1336626631 
 1702 , 20232.2950179109 
 1703 , 20198.6230283085 
 1704 , 20160.5898899769 
 1705 , 20118.9974800353 
 1706 , 20084.1631439489 
 1707 , 20060.5030938197 
 1708 , 20036.8101170384 
 1709 , 20006.3478859087 
 1710 , 19976.1574579661 
 1711 , 19952.7389782688 
 1712 , 19937.8434046849 
 1713 , 19924.7243332409 
 1714 , 19891.1748893738 
 1715 , 19833.9695492718 
 1716 , 19789.2156153899 
 1717 , 19772.9892624056 
 1718 , 19756.8677942987 
 1719 , 19724.3599434734 
 1720 , 19688.1716587657 
 1721 , 19661.4637086979 
 1722 , 19652.9567311946 
 1723 , 19654.0773970565 
 1724 , 19629.7864408563 
 1725 , 19571.6686494518 
 1726 , 19514.9669797757 
 1727 , 19475.7492789306 
 1728 , 19437.2181594343 
 1729 , 19384.9617661115 
 1730 , 19311.9868859758 
 1731 , 19236.8570373721 
 1732 , 19209.0357974682 
 1733 , 19231.3106522797 
 1734 , 19248.0574330159 
 1735 , 19228.6004532212 
 1736 , 19175.4641274107 
 1737 , 19107.7894366291 
 1738 , 19059.4461360064 
 1739 , 19037.7347580423 
 1740 , 19023.2082843995 
 1741 , 19009.7399947283 
 1742 , 19004.0505281639 
 1743 , 18999.5961945132 
 1744 , 18978.3850355053 
 1745 , 18931.3416847602 
 1746 , 18859.1794080383 
 1747 , 18795.0801563149 
 1748 , 18790.0337697924 
 1749 , 18814.20884033 
 1750 , 18788.663881905 
 1751 , 18715.3047746533 
 1752 , 18644.6062792007 
 1753 , 18591.4786028488 
 1754 , 18550.523744889 
 1755 , 18524.4514162629 
 1756 , 18518.0668852761 
 1757 , 18517.0593386911 
 1758 , 18501.2150566912 
 1759 , 18474.7265587229 
 1760 , 18450.5063816093 
 1761 , 18428.4167158309 
 1762 , 18405.5364409687 
 1763 , 18392.7756571529 
 1764 , 18398.972091078 
 1765 , 18397.1626271436 
 1766 , 18359.6365704601 
 1767 , 18307.1061317327 
 1768 , 18266.0147955328 
 1769 , 18230.556661278 
 1770 , 18192.085140982 
 1771 , 18160.7313304832 
 1772 , 18144.1848398679 
 1773 , 18129.3439553038 
 1774 , 18106.4721393735 
 1775 , 18086.4359760274 
 1776 , 18077.9280826337 
 1777 , 18075.6793356229 
 1778 , 18072.6138200989 
 1779 , 18062.2987009096 
 1780 , 18041.6046178488 
 1781 , 18013.4481560353 
 1782 , 17976.549074557 
 1783 , 17921.8650762023 
 1784 , 17859.4946652208 
 1785 , 17827.7600597838 
 1786 , 17827.9621481136 
 1787 , 17811.956092591 
 1788 , 17768.033062134 
 1789 , 17728.5034212091 
 1790 , 17703.6373482224 
 1791 , 17680.3323763737 
 1792 , 17660.9395996033 
 1793 , 17660.4609726109 
 1794 , 17670.3387181364 
 1795 , 17665.7886740117 
 1796 , 17644.4163411475 
 1797 , 17617.9558433567 
 1798 , 17590.2575915505 
 1799 , 17561.1611306257 
 1800 , 17535.289958492 
 1801 , 17517.137871277 
 1802 , 17494.4336769449 
 1803 , 17453.6614067829 
 1804 , 17413.6215105956 
 1805 , 17395.8047010606 
 1806 , 17380.59320838 
 1807 , 17345.7499484335 
 1808 , 17306.8972017213 
 1809 , 17281.1819283354 
 1810 , 17259.7508832267 
 1811 , 17234.3460900253 
 1812 , 17213.210229871 
 1813 , 17205.5607184059 
 1814 , 17216.2107302172 
 1815 , 17235.9461301951 
 1816 , 17229.9526555793 
 1817 , 17191.6051311254 
 1818 , 17164.3388143771 
 1819 , 17161.9393155271 
 1820 , 17151.9881028951 
 1821 , 17124.5282127933 
 1822 , 17098.6656005962 
 1823 , 17079.0041908334 
 1824 , 17055.4442144694 
 1825 , 17032.1274443084 
 1826 , 17022.8723587883 
 1827 , 17012.5168120172 
 1828 , 16971.1795891275 
 1829 , 16917.5168024094 
 1830 , 16891.3813206167 
 1831 , 16886.0224351161 
 1832 , 16876.5933473515 
 1833 , 16859.2934815883 
 1834 , 16836.3377122342 
 1835 , 16800.5921142236 
 1836 , 16750.5789225275 
 1837 , 16717.8925473088 
 1838 , 16723.6757535944 
 1839 , 16731.440064664 
 1840 , 16709.1522828356 
 1841 , 16663.9958707705 
 1842 , 16611.5921649091 
 1843 , 16572.2096081013 
 1844 , 16552.3241134903 
 1845 , 16535.1988991122 
 1846 , 16513.6791414659 
 1847 , 16496.1025826535 
 1848 , 16489.2301796669 
 1849 , 16496.18825507 
 1850 , 16505.7889431882 
 1851 , 16496.1979551402 
 1852 , 16467.9708025868 
 1853 , 16436.4041838374 
 1854 , 16403.9845236721 
 1855 , 16367.5706121437 
 1856 , 16337.3790768153 
 1857 , 16324.8813346453 
 1858 , 16314.2601618047 
 1859 , 16286.4728638666 
 1860 , 16250.8211820858 
 1861 , 16221.1019019213 
 1862 , 16199.8496468366 
 1863 , 16183.9419481401 
 1864 , 16161.7055548617 
 1865 , 16129.2126199213 
 1866 , 16101.2104851963 
 1867 , 16084.5944407351 
 1868 , 16069.9971182934 
 1869 , 16052.7188911775 
 1870 , 16035.5632930621 
 1871 , 16013.9842454915 
 1872 , 15976.8131673093 
 1873 , 15932.2192449343 
 1874 , 15901.7457775526 
 1875 , 15883.5545645905 
 1876 , 15863.0685960827 
 1877 , 15841.163128439 
 1878 , 15824.5201975301 
 1879 , 15809.8697964249 
 1880 , 15793.2552093978 
 1881 , 15783.864830329 
 1882 , 15787.725234364 
 1883 , 15788.3654604551 
 1884 , 15774.2775641669 
 1885 , 15757.8824239058 
 1886 , 15745.3735678089 
 1887 , 15724.3206834904 
 1888 , 15689.2371176505 
 1889 , 15647.7110576536 
 1890 , 15606.7982102701 
 1891 , 15571.6979717603 
 1892 , 15545.5604311843 
 1893 , 15528.7863977703 
 1894 , 15509.0109002004 
 1895 , 15469.2432090723 
 1896 , 15423.0508805767 
 1897 , 15394.5317173885 
 1898 , 15379.9980727444 
 1899 , 15367.313213877 
 1900 , 15352.3656350594 
 1901 , 15335.8985074784 
 1902 , 15327.0774406718 
 1903 , 15326.8340212129 
 1904 , 15313.3314719033 
 1905 , 15282.5326942139 
 1906 , 15265.9973879838 
 1907 , 15268.3502753091 
 1908 , 15255.9802127166 
 1909 , 15220.7402156803 
 1910 , 15180.9882716084 
 1911 , 15145.3755175035 
 1912 , 15115.4858705444 
 1913 , 15100.2243748846 
 1914 , 15108.1362090862 
 1915 , 15119.5687626901 
 1916 , 15110.1894247872 
 1917 , 15084.9203458822 
 1918 , 15055.4875998017 
 1919 , 15028.783967097 
 1920 , 15002.5992946514 
 1921 , 14956.2329045001 
 1922 , 14889.9874380529 
 1923 , 14843.0543953364 
 1924 , 14829.9124666164 
 1925 , 14830.395090749 
 1926 , 14831.0543010937 
 1927 , 14826.1959510652 
 1928 , 14807.0203271414 
 1929 , 14766.1035706594 
 1930 , 14724.8572408089 
 1931 , 14709.4251269122 
 1932 , 14696.5353582323 
 1933 , 14659.960692603 
 1934 , 14625.722533813 
 1935 , 14616.5325347049 
 1936 , 14613.9387583499 
 1937 , 14604.9537206587 
 1938 , 14599.1707194588 
 1939 , 14602.4704983861 
 1940 , 14611.9219861037 
 1941 , 14612.7325166211 
 1942 , 14582.0738435364 
 1943 , 14532.9978810361 
 1944 , 14499.4280676396 
 1945 , 14480.8010333245 
 1946 , 14462.1167428956 
 1947 , 14443.2442355058 
 1948 , 14427.0794913104 
 1949 , 14408.7826358048 
 1950 , 14386.6407697611 
 1951 , 14371.3171579791 
 1952 , 14362.8288636961 
 1953 , 14339.5385728385 
 1954 , 14298.8061471202 
 1955 , 14263.8362056161 
 1956 , 14248.2637217444 
 1957 , 14253.3806463253 
 1958 , 14253.0291411018 
 1959 , 14213.294267912 
 1960 , 14163.0410898952 
 1961 , 14145.2273717616 
 1962 , 14143.6657336701 
 1963 , 14133.0818942627 
 1964 , 14112.767995934 
 1965 , 14085.8773055856 
 1966 , 14053.8463399108 
 1967 , 14019.5758737715 
 1968 , 13988.507982138 
 1969 , 13969.369342554 
 1970 , 13971.7837092295 
 1971 , 13977.8081200128 
 1972 , 13956.8335496142 
 1973 , 13927.674393259 
 1974 , 13922.2556397838 
 1975 , 13921.1792216144 
 1976 , 13899.6920263407 
 1977 , 13868.084414751 
 1978 , 13840.3558526067 
 1979 , 13822.8852949969 
 1980 , 13811.9415211846 
 1981 , 13791.1303955579 
 1982 , 13758.6718504268 
 1983 , 13728.1177890831 
 1984 , 13709.967161525 
 1985 , 13709.2868821523 
 1986 , 13709.2863775733 
 1987 , 13689.3003034249 
 1988 , 13657.4017271037 
 1989 , 13627.9726644002 
 1990 , 13608.5363145741 
 1991 , 13600.465601998 
 1992 , 13595.5743611295 
 1993 , 13588.5701565898 
 1994 , 13579.4287219783 
 1995 , 13566.8880949904 
 1996 , 13548.7865153069 
 1997 , 13528.4910141128 
 1998 , 13512.8116873816 
 1999 , 13509.3551972568 
 2000 , 13520.3673245782 
 2001 , 13525.7911991525 
 2002 , 13509.999020882 
 2003 , 13482.2177846166 
 2004 , 13454.4848428291 
 2005 , 13436.6289910018 
 2006 , 13423.675535809 
 2007 , 13396.2188332972 
 2008 , 13351.3192891768 
 2009 , 13299.9134958325 
 2010 , 13265.7341782598 
 2011 , 13267.2399713527 
 2012 , 13271.4682604062 
 2013 , 13250.683064286 
 2014 , 13235.1269538908 
 2015 , 13239.9275429259 
 2016 , 13234.2019762156 
 2017 , 13205.8757815124 
 2018 , 13170.8935405943 
 2019 , 13143.2586582394 
 2020 , 13131.9185461779 
 2021 , 13126.6749574937 
 2022 , 13111.0037469858 
 2023 , 13084.1350463778 
 2024 , 13053.1764358073 
 2025 , 13034.0910887944 
 2026 , 13031.2115977033 
 2027 , 13024.1494212017 
 2028 , 13004.4569615065 
 2029 , 12981.5034715554 
 2030 , 12966.239734802 
 2031 , 12967.1297203378 
 2032 , 12968.8220296341 
 2033 , 12952.8841763993 
 2034 , 12942.5633838575 
 2035 , 12954.380239207 
 2036 , 12949.1198660701 
 2037 , 12905.7929847315 
 2038 , 12853.3489182875 
 2039 , 12807.5849717232 
 2040 , 12764.6768239749 
 2041 , 12734.6253350485 
 2042 , 12732.6177119203 
 2043 , 12733.9117963616 
 2044 , 12709.1670830652 
 2045 , 12685.3401869416 
 2046 , 12683.2576166977 
 2047 , 12670.7296053766 
 2048 , 12635.8852124352 
 2049 , 12609.9309042224 
 2050 , 12599.3767709173 
 2051 , 12585.1462312405 
 2052 , 12568.8245572991 
 2053 , 12560.9867661496 
 2054 , 12547.7969226484 
 2055 , 12516.3600237434 
 2056 , 12487.552762579 
 2057 , 12474.6296006303 
 2058 , 12461.1889844742 
 2059 , 12440.9496357559 
 2060 , 12423.9018021365 
 2061 , 12409.8014360049 
 2062 , 12390.8382663311 
 2063 , 12367.3419664191 
 2064 , 12342.6269478425 
 2065 , 12316.1044648098 
 2066 , 12288.843102282 
 2067 , 12268.623141948 
 2068 , 12257.6844402293 
 2069 , 12248.4380400228 
 2070 , 12233.4006277068 
 2071 , 12206.9524278591 
 2072 , 12173.2681677935 
 2073 , 12142.9036971362 
 2074 , 12131.5352315563 
 2075 , 12141.3526941087 
 2076 , 12130.6462094185 
 2077 , 12085.2204907836 
 2078 , 12050.0761120914 
 2079 , 12034.1506832065 
 2080 , 12007.2568417005 
 2081 , 11982.5505813438 
 2082 , 11990.0438414472 
 2083 , 11995.413489707 
 2084 , 11962.2038380695 
 2085 , 11921.9408035174 
 2086 , 11899.157012142 
 2087 , 11880.6786855956 
 2088 , 11863.4041830663 
 2089 , 11858.0624226269 
 2090 , 11856.181024201 
 2091 , 11840.1005926888 
 2092 , 11815.1188575093 
 2093 , 11791.0501027179 
 2094 , 11763.9009785826 
 2095 , 11735.738030415 
 2096 , 11724.6553313551 
 2097 , 11729.9298867442 
 2098 , 11729.4811472632 
 2099 , 11715.6648668581 
 2100 , 11692.330444278 
 2101 , 11671.9387164099 
 2102 , 11663.579556366 
 2103 , 11655.6078735752 
 2104 , 11637.7481516975 
 2105 , 11609.9236467568 
 2106 , 11579.3212000803 
 2107 , 11558.4568885477 
 2108 , 11547.8201425292 
 2109 , 11539.4137006833 
 2110 , 11519.5316148482 
 2111 , 11481.7248451875 
 2112 , 11445.9865688489 
 2113 , 11422.288593611 
 2114 , 11397.3785208432 
 2115 , 11373.6676139085 
 2116 , 11366.9941168142 
 2117 , 11364.2303524581 
 2118 , 11343.5889952396 
 2119 , 11316.3255093952 
 2120 , 11295.5714521837 
 2121 , 11275.3084408298 
 2122 , 11256.2449273582 
 2123 , 11250.9374314025 
 2124 , 11248.4057838846 
 2125 , 11223.734705848 
 2126 , 11191.1038256389 
 2127 , 11173.0582193767 
 2128 , 11158.0182016092 
 2129 , 11136.1303354772 
 2130 , 11116.8674633663 
 2131 , 11105.0511116246 
 2132 , 11097.0962366845 
 2133 , 11082.5140537445 
 2134 , 11051.3037555595 
 2135 , 11018.5655259091 
 2136 , 10997.3017336616 
 2137 , 10970.4407914837 
 2138 , 10935.0910310271 
 2139 , 10916.5919847607 
 2140 , 10910.9194026835 
 2141 , 10890.9517556953 
 2142 , 10862.1809401006 
 2143 , 10841.656377564 
 2144 , 10829.8869076976 
 2145 , 10826.0604943159 
 2146 , 10834.5105048722 
 2147 , 10845.1522058425 
 2148 , 10833.1046731387 
 2149 , 10796.1282185599 
 2150 , 10747.4895705532 
 2151 , 10705.6920027735 
 2152 , 10681.9976014439 
 2153 , 10664.2538644856 
 2154 , 10646.4258716339 
 2155 , 10635.940225659 
 2156 , 10630.7610485999 
 2157 , 10621.5303106117 
 2158 , 10604.3953823576 
 2159 , 10581.40069306 
 2160 , 10566.2476607105 
 2161 , 10561.8939370437 
 2162 , 10549.5135679444 
 2163 , 10530.2446824378 
 2164 , 10522.7410920298 
 2165 , 10518.7179620637 
 2166 , 10501.22878562 
 2167 , 10474.5014527145 
 2168 , 10443.7037118731 
 2169 , 10405.4665670428 
 2170 , 10372.1276947961 
 2171 , 10370.4204423124 
 2172 , 10388.1392899505 
 2173 , 10393.9980689495 
 2174 , 10376.0241540412 
 2175 , 10340.8172311326 
 2176 , 10323.9121973019 
 2177 , 10330.6964519482 
 2178 , 10326.7738401883 
 2179 , 10302.6837419663 
 2180 , 10269.4105358258 
 2181 , 10251.832331464 
 2182 , 10260.4365928762 
 2183 , 10257.6839982037 
 2184 , 10231.2094209413 
 2185 , 10210.2435378905 
 2186 , 10199.0552839066 
 2187 , 10184.8384131537 
 2188 , 10168.7203029379 
 2189 , 10153.9592307665 
 2190 , 10135.796611708 
 2191 , 10113.1708793585 
 2192 , 10092.0690914256 
 2193 , 10078.8193040413 
 2194 , 10076.1915058189 
 2195 , 10066.6819779442 
 2196 , 10037.2696957309 
 2197 , 10008.0579667618 
 2198 , 9992.15377677611 
 2199 , 9984.39211809619 
 2200 , 9974.41848802041 
 2201 , 9952.62175443584 
 2202 , 9930.08387491635 
 2203 , 9918.38187237482 
 2204 , 9909.70836205118 
 2205 , 9894.90168604153 
 2206 , 9868.74038367226 
 2207 , 9842.57637065784 
 2208 , 9833.79759847852 
 2209 , 9829.40360875251 
 2210 , 9813.39014671907 
 2211 , 9789.51762806781 
 2212 , 9761.00693519931 
 2213 , 9726.74496813182 
 2214 , 9691.0445270132 
 2215 , 9661.08207396474 
 2216 , 9639.46525722612 
 2217 , 9624.52049234162 
 2218 , 9608.143019822 
 2219 , 9588.4407946979 
 2220 , 9570.89678212499 
 2221 , 9550.64456035615 
 2222 , 9520.65906863274 
 2223 , 9492.77549983532 
 2224 , 9477.18132246788 
 2225 , 9469.37957471622 
 2226 , 9458.98224611535 
 2227 , 9433.44392447511 
 2228 , 9397.67891926608 
 2229 , 9366.01253066532 
 2230 , 9354.14074447128 
 2231 , 9362.31913890905 
 2232 , 9363.58595239078 
 2233 , 9341.29768782018 
 2234 , 9295.61507148236 
 2235 , 9263.76462016191 
 2236 , 9273.66994038191 
 2237 , 9277.3239748529 
 2238 , 9250.0713198853 
 2239 , 9220.54142026218 
 2240 , 9192.71862860776 
 2241 , 9156.20801763777 
 2242 , 9134.94327446351 
 2243 , 9141.30114038649 
 2244 , 9132.51109314597 
 2245 , 9103.02089270086 
 2246 , 9094.42037450286 
 2247 , 9094.42875977516 
 2248 , 9071.50249397354 
 2249 , 9046.13853797044 
 2250 , 9029.94879328985 
 2251 , 8994.9918825372 
 2252 , 8948.16816599566 
 2253 , 8925.59786287605 
 2254 , 8922.61421143805 
 2255 , 8922.59652840696 
 2256 , 8926.35984655995 
 2257 , 8928.73406471573 
 2258 , 8913.53650478998 
 2259 , 8886.36308050495 
 2260 , 8864.0465681869 
 2261 , 8844.7126667967 
 2262 , 8824.98788504924 
 2263 , 8810.02333565483 
 2264 , 8792.13342025496 
 2265 , 8754.16055805462 
 2266 , 8714.81395548941 
 2267 , 8699.64882820008 
 2268 , 8699.76628346212 
 2269 , 8698.40287783842 
 2270 , 8679.50866616627 
 2271 , 8650.70438527515 
 2272 , 8630.61068364049 
 2273 , 8608.77492650104 
 2274 , 8576.85118126362 
 2275 , 8551.36181903423 
 2276 , 8542.82770187513 
 2277 , 8549.16609181688 
 2278 , 8543.77583615244 
 2279 , 8508.24972172745 
 2280 , 8486.69271909395 
 2281 , 8492.60934841735 
 2282 , 8481.33317567988 
 2283 , 8458.45007380333 
 2284 , 8454.87508609512 
 2285 , 8446.58107364318 
 2286 , 8416.07933991943 
 2287 , 8391.14169972616 
 2288 , 8375.56081546995 
 2289 , 8350.91177811006 
 2290 , 8334.13741079554 
 2291 , 8337.76918238422 
 2292 , 8319.8083365724 
 2293 , 8272.74323251572 
 2294 , 8240.12962927578 
 2295 , 8223.55901898734 
 2296 , 8205.45838316566 
 2297 , 8195.26129776011 
 2298 , 8194.26917427977 
 2299 , 8180.37814921269 
 2300 , 8151.3997548996 
 2301 , 8120.47658226423 
 2302 , 8092.20559632758 
 2303 , 8068.41340045334 
 2304 , 8051.45201608437 
 2305 , 8044.51803476163 
 2306 , 8048.8672885594 
 2307 , 8046.21529972592 
 2308 , 8021.87469851069 
 2309 , 7995.95543427143 
 2310 , 7980.3538134707 
 2311 , 7968.45814738671 
 2312 , 7949.72652911276 
 2313 , 7918.12470192485 
 2314 , 7890.07274972244 
 2315 , 7877.57306699176 
 2316 , 7876.57547892891 
 2317 , 7870.33451301279 
 2318 , 7843.42183600976 
 2319 , 7823.87606569928 
 2320 , 7825.8978511389 
 2321 , 7814.29765698819 
 2322 , 7787.81574676034 
 2323 , 7771.69171499191 
 2324 , 7748.90190264509 
 2325 , 7708.58707510362 
 2326 , 7689.49379597366 
 2327 , 7692.79135712958 
 2328 , 7680.0433871081 
 2329 , 7653.83670527376 
 2330 , 7631.33901087308 
 2331 , 7617.58154609676 
 2332 , 7612.59858264936 
 2333 , 7612.19718150105 
 2334 , 7605.03508930181 
 2335 , 7582.43927113719 
 2336 , 7556.08894948471 
 2337 , 7533.02098454265 
 2338 , 7509.2095553045 
 2339 , 7490.4557452936 
