11-20-2017,16:38:30
Wavenumber(cm-1),Intensity
 250 , 10 
 251 , 10 
 252 , 10 
 253 , 10 
 254 , 10 
 255 , 33.671875 
 256 , 16.08203125 
 257 , 5.19921875 
 258 ,-6.4296875 
 259 ,-21.2890625 
 260 ,-34.65234375 
 261 ,-40.4453125 
 262 ,-32.859375 
 263 ,-13.4921875 
 264 , 10.296875 
 265 , 28.125 
 266 , 31.76953125 
 267 , 27.3984375 
 268 , 27.7109375 
 269 , 38.6796875 
 270 , 51.765625 
 271 , 54.83984375 
 272 , 49.46875 
 273 , 49.00390625 
 274 , 65.71875 
 275 , 98.0078125 
 276 , 136.0703125 
 277 , 171.04296875 
 278 , 200.17578125 
 279 , 222.65625 
 280 , 238.98046875 
 281 , 252.19921875 
 282 , 265.63671875 
 283 , 282.47265625 
 284 , 305.77734375 
 285 , 339.16796875 
 286 , 385.33203125 
 287 , 445.75390625 
 288 , 514.015625 
 289 , 570.828125 
 290 , 596.62109375 
 291 , 592.265625 
 292 , 578.05078125 
 293 , 571.9921875 
 294 , 569.31640625 
 295 , 554.640625 
 296 , 519.21875 
 297 , 471.9609375 
 298 , 424.578125 
 299 , 381.41796875 
 300 , 338.453125 
 301 , 291.71484375 
 302 , 245.5234375 
 303 , 210.04296875 
 304 , 193.5859375 
 305 , 191.296875 
 306 , 193.99609375 
 307 , 194.828125 
 308 , 196.21484375 
 309 , 202.59765625 
 310 , 216.80859375 
 311 , 236.90625 
 312 , 260.51953125 
 313 , 290.46875 
 314 , 332.3125 
 315 , 386.22265625 
 316 , 438.51953125 
 317 , 474.33984375 
 318 , 493.93359375 
 319 , 511.78125 
 320 , 539.203125 
 321 , 568.08203125 
 322 , 583.93359375 
 323 , 586.78125 
 324 , 605.60546875 
 325 , 670.35546875 
 326 , 763.15625 
 327 , 821.6171875 
 328 , 794.71875 
 329 , 716.46875 
 330 , 654.88671875 
 331 , 653.53515625 
 332 , 695.453125 
 333 , 754.81640625 
 334 , 814.86328125 
 335 , 868.04296875 
 336 , 908.8046875 
 337 , 941.73828125 
 338 , 975.55859375 
 339 , 1012.40625 
 340 , 1037.53515625 
 341 , 1034.05078125 
 342 , 999.60546875 
 343 , 947.7890625 
 344 , 892.2109375 
 345 , 840.390625 
 346 , 796.91796875 
 347 , 762.5546875 
 348 , 728.0859375 
 349 , 682.87890625 
 350 , 621.1875 
 351 , 542.43359375 
 352 , 448.54296875 
 353 , 358.40625 
 354 , 298.5390625 
 355 , 283.84375 
 356 , 297.6875 
 357 , 318.65625 
 358 , 338.01953125 
 359 , 360.87890625 
 360 , 391.7421875 
 361 , 425.37890625 
 362 , 452.1484375 
 363 , 467.17578125 
 364 , 478.76171875 
 365 , 497.13671875 
 366 , 524.453125 
 367 , 553.87890625 
 368 , 577.64453125 
 369 , 584.640625 
 370 , 562.6640625 
 371 , 510.4609375 
 372 , 453.06640625 
 373 , 418.54296875 
 374 , 418.63671875 
 375 , 449.51171875 
 376 , 503.9921875 
 377 , 558.05078125 
 378 , 581.34375 
 379 , 559.47265625 
 380 , 513.953125 
 381 , 470.53515625 
 382 , 442.48828125 
 383 , 431.61328125 
 384 , 438.125 
 385 , 457.3125 
 386 , 483.33984375 
 387 , 510.4140625 
 388 , 531.19140625 
 389 , 538.62890625 
 390 , 538.49609375 
 391 , 547.421875 
 392 , 575.32421875 
 393 , 599.00390625 
 394 , 585.71484375 
 395 , 527.8984375 
 396 , 460.01953125 
 397 , 417.33984375 
 398 , 399.63671875 
 399 , 384.234375 
 400 , 354.83984375 
 401 , 320.69921875 
 402 , 297.08203125 
 403 , 288.92578125 
 404 , 285.3828125 
 405 , 276.48046875 
 406 , 272.28515625 
 407 , 292.8828125 
 408 , 347.24609375 
 409 , 413.05078125 
 410 , 463.56640625 
 411 , 491.26953125 
 412 , 509.33984375 
 413 , 529.2578125 
 414 , 544.98046875 
 415 , 543.65234375 
 416 , 521.734375 
 417 , 494.703125 
 418 , 478.7890625 
 419 , 473.7578125 
 420 , 469.078125 
 421 , 457.80078125 
 422 , 445.5390625 
 423 , 438.88671875 
 424 , 438.828125 
 425 , 439.0546875 
 426 , 433.56640625 
 427 , 421.79296875 
 428 , 405.97265625 
 429 , 385.765625 
 430 , 355.6640625 
 431 , 311.5625 
 432 , 259.92578125 
 433 , 218.43359375 
 434 , 201.66015625 
 435 , 197.05078125 
 436 , 176.98046875 
 437 , 135.18359375 
 438 , 118.40234375 
 439 , 177.8203125 
 440 , 299.05859375 
 441 , 412.26171875 
 442 , 461.3984375 
 443 , 465.875 
 444 , 467.59765625 
 445 , 484.78515625 
 446 , 496.16015625 
 447 , 479.171875 
 448 , 437.0078125 
 449 , 388.640625 
 450 , 346.6328125 
 451 , 304.5234375 
 452 , 254.078125 
 453 , 195.02734375 
 454 , 133.96875 
 455 , 78.23046875 
 456 , 40.7578125 
 457 , 35.41796875 
 458 , 65.921875 
 459 , 114.8671875 
 460 , 162.99609375 
 461 , 201.19921875 
 462 , 228.65625 
 463 , 246.21484375 
 464 , 260.4921875 
 465 , 279.55859375 
 466 , 300.69140625 
 467 , 306.3828125 
 468 , 280.9609375 
 469 , 231.71875 
 470 , 176.66796875 
 471 , 129.33203125 
 472 , 93.53125 
 473 , 72.53125 
 474 , 69.62109375 
 475 , 89.0390625 
 476 , 132.31640625 
 477 , 185.67578125 
 478 , 229.2265625 
 479 , 259.9453125 
 480 , 299.8125 
 481 , 366.96484375 
 482 , 428.5078125 
 483 , 423.1484375 
 484 , 323.33984375 
 485 , 193.32421875 
 486 , 111.80859375 
 487 , 102.5078125 
 488 , 142.22265625 
 489 , 207.46875 
 490 , 276.34765625 
 491 , 324.78125 
 492 , 340.39453125 
 493 , 330.72265625 
 494 , 309.1015625 
 495 , 309.69140625 
 496 , 370.3515625 
 497 , 496.7421875 
 498 , 625.05078125 
 499 , 691.21484375 
 500 , 696.71484375 
 501 , 688.4375 
 502 , 699.7265625 
 503 , 719.01171875 
 504 , 731.03125 
 505 , 734.84765625 
 506 , 741.69140625 
 507 , 757.015625 
 508 , 763.59765625 
 509 , 738.73828125 
 510 , 676.19140625 
 511 , 599.48828125 
 512 , 531.984375 
 513 , 490.76953125 
 514 , 491.06640625 
 515 , 537.5703125 
 516 , 594.2734375 
 517 , 616.79296875 
 518 , 585.55078125 
 519 , 510.3984375 
 520 , 408.69921875 
 521 , 328.0078125 
 522 , 325.64453125 
 523 , 407.84375 
 524 , 491.78125 
 525 , 495.2109375 
 526 , 431.51953125 
 527 , 366.31640625 
 528 , 344.7578125 
 529 , 357.80078125 
 530 , 388.7890625 
 531 , 427.21875 
 532 , 467.72265625 
 533 , 503.87890625 
 534 , 525.734375 
 535 , 525.79296875 
 536 , 509.8046875 
 537 , 496.74609375 
 538 , 500.49609375 
 539 , 513.1875 
 540 , 522.28125 
 541 , 523.37109375 
 542 , 523.57421875 
 543 , 528.421875 
 544 , 537.66796875 
 545 , 545.69140625 
 546 , 547.69140625 
 547 , 546.24609375 
 548 , 549.56640625 
 549 , 564.20703125 
 550 , 590.08984375 
 551 , 621.92578125 
 552 , 647.82421875 
 553 , 659.66796875 
 554 , 662.1640625 
 555 , 674.5390625 
 556 , 712.97265625 
 557 , 770.578125 
 558 , 826.6875 
 559 , 863.90234375 
 560 , 878.24609375 
 561 , 874.26953125 
 562 , 863.58984375 
 563 , 851.5078125 
 564 , 834.859375 
 565 , 804.9296875 
 566 , 760.66015625 
 567 , 715.97265625 
 568 , 693.046875 
 569 , 704.15234375 
 570 , 730.1796875 
 571 , 743.39453125 
 572 , 730.73046875 
 573 , 701.34375 
 574 , 672.6015625 
 575 , 666.40625 
 576 , 694.49609375 
 577 , 746.73046875 
 578 , 791.53125 
 579 , 805.51171875 
 580 , 791.84765625 
 581 , 763.5078125 
 582 , 730.5625 
 583 , 699.40625 
 584 , 677.37109375 
 585 , 671.97265625 
 586 , 689.2109375 
 587 , 727.25 
 588 , 765.08203125 
 589 , 776.05078125 
 590 , 753.625 
 591 , 710.10546875 
 592 , 657.27734375 
 593 , 595.83203125 
 594 , 527.11328125 
 595 , 458.140625 
 596 , 397.1640625 
 597 , 348.01171875 
 598 , 312.2578125 
 599 , 296.0078125 
 600 , 300.48046875 
 601 , 316.3671875 
 602 , 331.03125 
 603 , 336.5390625 
 604 , 329.91015625 
 605 , 313.47265625 
 606 , 290.859375 
 607 , 259.2109375 
 608 , 223.484375 
 609 , 199.6015625 
 610 , 195.1640625 
 611 , 196.6953125 
 612 , 194.12109375 
 613 , 191.3125 
 614 , 193.8203125 
 615 , 203.38671875 
 616 , 222.9765625 
 617 , 257.91015625 
 618 , 307.21484375 
 619 , 356.76171875 
 620 , 391.671875 
 621 , 420.765625 
 622 , 470.8828125 
 623 , 552.35546875 
 624 , 653.65625 
 625 , 754.8984375 
 626 , 832.56640625 
 627 , 866.38671875 
 628 , 845.59765625 
 629 , 767.31640625 
 630 , 640.99609375 
 631 , 521.49609375 
 632 , 468.26953125 
 633 , 486.359375 
 634 , 530.046875 
 635 , 566.2890625 
 636 , 594.60546875 
 637 , 611.74609375 
 638 , 609.71484375 
 639 , 588.47265625 
 640 , 561.59375 
 641 , 546.9765625 
 642 , 554.84765625 
 643 , 579.01953125 
 644 , 599.95703125 
 645 , 606.58203125 
 646 , 614.15625 
 647 , 643.36328125 
 648 , 688.04296875 
 649 , 706.03515625 
 650 , 661.62109375 
 651 , 570.9375 
 652 , 474.12109375 
 653 , 398.375 
 654 , 344.84375 
 655 , 309.3125 
 656 , 289.875 
 657 , 284.51171875 
 658 , 287.24609375 
 659 , 288.15234375 
 660 , 281.80078125 
 661 , 280.3359375 
 662 , 301.94921875 
 663 , 349.33203125 
 664 , 399.81640625 
 665 , 431.671875 
 666 , 437.8984375 
 667 , 420.28515625 
 668 , 383.95703125 
 669 , 337.15234375 
 670 , 284.76953125 
 671 , 232.28515625 
 672 , 190.43359375 
 673 , 170.42578125 
 674 , 171.54296875 
 675 , 182.015625 
 676 , 189.87890625 
 677 , 192.640625 
 678 , 199.90234375 
 679 , 223.69921875 
 680 , 262.7734375 
 681 , 304.50390625 
 682 , 339.45703125 
 683 , 372.58203125 
 684 , 417.59765625 
 685 , 477.59765625 
 686 , 535.6171875 
 687 , 570.0078125 
 688 , 572.49609375 
 689 , 548.5859375 
 690 , 499.79296875 
 691 , 439.7734375 
 692 , 393.96875 
 693 , 378.5703125 
 694 , 378.828125 
 695 , 375.015625 
 696 , 362.140625 
 697 , 347.9765625 
 698 , 346.0546875 
 699 , 368.6171875 
 700 , 416.84375 
 701 , 477.16796875 
 702 , 532.3359375 
 703 , 575.46484375 
 704 , 614.50390625 
 705 , 657.37890625 
 706 , 689.37109375 
 707 , 681.38671875 
 708 , 618.54296875 
 709 , 522.734375 
 710 , 429.75 
 711 , 368.80859375 
 712 , 355.3515625 
 713 , 379.95703125 
 714 , 411.91796875 
 715 , 435.53515625 
 716 , 452.0234375 
 717 , 458.83203125 
 718 , 443.5859375 
 719 , 399.375 
 720 , 330.7734375 
 721 , 262.1796875 
 722 , 220.83203125 
 723 , 212.08203125 
 724 , 216.98046875 
 725 , 223.50390625 
 726 , 233.64453125 
 727 , 250.734375 
 728 , 268.64453125 
 729 , 273.5703125 
 730 , 255.03515625 
 731 , 213.1640625 
 732 , 152.33984375 
 733 , 88.72265625 
 734 , 51.125 
 735 , 57.80078125 
 736 , 95.21875 
 737 , 145.70703125 
 738 , 196.59765625 
 739 , 232.34375 
 740 , 235.71875 
 741 , 226.234375 
 742 , 241.91796875 
 743 , 291.7890625 
 744 , 344 
 745 , 363.31640625 
 746 , 354.828125 
 747 , 341.52734375 
 748 , 338.26171875 
 749 , 342.4453125 
 750 , 340.3828125 
 751 , 324.90234375 
 752 , 302.41796875 
 753 , 287.1796875 
 754 , 288.0625 
 755 , 298.2265625 
 756 , 299.890625 
 757 , 284.0859375 
 758 , 270.0546875 
 759 , 285.97265625 
 760 , 335.6484375 
 761 , 393.5 
 762 , 439.82421875 
 763 , 479.9921875 
 764 , 525.50390625 
 765 , 564.5703125 
 766 , 560.625 
 767 , 494.296875 
 768 , 411.0859375 
 769 , 372.65234375 
 770 , 388.46484375 
 771 , 413.8515625 
 772 , 418.14453125 
 773 , 396.57421875 
 774 , 342.32421875 
 775 , 262.6328125 
 776 , 194.62109375 
 777 , 177.20703125 
 778 , 199.44921875 
 779 , 228.94140625 
 780 , 241.984375 
 781 , 233.82421875 
 782 , 211.89453125 
 783 , 187.89453125 
 784 , 167.77734375 
 785 , 155.37109375 
 786 , 153.25 
 787 , 153.9609375 
 788 , 132.46875 
 789 , 63.5703125 
 790 ,-12.25 
 791 ,-24.87890625 
 792 , 44.4453125 
 793 , 137.8046875 
 794 , 205.40234375 
 795 , 251.984375 
 796 , 290.50390625 
 797 , 317.6640625 
 798 , 327.27734375 
 799 , 318.203125 
 800 , 297.09375 
 801 , 262.88671875 
 802 , 222.5546875 
 803 , 203.140625 
 804 , 232.359375 
 805 , 294.68359375 
 806 , 357.76171875 
 807 , 398.890625 
 808 , 410.41796875 
 809 , 392.62890625 
 810 , 348.48046875 
 811 , 282.9765625 
 812 , 219.42578125 
 813 , 188.55078125 
 814 , 202.25 
 815 , 248.1015625 
 816 , 311.9609375 
 817 , 370.2265625 
 818 , 394.71875 
 819 , 385.16796875 
 820 , 376.14453125 
 821 , 397.3984375 
 822 , 434.0234375 
 823 , 459.328125 
 824 , 456.125 
 825 , 417.2734375 
 826 , 353.41015625 
 827 , 310.5 
 828 , 329.82421875 
 829 , 397.85546875 
 830 , 476.578125 
 831 , 540.80859375 
 832 , 580.4375 
 833 , 587.0859375 
 834 , 569.17578125 
 835 , 543.71875 
 836 , 519.859375 
 837 , 491.07421875 
 838 , 451.265625 
 839 , 413.875 
 840 , 397.64453125 
 841 , 401.9140625 
 842 , 408.73046875 
 843 , 401.58984375 
 844 , 380.40234375 
 845 , 352.6171875 
 846 , 333.33203125 
 847 , 337.0859375 
 848 , 359.94140625 
 849 , 378.77734375 
 850 , 377.1484375 
 851 , 366.953125 
 852 , 365.95703125 
 853 , 372.9140625 
 854 , 371.49609375 
 855 , 353.31640625 
 856 , 325.11328125 
 857 , 294.42578125 
 858 , 272.0234375 
 859 , 272.66796875 
 860 , 303.671875 
 861 , 356.625 
 862 , 420.640625 
 863 , 480.40234375 
 864 , 519.09375 
 865 , 531.51953125 
 866 , 525.9765625 
 867 , 509.17578125 
 868 , 484.45703125 
 869 , 457.83984375 
 870 , 440.69921875 
 871 , 442.890625 
 872 , 466.0234375 
 873 , 507.04296875 
 874 , 566.03125 
 875 , 639.78125 
 876 , 719.0078125 
 877 , 789.7734375 
 878 , 844.73046875 
 879 , 890.22265625 
 880 , 948.73828125 
 881 , 1038.5625 
 882 , 1144.390625 
 883 , 1233.47265625 
 884 , 1284.98828125 
 885 , 1294.765625 
 886 , 1260.17578125 
 887 , 1191.18359375 
 888 , 1104.890625 
 889 , 1011.8046875 
 890 , 911.87890625 
 891 , 806.40625 
 892 , 708.72265625 
 893 , 635.08203125 
 894 , 590.38671875 
 895 , 570.16015625 
 896 , 561.7421875 
 897 , 534.3515625 
 898 , 461.13671875 
 899 , 361.484375 
 900 , 273.87890625 
 901 , 216.32421875 
 902 , 183.4609375 
 903 , 165.609375 
 904 , 142.81640625 
 905 , 98.68359375 
 906 , 42.38671875 
 907 , 0.296875 
 908 ,-11.1640625 
 909 , 5.65234375 
 910 , 43.8125 
 911 , 87.88671875 
 912 , 121.72265625 
 913 , 141.59375 
 914 , 154.28515625 
 915 , 165.4921875 
 916 , 173.58984375 
 917 , 178.33984375 
 918 , 179.87109375 
 919 , 175.828125 
 920 , 164.859375 
 921 , 152.7421875 
 922 , 147.6953125 
 923 , 152.73046875 
 924 , 166.359375 
 925 , 177.71484375 
 926 , 172.02734375 
 927 , 146.60546875 
 928 , 119.953125 
 929 , 108.74609375 
 930 , 112.3671875 
 931 , 125.6328125 
 932 , 145.4296875 
 933 , 164.19921875 
 934 , 171.59375 
 935 , 157.94140625 
 936 , 117.32421875 
 937 , 64.65625 
 938 , 23.30859375 
 939 , 4.15234375 
 940 , 1.71484375 
 941 , 9.70703125 
 942 , 21.7890625 
 943 , 32.25390625 
 944 , 43.1953125 
 945 , 60.046875 
 946 , 82.515625 
 947 , 100.47265625 
 948 , 104.81640625 
 949 , 104.08203125 
 950 , 111.921875 
 951 , 130.74609375 
 952 , 154.58984375 
 953 , 178.81640625 
 954 , 201.10546875 
 955 , 220.31640625 
 956 , 241.265625 
 957 , 270.89453125 
 958 , 299.96875 
 959 , 297.171875 
 960 , 242.58984375 
 961 , 166.23046875 
 962 , 108.41015625 
 963 , 82.8046875 
 964 , 83.87109375 
 965 , 99.3671875 
 966 , 109.76171875 
 967 , 101.80078125 
 968 , 90.6328125 
 969 , 97.87890625 
 970 , 123.00390625 
 971 , 148.7109375 
 972 , 163.48046875 
 973 , 164.28125 
 974 , 149.06640625 
 975 , 123.5859375 
 976 , 94.2421875 
 977 , 65.9453125 
 978 , 38.5390625 
 979 , 12.8203125 
 980 ,-1.1953125 
 981 , 5.953125 
 982 , 24.52734375 
 983 , 35.53125 
 984 , 33.14453125 
 985 , 27.65625 
 986 , 27.6796875 
 987 , 35.45703125 
 988 , 47.92578125 
 989 , 59.54296875 
 990 , 66.24609375 
 991 , 68.984375 
 992 , 73.26171875 
 993 , 82.62109375 
 994 , 97.51953125 
 995 , 118.42578125 
 996 , 141.93359375 
 997 , 161.0703125 
 998 , 187.609375 
 999 , 264.109375 
 1000 , 418.640625 
 1001 , 608.81640625 
 1002 , 779.87109375 
 1003 , 948.14453125 
 1004 , 1177.2265625 
 1005 , 1468.9140625 
 1006 , 1722.4453125 
 1007 , 1845.5546875 
 1008 , 1818.234375 
 1009 , 1641.640625 
 1010 , 1359.91015625 
 1011 , 1051.04296875 
 1012 , 771.03125 
 1013 , 530.9140625 
 1014 , 336.41015625 
 1015 , 201.78125 
 1016 , 143.59765625 
 1017 , 142.328125 
 1018 , 149.26953125 
 1019 , 136.74609375 
 1020 , 117.21484375 
 1021 , 106.37890625 
 1022 , 113.53125 
 1023 , 143.7890625 
 1024 , 174.87109375 
 1025 , 165.19921875 
 1026 , 105.4296875 
 1027 , 46.17578125 
 1028 , 33.734375 
 1029 , 59.23828125 
 1030 , 97.453125 
 1031 , 135.72265625 
 1032 , 171.96875 
 1033 , 208.13671875 
 1034 , 250.890625 
 1035 , 301.5859375 
 1036 , 339.8828125 
 1037 , 342.71875 
 1038 , 318.3984375 
 1039 , 295.79296875 
 1040 , 289.62890625 
 1041 , 291.7421875 
 1042 , 294.4453125 
 1043 , 300.93359375 
 1044 , 316.3203125 
 1045 , 332.5390625 
 1046 , 332.640625 
 1047 , 312.26171875 
 1048 , 286.88671875 
 1049 , 271.62109375 
 1050 , 273.109375 
 1051 , 294.84765625 
 1052 , 329.296875 
 1053 , 362.73046875 
 1054 , 385.12109375 
 1055 , 391.6015625 
 1056 , 383.0546875 
 1057 , 375.6953125 
 1058 , 385.39453125 
 1059 , 404.09765625 
 1060 , 413.1640625 
 1061 , 407.7734375 
 1062 , 397.98828125 
 1063 , 395.828125 
 1064 , 417.43359375 
 1065 , 474.5078125 
 1066 , 543.55078125 
 1067 , 587.98828125 
 1068 , 593.890625 
 1069 , 567.94140625 
 1070 , 518.42578125 
 1071 , 455.27734375 
 1072 , 388.97265625 
 1073 , 331.6171875 
 1074 , 294.6640625 
 1075 , 274.6640625 
 1076 , 257.4453125 
 1077 , 237.37109375 
 1078 , 223.09375 
 1079 , 221.4140625 
 1080 , 227.4921875 
 1081 , 235.19140625 
 1082 , 252.078125 
 1083 , 292.7734375 
 1084 , 353.70703125 
 1085 , 407.64453125 
 1086 , 434.90234375 
 1087 , 443.45703125 
 1088 , 446.30078125 
 1089 , 453.92578125 
 1090 , 474.76953125 
 1091 , 501.29296875 
 1092 , 510.26953125 
 1093 , 493.26953125 
 1094 , 476.046875 
 1095 , 481.33984375 
 1096 , 492.1484375 
 1097 , 480.18359375 
 1098 , 446.48828125 
 1099 , 414.2421875 
 1100 , 397.40234375 
 1101 , 393.5234375 
 1102 , 398.421875 
 1103 , 407.64453125 
 1104 , 415.8359375 
 1105 , 408.69921875 
 1106 , 367.73828125 
 1107 , 297.296875 
 1108 , 228.55859375 
 1109 , 188.19921875 
 1110 , 187.15625 
 1111 , 228.45703125 
 1112 , 282.5234375 
 1113 , 309.34375 
 1114 , 295.796875 
 1115 , 250.8828125 
 1116 , 188.671875 
 1117 , 129.953125 
 1118 , 94.9296875 
 1119 , 77.24609375 
 1120 , 65.37890625 
 1121 , 50.38671875 
 1122 , 15.96484375 
 1123 ,-25.91015625 
 1124 ,-27.72265625 
 1125 , 34.03125 
 1126 , 110.4609375 
 1127 , 147.58203125 
 1128 , 146.2109375 
 1129 , 125.4765625 
 1130 , 107.3046875 
 1131 , 107.2421875 
 1132 , 125.08984375 
 1133 , 156.5078125 
 1134 , 192.70703125 
 1135 , 207.2421875 
 1136 , 173.984375 
 1137 , 111.34375 
 1138 , 60.17578125 
 1139 , 34.03125 
 1140 , 19.1484375 
 1141 , 9.11328125 
 1142 , 13.30078125 
 1143 , 39.046875 
 1144 , 78.89453125 
 1145 , 121.953125 
 1146 , 154.828125 
 1147 , 161.40625 
 1148 , 141.09765625 
 1149 , 115.8984375 
 1150 , 107.05859375 
 1151 , 122.453125 
 1152 , 162.046875 
 1153 , 207.50390625 
 1154 , 238.44921875 
 1155 , 245.5859375 
 1156 , 221.8828125 
 1157 , 178.21875 
 1158 , 161.24609375 
 1159 , 201.8984375 
 1160 , 262.85546875 
 1161 , 297.2109375 
 1162 , 298.79296875 
 1163 , 280.59375 
 1164 , 261.80078125 
 1165 , 267.9296875 
 1166 , 305.97265625 
 1167 , 342.640625 
 1168 , 350.4140625 
 1169 , 350.3984375 
 1170 , 372.7578125 
 1171 , 406.8515625 
 1172 , 422.62890625 
 1173 , 424.82421875 
 1174 , 449.2734375 
 1175 , 502.8046875 
 1176 , 539.53515625 
 1177 , 522.52734375 
 1178 , 469.09375 
 1179 , 408.953125 
 1180 , 368.6484375 
 1181 , 373.09765625 
 1182 , 419.22265625 
 1183 , 471.640625 
 1184 , 503.65625 
 1185 , 514.46875 
 1186 , 507.7578125 
 1187 , 487.61328125 
 1188 , 458.328125 
 1189 , 429.34765625 
 1190 , 411.359375 
 1191 , 400.71484375 
 1192 , 382.671875 
 1193 , 360.53515625 
 1194 , 366.0078125 
 1195 , 417.00390625 
 1196 , 476.7109375 
 1197 , 504.4453125 
 1198 , 507.875 
 1199 , 512.31640625 
 1200 , 518.3203125 
 1201 , 512.52734375 
 1202 , 494.984375 
 1203 , 477.95703125 
 1204 , 466.7265625 
 1205 , 450.46484375 
 1206 , 419.84375 
 1207 , 386.35546875 
 1208 , 368.453125 
 1209 , 359.76953125 
 1210 , 331.8203125 
 1211 , 283.02734375 
 1212 , 267.828125 
 1213 , 319.6953125 
 1214 , 362.53125 
 1215 , 310.15625 
 1216 , 212.58203125 
 1217 , 176.4609375 
 1218 , 224.6484375 
 1219 , 311.26953125 
 1220 , 378.98828125 
 1221 , 366.79296875 
 1222 , 256.53515625 
 1223 , 128.22265625 
 1224 , 58.12109375 
 1225 , 40.04296875 
 1226 , 44.5703125 
 1227 , 69.08203125 
 1228 , 129.42578125 
 1229 , 197.01953125 
 1230 , 200.47265625 
 1231 , 119.390625 
 1232 , 30.48828125 
 1233 ,-1.7421875 
 1234 , 3.15625 
 1235 , 11.3203125 
 1236 , 29.515625 
 1237 , 86.78125 
 1238 , 170.37890625 
 1239 , 218.44921875 
 1240 , 205.1875 
 1241 , 176.59765625 
 1242 , 178.359375 
 1243 , 207.99609375 
 1244 , 242.79296875 
 1245 , 266.25 
 1246 , 280.22265625 
 1247 , 297.38671875 
 1248 , 323.4609375 
 1249 , 349.859375 
 1250 , 360.5 
 1251 , 352.8984375 
 1252 , 349.98046875 
 1253 , 367.625 
 1254 , 378.5546875 
 1255 , 347.51953125 
 1256 , 282.1484375 
 1257 , 213.921875 
 1258 , 158.03515625 
 1259 , 112.56640625 
 1260 , 79.44140625 
 1261 , 67.12890625 
 1262 , 77.8515625 
 1263 , 96.57421875 
 1264 , 107.75 
 1265 , 109.3515625 
 1266 , 106.60546875 
 1267 , 108.85546875 
 1268 , 119.31640625 
 1269 , 125.79296875 
 1270 , 115.328125 
 1271 , 93.765625 
 1272 , 75.7578125 
 1273 , 64.4609375 
 1274 , 66.0078125 
 1275 , 92.0703125 
 1276 , 119.91796875 
 1277 , 103.84375 
 1278 , 47.9765625 
 1279 , 1.21875 
 1280 , 7.13671875 
 1281 , 89.515625 
 1282 , 229.125 
 1283 , 340.34765625 
 1284 , 362.17578125 
 1285 , 331.3671875 
 1286 , 302.9375 
 1287 , 296.4296875 
 1288 , 313.77734375 
 1289 , 341.30078125 
 1290 , 360.52734375 
 1291 , 361.95703125 
 1292 , 338.29296875 
 1293 , 289.25 
 1294 , 234.22265625 
 1295 , 189.484375 
 1296 , 153.734375 
 1297 , 124.859375 
 1298 , 101.0078125 
 1299 , 75.984375 
 1300 , 55.36328125 
 1301 , 57.54296875 
 1302 , 79.76953125 
 1303 , 89.98828125 
 1304 , 75.80078125 
 1305 , 71.38671875 
 1306 , 102.609375 
 1307 , 142.30859375 
 1308 , 157 
 1309 , 152.1875 
 1310 , 140.890625 
 1311 , 118.61328125 
 1312 , 71.38671875 
 1313 , 16.73046875 
 1314 ,-1.80859375 
 1315 , 23.4765625 
 1316 , 53.11328125 
 1317 , 67.46484375 
 1318 , 92.50390625 
 1319 , 146.96484375 
 1320 , 209.28515625 
 1321 , 256.83203125 
 1322 , 277.68359375 
 1323 , 264.6484375 
 1324 , 224.1484375 
 1325 , 178.88671875 
 1326 , 148.69921875 
 1327 , 140.8984375 
 1328 , 153.00390625 
 1329 , 174.29296875 
 1330 , 202.12109375 
 1331 , 251.83203125 
 1332 , 329.94921875 
 1333 , 388.0546875 
 1334 , 369.375 
 1335 , 304.2109375 
 1336 , 265.578125 
 1337 , 276.6953125 
 1338 , 320.3671875 
 1339 , 366.4609375 
 1340 , 370.8515625 
 1341 , 324.0234375 
 1342 , 288.3125 
 1343 , 309.515625 
 1344 , 344.2578125 
 1345 , 341.41796875 
 1346 , 330.0546875 
 1347 , 363.92578125 
 1348 , 431.16796875 
 1349 , 485.29296875 
 1350 , 512.87109375 
 1351 , 525.38671875 
 1352 , 527.3671875 
 1353 , 521.046875 
 1354 , 514.88671875 
 1355 , 517.125 
 1356 , 526.87109375 
 1357 , 532.34765625 
 1358 , 526.57421875 
 1359 , 513.63671875 
 1360 , 496.51953125 
 1361 , 473.31640625 
 1362 , 446.43359375 
 1363 , 426.0703125 
 1364 , 419.28515625 
 1365 , 422.82421875 
 1366 , 431.3671875 
 1367 , 440.47265625 
 1368 , 436.02734375 
 1369 , 407.5390625 
 1370 , 374.4609375 
 1371 , 362.125 
 1372 , 370.546875 
 1373 , 386.18359375 
 1374 , 392.01171875 
 1375 , 371.828125 
 1376 , 339.109375 
 1377 , 336.1640625 
 1378 , 367.1484375 
 1379 , 381.80859375 
 1380 , 348.85546875 
 1381 , 281.30078125 
 1382 , 207.22265625 
 1383 , 175.71875 
 1384 , 213.00390625 
 1385 , 251.9921875 
 1386 , 222.08984375 
 1387 , 154.30078125 
 1388 , 114.625 
 1389 , 117.2578125 
 1390 , 142.02734375 
 1391 , 173.4921875 
 1392 , 197.453125 
 1393 , 200.74609375 
 1394 , 182.00390625 
 1395 , 150.265625 
 1396 , 122.33203125 
 1397 , 107.50390625 
 1398 , 103.27734375 
 1399 , 108.26171875 
 1400 , 112.48046875 
 1401 , 96.55078125 
 1402 , 63.19921875 
 1403 , 30.89453125 
 1404 , 9.92578125 
 1405 ,-0.71484375 
 1406 , 6.484375 
 1407 , 49.09375 
 1408 , 110.44921875 
 1409 , 117.35546875 
 1410 , 49.05078125 
 1411 , 0.0859375 
 1412 , 43.546875 
 1413 , 129.7578125 
 1414 , 194.58984375 
 1415 , 243.10546875 
 1416 , 304.08203125 
 1417 , 370.44140625 
 1418 , 414.01953125 
 1419 , 422.609375 
 1420 , 410.05078125 
 1421 , 390.07421875 
 1422 , 358.109375 
 1423 , 312.3125 
 1424 , 275.01171875 
 1425 , 261.18359375 
 1426 , 251.4609375 
 1427 , 232.84765625 
 1428 , 235.67578125 
 1429 , 286.2109375 
 1430 , 350.80078125 
 1431 , 385.68359375 
 1432 , 391.39453125 
 1433 , 384.96484375 
 1434 , 372.2734375 
 1435 , 350.46484375 
 1436 , 326.0078125 
 1437 , 314.953125 
 1438 , 318.23046875 
 1439 , 323.90234375 
 1440 , 325.953125 
 1441 , 321.67578125 
 1442 , 314.80078125 
 1443 , 323.58984375 
 1444 , 358.01953125 
 1445 , 401.8046875 
 1446 , 439.640625 
 1447 , 474.2265625 
 1448 , 509.0859375 
 1449 , 538.59765625 
 1450 , 560.19921875 
 1451 , 582.53125 
 1452 , 609.75 
 1453 , 639.34765625 
 1454 , 677.6484375 
 1455 , 729.09765625 
 1456 , 782.97265625 
 1457 , 823.3046875 
 1458 , 843.81640625 
 1459 , 853.78515625 
 1460 , 862.80078125 
 1461 , 863.12890625 
 1462 , 837.9140625 
 1463 , 785.8515625 
 1464 , 727.078125 
 1465 , 675.98828125 
 1466 , 632.8671875 
 1467 , 598.640625 
 1468 , 565.62890625 
 1469 , 519.20703125 
 1470 , 455.15625 
 1471 , 376.06640625 
 1472 , 294.19140625 
 1473 , 230.38671875 
 1474 , 203.3125 
 1475 , 223.47265625 
 1476 , 268.34765625 
 1477 , 288.15234375 
 1478 , 272.41796875 
 1479 , 259.0859375 
 1480 , 263.59765625 
 1481 , 261.69921875 
 1482 , 239.3125 
 1483 , 212.01953125 
 1484 , 194.2421875 
 1485 , 183.109375 
 1486 , 174.3203125 
 1487 , 172.19921875 
 1488 , 178.47265625 
 1489 , 172.75 
 1490 , 136.53515625 
 1491 , 119.421875 
 1492 , 189.5078125 
 1493 , 295.16796875 
 1494 , 323.69921875 
 1495 , 270.51953125 
 1496 , 209.90625 
 1497 , 188.32421875 
 1498 , 225.22265625 
 1499 , 295.25 
 1500 , 316.93359375 
 1501 , 261.41015625 
 1502 , 187.7890625 
 1503 , 140.98828125 
 1504 , 126.69140625 
 1505 , 142.88671875 
 1506 , 167.55078125 
 1507 , 174.62890625 
 1508 , 158.1640625 
 1509 , 126.203125 
 1510 , 94.8984375 
 1511 , 74.95703125 
 1512 , 66.26171875 
 1513 , 69.1953125 
 1514 , 80.7578125 
 1515 , 88.3359375 
 1516 , 82.09375 
 1517 , 61.15625 
 1518 , 30.30859375 
 1519 , 1.87109375 
 1520 ,-2.17578125 
 1521 , 45.2890625 
 1522 , 126.32421875 
 1523 , 171.08203125 
 1524 , 158.68359375 
 1525 , 142.3515625 
 1526 , 148.72265625 
 1527 , 141.74609375 
 1528 , 99.34765625 
 1529 , 65.51171875 
 1530 , 81.89453125 
 1531 , 135.3359375 
 1532 , 199.08984375 
 1533 , 262.24609375 
 1534 , 324.10546875 
 1535 , 378.8125 
 1536 , 412.05078125 
 1537 , 415.23046875 
 1538 , 386.81640625 
 1539 , 331.45703125 
 1540 , 259.140625 
 1541 , 195.82421875 
 1542 , 174.6484375 
 1543 , 180.6328125 
 1544 , 165.5390625 
 1545 , 133.578125 
 1546 , 124.453125 
 1547 , 131.5 
 1548 , 93.95703125 
 1549 , 17.10546875 
 1550 ,-9.09375 
 1551 , 44.72265625 
 1552 , 112.6171875 
 1553 , 155.32421875 
 1554 , 189.77734375 
 1555 , 226.07421875 
 1556 , 252.828125 
 1557 , 268.24609375 
 1558 , 276.078125 
 1559 , 280.51953125 
 1560 , 282.3515625 
 1561 , 281.9765625 
 1562 , 267.203125 
 1563 , 227.91015625 
 1564 , 194.4609375 
 1565 , 201.578125 
 1566 , 233.36328125 
 1567 , 257.40625 
 1568 , 265.23828125 
 1569 , 261.30859375 
 1570 , 248.3671875 
 1571 , 228.79296875 
 1572 , 231.2421875 
 1573 , 292.35546875 
 1574 , 367.46875 
 1575 , 370.78515625 
 1576 , 309.19140625 
 1577 , 247.46875 
 1578 , 214.57421875 
 1579 , 215.109375 
 1580 , 243.2265625 
 1581 , 279.7890625 
 1582 , 308.82421875 
 1583 , 323.2578125 
 1584 , 329.54296875 
 1585 , 342.66796875 
 1586 , 361.7421875 
 1587 , 371.2734375 
 1588 , 369.46875 
 1589 , 369.34765625 
 1590 , 376.2109375 
 1591 , 391.3125 
 1592 , 413.5234375 
 1593 , 421.73046875 
 1594 , 403.21484375 
 1595 , 386.23046875 
 1596 , 394.5703125 
 1597 , 409.578125 
 1598 , 414.0234375 
 1599 , 431.94921875 
 1600 , 481.203125 
 1601 , 524.29296875 
 1602 , 528.1953125 
 1603 , 513.828125 
 1604 , 506.3828125 
 1605 , 508.09765625 
 1606 , 519.69921875 
 1607 , 547.80859375 
 1608 , 591.296875 
 1609 , 622.8515625 
 1610 , 615.95703125 
 1611 , 580.203125 
 1612 , 534.62890625 
 1613 , 486.1640625 
 1614 , 438.9609375 
 1615 , 399.40234375 
 1616 , 371.83203125 
 1617 , 345.83984375 
 1618 , 309.4609375 
 1619 , 276.56640625 
 1620 , 265.421875 
 1621 , 266.7578125 
 1622 , 263.984375 
 1623 , 256.52734375 
 1624 , 248.90234375 
 1625 , 242.1953125 
 1626 , 239.09765625 
 1627 , 233.6328125 
 1628 , 207.25 
 1629 , 164.83984375 
 1630 , 138.21484375 
 1631 , 132.1953125 
 1632 , 123.3046875 
 1633 , 113.31640625 
 1634 , 130.69921875 
 1635 , 169.87109375 
 1636 , 181.40234375 
 1637 , 155.78125 
 1638 , 143.1015625 
 1639 , 167.23828125 
 1640 , 204.33203125 
 1641 , 229.03125 
 1642 , 227.4609375 
 1643 , 201.43359375 
 1644 , 163.33984375 
 1645 , 121.51953125 
 1646 , 89.796875 
 1647 , 74.30859375 
 1648 , 61.87890625 
 1649 , 53.92578125 
 1650 , 76.2421875 
 1651 , 134.921875 
 1652 , 200.36328125 
 1653 , 242.21875 
 1654 , 233.9296875 
 1655 , 178.91015625 
 1656 , 143.58203125 
 1657 , 166.72265625 
 1658 , 208.17578125 
 1659 , 224.74609375 
 1660 , 196.7890625 
 1661 , 134.359375 
 1662 , 92.1328125 
 1663 , 100.078125 
 1664 , 134.078125 
 1665 , 168.796875 
 1666 , 185.96484375 
 1667 , 176.9453125 
 1668 , 149.078125 
 1669 , 113.49609375 
 1670 , 93.375 
 1671 , 102.4609375 
 1672 , 122.33984375 
 1673 , 140.6953125 
 1674 , 173.4296875 
 1675 , 218.69140625 
 1676 , 222.54296875 
 1677 , 165.65234375 
 1678 , 128.76171875 
 1679 , 162.69921875 
 1680 , 211.72265625 
 1681 , 226.90625 
 1682 , 213.91796875 
 1683 , 189.07421875 
 1684 , 173.76953125 
 1685 , 177.0625 
 1686 , 180.6484375 
 1687 , 174.1328125 
 1688 , 165.0390625 
 1689 , 153.234375 
 1690 , 131.2578125 
 1691 , 99.875 
 1692 , 60.40625 
 1693 , 20.20703125 
 1694 , 25.41796875 
 1695 , 100.8984375 
 1696 , 180.6796875 
 1697 , 207.671875 
 1698 , 197.84765625 
 1699 , 175.5859375 
 1700 , 151.8984375 
 1701 , 131.01171875 
 1702 , 109.53125 
 1703 , 84.5546875 
 1704 , 55.08984375 
 1705 , 26.9921875 
 1706 , 15.20703125 
 1707 , 22.65234375 
 1708 , 32.22265625 
 1709 , 36.0390625 
 1710 , 43.5859375 
 1711 , 61.54296875 
 1712 , 92.17578125 
 1713 , 124.921875 
 1714 , 122.2890625 
 1715 , 78.359375 
 1716 , 56.2265625 
 1717 , 86.63671875 
 1718 , 123.2578125 
 1719 , 137.96875 
 1720 , 148.59375 
 1721 , 173.20703125 
 1722 , 223.875 
 1723 , 284.65234375 
 1724 , 299.125 
 1725 , 256.40234375 
 1726 , 218.255859375 
 1727 , 211.107421875 
 1728 , 200.505859375 
 1729 , 160.12890625 
 1730 , 81.693359375 
 1731 , 0.146484375 
 1732 ,-5.279296875 
 1733 , 67.533203125 
 1734 , 136.01171875 
 1735 , 157.37109375 
 1736 , 126.279296875 
 1737 , 64.826171875 
 1738 , 36.080078125 
 1739 , 59.9296875 
 1740 , 99.763671875 
 1741 , 142.349609375 
 1742 , 197.734375 
 1743 , 254.55859375 
 1744 , 284.03125 
 1745 , 270.150390625 
 1746 , 207.892578125 
 1747 , 151.908203125 
 1748 , 197.376953125 
 1749 , 297.435546875 
 1750 , 312.34765625 
 1751 , 242.52734375 
 1752 , 175.548828125 
 1753 , 137.982421875 
 1754 , 121.3046875 
 1755 , 130.107421875 
 1756 , 171.29296875 
 1757 , 221.603515625 
 1758 , 251.69921875 
 1759 , 268.689453125 
 1760 , 287.140625 
 1761 , 302.16796875 
 1762 , 308.310546875 
 1763 , 324.556640625 
 1764 , 366.412109375 
 1765 , 389.373046875 
 1766 , 350.095703125 
 1767 , 288.908203125 
 1768 , 254.697265625 
 1769 , 235.36328125 
 1770 , 210.7890625 
 1771 , 196.517578125 
 1772 , 205.826171875 
 1773 , 217.412109375 
 1774 , 216.56640625 
 1775 , 220.51171875 
 1776 , 241.21875 
 1777 , 272.484375 
 1778 , 306.552734375 
 1779 , 327.611328125 
 1780 , 323.9140625 
 1781 , 305.59375 
 1782 , 277.716796875 
 1783 , 223.57421875 
 1784 , 157.982421875 
 1785 , 146.30078125 
 1786 , 188.6171875 
 1787 , 197.734375 
 1788 , 150.73828125 
 1789 , 101.69921875 
 1790 , 69.021484375 
 1791 , 39.462890625 
 1792 , 26.015625 
 1793 , 57.578125 
 1794 , 118.9296875 
 1795 , 163.169921875 
 1796 , 183.541015625 
 1797 , 199.705078125 
 1798 , 215.056640625 
 1799 , 222.35546875 
 1800 , 227.54296875 
 1801 , 242.48828125 
 1802 , 244.54296875 
 1803 , 203.76171875 
 1804 , 154.966796875 
 1805 , 144.162109375 
 1806 , 138.95703125 
 1807 , 98.619140625 
 1808 , 53.453125 
 1809 , 38.01953125 
 1810 , 33.529296875 
 1811 , 19.4921875 
 1812 , 14.541015625 
 1813 , 41.98046875 
 1814 , 105.48828125 
 1815 , 180.814453125 
 1816 , 209.404296875 
 1817 , 184.802734375 
 1818 , 178.962890625 
 1819 , 209.986328125 
 1820 , 222.73828125 
 1821 , 204.001953125 
 1822 , 190.392578125 
 1823 , 190.966796875 
 1824 , 186.060546875 
 1825 , 183.279296875 
 1826 , 211.4765625 
 1827 , 243.4140625 
 1828 , 218.125 
 1829 , 165.498046875 
 1830 , 159.056640625 
 1831 , 188.412109375 
 1832 , 210.474609375 
 1833 , 219.03125 
 1834 , 217.640625 
 1835 , 194.482421875 
 1836 , 149.1484375 
 1837 , 139.177734375 
 1838 , 201.697265625 
 1839 , 268.302734375 
 1840 , 278.38671875 
 1841 , 243.40625 
 1842 , 190.541015625 
 1843 , 155.640625 
 1844 , 150.078125 
 1845 , 145.763671875 
 1846 , 133.07421875 
 1847 , 131.125 
 1848 , 153.7734375 
 1849 , 201.822265625 
 1850 , 252.171875 
 1851 , 269.279296875 
 1852 , 254.228515625 
 1853 , 226.43359375 
 1854 , 189.603515625 
 1855 , 148.28125 
 1856 , 125.638671875 
 1857 , 140.25 
 1858 , 163.19921875 
 1859 , 161.765625 
 1860 , 149.9375 
 1861 , 146.931640625 
 1862 , 157.0234375 
 1863 , 176.708984375 
 1864 , 183.56640625 
 1865 , 168.927734375 
 1866 , 162.630859375 
 1867 , 179.306640625 
 1868 , 195.798828125 
 1869 , 199.802734375 
 1870 , 205.349609375 
 1871 , 208.396484375 
 1872 , 177.083984375 
 1873 , 122.4609375 
 1874 , 96.421875 
 1875 , 98.978515625 
 1876 , 92.98828125 
 1877 , 79.099609375 
 1878 , 78.947265625 
 1879 , 85.326171875 
 1880 , 81.638671875 
 1881 , 86.57421875 
 1882 , 119.46875 
 1883 , 152.783203125 
 1884 , 165.388671875 
 1885 , 178.8046875 
 1886 , 202.18359375 
 1887 , 209.916015625 
 1888 , 189.6484375 
 1889 , 154.537109375 
 1890 , 118.763671875 
 1891 , 97.373046875 
 1892 , 98.935546875 
 1893 , 120.794921875 
 1894 , 137.619140625 
 1895 , 118.01171875 
 1896 , 85.501953125 
 1897 , 80.857421875 
 1898 , 96.64453125 
 1899 , 112.748046875 
 1900 , 122.685546875 
 1901 , 128.2109375 
 1902 , 147.166015625 
 1903 , 182.109375 
 1904 , 193.515625 
 1905 , 175.888671875 
 1906 , 191.095703125 
 1907 , 247.78125 
 1908 , 275.875 
 1909 , 256.626953125 
 1910 , 229.919921875 
 1911 , 211.3828125 
 1912 , 193.375 
 1913 , 193.255859375 
 1914 , 240.203125 
 1915 , 299.04296875 
 1916 , 317.08203125 
 1917 , 305.33203125 
 1918 , 291.736328125 
 1919 , 287.685546875 
 1920 , 284.19140625 
 1921 , 238.34375 
 1922 , 149.46484375 
 1923 , 96.853515625 
 1924 , 111.576171875 
 1925 , 153.095703125 
 1926 , 194.30859375 
 1927 , 225.41796875 
 1928 , 226.8046875 
 1929 , 176.654296875 
 1930 , 117.98828125 
 1931 , 111.458984375 
 1932 , 115.298828125 
 1933 , 77.048828125 
 1934 , 46.453125 
 1935 , 67.400390625 
 1936 , 102.484375 
 1937 , 124.16796875 
 1938 , 148.818359375 
 1939 , 188.228515625 
 1940 , 243.763671875 
 1941 , 289.8046875 
 1942 , 275.63671875 
 1943 , 221.9375 
 1944 , 193.96484375 
 1945 , 190.724609375 
 1946 , 183.634765625 
 1947 , 175.662109375 
 1948 , 176.830078125 
 1949 , 177.025390625 
 1950 , 170.369140625 
 1951 , 178.0078125 
 1952 , 199.751953125 
 1953 , 187.7109375 
 1954 , 135.30078125 
 1955 , 99.166015625 
 1956 , 110.99609375 
 1957 , 165.37890625 
 1958 , 206.458984375 
 1959 , 167.662109375 
 1960 , 104.45703125 
 1961 , 99.6796875 
 1962 , 122.314453125 
 1963 , 125.6875 
 1964 , 112.01953125 
 1965 , 91.37109375 
 1966 , 62.103515625 
 1967 , 26.73046875 
 1968 , 2.35546875 
 1969 , 7.35546875 
 1970 , 50.990234375 
 1971 , 98.78125 
 1972 , 104.11328125 
 1973 , 100.248046875 
 1974 , 132.83984375 
 1975 , 169.412109375 
 1976 , 174.201171875 
 1977 , 159.92578125 
 1978 , 143.599609375 
 1979 , 144.41796875 
 1980 , 162.501953125 
 1981 , 163.84375 
 1982 , 142.255859375 
 1983 , 122.810546875 
 1984 , 126.166015625 
 1985 , 163.8984375 
 1986 , 203.5390625 
 1987 , 203.982421875 
 1988 , 179.689453125 
 1989 , 157.728515625 
 1990 , 155.583984375 
 1991 , 177.41796875 
 1992 , 199.712890625 
 1993 , 207.7734375 
 1994 , 208.509765625 
 1995 , 204.216796875 
 1996 , 189.99609375 
 1997 , 172.54296875 
 1998 , 166.412109375 
 1999 , 188.232421875 
 2000 , 243.66796875 
 2001 , 289.626953125 
 2002 , 291.6015625 
 2003 , 272.025390625 
 2004 , 257.81640625 
 2005 , 262.97265625 
 2006 , 274.119140625 
 2007 , 255.017578125 
 2008 , 200.40234375 
 2009 , 130.095703125 
 2010 , 90.501953125 
 2011 , 118.6015625 
 2012 , 150.6015625 
 2013 , 133.740234375 
 2014 , 129.974609375 
 2015 , 169.328125 
 2016 , 185.416015625 
 2017 , 151.640625 
 2018 , 103.17578125 
 2019 , 69.60546875 
 2020 , 67.841796875 
 2021 , 79.296875 
 2022 , 74.6171875 
 2023 , 53.1953125 
 2024 , 27.873046875 
 2025 , 24.6796875 
 2026 , 49.353515625 
 2027 , 70.65234375 
 2028 , 75.353515625 
 2029 , 71.421875 
 2030 , 79.212890625 
 2031 , 125.52734375 
 2032 , 172.697265625 
 2033 , 167.57421875 
 2034 , 166.384765625 
 2035 , 219.03125 
 2036 , 242.78515625 
 2037 , 186.478515625 
 2038 , 118.78515625 
 2039 , 72.79296875 
 2040 , 25.90234375 
 2041 ,-4.6640625 
 2042 , 21.765625 
 2043 , 58.28125 
 2044 , 43.634765625 
 2045 , 34.642578125 
 2046 , 75.927734375 
 2047 , 96.568359375 
 2048 , 70.666015625 
 2049 , 58.615234375 
 2050 , 74.267578125 
 2051 , 81.318359375 
 2052 , 83.443359375 
 2053 , 101.32421875 
 2054 , 108.212890625 
 2055 , 80.03515625 
 2056 , 58.63671875 
 2057 , 70.134765625 
 2058 , 81.697265625 
 2059 , 80.8125 
 2060 , 87.39453125 
 2061 , 101.0390625 
 2062 , 106.3359375 
 2063 , 103.162109375 
 2064 , 97.201171875 
 2065 , 89.361328125 
 2066 , 83.212890625 
 2067 , 89.3671875 
 2068 , 109.205078125 
 2069 , 130.96484375 
 2070 , 140.7578125 
 2071 , 124.94140625 
 2072 , 93.53125 
 2073 , 71.634765625 
 2074 , 89.24609375 
 2075 , 147.763671875 
 2076 , 164.2421875 
 2077 , 111.068359375 
 2078 , 76.68359375 
 2079 , 76.95703125 
 2080 , 50.45703125 
 2081 , 29.30078125 
 2082 , 82.10546875 
 2083 , 133.08203125 
 2084 , 100.19921875 
 2085 , 58.474609375 
 2086 , 63.373046875 
 2087 , 70.01171875 
 2088 , 67.333984375 
 2089 , 94.359375 
 2090 , 133.53515625 
 2091 , 135.916015625 
 2092 , 121.4296875 
 2093 , 123.30859375 
 2094 , 119.06640625 
 2095 , 100.78125 
 2096 , 115.169921875 
 2097 , 163.94140625 
 2098 , 193.130859375 
 2099 , 191.55078125 
 2100 , 181.029296875 
 2101 , 189.529296875 
 2102 , 231.337890625 
 2103 , 272.404296875 
 2104 , 285.3359375 
 2105 , 275.189453125 
 2106 , 256.966796875 
 2107 , 249.34375 
 2108 , 256.314453125 
 2109 , 270.177734375 
 2110 , 259.87109375 
 2111 , 206.869140625 
 2112 , 154.951171875 
 2113 , 127.173828125 
 2114 , 95.751953125 
 2115 , 67.80859375 
 2116 , 80.53515625 
 2117 , 104.41796875 
 2118 , 89.70703125 
 2119 , 65.064453125 
 2120 , 62.572265625 
 2121 , 63.9921875 
 2122 , 68.193359375 
 2123 , 106.263671875 
 2124 , 155.490234375 
 2125 , 159.220703125 
 2126 , 143.287109375 
 2127 , 152.611328125 
 2128 , 164.822265625 
 2129 , 160.5625 
 2130 , 157.4453125 
 2131 , 166.234375 
 2132 , 183.80859375 
 2133 , 187.517578125 
 2134 , 152.828125 
 2135 , 112.380859375 
 2136 , 96.13671875 
 2137 , 70.990234375 
 2138 , 33.431640625 
 2139 , 38.6953125 
 2140 , 75.8125 
 2141 , 81.42578125 
 2142 , 64.3046875 
 2143 , 59.830078125 
 2144 , 70.08984375 
 2145 , 96.04296875 
 2146 , 152.29296875 
 2147 , 217.9140625 
 2148 , 234.4375 
 2149 , 196.701171875 
 2150 , 132.345703125 
 2151 , 73.517578125 
 2152 , 41.80078125 
 2153 , 19.62109375 
 2154 , 0.091796875 
 2155 ,-1.32421875 
 2156 , 13.564453125 
 2157 , 28.966796875 
 2158 , 32.439453125 
 2159 , 22.60546875 
 2160 , 28.4765625 
 2161 , 59.052734375 
 2162 , 76.1328125 
 2163 , 79.919921875 
 2164 , 107.8671875 
 2165 , 139.62109375 
 2166 , 137.18359375 
 2167 , 111.8515625 
 2168 , 78.6484375 
 2169 , 35.796875 
 2170 , 9.904296875 
 2171 , 53.2578125 
 2172 , 138.1875 
 2173 , 197.177734375 
 2174 , 200.595703125 
 2175 , 160.796875 
 2176 , 159.24609375 
 2177 , 208.505859375 
 2178 , 229.71875 
 2179 , 201.505859375 
 2180 , 149.59765625 
 2181 , 131.814453125 
 2182 , 174.296875 
 2183 , 196.40625 
 2184 , 172.2421875 
 2185 , 166.689453125 
 2186 , 187.595703125 
 2187 , 203.37890625 
 2188 , 210.74609375 
 2189 , 214.2890625 
 2190 , 210.46875 
 2191 , 199.212890625 
 2192 , 188.966796875 
 2193 , 197.46875 
 2194 , 237.935546875 
 2195 , 265.189453125 
 2196 , 243 
 2197 , 217.58984375 
 2198 , 218.431640625 
 2199 , 231.291015625 
 2200 , 232.78125 
 2201 , 203.65234375 
 2202 , 174.462890625 
 2203 , 175.341796875 
 2204 , 187.0078125 
 2205 , 189.271484375 
 2206 , 173.8515625 
 2207 , 164.85546875 
 2208 , 197.861328125 
 2209 , 244.21875 
 2210 , 267.06640625 
 2211 , 268.509765625 
 2212 , 252.69140625 
 2213 , 218.251953125 
 2214 , 175.111328125 
 2215 , 139.86328125 
 2216 , 122.29296875 
 2217 , 121.498046875 
 2218 , 118.2421875 
 2219 , 106.80078125 
 2220 , 98.037109375 
 2221 , 83.30078125 
 2222 , 49.3984375 
 2223 , 20.6640625 
 2224 , 21.603515625 
 2225 , 44.16796875 
 2226 , 65.697265625 
 2227 , 52.474609375 
 2228 , 17.05078125 
 2229 ,-5.96875 
 2230 , 14.546875 
 2231 , 77.220703125 
 2232 , 122.677734375 
 2233 , 116.0546875 
 2234 , 60.603515625 
 2235 , 38.986328125 
 2236 , 116.88671875 
 2237 , 182.234375 
 2238 , 173.921875 
 2239 , 150.12109375 
 2240 , 124.19140625 
 2241 , 80.662109375 
 2242 , 72.857421875 
 2243 , 127.28125 
 2244 , 146.818359375 
 2245 , 118.39453125 
 2246 , 136.2109375 
 2247 , 171.05078125 
 2248 , 151.482421875 
 2249 , 132.326171875 
 2250 , 141.1796875 
 2251 , 103.630859375 
 2252 , 33.978515625 
 2253 , 19.302734375 
 2254 , 46.25390625 
 2255 , 75.36328125 
 2256 , 115.306640625 
 2257 , 158.662109375 
 2258 , 168.5703125 
 2259 , 155.1875 
 2260 , 153.490234375 
 2261 , 155.587890625 
 2262 , 152.38671875 
 2263 , 158.0390625 
 2264 , 155.087890625 
 2265 , 102.720703125 
 2266 , 45.578125 
 2267 , 44.15234375 
 2268 , 76.04296875 
 2269 , 103.63671875 
 2270 , 94.619140625 
 2271 , 65.728515625 
 2272 , 59.638671875 
 2273 , 53.90625 
 2274 , 26.14453125 
 2275 , 5.140625 
 2276 , 17.228515625 
 2277 , 66.017578125 
 2278 , 87.251953125 
 2279 , 36.744140625 
 2280 , 26.759765625 
 2281 , 88.71875 
 2282 , 108.951171875 
 2283 , 97.7890625 
 2284 , 129.55859375 
 2285 , 147.046875 
 2286 , 109.44921875 
 2287 , 85.373046875 
 2288 , 83.724609375 
 2289 , 60.6484375 
 2290 , 57.94921875 
 2291 , 107.376953125 
 2292 , 104.638671875 
 2293 , 32.6484375 
 2294 , 0.17578125 
 2295 , 8.421875 
 2296 , 11.712890625 
 2297 , 33.734375 
 2298 , 79.734375 
 2299 , 96.37890625 
 2300 , 70.63671875 
 2301 , 34.361328125 
 2302 , 4.197265625 
 2303 ,-12.982421875 
 2304 ,-14.943359375 
 2305 , 10.328125 
 2306 , 72.794921875 
 2307 , 121.96875 
 2308 , 114.99609375 
 2309 , 100.765625 
 2310 , 107.859375 
 2311 , 119.693359375 
 2312 , 111.59765625 
 2313 , 71.0078125 
 2314 , 35.892578125 
 2315 , 36.0078125 
 2316 , 63.814453125 
 2317 , 77.564453125 
 2318 , 38.611328125 
 2319 , 17.65234375 
 2320 , 56.83203125 
 2321 , 68.73046875 
 2322 , 43.681640625 
 2323 , 44.14453125 
 2324 , 31.6640625 
 2325 ,-18.8984375 
 2326 ,-20.162109375 
 2327 , 30.92578125 
 2328 , 42.28125 
 2329 , 12.5546875 
 2330 , 10 
 2331 , 10 
 2332 , 10 
 2333 , 10 
 2334 , 10 
 2335 , 10 
 2336 , 10 
 2337 , 10 
 2338 , 10 
 2339 , 10 
