11-20-2017,16:55:59
Wavenumber(cm-1),Intensity
 250 , 10 
 251 , 10 
 252 , 10 
 253 , 10 
 254 , 10 
 255 , 10.80859375 
 256 , 17.8125 
 257 , 29.17578125 
 258 , 41.73046875 
 259 , 47.546875 
 260 , 38.8203125 
 261 , 16.8828125 
 262 ,-6.19921875 
 263 ,-19.22265625 
 264 ,-20.09765625 
 265 ,-14.26953125 
 266 ,-7.27734375 
 267 ,-0.12890625 
 268 , 6.13671875 
 269 , 12.15625 
 270 , 19.640625 
 271 , 30.8203125 
 272 , 46.90234375 
 273 , 64.15234375 
 274 , 78.49609375 
 275 , 90.73046875 
 276 , 105.12109375 
 277 , 125.0859375 
 278 , 148.453125 
 279 , 171.51953125 
 280 , 192.7890625 
 281 , 215.171875 
 282 , 241.74609375 
 283 , 269.609375 
 284 , 290.62109375 
 285 , 298.078125 
 286 , 292.87109375 
 287 , 278.21484375 
 288 , 257.7890625 
 289 , 241.45703125 
 290 , 240.55859375 
 291 , 257.125 
 292 , 280.15234375 
 293 , 298.08203125 
 294 , 304.140625 
 295 , 294.54296875 
 296 , 268.64453125 
 297 , 232.89453125 
 298 , 194.7421875 
 299 , 160.80078125 
 300 , 137.88671875 
 301 , 131.5703125 
 302 , 134.19140625 
 303 , 130.31640625 
 304 , 110.8046875 
 305 , 89.38671875 
 306 , 84.80859375 
 307 , 101.90625 
 308 , 125.61328125 
 309 , 140.28515625 
 310 , 137.43359375 
 311 , 111.4609375 
 312 , 62.5078125 
 313 , 23.80859375 
 314 , 39.375 
 315 , 123.30859375 
 316 , 228.25390625 
 317 , 301.87109375 
 318 , 335.1796875 
 319 , 357.1640625 
 320 , 391.69140625 
 321 , 426.81640625 
 322 , 438.16796875 
 323 , 417.0546875 
 324 , 387.52734375 
 325 , 376.390625 
 326 , 384.234375 
 327 , 387.51171875 
 328 , 367.43359375 
 329 , 342.20703125 
 330 , 344.78515625 
 331 , 392.24609375 
 332 , 462.4296875 
 333 , 527.8125 
 334 , 575.5078125 
 335 , 607.78515625 
 336 , 627.80859375 
 337 , 639.33984375 
 338 , 646.20703125 
 339 , 649.51953125 
 340 , 643.53515625 
 341 , 621.77734375 
 342 , 587 
 343 , 551.97265625 
 344 , 528.3359375 
 345 , 515.11328125 
 346 , 505.51171875 
 347 , 493.09375 
 348 , 472.71484375 
 349 , 439.68359375 
 350 , 393.67578125 
 351 , 339.0546875 
 352 , 281.15625 
 353 , 230.78515625 
 354 , 201.2421875 
 355 , 198.34375 
 356 , 207.62890625 
 357 , 211.80859375 
 358 , 206.9765625 
 359 , 203.8515625 
 360 , 212.26171875 
 361 , 230.125 
 362 , 250.015625 
 363 , 267.9375 
 364 , 289.50390625 
 365 , 321.4765625 
 366 , 358.703125 
 367 , 383.26953125 
 368 , 380.24609375 
 369 , 359.4765625 
 370 , 341.2578125 
 371 , 337.35546875 
 372 , 338.28125 
 373 , 331.94140625 
 374 , 320.12890625 
 375 , 318.26953125 
 376 , 338.03125 
 377 , 364.37890625 
 378 , 372.12890625 
 379 , 348.80859375 
 380 , 310.45703125 
 381 , 276.515625 
 382 , 257.7109375 
 383 , 256.71875 
 384 , 273.80859375 
 385 , 298.66015625 
 386 , 317.890625 
 387 , 325.55078125 
 388 , 328.89453125 
 389 , 335.98828125 
 390 , 349.5859375 
 391 , 369.20703125 
 392 , 393.2578125 
 393 , 414.09765625 
 394 , 421.90625 
 395 , 407.96875 
 396 , 365.875 
 397 , 291.81640625 
 398 , 207.421875 
 399 , 150.640625 
 400 , 144.83984375 
 401 , 159.8828125 
 402 , 154.484375 
 403 , 116.5859375 
 404 , 71.984375 
 405 , 47.30078125 
 406 , 55.78515625 
 407 , 103.41796875 
 408 , 186.4375 
 409 , 273.765625 
 410 , 330.6953125 
 411 , 345.71484375 
 412 , 332.3671875 
 413 , 304.96875 
 414 , 275.375 
 415 , 254.54296875 
 416 , 248.93359375 
 417 , 253.58203125 
 418 , 261.34765625 
 419 , 264.82421875 
 420 , 258.8984375 
 421 , 242.1015625 
 422 , 225.65625 
 423 , 222.515625 
 424 , 236.30859375 
 425 , 256.3984375 
 426 , 271.90625 
 427 , 279.76953125 
 428 , 281.51171875 
 429 , 276.7265625 
 430 , 261.015625 
 431 , 230.90234375 
 432 , 190.7578125 
 433 , 153.17578125 
 434 , 130.546875 
 435 , 130.8671875 
 436 , 158.17578125 
 437 , 209.08203125 
 438 , 262.3203125 
 439 , 294.92578125 
 440 , 304.99609375 
 441 , 311.7109375 
 442 , 330.40234375 
 443 , 350.359375 
 444 , 352.1796875 
 445 , 331.73828125 
 446 , 311.03515625 
 447 , 311.7890625 
 448 , 324.8984375 
 449 , 322.2265625 
 450 , 283.96875 
 451 , 220.328125 
 452 , 148.9765625 
 453 , 88.5390625 
 454 , 57.18359375 
 455 , 68.62109375 
 456 , 109.76171875 
 457 , 155.71875 
 458 , 189.328125 
 459 , 210.0390625 
 460 , 219.578125 
 461 , 221.5078125 
 462 , 221.16015625 
 463 , 222.47265625 
 464 , 223.3515625 
 465 , 220.36328125 
 466 , 209.1875 
 467 , 184.2109375 
 468 , 141.4921875 
 469 , 91.4609375 
 470 , 51.18359375 
 471 , 31.06640625 
 472 , 26.22265625 
 473 , 30.32421875 
 474 , 40.24609375 
 475 , 56.2109375 
 476 , 78.6171875 
 477 , 106.0078125 
 478 , 134.81640625 
 479 , 161.1015625 
 480 , 180.4765625 
 481 , 189.3984375 
 482 , 191.6328125 
 483 , 193.06640625 
 484 , 194.19140625 
 485 , 184.99609375 
 486 , 156.8515625 
 487 , 116.57421875 
 488 , 85.4453125 
 489 , 81.49609375 
 490 , 102.62109375 
 491 , 138.8828125 
 492 , 183.99609375 
 493 , 239.171875 
 494 , 306.3359375 
 495 , 377.3203125 
 496 , 433.88671875 
 497 , 463.671875 
 498 , 476.65234375 
 499 , 489.87890625 
 500 , 503.69921875 
 501 , 497.76953125 
 502 , 456.97265625 
 503 , 404.91015625 
 504 , 380.796875 
 505 , 400.15625 
 506 , 441.61328125 
 507 , 480.69921875 
 508 , 508.33984375 
 509 , 525.82421875 
 510 , 536.02734375 
 511 , 540.84765625 
 512 , 539.33203125 
 513 , 529.98046875 
 514 , 512.94140625 
 515 , 490.578125 
 516 , 470.53125 
 517 , 460.9453125 
 518 , 456.8828125 
 519 , 439.796875 
 520 , 395.8046875 
 521 , 338.5390625 
 522 , 291.1328125 
 523 , 266.3984375 
 524 , 259.1015625 
 525 , 262.37890625 
 526 , 272.40625 
 527 , 285.06640625 
 528 , 297.19921875 
 529 , 310.765625 
 530 , 329.4609375 
 531 , 356.234375 
 532 , 393.1875 
 533 , 437.80078125 
 534 , 468.98046875 
 535 , 463.66015625 
 536 , 425.25 
 537 , 388.484375 
 538 , 382.2734375 
 539 , 396.0234375 
 540 , 406.125 
 541 , 404.25 
 542 , 408.4609375 
 543 , 435.7265625 
 544 , 477.8203125 
 545 , 509.59375 
 546 , 511.53125 
 547 , 484.4453125 
 548 , 436.6484375 
 549 , 386.0703125 
 550 , 355.26171875 
 551 , 359.01171875 
 552 , 389.03515625 
 553 , 434.734375 
 554 , 484.078125 
 555 , 521.86328125 
 556 , 536.6875 
 557 , 544.05859375 
 558 , 566.30078125 
 559 , 609.890625 
 560 , 658.55078125 
 561 , 698.6640625 
 562 , 718.140625 
 563 , 697.91015625 
 564 , 629.9453125 
 565 , 546.47265625 
 566 , 489.765625 
 567 , 472.34375 
 568 , 481.00390625 
 569 , 502.375 
 570 , 528.6640625 
 571 , 551.83984375 
 572 , 566.78125 
 573 , 576.65234375 
 574 , 588.71875 
 575 , 604.859375 
 576 , 616.79296875 
 577 , 616.984375 
 578 , 606.2109375 
 579 , 590.33203125 
 580 , 573.9140625 
 581 , 559.75390625 
 582 , 551.56640625 
 583 , 556.30078125 
 584 , 580.37109375 
 585 , 611.5546875 
 586 , 625.79296875 
 587 , 609.5625 
 588 , 576.125 
 589 , 538.984375 
 590 , 501.83203125 
 591 , 464.0078125 
 592 , 424.921875 
 593 , 378.671875 
 594 , 321.01171875 
 595 , 262.5625 
 596 , 224.84765625 
 597 , 219.70703125 
 598 , 228.265625 
 599 , 228.046875 
 600 , 212.73828125 
 601 , 191.69921875 
 602 , 172.6171875 
 603 , 164.25390625 
 604 , 178.0078125 
 605 , 214.07421875 
 606 , 250.9609375 
 607 , 263.16796875 
 608 , 251.6640625 
 609 , 234.89453125 
 610 , 224.01171875 
 611 , 212.2578125 
 612 , 195.26171875 
 613 , 179.19921875 
 614 , 171.328125 
 615 , 175.5390625 
 616 , 195.625 
 617 , 236.88671875 
 618 , 296.96875 
 619 , 361.54296875 
 620 , 415.44140625 
 621 , 461.37109375 
 622 , 515.62890625 
 623 , 576.73828125 
 624 , 622.3359375 
 625 , 633.83984375 
 626 , 624.14453125 
 627 , 614.546875 
 628 , 610.9453125 
 629 , 604.62109375 
 630 , 589.671875 
 631 , 571.8125 
 632 , 555.98828125 
 633 , 540.6015625 
 634 , 522.37109375 
 635 , 504.609375 
 636 , 492.828125 
 637 , 483.6015625 
 638 , 467.48828125 
 639 , 438.390625 
 640 , 402.1328125 
 641 , 375.3359375 
 642 , 370.95703125 
 643 , 384.234375 
 644 , 393.31640625 
 645 , 384.37890625 
 646 , 375.5 
 647 , 393.12109375 
 648 , 438.1328125 
 649 , 476.390625 
 650 , 476.6640625 
 651 , 437.59765625 
 652 , 372.4140625 
 653 , 299.4609375 
 654 , 241.9453125 
 655 , 217.9453125 
 656 , 222.59375 
 657 , 239.6484375 
 658 , 254.53515625 
 659 , 258.23046875 
 660 , 247.03515625 
 661 , 237.92578125 
 662 , 255.984375 
 663 , 306.7890625 
 664 , 361.734375 
 665 , 392.32421875 
 666 , 390.37109375 
 667 , 359.20703125 
 668 , 309.55078125 
 669 , 264.2109375 
 670 , 242 
 671 , 238.5390625 
 672 , 240.6484375 
 673 , 244.60546875 
 674 , 256.83984375 
 675 , 276.18359375 
 676 , 288.484375 
 677 , 279.8671875 
 678 , 253.12890625 
 679 , 228.69921875 
 680 , 218.4375 
 681 , 225.66796875 
 682 , 256.42578125 
 683 , 313.05078125 
 684 , 371.21875 
 685 , 398.67578125 
 686 , 399.2421875 
 687 , 403.6328125 
 688 , 427.96484375 
 689 , 442.015625 
 690 , 408.765625 
 691 , 342.98828125 
 692 , 293.6328125 
 693 , 293.26171875 
 694 , 329.27734375 
 695 , 380.66015625 
 696 , 420.7109375 
 697 , 423.01953125 
 698 , 387.57421875 
 699 , 360.296875 
 700 , 380.390625 
 701 , 438.27734375 
 702 , 500.671875 
 703 , 541.66015625 
 704 , 545.79296875 
 705 , 503.5625 
 706 , 443.41015625 
 707 , 411.9140625 
 708 , 426.76171875 
 709 , 455.62109375 
 710 , 471.97265625 
 711 , 476.92578125 
 712 , 477.12890625 
 713 , 468.6484375 
 714 , 447.56640625 
 715 , 421.62890625 
 716 , 395.0078125 
 717 , 360.91796875 
 718 , 311.18359375 
 719 , 253.3671875 
 720 , 202.26171875 
 721 , 167.40234375 
 722 , 151.71875 
 723 , 150.16796875 
 724 , 153.01171875 
 725 , 156.7890625 
 726 , 165.45703125 
 727 , 182.5390625 
 728 , 200.59375 
 729 , 201.3125 
 730 , 172.00390625 
 731 , 125.8984375 
 732 , 85.01171875 
 733 , 62.4140625 
 734 , 58.64453125 
 735 , 70.5859375 
 736 , 99.40625 
 737 , 151.09375 
 738 , 217.203125 
 739 , 266.80859375 
 740 , 269.99609375 
 741 , 240.54296875 
 742 , 211.6328125 
 743 , 209.859375 
 744 , 244.546875 
 745 , 305.71484375 
 746 , 357.375 
 747 , 368.39453125 
 748 , 348.26953125 
 749 , 330.4765625 
 750 , 327.85546875 
 751 , 322.453125 
 752 , 301.99609375 
 753 , 272.80078125 
 754 , 245.15234375 
 755 , 221.11328125 
 756 , 204.48046875 
 757 , 204.51953125 
 758 , 221.51953125 
 759 , 245.06640625 
 760 , 264.5546875 
 761 , 284.1015625 
 762 , 312.66015625 
 763 , 345.546875 
 764 , 367.6328125 
 765 , 369.796875 
 766 , 362.44140625 
 767 , 362.0234375 
 768 , 368.828125 
 769 , 371.77734375 
 770 , 357.88671875 
 771 , 321.94921875 
 772 , 270.65625 
 773 , 218.21875 
 774 , 172.125 
 775 , 127.71484375 
 776 , 80.8359375 
 777 , 43.41015625 
 778 , 42.078125 
 779 , 94.4921875 
 780 , 167.1875 
 781 , 195.859375 
 782 , 153 
 783 , 89.12890625 
 784 , 58.1640625 
 785 , 62.63671875 
 786 , 76.40625 
 787 , 82.65234375 
 788 , 71.73046875 
 789 , 37.6015625 
 790 , 6.6484375 
 791 , 19.96875 
 792 , 84.4375 
 793 , 155.69140625 
 794 , 198.453125 
 795 , 225.7109375 
 796 , 259.7578125 
 797 , 299.03515625 
 798 , 325.98828125 
 799 , 336.25 
 800 , 337.6875 
 801 , 333.28515625 
 802 , 320.4609375 
 803 , 302.9375 
 804 , 295.19140625 
 805 , 304.02734375 
 806 , 325.53515625 
 807 , 345.31640625 
 808 , 349.703125 
 809 , 334.1640625 
 810 , 301.91015625 
 811 , 257.50390625 
 812 , 213.0390625 
 813 , 183.55078125 
 814 , 178.9296875 
 815 , 204.21484375 
 816 , 260.99609375 
 817 , 326.65625 
 818 , 369.4609375 
 819 , 376.2265625 
 820 , 358.0078125 
 821 , 332.80078125 
 822 , 319.28515625 
 823 , 332.203125 
 824 , 365.1640625 
 825 , 399.015625 
 826 , 422.484375 
 827 , 438.69921875 
 828 , 449.578125 
 829 , 451.3515625 
 830 , 439.8125 
 831 , 419.37890625 
 832 , 403.4921875 
 833 , 401.2421875 
 834 , 406.51171875 
 835 , 411.234375 
 836 , 413.1484375 
 837 , 409.96875 
 838 , 397.1953125 
 839 , 375.80859375 
 840 , 350.5859375 
 841 , 331.25 
 842 , 327.8046875 
 843 , 338.09375 
 844 , 343.9296875 
 845 , 332.10546875 
 846 , 315.15234375 
 847 , 313.9453125 
 848 , 331.58984375 
 849 , 351.8984375 
 850 , 362.3046875 
 851 , 366.0078125 
 852 , 368.828125 
 853 , 361.55859375 
 854 , 323.1953125 
 855 , 252.26953125 
 856 , 196.08984375 
 857 , 202.6171875 
 858 , 258.0625 
 859 , 314.51953125 
 860 , 345.44921875 
 861 , 360.22265625 
 862 , 370.7734375 
 863 , 383.4140625 
 864 , 402.015625 
 865 , 425.421875 
 866 , 447.703125 
 867 , 462.58203125 
 868 , 467.4296875 
 869 , 463.38671875 
 870 , 457.9375 
 871 , 458.5625 
 872 , 466.55078125 
 873 , 480.89453125 
 874 , 506.1015625 
 875 , 561.4609375 
 876 , 667.2265625 
 877 , 806.1171875 
 878 , 925.53515625 
 879 , 994.44140625 
 880 , 1041.52734375 
 881 , 1102.28515625 
 882 , 1178.74609375 
 883 , 1254.54296875 
 884 , 1313.50390625 
 885 , 1332.515625 
 886 , 1291.6015625 
 887 , 1213.8203125 
 888 , 1141.31640625 
 889 , 1084.00390625 
 890 , 1009.49609375 
 891 , 893.11328125 
 892 , 753.1953125 
 893 , 618.32421875 
 894 , 506.73828125 
 895 , 428.13671875 
 896 , 383.84375 
 897 , 356.76171875 
 898 , 328.85546875 
 899 , 295.41015625 
 900 , 257.65625 
 901 , 216.5546875 
 902 , 172.41015625 
 903 , 127.734375 
 904 , 91.1640625 
 905 , 71.4921875 
 906 , 68.015625 
 907 , 74.23828125 
 908 , 85.27734375 
 909 , 99.03515625 
 910 , 112.03515625 
 911 , 118.65625 
 912 , 114.58984375 
 913 , 105.0078125 
 914 , 100.69140625 
 915 , 106.05859375 
 916 , 112.8359375 
 917 , 113.2890625 
 918 , 111.5703125 
 919 , 116.2421875 
 920 , 127.62890625 
 921 , 137.98828125 
 922 , 143.234375 
 923 , 147.41015625 
 924 , 154.37109375 
 925 , 158.96875 
 926 , 151.94140625 
 927 , 133.2109375 
 928 , 118.15234375 
 929 , 119.265625 
 930 , 128.1328125 
 931 , 130.27734375 
 932 , 125.81640625 
 933 , 126.28515625 
 934 , 138.9609375 
 935 , 165.6875 
 936 , 207.07421875 
 937 , 241.75 
 938 , 232.1484375 
 939 , 167.28125 
 940 , 87.8125 
 941 , 33.78515625 
 942 , 6.3046875 
 943 ,-5.32421875 
 944 ,-4.96484375 
 945 , 7.3046875 
 946 , 28.59765625 
 947 , 53.5546875 
 948 , 77.58203125 
 949 , 99.52734375 
 950 , 119.75390625 
 951 , 142.0546875 
 952 , 176.203125 
 953 , 225.3359375 
 954 , 267.421875 
 955 , 278.6484375 
 956 , 265.6171875 
 957 , 250.88671875 
 958 , 241.875 
 959 , 225.12890625 
 960 , 191.59375 
 961 , 153.39453125 
 962 , 126.625 
 963 , 113.4140625 
 964 , 105.82421875 
 965 , 99.24609375 
 966 , 99.47265625 
 967 , 112.484375 
 968 , 130.97265625 
 969 , 142.06640625 
 970 , 139.19921875 
 971 , 124.1484375 
 972 , 103.40234375 
 973 , 88.14453125 
 974 , 88.0859375 
 975 , 105.8203125 
 976 , 141.41796875 
 977 , 181.32421875 
 978 , 196.1171875 
 979 , 170.57421875 
 980 , 134.83203125 
 981 , 123.25390625 
 982 , 137.1796875 
 983 , 161.84765625 
 984 , 185.578125 
 985 , 200.29296875 
 986 , 201.34765625 
 987 , 190.8125 
 988 , 170.87890625 
 989 , 142.6171875 
 990 , 108.5234375 
 991 , 80.5390625 
 992 , 81.52734375 
 993 , 123.21875 
 994 , 176.9921875 
 995 , 209.32421875 
 996 , 226.90625 
 997 , 260.13671875 
 998 , 323.98828125 
 999 , 410.16796875 
 1000 , 513.265625 
 1001 , 648.77734375 
 1002 , 835.9375 
 1003 , 1069.25390625 
 1004 , 1325.73828125 
 1005 , 1573.1484375 
 1006 , 1766.76953125 
 1007 , 1864.87109375 
 1008 , 1835.5859375 
 1009 , 1652.93359375 
 1010 , 1358.80078125 
 1011 , 1046.38671875 
 1012 , 776.1171875 
 1013 , 544.43359375 
 1014 , 344.046875 
 1015 , 191.0703125 
 1016 , 108.26171875 
 1017 , 86.3125 
 1018 , 89.8515625 
 1019 , 94.50390625 
 1020 , 97.7109375 
 1021 , 100.140625 
 1022 , 104.9765625 
 1023 , 115.07421875 
 1024 , 122.9609375 
 1025 , 114.1875 
 1026 , 87.81640625 
 1027 , 69 
 1028 , 81.24609375 
 1029 , 121.890625 
 1030 , 178.9375 
 1031 , 233.31640625 
 1032 , 262.51953125 
 1033 , 265.53515625 
 1034 , 276.40234375 
 1035 , 318.7734375 
 1036 , 359.78515625 
 1037 , 356.27734375 
 1038 , 320.7421875 
 1039 , 302.4453125 
 1040 , 321.09375 
 1041 , 348.515625 
 1042 , 359.44921875 
 1043 , 357.92578125 
 1044 , 355.25390625 
 1045 , 358.99609375 
 1046 , 373.4140625 
 1047 , 396.5390625 
 1048 , 418.859375 
 1049 , 434.0234375 
 1050 , 447.66796875 
 1051 , 466.61328125 
 1052 , 484.82421875 
 1053 , 489.28515625 
 1054 , 477.80078125 
 1055 , 462.421875 
 1056 , 452.1171875 
 1057 , 442.62890625 
 1058 , 428.26171875 
 1059 , 413.6328125 
 1060 , 408.46484375 
 1061 , 416.62890625 
 1062 , 435.1796875 
 1063 , 459.7734375 
 1064 , 484.3125 
 1065 , 502.828125 
 1066 , 510.91796875 
 1067 , 505.00390625 
 1068 , 486.453125 
 1069 , 460.8046875 
 1070 , 428.046875 
 1071 , 376.15625 
 1072 , 298.55859375 
 1073 , 224.4453125 
 1074 , 192.046875 
 1075 , 204.87109375 
 1076 , 240.6171875 
 1077 , 280.171875 
 1078 , 310.359375 
 1079 , 322.94140625 
 1080 , 328.5078125 
 1081 , 341.5 
 1082 , 363.92578125 
 1083 , 389.765625 
 1084 , 413.61328125 
 1085 , 431.609375 
 1086 , 443.1875 
 1087 , 457.375 
 1088 , 483.0859375 
 1089 , 514.2109375 
 1090 , 537.8203125 
 1091 , 546.44140625 
 1092 , 538.703125 
 1093 , 516.56640625 
 1094 , 488.2421875 
 1095 , 460.67578125 
 1096 , 430.92578125 
 1097 , 393.5703125 
 1098 , 353.3359375 
 1099 , 322.6015625 
 1100 , 308.2265625 
 1101 , 307.30859375 
 1102 , 314.90234375 
 1103 , 322.11328125 
 1104 , 320.15625 
 1105 , 309.01171875 
 1106 , 293.1953125 
 1107 , 270.90625 
 1108 , 232.87109375 
 1109 , 178.46875 
 1110 , 130.23828125 
 1111 , 110.2734375 
 1112 , 115.39453125 
 1113 , 132.54296875 
 1114 , 142.63671875 
 1115 , 121.9296875 
 1116 , 70.8046875 
 1117 , 31.98046875 
 1118 , 36.8359375 
 1119 , 56.15234375 
 1120 , 51.15234375 
 1121 , 29.9296875 
 1122 , 24.7734375 
 1123 , 43.23828125 
 1124 , 66.23046875 
 1125 , 79.5859375 
 1126 , 79.984375 
 1127 , 66.46484375 
 1128 , 52.67578125 
 1129 , 58.61328125 
 1130 , 84.65625 
 1131 , 113.11328125 
 1132 , 130.08203125 
 1133 , 132.2421875 
 1134 , 121.21875 
 1135 , 106.96875 
 1136 , 99.46484375 
 1137 , 96.671875 
 1138 , 91.86328125 
 1139 , 88.23046875 
 1140 , 87.0703125 
 1141 , 89.6875 
 1142 , 68.62890625 
 1143 , 8.98046875 
 1144 ,-26.73828125 
 1145 , 36.77734375 
 1146 , 159.91015625 
 1147 , 230.0078125 
 1148 , 206.015625 
 1149 , 142.2734375 
 1150 , 83.421875 
 1151 , 42.0234375 
 1152 , 15.23828125 
 1153 , 29.53125 
 1154 , 119.48046875 
 1155 , 248.74609375 
 1156 , 322.15625 
 1157 , 305.26953125 
 1158 , 268.53515625 
 1159 , 267.3203125 
 1160 , 272.9375 
 1161 , 246.0234375 
 1162 , 201.71875 
 1163 , 178.4375 
 1164 , 191.0078125 
 1165 , 234.70703125 
 1166 , 298.3515625 
 1167 , 353.5625 
 1168 , 378.15625 
 1169 , 390.78515625 
 1170 , 417.05859375 
 1171 , 441.03125 
 1172 , 427.78515625 
 1173 , 392.08203125 
 1174 , 394.30859375 
 1175 , 453.23828125 
 1176 , 509.30859375 
 1177 , 512.6015625 
 1178 , 481.9921875 
 1179 , 450.69921875 
 1180 , 434.25390625 
 1181 , 439.76171875 
 1182 , 465.01953125 
 1183 , 494.57421875 
 1184 , 513.39453125 
 1185 , 513.7890625 
 1186 , 494.16015625 
 1187 , 469.015625 
 1188 , 455.1640625 
 1189 , 457.82421875 
 1190 , 475.078125 
 1191 , 496.48046875 
 1192 , 506.19140625 
 1193 , 494.015625 
 1194 , 454.23046875 
 1195 , 388.30859375 
 1196 , 336.05078125 
 1197 , 342.8203125 
 1198 , 390.9453125 
 1199 , 427.66796875 
 1200 , 433.24609375 
 1201 , 428.98828125 
 1202 , 436.265625 
 1203 , 461.328125 
 1204 , 496.578125 
 1205 , 502.82421875 
 1206 , 446.125 
 1207 , 370.15625 
 1208 , 348.99609375 
 1209 , 382.3125 
 1210 , 404.4140625 
 1211 , 382.84765625 
 1212 , 353.1875 
 1213 , 351.13671875 
 1214 , 368.34375 
 1215 , 381.24609375 
 1216 , 378.4296875 
 1217 , 360.84375 
 1218 , 332.5 
 1219 , 295.19921875 
 1220 , 250.078125 
 1221 , 206.24609375 
 1222 , 173.03515625 
 1223 , 144.515625 
 1224 , 111.99609375 
 1225 , 85.609375 
 1226 , 81.13671875 
 1227 , 93.7734375 
 1228 , 108.05859375 
 1229 , 115.5234375 
 1230 , 119.171875 
 1231 , 121.625 
 1232 , 110.78125 
 1233 , 77.3046875 
 1234 , 35.70703125 
 1235 , 7.171875 
 1236 , 1.359375 
 1237 , 26.00390625 
 1238 , 75.9609375 
 1239 , 124.140625 
 1240 , 151.96875 
 1241 , 171.0703125 
 1242 , 196.296875 
 1243 , 215.73828125 
 1244 , 204.3984375 
 1245 , 172.63671875 
 1246 , 157.13671875 
 1247 , 189.234375 
 1248 , 282.39453125 
 1249 , 397.8359375 
 1250 , 444.640625 
 1251 , 388.296875 
 1252 , 316.16796875 
 1253 , 304.58984375 
 1254 , 321.7890625 
 1255 , 313.66796875 
 1256 , 281.37109375 
 1257 , 254.7890625 
 1258 , 238.85546875 
 1259 , 214.5625 
 1260 , 173.1171875 
 1261 , 121.84765625 
 1262 , 71.76171875 
 1263 , 40.5546875 
 1264 , 42.28515625 
 1265 , 70.3515625 
 1266 , 113.75 
 1267 , 155.2734375 
 1268 , 167.95703125 
 1269 , 146.29296875 
 1270 , 118.6015625 
 1271 , 108.17578125 
 1272 , 106.44921875 
 1273 , 98.375 
 1274 , 95.015625 
 1275 , 117.6171875 
 1276 , 144.19140625 
 1277 , 128.359375 
 1278 , 75.59765625 
 1279 , 35.62890625 
 1280 , 37.71875 
 1281 , 76.30859375 
 1282 , 135.04296875 
 1283 , 189.52734375 
 1284 , 222.05078125 
 1285 , 237.890625 
 1286 , 247.953125 
 1287 , 256.5 
 1288 , 262.046875 
 1289 , 266.55859375 
 1290 , 278.21484375 
 1291 , 294.578125 
 1292 , 295.37890625 
 1293 , 267.3515625 
 1294 , 218.03125 
 1295 , 158.984375 
 1296 , 105.640625 
 1297 , 73.66015625 
 1298 , 62.98828125 
 1299 , 63.40234375 
 1300 , 68.76953125 
 1301 , 81.56640625 
 1302 , 99.86328125 
 1303 , 109.125 
 1304 , 101.38671875 
 1305 , 92.54296875 
 1306 , 99.14453125 
 1307 , 116.66015625 
 1308 , 133.1484375 
 1309 , 140.8359375 
 1310 , 135.296875 
 1311 , 114.30859375 
 1312 , 78.3359375 
 1313 , 43.2109375 
 1314 , 37.203125 
 1315 , 64.140625 
 1316 , 96.09375 
 1317 , 117.56640625 
 1318 , 138.95703125 
 1319 , 166.4296875 
 1320 , 188.76953125 
 1321 , 194.7578125 
 1322 , 182.98828125 
 1323 , 154.16796875 
 1324 , 124.05859375 
 1325 , 124.47265625 
 1326 , 162.3984375 
 1327 , 209.09765625 
 1328 , 240.15234375 
 1329 , 250.05859375 
 1330 , 244.2578125 
 1331 , 246.796875 
 1332 , 276.66796875 
 1333 , 315.60546875 
 1334 , 336.0078125 
 1335 , 338.96875 
 1336 , 340.01953125 
 1337 , 338.15234375 
 1338 , 320.28515625 
 1339 , 290.5390625 
 1340 , 276.65234375 
 1341 , 295.24609375 
 1342 , 335.05078125 
 1343 , 381.078125 
 1344 , 414.7734375 
 1345 , 419.07421875 
 1346 , 405.63671875 
 1347 , 398.25390625 
 1348 , 411.6328125 
 1349 , 454.90234375 
 1350 , 514.875 
 1351 , 554.80078125 
 1352 , 559.1796875 
 1353 , 550.84765625 
 1354 , 548.828125 
 1355 , 544.5546875 
 1356 , 524.98828125 
 1357 , 493.94140625 
 1358 , 464.27734375 
 1359 , 451.4765625 
 1360 , 464.125 
 1361 , 476.1953125 
 1362 , 451.31640625 
 1363 , 402.6796875 
 1364 , 376.36328125 
 1365 , 384.4375 
 1366 , 403.58203125 
 1367 , 417.0703125 
 1368 , 415.3671875 
 1369 , 392.25 
 1370 , 363.41796875 
 1371 , 348.2421875 
 1372 , 338.9921875 
 1373 , 318.3359375 
 1374 , 300.9140625 
 1375 , 315.08203125 
 1376 , 349.40234375 
 1377 , 370.3828125 
 1378 , 365.03125 
 1379 , 334.0859375 
 1380 , 281.30859375 
 1381 , 221.03125 
 1382 , 169.5078125 
 1383 , 138.82421875 
 1384 , 132.5703125 
 1385 , 135.23046875 
 1386 , 133.47265625 
 1387 , 133.01953125 
 1388 , 145.828125 
 1389 , 171.0625 
 1390 , 196.48828125 
 1391 , 201.25390625 
 1392 , 155.62109375 
 1393 , 75.69140625 
 1394 , 46.76953125 
 1395 , 105.2578125 
 1396 , 163.96484375 
 1397 , 155.23046875 
 1398 , 95.94921875 
 1399 , 24.953125 
 1400 ,-12.7421875 
 1401 , 12.3125 
 1402 , 61.98828125 
 1403 , 80.953125 
 1404 , 67.44140625 
 1405 , 45.984375 
 1406 , 31.0625 
 1407 , 42.44140625 
 1408 , 72.046875 
 1409 , 80.43359375 
 1410 , 49.6015625 
 1411 , 16.00390625 
 1412 , 15.63671875 
 1413 , 46.17578125 
 1414 , 93.96875 
 1415 , 162.62890625 
 1416 , 263.73828125 
 1417 , 362.796875 
 1418 , 401.484375 
 1419 , 379.296875 
 1420 , 340.7109375 
 1421 , 314.0390625 
 1422 , 296.8125 
 1423 , 276.57421875 
 1424 , 250.65625 
 1425 , 225.1484375 
 1426 , 199.8515625 
 1427 , 173.73046875 
 1428 , 165.8671875 
 1429 , 197.453125 
 1430 , 262.09765625 
 1431 , 337.3359375 
 1432 , 382.06640625 
 1433 , 363.06640625 
 1434 , 312.92578125 
 1435 , 284.3671875 
 1436 , 284.875 
 1437 , 298.7734375 
 1438 , 315.94140625 
 1439 , 331.35546875 
 1440 , 338.78515625 
 1441 , 326.62890625 
 1442 , 300.33203125 
 1443 , 297.82421875 
 1444 , 341.140625 
 1445 , 405.01171875 
 1446 , 462.90625 
 1447 , 508.390625 
 1448 , 539.1484375 
 1449 , 556.55859375 
 1450 , 568.55078125 
 1451 , 593.30078125 
 1452 , 643.25390625 
 1453 , 711.48828125 
 1454 , 791.75 
 1455 , 869.2421875 
 1456 , 911.02734375 
 1457 , 917.98046875 
 1458 , 939.83984375 
 1459 , 999.05859375 
 1460 , 1057.03125 
 1461 , 1071.1171875 
 1462 , 1022.9921875 
 1463 , 920.1328125 
 1464 , 809.09765625 
 1465 , 723.89453125 
 1466 , 649.015625 
 1467 , 569.05859375 
 1468 , 498.1640625 
 1469 , 451.68359375 
 1470 , 427.19140625 
 1471 , 414.19921875 
 1472 , 384.8984375 
 1473 , 309.26953125 
 1474 , 226.125 
 1475 , 218.75 
 1476 , 291.27734375 
 1477 , 372.21484375 
 1478 , 412.3515625 
 1479 , 392.04296875 
 1480 , 319.98046875 
 1481 , 255.6953125 
 1482 , 234.73046875 
 1483 , 222.625 
 1484 , 192.99609375 
 1485 , 174.21875 
 1486 , 194.7109375 
 1487 , 239.94921875 
 1488 , 286.296875 
 1489 , 326.77734375 
 1490 , 359.2421875 
 1491 , 368.16796875 
 1492 , 334.08984375 
 1493 , 280.88671875 
 1494 , 259.91015625 
 1495 , 279.53515625 
 1496 , 310.0546875 
 1497 , 333.921875 
 1498 , 350.57421875 
 1499 , 353.02734375 
 1500 , 324.390625 
 1501 , 263.46484375 
 1502 , 191.890625 
 1503 , 139.00390625 
 1504 , 153.546875 
 1505 , 250.66796875 
 1506 , 335.921875 
 1507 , 325.00390625 
 1508 , 256.91015625 
 1509 , 195.5234375 
 1510 , 147.37109375 
 1511 , 101.8359375 
 1512 , 55.98828125 
 1513 , 14.88671875 
 1514 ,-6.27734375 
 1515 , 3.3125 
 1516 , 26.71484375 
 1517 , 35.5859375 
 1518 , 40.3203125 
 1519 , 80.19140625 
 1520 , 141.6328125 
 1521 , 165.31640625 
 1522 , 139.73828125 
 1523 , 114.42578125 
 1524 , 117.62109375 
 1525 , 140.0859375 
 1526 , 163.0703125 
 1527 , 152.98046875 
 1528 , 96.51953125 
 1529 , 40.953125 
 1530 , 35.34375 
 1531 , 87.78125 
 1532 , 181.16015625 
 1533 , 263.28125 
 1534 , 296.1171875 
 1535 , 305.6875 
 1536 , 321.1640625 
 1537 , 333.06640625 
 1538 , 325.55078125 
 1539 , 303.26953125 
 1540 , 279.06640625 
 1541 , 255.0078125 
 1542 , 228.82421875 
 1543 , 190.90625 
 1544 , 123.125 
 1545 , 45.21484375 
 1546 , 8.35546875 
 1547 , 23.66015625 
 1548 , 59.44140625 
 1549 , 92.703125 
 1550 , 122.51171875 
 1551 , 147.08984375 
 1552 , 151.09375 
 1553 , 137 
 1554 , 138.63671875 
 1555 , 174.28515625 
 1556 , 229.625 
 1557 , 287.29296875 
 1558 , 328.76171875 
 1559 , 340.36328125 
 1560 , 326.80859375 
 1561 , 299.75 
 1562 , 270.5234375 
 1563 , 245.7890625 
 1564 , 233.8203125 
 1565 , 242.65625 
 1566 , 253.7421875 
 1567 , 243.16796875 
 1568 , 232.8515625 
 1569 , 259.484375 
 1570 , 319.58203125 
 1571 , 389.06640625 
 1572 , 434.76953125 
 1573 , 428.01953125 
 1574 , 394.625 
 1575 , 384.8515625 
 1576 , 399.5703125 
 1577 , 407.03125 
 1578 , 398.08203125 
 1579 , 385.33984375 
 1580 , 378.71484375 
 1581 , 380.078125 
 1582 , 380.609375 
 1583 , 366.09375 
 1584 , 337.1875 
 1585 , 306.0234375 
 1586 , 288.00390625 
 1587 , 308.0625 
 1588 , 364.57421875 
 1589 , 408.05859375 
 1590 , 411.4140625 
 1591 , 403.8671875 
 1592 , 406.046875 
 1593 , 395.37109375 
 1594 , 361.0078125 
 1595 , 345.96484375 
 1596 , 382.37109375 
 1597 , 439.8671875 
 1598 , 481.76953125 
 1599 , 499.0078125 
 1600 , 496.71875 
 1601 , 499.546875 
 1602 , 527.76171875 
 1603 , 566.8359375 
 1604 , 596.453125 
 1605 , 616.765625 
 1606 , 633.96484375 
 1607 , 642.42578125 
 1608 , 631.8125 
 1609 , 609.0078125 
 1610 , 588.25 
 1611 , 573.3671875 
 1612 , 560.80859375 
 1613 , 537.984375 
 1614 , 492.59765625 
 1615 , 428.6796875 
 1616 , 357.80859375 
 1617 , 303.53125 
 1618 , 295.16796875 
 1619 , 329.74609375 
 1620 , 378.31640625 
 1621 , 403.70703125 
 1622 , 376.09765625 
 1623 , 317.375 
 1624 , 275.296875 
 1625 , 254.8046875 
 1626 , 235.81640625 
 1627 , 221.96484375 
 1628 , 227.203125 
 1629 , 237.4453125 
 1630 , 223.98828125 
 1631 , 181.12890625 
 1632 , 120.59375 
 1633 , 61.68359375 
 1634 , 32.53515625 
 1635 , 52.23828125 
 1636 , 120.5625 
 1637 , 204.8828125 
 1638 , 252.0546875 
 1639 , 254.4453125 
 1640 , 246.44140625 
 1641 , 240.84375 
 1642 , 229.42578125 
 1643 , 211.72265625 
 1644 , 190.234375 
 1645 , 166.01953125 
 1646 , 149.71875 
 1647 , 146.73046875 
 1648 , 146.34765625 
 1649 , 141.29296875 
 1650 , 131.1875 
 1651 , 123.26171875 
 1652 , 136.43359375 
 1653 , 171.8125 
 1654 , 196.91015625 
 1655 , 196.30078125 
 1656 , 200.76953125 
 1657 , 221.81640625 
 1658 , 211.6015625 
 1659 , 150.1796875 
 1660 , 96.62109375 
 1661 , 87.02734375 
 1662 , 83.1640625 
 1663 , 60.7734375 
 1664 , 52.1640625 
 1665 , 75.1796875 
 1666 , 96.34765625 
 1667 , 97.23828125 
 1668 , 104.30859375 
 1669 , 131.12890625 
 1670 , 156.2109375 
 1671 , 171.0859375 
 1672 , 202.953125 
 1673 , 259.69921875 
 1674 , 293.67578125 
 1675 , 271.6953125 
 1676 , 216.1796875 
 1677 , 163.8828125 
 1678 , 162.06640625 
 1679 , 223.73828125 
 1680 , 278.140625 
 1681 , 272.28515625 
 1682 , 226.578125 
 1683 , 173.15234375 
 1684 , 144.55078125 
 1685 , 153.6796875 
 1686 , 169.375 
 1687 , 166.67578125 
 1688 , 141.271484375 
 1689 , 97.50390625 
 1690 , 72.09765625 
 1691 , 92.48828125 
 1692 , 127.755859375 
 1693 , 145.388671875 
 1694 , 155.177734375 
 1695 , 175.611328125 
 1696 , 207.384765625 
 1697 , 236.033203125 
 1698 , 233.94921875 
 1699 , 194.427734375 
 1700 , 158.388671875 
 1701 , 147.607421875 
 1702 , 126.16796875 
 1703 , 77.787109375 
 1704 , 48.771484375 
 1705 , 63.61328125 
 1706 , 75.16015625 
 1707 , 50.58984375 
 1708 , 18.83984375 
 1709 , 8.236328125 
 1710 , 18.876953125 
 1711 , 38.24609375 
 1712 , 43.138671875 
 1713 , 25 
 1714 , 5.640625 
 1715 , 3.998046875 
 1716 , 30.74609375 
 1717 , 80.8515625 
 1718 , 119.8203125 
 1719 , 132.39453125 
 1720 , 141.494140625 
 1721 , 156.42578125 
 1722 , 158.466796875 
 1723 , 149.08203125 
 1724 , 170.646484375 
 1725 , 216.986328125 
 1726 , 201.12890625 
 1727 , 110.51953125 
 1728 , 46.943359375 
 1729 , 55.005859375 
 1730 , 94.3984375 
 1731 , 128.669921875 
 1732 , 128.03125 
 1733 , 91.509765625 
 1734 , 63.072265625 
 1735 , 62.080078125 
 1736 , 62.1484375 
 1737 , 53.615234375 
 1738 , 59.2734375 
 1739 , 85.5859375 
 1740 , 114.572265625 
 1741 , 135.193359375 
 1742 , 146.380859375 
 1743 , 158.560546875 
 1744 , 191.4140625 
 1745 , 231.884765625 
 1746 , 238.82421875 
 1747 , 216.58984375 
 1748 , 208.369140625 
 1749 , 220.203125 
 1750 , 227.291015625 
 1751 , 218.875 
 1752 , 196.8515625 
 1753 , 173.68359375 
 1754 , 166.490234375 
 1755 , 178.865234375 
 1756 , 204.880859375 
 1757 , 230.28515625 
 1758 , 245.966796875 
 1759 , 283.69140625 
 1760 , 373.0703125 
 1761 , 448.962890625 
 1762 , 432.44140625 
 1763 , 366.533203125 
 1764 , 321.234375 
 1765 , 283.51953125 
 1766 , 227.49609375 
 1767 , 180.970703125 
 1768 , 175.1875 
 1769 , 193.95703125 
 1770 , 212.046875 
 1771 , 224.04296875 
 1772 , 230.197265625 
 1773 , 232.390625 
 1774 , 235.080078125 
 1775 , 243.796875 
 1776 , 257.5078125 
 1777 , 266.78515625 
 1778 , 269.298828125 
 1779 , 270.248046875 
 1780 , 266.982421875 
 1781 , 252.13671875 
 1782 , 220.900390625 
 1783 , 164.474609375 
 1784 , 100.763671875 
 1785 , 88.84375 
 1786 , 130.564453125 
 1787 , 151.380859375 
 1788 , 125.89453125 
 1789 , 88.478515625 
 1790 , 55.337890625 
 1791 , 28.34765625 
 1792 , 19.14453125 
 1793 , 41.70703125 
 1794 , 84.5234375 
 1795 , 118.060546875 
 1796 , 143.25 
 1797 , 179.359375 
 1798 , 214.638671875 
 1799 , 222.08984375 
 1800 , 219.609375 
 1801 , 242.845703125 
 1802 , 268.55078125 
 1803 , 256.328125 
 1804 , 226.880859375 
 1805 , 214.29296875 
 1806 , 178.2109375 
 1807 , 82.1640625 
 1808 , 3.6953125 
 1809 , 12.42578125 
 1810 , 49.796875 
 1811 , 59.755859375 
 1812 , 80.171875 
 1813 , 134.919921875 
 1814 , 163.12890625 
 1815 , 140.447265625 
 1816 , 144.314453125 
 1817 , 209.068359375 
 1818 , 267.009765625 
 1819 , 280.244140625 
 1820 , 273.90625 
 1821 , 261.80078125 
 1822 , 236.484375 
 1823 , 196.951171875 
 1824 , 149.380859375 
 1825 , 113.720703125 
 1826 , 120.310546875 
 1827 , 159.7421875 
 1828 , 193.494140625 
 1829 , 208.1484375 
 1830 , 207.0078125 
 1831 , 186.908203125 
 1832 , 147.666015625 
 1833 , 124.630859375 
 1834 , 152.1953125 
 1835 , 199.69921875 
 1836 , 226.23046875 
 1837 , 223.365234375 
 1838 , 196.380859375 
 1839 , 171.421875 
 1840 , 166.96484375 
 1841 , 172.45703125 
 1842 , 176.236328125 
 1843 , 173.392578125 
 1844 , 168.072265625 
 1845 , 179.25 
 1846 , 204.5703125 
 1847 , 212.35546875 
 1848 , 203.587890625 
 1849 , 211.232421875 
 1850 , 240.908203125 
 1851 , 276.81640625 
 1852 , 287.685546875 
 1853 , 233.5078125 
 1854 , 151.8515625 
 1855 , 119.66015625 
 1856 , 124.1171875 
 1857 , 118.845703125 
 1858 , 124.515625 
 1859 , 169.29296875 
 1860 , 198.54296875 
 1861 , 164.41796875 
 1862 , 131.986328125 
 1863 , 153.650390625 
 1864 , 177.869140625 
 1865 , 171.587890625 
 1866 , 178.583984375 
 1867 , 213.42578125 
 1868 , 223.3828125 
 1869 , 199.013671875 
 1870 , 199.970703125 
 1871 , 221.5 
 1872 , 185.4921875 
 1873 , 115.740234375 
 1874 , 118.90625 
 1875 , 181.337890625 
 1876 , 214.46875 
 1877 , 209.751953125 
 1878 , 200.986328125 
 1879 , 197.947265625 
 1880 , 196.130859375 
 1881 , 197.291015625 
 1882 , 198.6015625 
 1883 , 159.734375 
 1884 , 78.595703125 
 1885 , 69.91796875 
 1886 , 177.478515625 
 1887 , 277.904296875 
 1888 , 301.171875 
 1889 , 282.5703125 
 1890 , 252.16796875 
 1891 , 226.46875 
 1892 , 207.568359375 
 1893 , 183.921875 
 1894 , 165.87109375 
 1895 , 175.9453125 
 1896 , 198.83203125 
 1897 , 203.75 
 1898 , 193.88671875 
 1899 , 183.75 
 1900 , 172.62109375 
 1901 , 157.46484375 
 1902 , 142.90625 
 1903 , 130.5 
 1904 , 111.828125 
 1905 , 93.921875 
 1906 , 111.62890625 
 1907 , 165.822265625 
 1908 , 207.904296875 
 1909 , 221.73046875 
 1910 , 229.4765625 
 1911 , 228.236328125 
 1912 , 197.189453125 
 1913 , 190.298828125 
 1914 , 282.62890625 
 1915 , 372.125 
 1916 , 328.607421875 
 1917 , 240.197265625 
 1918 , 214.87890625 
 1919 , 211.990234375 
 1920 , 188.43359375 
 1921 , 169.642578125 
 1922 , 169.25 
 1923 , 167.638671875 
 1924 , 164.3984375 
 1925 , 182.076171875 
 1926 , 219.173828125 
 1927 , 253.7265625 
 1928 , 272.38671875 
 1929 , 266.294921875 
 1930 , 240.3828125 
 1931 , 209.46875 
 1932 , 176.9921875 
 1933 , 144.517578125 
 1934 , 132.38671875 
 1935 , 155.822265625 
 1936 , 202.49609375 
 1937 , 247.666015625 
 1938 , 253.416015625 
 1939 , 214.2890625 
 1940 , 172.865234375 
 1941 , 156.26953125 
 1942 , 166.439453125 
 1943 , 181.2890625 
 1944 , 171.876953125 
 1945 , 165.53125 
 1946 , 202.681640625 
 1947 , 244.658203125 
 1948 , 245.8515625 
 1949 , 229.400390625 
 1950 , 215.787109375 
 1951 , 183.01953125 
 1952 , 135.806640625 
 1953 , 132.5546875 
 1954 , 178.95703125 
 1955 , 217.7421875 
 1956 , 234.306640625 
 1957 , 245.74609375 
 1958 , 246.177734375 
 1959 , 222.435546875 
 1960 , 196.482421875 
 1961 , 196.32421875 
 1962 , 212.0078125 
 1963 , 223.330078125 
 1964 , 212.845703125 
 1965 , 182.228515625 
 1966 , 158.623046875 
 1967 , 141.48828125 
 1968 , 86.677734375 
 1969 , 13.146484375 
 1970 ,-4.47265625 
 1971 , 57.083984375 
 1972 , 182.44140625 
 1973 , 278.2734375 
 1974 , 243.9609375 
 1975 , 170.349609375 
 1976 , 167.84765625 
 1977 , 195.40234375 
 1978 , 200.630859375 
 1979 , 201.8671875 
 1980 , 201.6171875 
 1981 , 161.955078125 
 1982 , 111.03125 
 1983 , 136.80078125 
 1984 , 201.64453125 
 1985 , 200.42578125 
 1986 , 173.1953125 
 1987 , 198.953125 
 1988 , 224.447265625 
 1989 , 192.212890625 
 1990 , 154.9453125 
 1991 , 156.888671875 
 1992 , 178.708984375 
 1993 , 203.03125 
 1994 , 230.201171875 
 1995 , 246.3984375 
 1996 , 226.4921875 
 1997 , 200.6171875 
 1998 , 218.314453125 
 1999 , 238.9453125 
 2000 , 211.572265625 
 2001 , 181.43359375 
 2002 , 187.12109375 
 2003 , 196.556640625 
 2004 , 191.419921875 
 2005 , 188.115234375 
 2006 , 192.234375 
 2007 , 197.302734375 
 2008 , 196.953125 
 2009 , 186.759765625 
 2010 , 182.60546875 
 2011 , 202.7109375 
 2012 , 231.46484375 
 2013 , 250.419921875 
 2014 , 260.275390625 
 2015 , 263.61328125 
 2016 , 258.458984375 
 2017 , 241.05078125 
 2018 , 209.587890625 
 2019 , 175.126953125 
 2020 , 155.376953125 
 2021 , 152.61328125 
 2022 , 158.93359375 
 2023 , 149.390625 
 2024 , 112.48046875 
 2025 , 92.9609375 
 2026 , 105.47265625 
 2027 , 95.056640625 
 2028 , 65.150390625 
 2029 , 87.322265625 
 2030 , 151.78125 
 2031 , 193.458984375 
 2032 , 194.453125 
 2033 , 161.5703125 
 2034 , 136.32421875 
 2035 , 147.162109375 
 2036 , 134.14453125 
 2037 , 80.1484375 
 2038 , 79.14453125 
 2039 , 136.55078125 
 2040 , 146.521484375 
 2041 , 105.328125 
 2042 , 84.8515625 
 2043 , 71.212890625 
 2044 , 28.5625 
 2045 , 1.517578125 
 2046 , 28.1171875 
 2047 , 72.03125 
 2048 , 102.205078125 
 2049 , 116.369140625 
 2050 , 115.5625 
 2051 , 102.087890625 
 2052 , 90.275390625 
 2053 , 93.728515625 
 2054 , 107.376953125 
 2055 , 116.779296875 
 2056 , 98.09375 
 2057 , 51.548828125 
 2058 , 29.515625 
 2059 , 46.03515625 
 2060 , 61.80859375 
 2061 , 74.462890625 
 2062 , 106.314453125 
 2063 , 130.2109375 
 2064 , 115.943359375 
 2065 , 124.005859375 
 2066 , 183.01171875 
 2067 , 178.369140625 
 2068 , 88.701171875 
 2069 , 61.833984375 
 2070 , 116.958984375 
 2071 , 150.45703125 
 2072 , 146.427734375 
 2073 , 138.638671875 
 2074 , 146.943359375 
 2075 , 175.45703125 
 2076 , 199.345703125 
 2077 , 202.9765625 
 2078 , 193.3671875 
 2079 , 176.80859375 
 2080 , 157.265625 
 2081 , 137.16015625 
 2082 , 117.658203125 
 2083 , 90.748046875 
 2084 , 54.810546875 
 2085 , 47.509765625 
 2086 , 78.94921875 
 2087 , 88.216796875 
 2088 , 63.46484375 
 2089 , 56.62890625 
 2090 , 66.939453125 
 2091 , 61.119140625 
 2092 , 55.80859375 
 2093 , 75.326171875 
 2094 , 92.99609375 
 2095 , 95.451171875 
 2096 , 120.26171875 
 2097 , 167.73046875 
 2098 , 191.5546875 
 2099 , 190.6328125 
 2100 , 192.9375 
 2101 , 201.353515625 
 2102 , 207.421875 
 2103 , 199.23046875 
 2104 , 183.8359375 
 2105 , 203.865234375 
 2106 , 246.033203125 
 2107 , 241.392578125 
 2108 , 211.98046875 
 2109 , 220.85546875 
 2110 , 235.70703125 
 2111 , 215.107421875 
 2112 , 189.443359375 
 2113 , 179.60546875 
 2114 , 171.7578125 
 2115 , 141.626953125 
 2116 , 67.654296875 
 2117 , 6.322265625 
 2118 , 26.021484375 
 2119 , 60.23046875 
 2120 , 48.669921875 
 2121 , 41.791015625 
 2122 , 69.3046875 
 2123 , 110.15234375 
 2124 , 154.046875 
 2125 , 198.166015625 
 2126 , 229.150390625 
 2127 , 233.59765625 
 2128 , 217.341796875 
 2129 , 194.501953125 
 2130 , 185.26953125 
 2131 , 195.486328125 
 2132 , 213.5859375 
 2133 , 217.6484375 
 2134 , 188.265625 
 2135 , 154.826171875 
 2136 , 143.69921875 
 2137 , 125.2421875 
 2138 , 91.228515625 
 2139 , 79.22265625 
 2140 , 88.15625 
 2141 , 85.361328125 
 2142 , 79.130859375 
 2143 , 91.9609375 
 2144 , 123.2890625 
 2145 , 156.658203125 
 2146 , 156.71875 
 2147 , 140.603515625 
 2148 , 176.537109375 
 2149 , 220.884765625 
 2150 , 185.873046875 
 2151 , 124.66796875 
 2152 , 102.123046875 
 2153 , 91.0234375 
 2154 , 68.884765625 
 2155 , 42.103515625 
 2156 , 26.556640625 
 2157 , 38.365234375 
 2158 , 44.958984375 
 2159 , 17.5 
 2160 , 6.939453125 
 2161 , 44.763671875 
 2162 , 99.423828125 
 2163 , 127.068359375 
 2164 , 89.458984375 
 2165 , 42.95703125 
 2166 , 59.53125 
 2167 , 83.009765625 
 2168 , 73.6328125 
 2169 , 92.60546875 
 2170 , 142.822265625 
 2171 , 158.080078125 
 2172 , 152.052734375 
 2173 , 171.37109375 
 2174 , 188.443359375 
 2175 , 179.92578125 
 2176 , 183.44921875 
 2177 , 212.572265625 
 2178 , 240.380859375 
 2179 , 232.794921875 
 2180 , 168.267578125 
 2181 , 108.365234375 
 2182 , 109.404296875 
 2183 , 143.69921875 
 2184 , 187.669921875 
 2185 , 238.365234375 
 2186 , 260.20703125 
 2187 , 212.130859375 
 2188 , 158.9296875 
 2189 , 165.021484375 
 2190 , 188.462890625 
 2191 , 194.615234375 
 2192 , 186.525390625 
 2193 , 183.578125 
 2194 , 206.3515625 
 2195 , 229.990234375 
 2196 , 227.26953125 
 2197 , 208.478515625 
 2198 , 179.171875 
 2199 , 133.1015625 
 2200 , 109.53515625 
 2201 , 159.033203125 
 2202 , 200.96875 
 2203 , 160.615234375 
 2204 , 112.00390625 
 2205 , 107.50390625 
 2206 , 132.234375 
 2207 , 146.017578125 
 2208 , 114.287109375 
 2209 , 111.12890625 
 2210 , 185.84765625 
 2211 , 227.0390625 
 2212 , 200.986328125 
 2213 , 199.53125 
 2214 , 207.580078125 
 2215 , 157.970703125 
 2216 , 80.701171875 
 2217 , 23.3125 
 2218 , 0.95703125 
 2219 , 15.83984375 
 2220 , 59.3828125 
 2221 , 105.771484375 
 2222 , 125.759765625 
 2223 , 121.224609375 
 2224 , 101.6328125 
 2225 , 76.705078125 
 2226 , 61.25 
 2227 , 76.93359375 
 2228 , 109.59765625 
 2229 , 129.025390625 
 2230 , 119.8125 
 2231 , 86.2578125 
 2232 , 59.400390625 
 2233 , 59.83984375 
 2234 , 90.439453125 
 2235 , 112.642578125 
 2236 , 94.15625 
 2237 , 74.5390625 
 2238 , 78.248046875 
 2239 , 90.068359375 
 2240 , 110.0390625 
 2241 , 140.841796875 
 2242 , 141.93359375 
 2243 , 96.3984375 
 2244 , 75.171875 
 2245 , 92.701171875 
 2246 , 89.57421875 
 2247 , 68.548828125 
 2248 , 66.548828125 
 2249 , 104.251953125 
 2250 , 168.69140625 
 2251 , 199.88671875 
 2252 , 191.8515625 
 2253 , 184.115234375 
 2254 , 181.470703125 
 2255 , 176.0078125 
 2256 , 163.169921875 
 2257 , 149.376953125 
 2258 , 154.90625 
 2259 , 173.44140625 
 2260 , 182.453125 
 2261 , 167.623046875 
 2262 , 136.08984375 
 2263 , 131.4453125 
 2264 , 138.40625 
 2265 , 93.75 
 2266 , 56.50390625 
 2267 , 94.98046875 
 2268 , 115.06640625 
 2269 , 83.7890625 
 2270 , 98.6015625 
 2271 , 140.68359375 
 2272 , 125.732421875 
 2273 , 86.201171875 
 2274 , 66.939453125 
 2275 , 62.189453125 
 2276 , 66.07421875 
 2277 , 73.513671875 
 2278 , 72.505859375 
 2279 , 58.625 
 2280 , 52.4453125 
 2281 , 64.736328125 
 2282 , 89.41015625 
 2283 , 109.978515625 
 2284 , 106.619140625 
 2285 , 81.052734375 
 2286 , 50.80859375 
 2287 , 49.27734375 
 2288 , 66.146484375 
 2289 , 59.935546875 
 2290 , 59.19921875 
 2291 , 89.205078125 
 2292 , 87.328125 
 2293 , 50.798828125 
 2294 , 58.75 
 2295 , 88.20703125 
 2296 , 77.958984375 
 2297 , 55.53125 
 2298 , 55.111328125 
 2299 , 87.0234375 
 2300 , 121.18359375 
 2301 , 112.404296875 
 2302 , 74.341796875 
 2303 , 23.94921875 
 2304 ,-29.0234375 
 2305 ,-41.19921875 
 2306 , 42.4375 
 2307 , 134.767578125 
 2308 , 144.677734375 
 2309 , 146.4765625 
 2310 , 173.380859375 
 2311 , 186.783203125 
 2312 , 174.52734375 
 2313 , 135.474609375 
 2314 , 108.236328125 
 2315 , 114.560546875 
 2316 , 136.1640625 
 2317 , 145.158203125 
 2318 , 121.052734375 
 2319 , 70.302734375 
 2320 , 16.05859375 
 2321 ,-4.181640625 
 2322 , 2.759765625 
 2323 , 3.708984375 
 2324 , 11.01953125 
 2325 , 30.734375 
 2326 , 36.15234375 
 2327 , 32.30078125 
 2328 , 59.0625 
 2329 , 75.072265625 
 2330 , 10 
 2331 , 10 
 2332 , 10 
 2333 , 10 
 2334 , 10 
 2335 , 10 
 2336 , 10 
 2337 , 10 
 2338 , 10 
 2339 , 10 
