11-20-2017,16:55:41
Wavenumber(cm-1),Intensity
 250 , 23331.9348362666 
 251 , 23340.5397485205 
 252 , 23347.8076218099 
 253 , 23357.3269987522 
 254 , 23369.5272842814 
 255 , 23384.5367081954 
 256 , 23402.1528914478 
 257 , 23421.9275488037 
 258 , 23443.2413968542 
 259 , 23464.5827085368 
 260 , 23484.1472095906 
 261 , 23501.9797483338 
 262 , 23522.3821341347 
 263 , 23550.0845073626 
 264 , 23585.5270668676 
 265 , 23624.6163569689 
 266 , 23663.375387948 
 267 , 23700.5452893502 
 268 , 23736.1914531637 
 269 , 23771.0357937294 
 270 , 23807.9482676428 
 271 , 23850.1841324335 
 272 , 23897.9638386655 
 273 , 23947.0868137355 
 274 , 23993.3409068812 
 275 , 24036.6550272806 
 276 , 24079.7369739533 
 277 , 24124.6426464891 
 278 , 24170.1441594835 
 279 , 24214.067557408 
 280 , 24255.6915054138 
 281 , 24297.143728564 
 282 , 24340.6787045441 
 283 , 24384.7224631382 
 284 , 24424.3033482115 
 285 , 24454.9039691804 
 286 , 24475.6590410576 
 287 , 24487.1441871005 
 288 , 24492.3833909215 
 289 , 24500.7171198879 
 290 , 24522.2021404281 
 291 , 24558.4185523787 
 292 , 24601.3269470928 
 293 , 24642.8688221269 
 294 , 24679.2555960421 
 295 , 24708.8605269619 
 296 , 24730.9509850051 
 297 , 24747.7093694975 
 298 , 24761.9375625336 
 299 , 24777.1336508783 
 300 , 24797.7762966064 
 301 , 24827.7271576817 
 302 , 24863.1373334689 
 303 , 24895.3312342 
 304 , 24918.5835338579 
 305 , 24939.7145989225 
 306 , 24968.7215429285 
 307 , 25009.6866632292 
 308 , 25056.6423780084 
 309 , 25102.6333054704 
 310 , 25140.5423676474 
 311 , 25163.1317894871 
 312 , 25168.1831833999 
 313 , 25178.6085724852 
 314 , 25225.0042932024 
 315 , 25316.7612420475 
 316 , 25421.0295057375 
 317 , 25501.6424392849 
 318 , 25552.4747668412 
 319 , 25593.2614164747 
 320 , 25640.8098352802 
 321 , 25689.9199659299 
 322 , 25727.467040157 
 323 , 25748.1938357427 
 324 , 25764.6949990907 
 325 , 25791.3245216584 
 326 , 25827.4354632389 
 327 , 25857.9565006756 
 328 , 25870.8758569079 
 329 , 25878.1343329331 
 330 , 25901.3191603407 
 331 , 25951.9930945934 
 332 , 26016.6114866276 
 333 , 26078.156004115 
 334 , 26129.0689169329 
 335 , 26171.6418455988 
 336 , 26208.485446227 
 337 , 26241.2031363562 
 338 , 26270.9576257731 
 339 , 26297.6468241914 
 340 , 26317.8033988451 
 341 , 26327.6334191866 
 342 , 26329.5235662992 
 343 , 26332.6144749328 
 344 , 26345.1322082009 
 345 , 26365.8840419518 
 346 , 26389.4072520657 
 347 , 26411.2961703513 
 348 , 26430.1078442145 
 349 , 26444.9461945648 
 350 , 26456.1079544234 
 351 , 26465.2162425816 
 352 , 26474.5546155404 
 353 , 26490.8739005123 
 354 , 26522.9588081371 
 355 , 26574.4926217331 
 356 , 26635.1634869511 
 357 , 26692.613726402 
 358 , 26743.4424859336 
 359 , 26794.0745222238 
 360 , 26850.5703192739 
 361 , 26912.6345980662 
 362 , 26977.1437783285 
 363 , 27042.3490089855 
 364 , 27110.1597637865 
 365 , 27182.8125105513 
 366 , 27255.7920081566 
 367 , 27317.4987932821 
 368 , 27358.3277550102 
 369 , 27384.6635358864 
 370 , 27409.5878407767 
 371 , 27440.8278874494 
 372 , 27472.9106035507 
 373 , 27498.7920661592 
 374 , 27520.5811425962 
 375 , 27549.2931076903 
 376 , 27593.3771150256 
 377 , 27643.1104184276 
 378 , 27681.8640942006 
 379 , 27701.3323119095 
 380 , 27711.6569948285 
 381 , 27725.1727873946 
 382 , 27749.0967432638 
 383 , 27786.1682785866 
 384 , 27837.3556032406 
 385 , 27894.882710882 
 386 , 27948.0855959366 
 387 , 27992.1163183616 
 388 , 28033.3792043968 
 389 , 28079.2273897355 
 390 , 28132.0387657801 
 391 , 28190.3982736136 
 392 , 28252.2075570602 
 393 , 28312.693960049 
 394 , 28366.3295732437 
 395 , 28407.9273335461 
 396 , 28432.8597720914 
 397 , 28438.075238743 
 398 , 28438.1513016486 
 399 , 28458.998625316 
 400 , 28516.2807821153 
 401 , 28586.9833005991 
 402 , 28639.6292827844 
 403 , 28664.0412912297 
 404 , 28678.8956469746 
 405 , 28703.9048788332 
 406 , 28749.7608281516 
 407 , 28822.4285763595 
 408 , 28920.7822491891 
 409 , 29023.077070976 
 410 , 29104.4311028154 
 411 , 29156.4170339342 
 412 , 29188.4943753063 
 413 , 29210.7173602526 
 414 , 29231.104143811 
 415 , 29256.8259532085 
 416 , 29292.1869233795 
 417 , 29335.0489861304 
 418 , 29382.2808322724 
 419 , 29428.7803685283 
 420 , 29467.7767823139 
 421 , 29494.9822682135 
 422 , 29518.5711594405 
 423 , 29550.448879441 
 424 , 29595.5142570124 
 425 , 29646.8095459124 
 426 , 29696.753988635 
 427 , 29743.746483453 
 428 , 29789.9979614534 
 429 , 29836.102603081 
 430 , 29876.750186841 
 431 , 29905.5056653179 
 432 , 29922.0657715417 
 433 , 29933.7662864442 
 434 , 29948.2324874483 
 435 , 29971.6446718327 
 436 , 30009.5021969232 
 437 , 30062.0108151856 
 438 , 30116.3810130349 
 439 , 30158.6235796361 
 440 , 30189.1496474103 
 441 , 30221.2462502385 
 442 , 30265.0605277645 
 443 , 30312.512665043 
 444 , 30349.902349217 
 445 , 30374.6522103119 
 446 , 30403.0088240762 
 447 , 30450.9933160029 
 448 , 30512.0954357046 
 449 , 30565.8363596212 
 450 , 30597.6323846173 
 451 , 30613.0860151452 
 452 , 30622.0073530315 
 453 , 30635.4116431048 
 454 , 30665.6977356466 
 455 , 30722.4703932046 
 456 , 30796.1631963696 
 457 , 30869.3896545267 
 458 , 30930.5066647276 
 459 , 30980.1114723648 
 460 , 31020.4481100474 
 461 , 31054.9856062302 
 462 , 31088.1231371432 
 463 , 31123.1391593652 
 464 , 31158.6511463341 
 465 , 31192.0745300342 
 466 , 31220.1785730836 
 467 , 31238.8564487356 
 468 , 31245.2915790963 
 469 , 31247.5082874253 
 470 , 31258.7258751374 
 471 , 31287.1556964628 
 472 , 31328.680653527 
 473 , 31377.4606502012 
 474 , 31429.8752419227 
 475 , 31484.1953316459 
 476 , 31538.7003816063 
 477 , 31591.4330714127 
 478 , 31640.3650806695 
 479 , 31683.2822376523 
 480 , 31717.6968453759 
 481 , 31741.8070539089 
 482 , 31759.9619144358 
 483 , 31779.664755784 
 484 , 31804.4335384691 
 485 , 31827.4565392763 
 486 , 31840.9027959255 
 487 , 31848.3687755599 
 488 , 31863.4885754226 
 489 , 31897.2256134663 
 490 , 31946.5937410538 
 491 , 32004.6237809636 
 492 , 32067.0690608591 
 493 , 32133.6767584478 
 494 , 32203.8014448448 
 495 , 32270.7756600394 
 496 , 32324.9145453377 
 497 , 32361.5970612483 
 498 , 32388.7812954827 
 499 , 32415.6408563868 
 500 , 32439.6205779023 
 501 , 32448.4041808235 
 502 , 32435.5088244001 
 503 , 32420.6261414475 
 504 , 32429.9989075191 
 505 , 32471.7390650508 
 506 , 32529.6208955054 
 507 , 32587.1457533152 
 508 , 32638.4853276354 
 509 , 32682.623198322 
 510 , 32719.324448709 
 511 , 32749.999512493 
 512 , 32776.2260111818 
 513 , 32798.919490102 
 514 , 32818.5159779175 
 515 , 32836.6042284557 
 516 , 32858.9323864425 
 517 , 32891.8284281904 
 518 , 32931.5007543399 
 519 , 32962.7229338972 
 520 , 32973.2537009719 
 521 , 32972.1828678116 
 522 , 32976.3378239999 
 523 , 32994.7173536678 
 524 , 33022.6076054555 
 525 , 33054.1837046982 
 526 , 33086.3499057616 
 527 , 33117.5880759973 
 528 , 33147.6434469591 
 529 , 33179.661412362 
 530 , 33217.329083227 
 531 , 33263.7151426285 
 532 , 33321.3467882524 
 533 , 33389.1990318703 
 534 , 33450.976825675 
 535 , 33486.7825143207 
 536 , 33497.0972484353 
 537 , 33508.9491028276 
 538 , 33546.548360846 
 539 , 33602.7023398789 
 540 , 33657.1920839777 
 541 , 33701.0727855594 
 542 , 33747.2548851364 
 543 , 33809.3833960047 
 544 , 33881.6559741403 
 545 , 33946.1876129021 
 546 , 33989.8952985771 
 547 , 34014.0629271522 
 548 , 34022.9459029859 
 549 , 34028.3953308147 
 550 , 34049.0796935608 
 551 , 34099.4403933314 
 552 , 34174.5772942959 
 553 , 34264.3116785837 
 554 , 34356.7033729643 
 555 , 34437.5679204022 
 556 , 34495.9883349645 
 557 , 34543.1138157068 
 558 , 34598.742952946 
 559 , 34670.8991563367 
 560 , 34746.4022935159 
 561 , 34810.0437401316 
 562 , 34848.4222289255 
 563 , 34849.1863257599 
 564 , 34811.6524629627 
 565 , 34764.7192338161 
 566 , 34740.3284533949 
 567 , 34746.2621056259 
 568 , 34771.4315523555 
 569 , 34805.6360225985 
 570 , 34843.6680217505 
 571 , 34881.5352448185 
 572 , 34917.6402517143 
 573 , 34952.9204390063 
 574 , 34987.8935621272 
 575 , 35020.3384116537 
 576 , 35047.2221249817 
 577 , 35068.0079045462 
 578 , 35085.696334284 
 579 , 35103.3927690527 
 580 , 35123.0429297484 
 581 , 35146.1022110826 
 582 , 35175.1354313269 
 583 , 35214.8018707728 
 584 , 35268.4868493719 
 585 , 35324.5534332053 
 586 , 35362.7593856744 
 587 , 35371.8751873965 
 588 , 35363.4459122429 
 589 , 35351.9804495901 
 590 , 35344.3384657733 
 591 , 35341.6648494209 
 592 , 35343.4960948505 
 593 , 35344.509077829 
 594 , 35338.9351989293 
 595 , 35332.7879708754 
 596 , 35343.3230429804 
 597 , 35382.342411423 
 598 , 35436.0604659161 
 599 , 35484.127538498 
 600 , 35518.2916516431 
 601 , 35544.8396909349 
 602 , 35571.0568891398 
 603 , 35604.9964787101 
 604 , 35654.7975708082 
 605 , 35718.6219161543 
 606 , 35779.6940299239 
 607 , 35823.0148943973 
 608 , 35855.3035436612 
 609 , 35892.7490278813 
 610 , 35942.9466340487 
 611 , 35997.5332692416 
 612 , 36047.3503912073 
 613 , 36091.8664470408 
 614 , 36135.2287796727 
 615 , 36181.3676740818 
 616 , 36233.6172918724 
 617 , 36294.6934693688 
 618 , 36360.9299307816 
 619 , 36424.4784838511 
 620 , 36481.9292095273 
 621 , 36542.2698673401 
 622 , 36615.4732834965 
 623 , 36694.3029058296 
 624 , 36758.0887318048 
 625 , 36793.6767010135 
 626 , 36813.9421206763 
 627 , 36836.4445698703 
 628 , 36865.1925054229 
 629 , 36891.7967514947 
 630 , 36910.0055166314 
 631 , 36923.7675253999 
 632 , 36939.3666365255 
 633 , 36958.7070872818 
 634 , 36979.0614735862 
 635 , 36998.0126995737 
 636 , 37015.5993308436 
 637 , 37032.5294184205 
 638 , 37048.2573111997 
 639 , 37060.7243047697 
 640 , 37069.4309353151 
 641 , 37082.6731359777 
 642 , 37111.394769255 
 643 , 37154.7998058752 
 644 , 37196.1221453995 
 645 , 37221.8536432342 
 646 , 37245.2611207767 
 647 , 37289.3276205038 
 648 , 37357.0774252695 
 649 , 37421.2870354063 
 650 , 37455.8635892244 
 651 , 37459.7274756757 
 652 , 37442.3242329697 
 653 , 37416.0789094856 
 654 , 37398.3176038735 
 655 , 37404.3202810651 
 656 , 37430.2606489909 
 657 , 37463.5509006874 
 658 , 37493.8934988966 
 659 , 37515.2151910535 
 660 , 37523.9665786366 
 661 , 37533.9406907607 
 662 , 37567.4212226606 
 663 , 37631.4644696806 
 664 , 37703.4973484585 
 665 , 37759.4354080263 
 666 , 37792.1496794447 
 667 , 37803.5209031257 
 668 , 37800.8657997697 
 669 , 37802.4776821217 
 670 , 37825.9794719803 
 671 , 37869.7089090863 
 672 , 37921.3121482363 
 673 , 37972.9561068571 
 674 , 38026.7272475865 
 675 , 38085.070973781 
 676 , 38141.2321175951 
 677 , 38183.1973832405 
 678 , 38206.4166823953 
 679 , 38222.9213257092 
 680 , 38246.526826272 
 681 , 38286.6594931516 
 682 , 38350.1171162331 
 683 , 38433.4995223789 
 684 , 38510.6691711944 
 685 , 38555.6999545873 
 686 , 38576.9132155356 
 687 , 38602.8473238834 
 688 , 38644.2994119349 
 689 , 38671.7352102309 
 690 , 38654.7461569508 
 691 , 38610.4381209136 
 692 , 38583.8392896557 
 693 , 38602.362748728 
 694 , 38653.6667634659 
 695 , 38719.6467076421 
 696 , 38777.7889312626 
 697 , 38803.1351049792 
 698 , 38789.8828460668 
 699 , 38773.5507169724 
 700 , 38790.8557990575 
 701 , 38838.2551064467 
 702 , 38889.6892936736 
 703 , 38923.1750938361 
 704 , 38925.6741412238 
 705 , 38888.9174775221 
 706 , 38838.0085616919 
 707 , 38815.7111182099 
 708 , 38841.9134107679 
 709 , 38891.3238207421 
 710 , 38935.9127918805 
 711 , 38968.9376029438 
 712 , 38994.3677662167 
 713 , 39015.6997430613 
 714 , 39035.4128254969 
 715 , 39054.8968811309 
 716 , 39067.9360222334 
 717 , 39064.8650993699 
 718 , 39044.1351820568 
 719 , 39017.9773870887 
 720 , 38998.9659986261 
 721 , 38992.7405660748 
 722 , 39001.9241706486 
 723 , 39026.0255606402 
 724 , 39059.7600963468 
 725 , 39098.2015334173 
 726 , 39141.2202004299 
 727 , 39190.3776046397 
 728 , 39240.1548139218 
 729 , 39275.1737493215 
 730 , 39283.4855960891 
 731 , 39275.9552830712 
 732 , 39270.9861849708 
 733 , 39278.4349373507 
 734 , 39297.5625709046 
 735 , 39327.9930412308 
 736 , 39374.2138604134 
 737 , 39441.5189867783 
 738 , 39517.9565051301 
 739 , 39572.7883957545 
 740 , 39584.5245709515 
 741 , 39573.2445213899 
 742 , 39568.9469971775 
 743 , 39587.5933249043 
 744 , 39631.8655409004 
 745 , 39697.7369941595 
 746 , 39759.8821110785 
 747 , 39790.2600101334 
 748 , 39791.020324876 
 749 , 39788.7780761255 
 750 , 39801.6660991846 
 751 , 39821.4317839068 
 752 , 39835.8526162217 
 753 , 39842.0168016323 
 754 , 39843.3933619262 
 755 , 39844.7819756806 
 756 , 39853.8457534596 
 757 , 39877.4018525745 
 758 , 39909.823702391 
 759 , 39938.4591218877 
 760 , 39957.8979981113 
 761 , 39976.9797292495 
 762 , 40004.175124095 
 763 , 40032.4629592609 
 764 , 40047.7966559024 
 765 , 40047.3820310851 
 766 , 40046.2939315113 
 767 , 40058.1134732261 
 768 , 40077.9367078836 
 769 , 40094.1191632454 
 770 , 40100.0701462366 
 771 , 40095.663469507 
 772 , 40081.7742584803 
 773 , 40061.9839285306 
 774 , 40040.6281727996 
 775 , 40021.2459816747 
 776 , 40006.5645281752 
 777 , 40001.932469789 
 778 , 40022.1968768767 
 779 , 40081.9933784978 
 780 , 40158.7069407619 
 781 , 40199.8341309974 
 782 , 40177.7253028463 
 783 , 40134.5040574302 
 784 , 40120.1290305896 
 785 , 40141.3603246229 
 786 , 40178.0527021742 
 787 , 40212.5004140781 
 788 , 40232.852646771 
 789 , 40231.9475783764 
 790 , 40233.8830818185 
 791 , 40277.047688112 
 792 , 40369.0147574904 
 793 , 40469.3505815589 
 794 , 40540.8807385341 
 795 , 40588.2245916519 
 796 , 40630.2720327314 
 797 , 40674.018391284 
 798 , 40712.5490479169 
 799 , 40739.6302082026 
 800 , 40754.9651924563 
 801 , 40760.0471201534 
 802 , 40761.6123853508 
 803 , 40770.9525675909 
 804 , 40795.2296081109 
 805 , 40829.3146905479 
 806 , 40865.8775506808 
 807 , 40897.4766801649 
 808 , 40916.6188817454 
 809 , 40918.6046043865 
 810 , 40904.4370605886 
 811 , 40876.8102721147 
 812 , 40845.9185007194 
 813 , 40825.3152092875 
 814 , 40825.567920597 
 815 , 40852.8756976624 
 816 , 40908.3312496255 
 817 , 40968.9070494706 
 818 , 41004.8580968044 
 819 , 41008.4584777604 
 820 , 40994.7519880769 
 821 , 40979.1023009054 
 822 , 40974.3864711292 
 823 , 40991.7380833545 
 824 , 41025.6091668624 
 825 , 41058.3596447087 
 826 , 41077.7651691958 
 827 , 41084.6063411654 
 828 , 41081.2121199492 
 829 , 41067.7270411797 
 830 , 41043.2916496268 
 831 , 41012.1289374657 
 832 , 40986.3497727924 
 833 , 40976.4385366334 
 834 , 40980.6519946316 
 835 , 40993.1829730429 
 836 , 41007.6051396668 
 837 , 41016.8435831271 
 838 , 41016.0779850659 
 839 , 41008.2263677163 
 840 , 40997.9324104712 
 841 , 40991.0212594117 
 842 , 40994.1211244384 
 843 , 41007.8473049787 
 844 , 41019.7311458195 
 845 , 41018.1324098313 
 846 , 41010.8850920438 
 847 , 41014.5661726839 
 848 , 41033.5823074225 
 849 , 41055.117989131 
 850 , 41067.9274302705 
 851 , 41074.0747862321 
 852 , 41078.8665055693 
 853 , 41075.396791959 
 854 , 41045.5732820248 
 855 , 40986.6624138843 
 856 , 40940.5611812627 
 857 , 40951.576669156 
 858 , 41008.3218968984 
 859 , 41066.9336972597 
 860 , 41102.30132205 
 861 , 41122.8826690643 
 862 , 41139.6123510868 
 863 , 41158.0931315163 
 864 , 41181.8576178228 
 865 , 41210.5375780058 
 866 , 41239.4821102002 
 867 , 41265.1238954927 
 868 , 41288.3333642299 
 869 , 41310.9225273624 
 870 , 41334.6731021219 
 871 , 41361.348619002 
 872 , 41393.0623066374 
 873 , 41432.6322015416 
 874 , 41484.2473898831 
 875 , 41560.7296938544 
 876 , 41677.6840283232 
 877 , 41824.8348461915 
 878 , 41960.4087593566 
 879 , 42053.7315840285 
 880 , 42122.9939263288 
 881 , 42196.2417280418 
 882 , 42278.8889942882 
 883 , 42359.7014661031 
 884 , 42422.6415010698 
 885 , 42442.2429419487 
 886 , 42398.2409720052 
 887 , 42315.481901019 
 888 , 42237.2306497858 
 889 , 42173.515044147 
 890 , 42092.879565296 
 891 , 41972.5607296352 
 892 , 41832.6023236228 
 893 , 41702.3376706746 
 894 , 41599.3351652423 
 895 , 41532.5359483338 
 896 , 41501.8693618191 
 897 , 41488.9219200185 
 898 , 41475.1070387042 
 899 , 41456.0229377181 
 900 , 41433.0796915473 
 901 , 41407.0378901457 
 902 , 41377.8716781498 
 903 , 41347.0306043931 
 904 , 41321.2811794574 
 905 , 41307.8790797033 
 906 , 41305.8920489779 
 907 , 41308.936227977 
 908 , 41311.9509754984 
 909 , 41312.5342416941 
 910 , 41308.7427455352 
 911 , 41299.6095481187 
 912 , 41284.6748551967 
 913 , 41267.2341830353 
 914 , 41254.453934423 
 915 , 41250.5420351324 
 916 , 41250.4373952108 
 917 , 41248.1277537128 
 918 , 41244.9322485759 
 919 , 41246.2437810099 
 920 , 41253.9587791046 
 921 , 41264.4770718098 
 922 , 41274.3619766193 
 923 , 41283.1344323893 
 924 , 41290.9854030624 
 925 , 41294.9171412139 
 926 , 41289.2894061687 
 927 , 41273.6097671023 
 928 , 41259.4332954063 
 929 , 41257.9667087737 
 930 , 41265.8000765728 
 931 , 41273.3504951151 
 932 , 41277.6765020923 
 933 , 41283.8083394133 
 934 , 41297.3464608172 
 935 , 41324.2361984635 
 936 , 41368.026294245 
 937 , 41404.8450164554 
 938 , 41394.150957087 
 939 , 41326.8741989895 
 940 , 41246.9965801892 
 941 , 41195.6171269188 
 942 , 41174.9080851927 
 943 , 41175.2732398856 
 944 , 41189.8536496816 
 945 , 41214.1344798837 
 946 , 41243.9776594724 
 947 , 41275.93803095 
 948 , 41306.5425796438 
 949 , 41331.4513664564 
 950 , 41346.268446693 
 951 , 41355.7150836128 
 952 , 41374.8639819247 
 953 , 41410.6035715791 
 954 , 41442.5941043172 
 955 , 41448.1016836603 
 956 , 41432.4225159497 
 957 , 41416.348449069 
 958 , 41407.6211453119 
 959 , 41394.5391390303 
 960 , 41368.2741074918 
 961 , 41338.2754970813 
 962 , 41317.703592821 
 963 , 41306.1881159024 
 964 , 41293.7295754835 
 965 , 41277.3451829244 
 966 , 41267.4976956652 
 967 , 41272.6993091979 
 968 , 41283.3013715826 
 969 , 41284.2708485619 
 970 , 41272.2730100094 
 971 , 41254.3323940755 
 972 , 41237.7995234022 
 973 , 41229.9516853703 
 974 , 41237.4920352071 
 975 , 41263.363596608 
 976 , 41308.3466284303 
 977 , 41357.1689188492 
 978 , 41377.5387147482 
 979 , 41353.703411524 
 980 , 41318.1958201865 
 981 , 41307.8036920508 
 982 , 41326.1127544037 
 983 , 41360.5855096215 
 984 , 41400.994569375 
 985 , 41440.1115975084 
 986 , 41471.7158262913 
 987 , 41492.2738602776 
 988 , 41499.3168132661 
 989 , 41495.3823975748 
 990 , 41485.9475716014 
 991 , 41482.3044627595 
 992 , 41503.8929368278 
 993 , 41561.1343981373 
 994 , 41628.3941133855 
 995 , 41674.7735290428 
 996 , 41705.0066695955 
 997 , 41746.0144494737 
 998 , 41811.1851665673 
 999 , 41892.274069532 
 1000 , 41984.4527982215 
 1001 , 42104.8556973061 
 1002 , 42274.2462888832 
 1003 , 42487.3645770437 
 1004 , 42721.1054709895 
 1005 , 42946.9878246346 
 1006 , 43128.0897579436 
 1007 , 43226.3896397667 
 1008 , 43202.5582535674 
 1009 , 43022.5520979131 
 1010 , 42729.0933726722 
 1011 , 42419.7919412711 
 1012 , 42153.3267593788 
 1013 , 41917.8786062117 
 1014 , 41702.1460287251 
 1015 , 41530.4012355439 
 1016 , 41434.3598322762 
 1017 , 41405.1910361659 
 1018 , 41404.2012625986 
 1019 , 41405.2793631992 
 1020 , 41406.0486590936 
 1021 , 41406.6722282568 
 1022 , 41407.6943729445 
 1023 , 41409.1995442922 
 1024 , 41403.2297669966 
 1025 , 41376.0786673021 
 1026 , 41330.8794705608 
 1027 , 41300.7518140627 
 1028 , 41313.9124054038 
 1029 , 41362.1311058916 
 1030 , 41426.6769050667 
 1031 , 41487.7167721905 
 1032 , 41524.8657568682 
 1033 , 41536.2151954487 
 1034 , 41551.2485777801 
 1035 , 41590.6523303376 
 1036 , 41623.7956393203 
 1037 , 41610.4421117225 
 1038 , 41563.6860302895 
 1039 , 41532.2762209727 
 1040 , 41535.7128679613 
 1041 , 41546.0059821796 
 1042 , 41538.7952161419 
 1043 , 41520.9156533031 
 1044 , 41506.1766082912 
 1045 , 41499.7800509515 
 1046 , 41501.5339922052 
 1047 , 41509.024555748 
 1048 , 41516.7481109599 
 1049 , 41521.528127686 
 1050 , 41529.270561732 
 1051 , 41546.4201223672 
 1052 , 41565.4257761419 
 1053 , 41571.3087576476 
 1054 , 41561.3137836993 
 1055 , 41548.4068980867 
 1056 , 41541.2988131492 
 1057 , 41532.5724863046 
 1058 , 41513.4476877809 
 1059 , 41488.7600263037 
 1060 , 41469.5824486427 
 1061 , 41459.1431862024 
 1062 , 41451.9825383818 
 1063 , 41443.3297441344 
 1064 , 41431.3303630036 
 1065 , 41414.6980381125 
 1066 , 41392.8422782913 
 1067 , 41365.5552983687 
 1068 , 41334.7152503107 
 1069 , 41304.0954727187 
 1070 , 41271.8315060733 
 1071 , 41224.0416918975 
 1072 , 41151.9650470023 
 1073 , 41081.3206416592 
 1074 , 41046.8850590965 
 1075 , 41052.8780402826 
 1076 , 41080.4335210991 
 1077 , 41111.0828537129 
 1078 , 41127.9894853537 
 1079 , 41121.242385834 
 1080 , 41108.1971148936 
 1081 , 41110.7708145077 
 1082 , 41126.6509656539 
 1083 , 41139.2116144037 
 1084 , 41139.2154305105 
 1085 , 41127.4649340266 
 1086 , 41108.1633369056 
 1087 , 41093.7535355197 
 1088 , 41095.1265831035 
 1089 , 41099.6346431134 
 1090 , 41084.7623946404 
 1091 , 41049.1575904663 
 1092 , 41012.946462609 
 1093 , 40986.0121890955 
 1094 , 40953.046347288 
 1095 , 40899.8492238508 
 1096 , 40836.7283602461 
 1097 , 40781.0078833738 
 1098 , 40732.469989056 
 1099 , 40677.7692970626 
 1100 , 40614.3158574637 
 1101 , 40557.6834277973 
 1102 , 40519.7614136103 
 1103 , 40492.2174077452 
 1104 , 40463.0144632194 
 1105 , 40430.0024528409 
 1106 , 40396.2122432927 
 1107 , 40357.9117825963 
 1108 , 40303.3798653898 
 1109 , 40230.281158918 
 1110 , 40161.6530446476 
 1111 , 40120.4268759761 
 1112 , 40104.304751691 
 1113 , 40101.1205186089 
 1114 , 40092.6811149809 
 1115 , 40056.1332373947 
 1116 , 39993.1352919864 
 1117 , 39948.4630932359 
 1118 , 39953.8352322704 
 1119 , 39972.1728049785 
 1120 , 39955.7652968435 
 1121 , 39918.1120806049 
 1122 , 39905.5831784254 
 1123 , 39924.5142727905 
 1124 , 39933.8068155962 
 1125 , 39907.2496391516 
 1126 , 39862.9745078669 
 1127 , 39822.9190696101 
 1128 , 39791.2226004877 
 1129 , 39765.7346319447 
 1130 , 39746.0066833862 
 1131 , 39732.8248552667 
 1132 , 39721.1927139029 
 1133 , 39696.7836449354 
 1134 , 39650.9848224707 
 1135 , 39598.1688262978 
 1136 , 39555.6204419701 
 1137 , 39523.239640341 
 1138 , 39492.644915927 
 1139 , 39460.7054670543 
 1140 , 39429.6371899898 
 1141 , 39394.8549648098 
 1142 , 39336.9591590251 
 1143 , 39248.8459214106 
 1144 , 39189.4623987851 
 1145 , 39227.4357437551 
 1146 , 39324.850411626 
 1147 , 39378.8250466233 
 1148 , 39348.1102071559 
 1149 , 39271.0529543831 
 1150 , 39184.2760134204 
 1151 , 39106.2171516685 
 1152 , 39052.5043778118 
 1153 , 39039.7375865841 
 1154 , 39081.7163296118 
 1155 , 39146.1357510792 
 1156 , 39166.6050644709 
 1157 , 39124.2834249855 
 1158 , 39073.8923274115 
 1159 , 39055.7047263308 
 1160 , 39044.4221092493 
 1161 , 39008.1897048658 
 1162 , 38960.8144439521 
 1163 , 38934.3398516476 
 1164 , 38934.4281909207 
 1165 , 38943.6816611624 
 1166 , 38947.361397579 
 1167 , 38936.6899453639 
 1168 , 38908.2874424624 
 1169 , 38876.2394641702 
 1170 , 38854.3800370981 
 1171 , 38822.5351106786 
 1172 , 38746.6119430391 
 1173 , 38645.7692306078 
 1174 , 38589.9113857085 
 1175 , 38604.8831691254 
 1176 , 38629.3640567448 
 1177 , 38609.8896284632 
 1178 , 38562.1396596955 
 1179 , 38516.4611710198 
 1180 , 38482.6820103625 
 1181 , 38460.0393271899 
 1182 , 38446.400226777 
 1183 , 38438.3210653673 
 1184 , 38429.6634891439 
 1185 , 38409.1178705765 
 1186 , 38369.4902265798 
 1187 , 38322.67245018 
 1188 , 38284.3719955922 
 1189 , 38261.396350443 
 1190 , 38255.3594144989 
 1191 , 38254.6308991073 
 1192 , 38234.4134560573 
 1193 , 38179.9716823332 
 1194 , 38097.1608493888 
 1195 , 37999.2917063427 
 1196 , 37919.7507226548 
 1197 , 37891.4815690406 
 1198 , 37902.1969398264 
 1199 , 37917.7762068705 
 1200 , 37920.7891695769 
 1201 , 37910.0033836902 
 1202 , 37890.6549544539 
 1203 , 37878.5629463997 
 1204 , 37879.1765856471 
 1205 , 37856.2623584448 
 1206 , 37774.336873172 
 1207 , 37675.1981546141 
 1208 , 37632.2092331434 
 1209 , 37649.3452153594 
 1210 , 37670.3591351865 
 1211 , 37661.9378660914 
 1212 , 37631.4185287616 
 1213 , 37589.3653042344 
 1214 , 37544.7253529339 
 1215 , 37504.3781446405 
 1216 , 37463.8922356506 
 1217 , 37415.0314614157 
 1218 , 37359.7015541201 
 1219 , 37307.3093518087 
 1220 , 37259.6998627634 
 1221 , 37207.9255444146 
 1222 , 37145.2468804959 
 1223 , 37072.8612187909 
 1224 , 36995.6136281061 
 1225 , 36930.7173664708 
 1226 , 36897.3661309256 
 1227 , 36891.7825663742 
 1228 , 36895.9698392123 
 1229 , 36895.0426228685 
 1230 , 36877.9334660987 
 1231 , 36837.7662595247 
 1232 , 36776.0279720189 
 1233 , 36698.5517877733 
 1234 , 36624.5394251822 
 1235 , 36574.1666541346 
 1236 , 36547.848908063 
 1237 , 36536.3493176003 
 1238 , 36530.3527002367 
 1239 , 36520.5524178734 
 1240 , 36498.9596234683 
 1241 , 36459.7011203346 
 1242 , 36400.8768283652 
 1243 , 36331.8836748299 
 1244 , 36263.3818892856 
 1245 , 36201.1766174302 
 1246 , 36150.4821215383 
 1247 , 36130.4605775066 
 1248 , 36167.8428148436 
 1249 , 36236.7674277301 
 1250 , 36249.5775489876 
 1251 , 36169.33398778 
 1252 , 36073.8221067631 
 1253 , 36032.0012781429 
 1254 , 36019.8965969945 
 1255 , 35995.8817034383 
 1256 , 35960.0893442092 
 1257 , 35930.9077431004 
 1258 , 35907.1463463704 
 1259 , 35871.5079136886 
 1260 , 35816.7447203292 
 1261 , 35750.9038496218 
 1262 , 35685.3762083197 
 1263 , 35637.1317477675 
 1264 , 35619.1744868762 
 1265 , 35620.8176793862 
 1266 , 35624.7347035497 
 1267 , 35618.9688829458 
 1268 , 35594.9430994506 
 1269 , 35552.927903898 
 1270 , 35501.6913607623 
 1271 , 35451.5937812673 
 1272 , 35415.0701685853 
 1273 , 35399.9423498185 
 1274 , 35399.7336942687 
 1275 , 35403.7551049341 
 1276 , 35392.6810879635 
 1277 , 35347.0025632156 
 1278 , 35276.9624690097 
 1279 , 35210.4236834752 
 1280 , 35164.3663955467 
 1281 , 35144.1085797721 
 1282 , 35145.80629898 
 1283 , 35150.3099533583 
 1284 , 35141.9438846396 
 1285 , 35120.865265977 
 1286 , 35090.5128307047 
 1287 , 35055.3851542762 
 1288 , 35020.163452899 
 1289 , 34987.3924759048 
 1290 , 34958.0718041089 
 1291 , 34927.6729811433 
 1292 , 34885.9908444123 
 1293 , 34828.6047272784 
 1294 , 34761.7312219734 
 1295 , 34692.5883580346 
 1296 , 34628.1570653783 
 1297 , 34574.5716298006 
 1298 , 34533.5762545498 
 1299 , 34505.0455315751 
 1300 , 34485.0172927778 
 1301 , 34467.3257488137 
 1302 , 34446.7902762874 
 1303 , 34419.2693784692 
 1304 , 34384.0356974712 
 1305 , 34345.8077669832 
 1306 , 34308.1463111875 
 1307 , 34270.0772083797 
 1308 , 34229.7729566138 
 1309 , 34185.0075797741 
 1310 , 34133.5323261991 
 1311 , 34073.943881407 
 1312 , 34006.0477661224 
 1313 , 33943.1257171993 
 1314 , 33909.3792198239 
 1315 , 33906.090406095 
 1316 , 33902.4294881019 
 1317 , 33879.3537888705 
 1318 , 33850.128545913 
 1319 , 33827.1322400263 
 1320 , 33801.7244589096 
 1321 , 33762.0127000569 
 1322 , 33708.9573935299 
 1323 , 33649.4676168236 
 1324 , 33597.8006202464 
 1325 , 33572.5654836241 
 1326 , 33573.6329551202 
 1327 , 33580.1600795729 
 1328 , 33575.201745273 
 1329 , 33550.6344310174 
 1330 , 33506.1367578496 
 1331 , 33461.6042151509 
 1332 , 33434.4025332951 
 1333 , 33410.9559653782 
 1334 , 33370.8863602819 
 1335 , 33318.1661047719 
 1336 , 33268.3296333602 
 1337 , 33221.4778165933 
 1338 , 33165.3486110004 
 1339 , 33101.888239925 
 1340 , 33051.8266827507 
 1341 , 33026.1167400095 
 1342 , 33013.0029575089 
 1343 , 32998.5404535905 
 1344 , 32970.839412551 
 1345 , 32922.0113726511 
 1346 , 32864.3072459845 
 1347 , 32816.1397061802 
 1348 , 32787.1816271395 
 1349 , 32781.2786763842 
 1350 , 32785.6959713925 
 1351 , 32773.4970939322 
 1352 , 32734.2450044186 
 1353 , 32680.743448027 
 1354 , 32622.3361657237 
 1355 , 32557.3290738479 
 1356 , 32484.0883692011 
 1357 , 32406.1352900419 
 1358 , 32329.4435215938 
 1359 , 32267.5854997254 
 1360 , 32233.1993696822 
 1361 , 32204.209329291 
 1362 , 32141.8162933165 
 1363 , 32053.7355877486 
 1364 , 31986.9655885666 
 1365 , 31957.9977070733 
 1366 , 31941.795009649 
 1367 , 31917.8017550479 
 1368 , 31880.1061819458 
 1369 , 31827.9056956529 
 1370 , 31771.0137609624 
 1371 , 31718.2762819086 
 1372 , 31663.0003428924 
 1373 , 31596.7268869973 
 1374 , 31537.1674048728 
 1375 , 31512.3457764998 
 1376 , 31512.0661282842 
 1377 , 31498.0006747216 
 1378 , 31451.5188061561 
 1379 , 31377.0332299921 
 1380 , 31282.8510597097 
 1381 , 31181.7900120352 
 1382 , 31087.4297723661 
 1383 , 31014.192326277 
 1384 , 30970.9942466287 
 1385 , 30943.9667393316 
 1386 , 30915.9900260568 
 1387 , 30885.9136690414 
 1388 , 30858.1393962941 
 1389 , 30829.5355892453 
 1390 , 30792.2503272742 
 1391 , 30734.0626026033 
 1392 , 30639.8810991879 
 1393 , 30529.8654467076 
 1394 , 30469.4805786858 
 1395 , 30480.6294158974 
 1396 , 30496.2424616573 
 1397 , 30461.5425862386 
 1398 , 30385.920761351 
 1399 , 30293.4537482856 
 1400 , 30222.4273510794 
 1401 , 30205.8759312783 
 1402 , 30214.1772977721 
 1403 , 30195.8620134508 
 1404 , 30147.1255095351 
 1405 , 30093.1916466632 
 1406 , 30050.8163174245 
 1407 , 30028.3549999884 
 1408 , 30017.5362512479 
 1409 , 29989.188290297 
 1410 , 29931.5972835187 
 1411 , 29868.2464944845 
 1412 , 29820.2338159135 
 1413 , 29791.5098394505 
 1414 , 29783.1302585935 
 1415 , 29796.2509249197 
 1416 , 29827.9269622054 
 1417 , 29849.601688908 
 1418 , 29826.8148008796 
 1419 , 29762.5950200139 
 1420 , 29680.4715226766 
 1421 , 29597.9399548219 
 1422 , 29527.1337778599 
 1423 , 29468.943163024 
 1424 , 29411.8983818906 
 1425 , 29350.280931577 
 1426 , 29288.5436669146 
 1427 , 29233.5472524146 
 1428 , 29195.5601471958 
 1429 , 29181.6147139618 
 1430 , 29186.5801391567 
 1431 , 29198.8002912719 
 1432 , 29187.2006797452 
 1433 , 29122.6719620278 
 1434 , 29031.6685261458 
 1435 , 28961.2203596475 
 1436 , 28920.1501599378 
 1437 , 28894.0338000212 
 1438 , 28872.0379203555 
 1439 , 28846.6788873147 
 1440 , 28810.6216011572 
 1441 , 28756.7800169768 
 1442 , 28691.812567717 
 1443 , 28644.6666038947 
 1444 , 28631.0646204085 
 1445 , 28632.0515104409 
 1446 , 28628.7637903396 
 1447 , 28618.006915367 
 1448 , 28599.5684034805 
 1449 , 28572.5099501714 
 1450 , 28537.8610320896 
 1451 , 28510.9995488213 
 1452 , 28510.8169813951 
 1453 , 28533.9994536908 
 1454 , 28564.6403333108 
 1455 , 28584.7544501112 
 1456 , 28575.8535796192 
 1457 , 28543.3498820251 
 1458 , 28516.9266041393 
 1459 , 28506.4332001521 
 1460 , 28492.5214127616 
 1461 , 28455.7266806242 
 1462 , 28380.4793986231 
 1463 , 28265.6959457455 
 1464 , 28146.5710316584 
 1465 , 28051.8271142334 
 1466 , 27966.4461321941 
 1467 , 27871.3618307879 
 1468 , 27775.8912057007 
 1469 , 27696.0694562171 
 1470 , 27633.4887067765 
 1471 , 27582.0944612158 
 1472 , 27520.7990186011 
 1473 , 27423.5966451022 
 1474 , 27318.1553712158 
 1475 , 27270.3448780429 
 1476 , 27285.7264286877 
 1477 , 27308.9201397531 
 1478 , 27301.4816529807 
 1479 , 27251.0349940962 
 1480 , 27166.9054573162 
 1481 , 27092.9227320399 
 1482 , 27053.6260707103 
 1483 , 27021.2142475539 
 1484 , 26974.0415778674 
 1485 , 26932.0475580887 
 1486 , 26915.686513705 
 1487 , 26914.3637397977 
 1488 , 26911.5502165371 
 1489 , 26902.6752779679 
 1490 , 26886.1867968302 
 1491 , 26851.7513862975 
 1492 , 26787.8146517712 
 1493 , 26712.8068981204 
 1494 , 26661.1960082688 
 1495 , 26636.9820259695 
 1496 , 26620.7041598085 
 1497 , 26601.6056888615 
 1498 , 26578.072584137 
 1499 , 26543.0729854022 
 1500 , 26482.3435096453 
 1501 , 26393.9198673807 
 1502 , 26296.7114270225 
 1503 , 26215.9800313351 
 1504 , 26186.2361045154 
 1505 , 26215.9065067817 
 1506 , 26239.5151832546 
 1507 , 26202.294154283 
 1508 , 26131.1110887955 
 1509 , 26063.5762270618 
 1510 , 26003.7827951039 
 1511 , 25946.4349212514 
 1512 , 25887.8175957371 
 1513 , 25826.2289618409 
 1514 , 25771.258070858 
 1515 , 25735.8332192842 
 1516 , 25711.3253798707 
 1517 , 25677.9871569916 
 1518 , 25643.108492021 
 1519 , 25632.6939260783 
 1520 , 25636.1426235554 
 1521 , 25609.2702269576 
 1522 , 25544.8404004046 
 1523 , 25479.8311812528 
 1524 , 25435.1421072121 
 1525 , 25404.7985997971 
 1526 , 25376.3429941062 
 1527 , 25329.5229963122 
 1528 , 25258.5764619145 
 1529 , 25191.8593742778 
 1530 , 25155.2919926029 
 1531 , 25155.1402339917 
 1532 , 25185.1252281734 
 1533 , 25206.9435274791 
 1534 , 25187.3223575066 
 1535 , 25145.9618023514 
 1536 , 25111.5718925289 
 1537 , 25082.1268412099 
 1538 , 25046.9854240696 
 1539 , 25009.0607728059 
 1540 , 24975.9863740679 
 1541 , 24946.1399856629 
 1542 , 24912.8076834536 
 1543 , 24866.3537000975 
 1544 , 24797.0600379202 
 1545 , 24721.0703227275 
 1546 , 24672.9596816526 
 1547 , 24660.0450266428 
 1548 , 24664.2945437935 
 1549 , 24672.2261764383 
 1550 , 24676.3840329482 
 1551 , 24668.1403272144 
 1552 , 24637.1471424264 
 1553 , 24587.6041542714 
 1554 , 24546.6925734571 
 1555 , 24530.4164028022 
 1556 , 24529.9372164244 
 1557 , 24533.5381602722 
 1558 , 24529.206972739 
 1559 , 24508.2827140889 
 1560 , 24471.2700876812 
 1561 , 24421.6945815316 
 1562 , 24367.9148357352 
 1563 , 24318.426332088 
 1564 , 24278.4338024589 
 1565 , 24249.4220671245 
 1566 , 24219.1989780162 
 1567 , 24176.5956788891 
 1568 , 24138.7242317836 
 1569 , 24128.683200647 
 1570 , 24143.3054234365 
 1571 , 24167.5733062419 
 1572 , 24178.4548999633 
 1573 , 24152.9562392075 
 1574 , 24106.6040755163 
 1575 , 24074.0407667939 
 1576 , 24056.7840048301 
 1577 , 24035.3124799619 
 1578 , 24004.2607788309 
 1579 , 23969.280397447 
 1580 , 23934.8798374552 
 1581 , 23903.9912702637 
 1582 , 23871.8742019058 
 1583 , 23826.4674762857 
 1584 , 23766.3969240936 
 1585 , 23703.0408117443 
 1586 , 23650.2024245474 
 1587 , 23623.6101457488 
 1588 , 23620.4309466077 
 1589 , 23609.9650975157 
 1590 , 23577.1303437786 
 1591 , 23537.4118073374 
 1592 , 23498.662181548 
 1593 , 23448.1038890329 
 1594 , 23383.955650378 
 1595 , 23334.0226619747 
 1596 , 23316.0146372354 
 1597 , 23312.2237014153 
 1598 , 23304.1822726857 
 1599 , 23286.9582813362 
 1600 , 23261.8535415955 
 1601 , 23242.6175839093 
 1602 , 23239.8376341372 
 1603 , 23243.1083249645 
 1604 , 23239.8974695069 
 1605 , 23229.0156370873 
 1606 , 23211.3306972835 
 1607 , 23183.4412156006 
 1608 , 23142.3801658058 
 1609 , 23094.1776162452 
 1610 , 23046.8992597843 
 1611 , 23002.9753458091 
 1612 , 22961.6917667277 
 1613 , 22915.2227479253 
 1614 , 22854.3193067505 
 1615 , 22781.0775870896 
 1616 , 22703.5299342393 
 1617 , 22636.1271839826 
 1618 , 22594.6454553925 
 1619 , 22576.901521445 
 1620 , 22570.0080390174 
 1621 , 22552.8600540293 
 1622 , 22502.3855701129 
 1623 , 22430.6952115532 
 1624 , 22370.9532554999 
 1625 , 22327.091668939 
 1626 , 22282.973516959 
 1627 , 22239.8738637364 
 1628 , 22211.7583553488 
 1629 , 22192.6957270603 
 1630 , 22160.5668021423 
 1631 , 22108.0703173883 
 1632 , 22041.9567685564 
 1633 , 21973.8952302912 
 1634 , 21919.6622177294 
 1635 , 21890.8402320489 
 1636 , 21893.6896393309 
 1637 , 21912.3024705721 
 1638 , 21907.3970134483 
 1639 , 21868.9214456134 
 1640 , 21822.4066902845 
 1641 , 21780.1608929869 
 1642 , 21735.4438862319 
 1643 , 21686.3833287565 
 1644 , 21639.1700327315 
 1645 , 21599.0734906366 
 1646 , 21569.1811027088 
 1647 , 21547.2157467377 
 1648 , 21523.2367360825 
 1649 , 21490.7407290745 
 1650 , 21449.646163788 
 1651 , 21405.584966614 
 1652 , 21372.510757873 
 1653 , 21353.5638514702 
 1654 , 21332.0934800731 
 1655 , 21301.8152061503 
 1656 , 21278.4183473318 
 1657 , 21263.4476994303 
 1658 , 21227.8701344101 
 1659 , 21162.6035122833 
 1660 , 21103.7705923037 
 1661 , 21071.3635786823 
 1662 , 21042.4261059678 
 1663 , 21004.201881983 
 1664 , 20975.9107280178 
 1665 , 20965.9551573659 
 1666 , 20950.9146029527 
 1667 , 20917.6195961752 
 1668 , 20884.6917484952 
 1669 , 20863.8825274191 
 1670 , 20841.6950600155 
 1671 , 20811.4685400332 
 1672 , 20790.4820700716 
 1673 , 20784.6295709972 
 1674 , 20764.7998360783 
 1675 , 20710.7370599596 
 1676 , 20635.8152269538 
 1677 , 20561.9158982808 
 1678 , 20519.524809025 
 1679 , 20518.6795064826 
 1680 , 20515.5826531366 
 1681 , 20476.6032430125 
 1682 , 20414.0277676917 
 1683 , 20347.6924721359 
 1684 , 20298.6405449139 
 1685 , 20275.9681676273 
 1686 , 20258.151714569 
 1687 , 20226.3133456639 
 1688 , 20180.288194231 
 1689 , 20127.5877055648 
 1690 , 20087.7127290113 
 1691 , 20071.1819251322 
 1692 , 20061.3465133698 
 1693 , 20044.2631272387 
 1694 , 20023.1362278405 
 1695 , 20002.7493114891 
 1696 , 19985.3068061179 
 1697 , 19967.669039391 
 1698 , 19934.7084291677 
 1699 , 19882.0459415587 
 1700 , 19835.1801414331 
 1701 , 19808.171000159 
 1702 , 19778.1077744947 
 1703 , 19732.9869205008 
 1704 , 19697.8564991592 
 1705 , 19685.1030928419 
 1706 , 19667.2963621829 
 1707 , 19627.2071308251 
 1708 , 19581.5476476033 
 1709 , 19545.1990486646 
 1710 , 19519.7074148158 
 1711 , 19500.3673373488 
 1712 , 19473.2199816419 
 1713 , 19432.7754096217 
 1714 , 19392.4811543984 
 1715 , 19364.1517254587 
 1716 , 19352.1774376498 
 1717 , 19351.27668402 
 1718 , 19340.1642372195 
 1719 , 19310.0618674647 
 1720 , 19276.9634138624 
 1721 , 19248.6167574064 
 1722 , 19214.9661598206 
 1723 , 19178.1025062218 
 1724 , 19161.7007307239 
 1725 , 19160.0418477971 
 1726 , 19120.7267720692 
 1727 , 19036.5011310536 
 1728 , 18970.055708348 
 1729 , 18949.7109109377 
 1730 , 18949.4771099437 
 1731 , 18945.7565008515 
 1732 , 18923.5565316832 
 1733 , 18883.8831828219 
 1734 , 18846.0588656411 
 1735 , 18816.108471896 
 1736 , 18783.9562218246 
 1737 , 18749.2563559019 
 1738 , 18722.6207909264 
 1739 , 18704.8090282188 
 1740 , 18686.3749457459 
 1741 , 18662.4884835721 
 1742 , 18633.3945307638 
 1743 , 18605.3727117656 
 1744 , 18588.6909344951 
 1745 , 18575.7735179016 
 1746 , 18546.1901992866 
 1747 , 18503.9490860051 
 1748 , 18470.082794366 
 1749 , 18445.5626442461 
 1750 , 18417.8816045377 
 1751 , 18382.3113060273 
 1752 , 18339.8208450852 
 1753 , 18297.2478026782 
 1754 , 18263.9990264062 
 1755 , 18242.2129635661 
 1756 , 18229.3295086904 
 1757 , 18216.2449852297 
 1758 , 18194.4142926525 
 1759 , 18182.1074275804 
 1760 , 18200.6877928764 
 1761 , 18215.5036073393 
 1762 , 18181.7778339464 
 1763 , 18124.2236895028 
 1764 , 18082.7532545264 
 1765 , 18048.3356400141 
 1766 , 18003.2373336109 
 1767 , 17961.072537652 
 1768 , 17938.2462055015 
 1769 , 17926.5795269759 
 1770 , 17914.4627427941 
 1771 , 17900.0968311452 
 1772 , 17883.7954674964 
 1773 , 17865.6547522114 
 1774 , 17846.8327263062 
 1775 , 17831.5389514131 
 1776 , 17821.0746229817 
 1777 , 17808.3762570506 
 1778 , 17789.4960598414 
 1779 , 17769.8549251405 
 1780 , 17751.3990597596 
 1781 , 17727.1864446973 
 1782 , 17690.4217350877 
 1783 , 17636.5237703144 
 1784 , 17577.3120295696 
 1785 , 17547.5336497912 
 1786 , 17549.4667253545 
 1787 , 17542.0729063642 
 1788 , 17512.2214363169 
 1789 , 17481.1139467316 
 1790 , 17457.7941654518 
 1791 , 17437.7448834911 
 1792 , 17422.6243217656 
 1793 , 17419.0513304809 
 1794 , 17420.5685879969 
 1795 , 17412.1434549129 
 1796 , 17395.6702472015 
 1797 , 17382.618775835 
 1798 , 17368.2627519817 
 1799 , 17341.3920897978 
 1800 , 17313.3274557047 
 1801 , 17301.8777653467 
 1802 , 17294.4097943611 
 1803 , 17271.1894992061 
 1804 , 17243.8666470013 
 1805 , 17226.990953436 
 1806 , 17196.5201167176 
 1807 , 17132.5876166546 
 1808 , 17077.1695255435 
 1809 , 17067.0456069177 
 1810 , 17071.0890070957 
 1811 , 17061.1911041131 
 1812 , 17056.3372283563 
 1813 , 17066.0858563962 
 1814 , 17059.6872749388 
 1815 , 17027.2043080391 
 1816 , 17009.7441773233 
 1817 , 17023.2776266933 
 1818 , 17033.6401943242 
 1819 , 17023.6071491472 
 1820 , 17005.2612624131 
 1821 , 16983.6577660018 
 1822 , 16953.5111990225 
 1823 , 16913.8709664502 
 1824 , 16868.9514649385 
 1825 , 16829.7208508583 
 1826 , 16810.8303523759 
 1827 , 16806.9579313621 
 1828 , 16800.5025156434 
 1829 , 16786.1724356603 
 1830 , 16765.1796192278 
 1831 , 16734.8259627499 
 1832 , 16693.9164042193 
 1833 , 16661.5071772624 
 1834 , 16656.7150693518 
 1835 , 16662.0078022179 
 1836 , 16653.6531654362 
 1837 , 16627.0814847239 
 1838 , 16586.0980802611 
 1839 , 16546.0610633785 
 1840 , 16518.1323519526 
 1841 , 16497.356781438 
 1842 , 16478.0912725463 
 1843 , 16458.3750279865 
 1844 , 16440.7743251826 
 1845 , 16434.2300221551 
 1846 , 16435.5552715481 
 1847 , 16425.4204958192 
 1848 , 16403.590716115 
 1849 , 16390.711843564 
 1850 , 16391.2131653863 
 1851 , 16394.0002508018 
 1852 , 16382.0157683476 
 1853 , 16338.2388659647 
 1854 , 16283.5689572459 
 1855 , 16254.2342288059 
 1856 , 16240.8965726577 
 1857 , 16219.752796966 
 1858 , 16201.9193361966 
 1859 , 16201.3713160116 
 1860 , 16190.1318274547 
 1861 , 16145.7223869363 
 1862 , 16103.6347879689 
 1863 , 16090.9590445941 
 1864 , 16080.2359060326 
 1865 , 16054.3744583204 
 1866 , 16035.6523959868 
 1867 , 16030.9220325783 
 1868 , 16014.9035918781 
 1869 , 15984.4516866229 
 1870 , 15966.9077446304 
 1871 , 15957.3395668428 
 1872 , 15919.7170018815 
 1873 , 15869.0565754067 
 1874 , 15856.2959069749 
 1875 , 15872.2523050465 
 1876 , 15874.7614864444 
 1877 , 15859.7900493246 
 1878 , 15840.5493555099 
 1879 , 15822.8617713319 
 1880 , 15809.2575973539 
 1881 , 15799.8532947104 
 1882 , 15788.8094138835 
 1883 , 15752.8229501772 
 1884 , 15690.6073226139 
 1885 , 15664.4548064566 
 1886 , 15698.9698358947 
 1887 , 15729.4035904759 
 1888 , 15719.5072247571 
 1889 , 15688.7283261608 
 1890 , 15652.6208691936 
 1891 , 15617.1580685094 
 1892 , 15582.0591989169 
 1893 , 15543.0331254203 
 1894 , 15506.6843797858 
 1895 , 15484.5906740873 
 1896 , 15469.6424722485 
 1897 , 15448.0679174378 
 1898 , 15421.8674420644 
 1899 , 15397.218058987 
 1900 , 15373.0462716532 
 1901 , 15347.5678372062 
 1902 , 15322.9690314275 
 1903 , 15299.6628013344 
 1904 , 15272.2207900789 
 1905 , 15243.1920886922 
 1906 , 15229.8896017816 
 1907 , 15232.8508100106 
 1908 , 15229.7356987532 
 1909 , 15213.7472773714 
 1910 , 15193.9329165166 
 1911 , 15169.228895509 
 1912 , 15134.3545518676 
 1913 , 15117.3945868805 
 1914 , 15150.8963491109 
 1915 , 15180.187153232 
 1916 , 15140.4296293661 
 1917 , 15076.9124799119 
 1918 , 15043.1905730005 
 1919 , 15018.9248725498 
 1920 , 14984.1023394104 
 1921 , 14953.6581661238 
 1922 , 14935.3083706858 
 1923 , 14916.7046488785 
 1924 , 14895.9685616083 
 1925 , 14885.8053583975 
 1926 , 14886.0799192935 
 1927 , 14884.7606054624 
 1928 , 14876.298098313 
 1929 , 14860.0130173172 
 1930 , 14837.5484229571 
 1931 , 14811.2259074721 
 1932 , 14781.2304443575 
 1933 , 14749.3848666327 
 1934 , 14726.440485203 
 1935 , 14720.2361932238 
 1936 , 14725.3325049502 
 1937 , 14730.1906856546 
 1938 , 14716.3078402296 
 1939 , 14680.6592088576 
 1940 , 14641.6478960329 
 1941 , 14611.7863740977 
 1942 , 14595.4193332933 
 1943 , 14583.4307539422 
 1944 , 14561.1191448884 
 1945 , 14542.5760857378 
 1946 , 14548.3964186463 
 1947 , 14556.9592457767 
 1948 , 14542.4700744819 
 1949 , 14517.2440867438 
 1950 , 14493.160028924 
 1951 , 14458.6728453242 
 1952 , 14416.3409812237 
 1953 , 14399.2282650626 
 1954 , 14410.9789866461 
 1955 , 14416.1625185688 
 1956 , 14404.5855422556 
 1957 , 14389.1952807453 
 1958 , 14369.5942503474 
 1959 , 14339.2260033279 
 1960 , 14309.6449366319 
 1961 , 14295.789643297 
 1962 , 14292.2757918879 
 1963 , 14287.7875780699 
 1964 , 14270.876268675 
 1965 , 14239.7186638483 
 1966 , 14212.1544297905 
 1967 , 14188.795973947 
 1968 , 14143.6914797214 
 1969 , 14085.8080354906 
 1970 , 14058.334669956 
 1971 , 14072.9957952768 
 1972 , 14114.8679264509 
 1973 , 14138.0283955699 
 1974 , 14099.6029216047 
 1975 , 14043.786050147 
 1976 , 14020.8621472917 
 1977 , 14012.0620080594 
 1978 , 13996.8608060876 
 1979 , 13981.1869430992 
 1980 , 13962.535875474 
 1981 , 13922.5430694872 
 1982 , 13876.7702002224 
 1983 , 13870.6984706367 
 1984 , 13885.2522675697 
 1985 , 13866.4077705959 
 1986 , 13834.1388016065 
 1987 , 13828.5202256632 
 1988 , 13823.3390037961 
 1989 , 13790.2849111555 
 1990 , 13754.6854952905 
 1991 , 13738.1372577496 
 1992 , 13734.5923078149 
 1993 , 13737.4279418778 
 1994 , 13743.2727326853 
 1995 , 13742.7124381762 
 1996 , 13723.3767049671 
 1997 , 13700.4590309641 
 1998 , 13698.4106781066 
 1999 , 13695.933739639 
 2000 , 13666.7317875396 
 2001 , 13635.341102979 
 2002 , 13622.9864477022 
 2003 , 13611.3657826949 
 2004 , 13589.7132386128 
 2005 , 13569.1127055369 
 2006 , 13554.1517745399 
 2007 , 13540.3684847206 
 2008 , 13524.2544335428 
 2009 , 13504.5618118858 
 2010 , 13489.7203837583 
 2011 , 13488.7777153739 
 2012 , 13492.9483325077 
 2013 , 13491.7130989083 
 2014 , 13484.5313136252 
 2015 , 13472.7633155467 
 2016 , 13457.9096855788 
 2017 , 13439.3665903004 
 2018 , 13414.4997438392 
 2019 , 13387.9914159772 
 2020 , 13369.1990895903 
 2021 , 13358.3849935948 
 2022 , 13349.7617871376 
 2023 , 13330.3275254499 
 2024 , 13294.9833677033 
 2025 , 13269.1488673766 
 2026 , 13261.647699883 
 2027 , 13240.1220977717 
 2028 , 13204.4555312299 
 2029 , 13195.9331941827 
 2030 , 13210.3941974705 
 2031 , 13210.3430273405 
 2032 , 13190.3463374787 
 2033 , 13162.0629464446 
 2034 , 13141.2865970312 
 2035 , 13133.657782437 
 2036 , 13112.1591313221 
 2037 , 13071.3805905201 
 2038 , 13053.5257242867 
 2039 , 13060.5155341027 
 2040 , 13046.746657997 
 2041 , 13012.7213582913 
 2042 , 12988.5219384244 
 2043 , 12965.9730506784 
 2044 , 12928.4009449331 
 2045 , 12896.6641029591 
 2046 , 12888.3769559564 
 2047 , 12887.7402490768 
 2048 , 12881.7596728126 
 2049 , 12869.8653287791 
 2050 , 12852.2628492972 
 2051 , 12829.3984235396 
 2052 , 12807.2975847028 
 2053 , 12793.527737224 
 2054 , 12784.8875200314 
 2055 , 12773.2045458186 
 2056 , 12746.9110829337 
 2057 , 12706.4764259024 
 2058 , 12677.6016995682 
 2059 , 12667.0646119773 
 2060 , 12655.6573266491 
 2061 , 12642.1684262269 
 2062 , 12637.3462424435 
 2063 , 12628.2138483716 
 2064 , 12600.4841526527 
 2065 , 12582.7968025063 
 2066 , 12588.4425416534 
 2067 , 12563.921301098 
 2068 , 12500.4875291046 
 2069 , 12468.5878835066 
 2070 , 12476.8041069097 
 2071 , 12475.5414754363 
 2072 , 12456.3290736709 
 2073 , 12433.9147512909 
 2074 , 12419.0772324496 
 2075 , 12415.3875877736 
 2076 , 12409.3867499375 
 2077 , 12392.6533027234 
 2078 , 12370.6322896612 
 2079 , 12347.6791502979 
 2080 , 12325.3647085842 
 2081 , 12302.3576731925 
 2082 , 12275.8624426935 
 2083 , 12244.5565550055 
 2084 , 12211.0147634846 
 2085 , 12188.5083939806 
 2086 , 12179.5219852832 
 2087 , 12163.3427302234 
 2088 , 12136.5658550207 
 2089 , 12115.9901286638 
 2090 , 12101.2504322278 
 2091 , 12082.3670776543 
 2092 , 12062.9431417909 
 2093 , 12048.3480878422 
 2094 , 12032.7060290879 
 2095 , 12015.5959301134 
 2096 , 12010.6318514376 
 2097 , 12016.3907883665 
 2098 , 12014.5694661252 
 2099 , 12002.3036080235 
 2100 , 11986.2246600375 
 2101 , 11966.7409361326 
 2102 , 11942.1419558947 
 2103 , 11911.5421745672 
 2104 , 11881.1743506493 
 2105 , 11868.7652002294 
 2106 , 11867.9553985646 
 2107 , 11849.6323626279 
 2108 , 11822.8992612697 
 2109 , 11813.3137579944 
 2110 , 11806.5859640584 
 2111 , 11785.4393894259 
 2112 , 11763.3132041076 
 2113 , 11749.4716085195 
 2114 , 11737.120324321 
 2115 , 11713.7157704213 
 2116 , 11667.1141139196 
 2117 , 11625.116710412 
 2118 , 11622.148528164 
 2119 , 11624.11838441 
 2120 , 11600.2263699297 
 2121 , 11577.1638907653 
 2122 , 11570.2872054671 
 2123 , 11567.5364127893 
 2124 , 11563.4887279388 
 2125 , 11558.8734196409 
 2126 , 11549.3665552793 
 2127 , 11530.0899998002 
 2128 , 11502.7791267245 
 2129 , 11473.2988736006 
 2130 , 11452.3781538855 
 2131 , 11442.5046162632 
 2132 , 11436.060784878 
 2133 , 11422.906516659 
 2134 , 11395.4905162839 
 2135 , 11367.3828629643 
 2136 , 11349.8661649982 
 2137 , 11327.44290862 
 2138 , 11294.9642895645 
 2139 , 11269.4785609906 
 2140 , 11251.6617086171 
 2141 , 11228.8154095894 
 2142 , 11206.229203468 
 2143 , 11194.9308745988 
 2144 , 11194.2390820159 
 2145 , 11195.1830232512 
 2146 , 11178.6949062318 
 2147 , 11152.4523962063 
 2148 , 11150.577173852 
 2149 , 11153.3575389974 
 2150 , 11119.972726782 
 2151 , 11078.2343605193 
 2152 , 11060.1222536547 
 2153 , 11048.8692281544 
 2154 , 11031.0965237916 
 2155 , 11009.7698301908 
 2156 , 10991.2969980295 
 2157 , 10981.0564805348 
 2158 , 10965.9151155373 
 2159 , 10935.2764880363 
 2160 , 10912.5182482448 
 2161 , 10911.4461321738 
 2162 , 10916.8431169254 
 2163 , 10908.927161595 
 2164 , 10871.5008534061 
 2165 , 10831.7950821982 
 2166 , 10823.7225350441 
 2167 , 10820.0748011478 
 2168 , 10800.8170917414 
 2169 , 10791.4685518398 
 2170 , 10793.4116053973 
 2171 , 10779.0819038689 
 2172 , 10755.3845486678 
 2173 , 10743.4016737328 
 2174 , 10732.0733719346 
 2175 , 10711.6477542642 
 2176 , 10697.5526729242 
 2177 , 10695.6533061159 
 2178 , 10695.3305728359 
 2179 , 10681.3300512145 
 2180 , 10643.0261471307 
 2181 , 10606.9485098643 
 2182 , 10597.3160864876 
 2183 , 10600.7424529451 
 2184 , 10605.8756028253 
 2185 , 10610.9495693435 
 2186 , 10600.4716444 
 2187 , 10557.4644881625 
 2188 , 10514.1755939644 
 2189 , 10501.0554244318 
 2190 , 10495.743930971 
 2191 , 10481.4411864955 
 2192 , 10461.7753345627 
 2193 , 10443.7727080726 
 2194 , 10433.4342867489 
 2195 , 10422.5602940975 
 2196 , 10402.2931424735 
 2197 , 10376.4734570848 
 2198 , 10347.4258277891 
 2199 , 10313.6566919638 
 2200 , 10293.0463374428 
 2201 , 10307.4158576465 
 2202 , 10317.6437972409 
 2203 , 10287.9557501975 
 2204 , 10252.6579997049 
 2205 , 10235.2848907317 
 2206 , 10227.5500697661 
 2207 , 10211.8617712201 
 2208 , 10174.1691860338 
 2209 , 10147.7168583956 
 2210 , 10155.0384179927 
 2211 , 10149.0807702064 
 2212 , 10116.2608853711 
 2213 , 10096.6600589642 
 2214 , 10084.2031640195 
 2215 , 10048.3744669503 
 2216 , 10000.742006445 
 2217 , 9961.16454840474 
 2218 , 9936.84174871256 
 2219 , 9929.55255315073 
 2220 , 9935.98026633106 
 2221 , 9943.592529118 
 2222 , 9938.17481483579 
 2223 , 9921.64458653893 
 2224 , 9898.64043172865 
 2225 , 9870.28015817 
 2226 , 9843.91119407835 
 2227 , 9831.55133864477 
 2228 , 9826.20008846827 
 2229 , 9813.4887504266 
 2230 , 9788.55691543919 
 2231 , 9754.49394783733 
 2232 , 9724.12350939749 
 2233 , 9705.06723496459 
 2234 , 9697.14538902595 
 2235 , 9683.66951289026 
 2236 , 9651.21882257164 
 2237 , 9617.59115429648 
 2238 , 9595.46214576325 
 2239 , 9581.46103102199 
 2240 , 9573.68919095015 
 2241 , 9569.56999812065 
 2242 , 9552.20518183023 
 2243 , 9515.25882558261 
 2244 , 9488.88816845143 
 2245 , 9479.39423637531 
 2246 , 9461.84520669602 
 2247 , 9437.85983604643 
 2248 , 9422.72542782021 
 2249 , 9422.00358943375 
 2250 , 9429.73307780504 
 2251 , 9424.36354499193 
 2252 , 9404.08739947719 
 2253 , 9384.53104720566 
 2254 , 9368.93241783384 
 2255 , 9354.27400911988 
 2256 , 9335.54351394003 
 2257 , 9313.44603328103 
 2258 , 9296.30283050683 
 2259 , 9282.63781338916 
 2260 , 9264.71252420246 
 2261 , 9238.01609753078 
 2262 , 9206.15845820242 
 2263 , 9186.80579109578 
 2264 , 9173.16940908108 
 2265 , 9138.56115198779 
 2266 , 9107.77397013955 
 2267 , 9109.67145244921 
 2268 , 9104.91921971497 
 2269 , 9078.72131112152 
 2270 , 9070.21813739574 
 2271 , 9071.48085781581 
 2272 , 9047.5379736845 
 2273 , 9011.21511463001 
 2274 , 8982.65709501699 
 2275 , 8963.95806379373 
 2276 , 8951.98054457204 
 2277 , 8940.87142325158 
 2278 , 8926.09151393297 
 2279 , 8905.95953179284 
 2280 , 8885.81079224452 
 2281 , 8870.32140271963 
 2282 , 8860.60815585068 
 2283 , 8850.78236547431 
 2284 , 8832.34147637739 
 2285 , 8805.93790008673 
 2286 , 8778.43374917826 
 2287 , 8762.82844916348 
 2288 , 8754.86467434133 
 2289 , 8737.57263811636 
 2290 , 8721.57891419477 
 2291 , 8716.90018471704 
 2292 , 8699.07381856385 
 2293 , 8666.59644443552 
 2294 , 8650.40276836439 
 2295 , 8641.90009359294 
 2296 , 8617.45770071894 
 2297 , 8588.55184159085 
 2298 , 8568.73666976736 
 2299 , 8559.79011211137 
 2300 , 8552.28542374406 
 2301 , 8531.94641038138 
 2302 , 8499.79730142831 
 2303 , 8461.62195219039 
 2304 , 8422.79826959399 
 2305 , 8399.69537849219 
 2306 , 8412.18138523852 
 2307 , 8426.59634588107 
 2308 , 8408.2943819757 
 2309 , 8387.50351301012 
 2310 , 8380.17530394911 
 2311 , 8370.51833633383 
 2312 , 8349.69037260441 
 2313 , 8318.31789698639 
 2314 , 8293.31301586353 
 2315 , 8283.72332591086 
 2316 , 8280.30498420838 
 2317 , 8272.44842155176 
 2318 , 8251.9532033322 
 2319 , 8221.27992885167 
 2320 , 8188.87651295509 
 2321 , 8167.80409109569 
 2322 , 8156.48197934415 
 2323 , 8142.98431589762 
 2324 , 8130.5154047607 
 2325 , 8122.17364088042 
 2326 , 8108.12487360524 
 2327 , 8090.92831153613 
 2328 , 8083.97497546937 
 2329 , 8074.61320651658 
 2330 , 8048.93097258878 
 2331 , 8021.93045803247 
 2332 , 8002.90223187723 
 2333 , 7988.0069838556 
 2334 , 7969.88071315148 
 2335 , 7944.73446813459 
 2336 , 7925.01091179981 
 2337 , 7915.7825816263 
 2338 , 7908.400715294 
 2339 , 7902.95566986914 
