11-20-2017,16:57:56
Wavenumber(cm-1),Intensity
 250 , 10 
 251 , 10 
 252 , 10 
 253 , 10 
 254 , 10 
 255 ,-14.2421875 
 256 ,-6.30078125 
 257 , 8.3203125 
 258 , 26.0546875 
 259 , 40.484375 
 260 , 45.640625 
 261 , 42.05859375 
 262 , 36.375 
 263 , 35.26171875 
 264 , 36.58984375 
 265 , 34.5 
 266 , 24.98046875 
 267 , 12.35546875 
 268 , 4.3828125 
 269 , 4.23828125 
 270 , 6.53125 
 271 , 5.09375 
 272 , 0.87109375 
 273 ,-2.89453125 
 274 ,-3.75 
 275 , 0.640625 
 276 , 12.44921875 
 277 , 32.96484375 
 278 , 62.15234375 
 279 , 99.84765625 
 280 , 142.6328125 
 281 , 180.31640625 
 282 , 202.7421875 
 283 , 211.62109375 
 284 , 221.640625 
 285 , 245.19921875 
 286 , 274.57421875 
 287 , 293.5390625 
 288 , 292.31640625 
 289 , 283.0859375 
 290 , 281.83203125 
 291 , 290.05078125 
 292 , 290.3359375 
 293 , 267.08984375 
 294 , 232.21484375 
 295 , 212.01953125 
 296 , 222.48828125 
 297 , 242.06640625 
 298 , 241.515625 
 299 , 212.4765625 
 300 , 177.06640625 
 301 , 157.28515625 
 302 , 149.59765625 
 303 , 134.99609375 
 304 , 101.01953125 
 305 , 59.62890625 
 306 , 28.26171875 
 307 , 14.453125 
 308 , 12.60546875 
 309 , 16.9765625 
 310 , 26.10546875 
 311 , 39.32421875 
 312 , 54.796875 
 313 , 69.54296875 
 314 , 81.0625 
 315 , 91.37890625 
 316 , 109.39453125 
 317 , 143.7890625 
 318 , 191.1953125 
 319 , 238.71875 
 320 , 274.16015625 
 321 , 292.08203125 
 322 , 289.8828125 
 323 , 270.87890625 
 324 , 249.0390625 
 325 , 238.796875 
 326 , 243.9765625 
 327 , 259.18359375 
 328 , 279.09765625 
 329 , 300.58984375 
 330 , 321.359375 
 331 , 342.1953125 
 332 , 371.9921875 
 333 , 420.3984375 
 334 , 483.37109375 
 335 , 542.5859375 
 336 , 581.28515625 
 337 , 598.02734375 
 338 , 597.8515625 
 339 , 585.8984375 
 340 , 567.9375 
 341 , 549.76171875 
 342 , 533.28125 
 343 , 516.2109375 
 344 , 495.87109375 
 345 , 467.7578125 
 346 , 426.4453125 
 347 , 370.5078125 
 348 , 309.71875 
 349 , 255.66015625 
 350 , 215.41015625 
 351 , 190.87109375 
 352 , 182.96875 
 353 , 187.51953125 
 354 , 198.01171875 
 355 , 207.66015625 
 356 , 208.8671875 
 357 , 194.3984375 
 358 , 170.16015625 
 359 , 156.37890625 
 360 , 170.125 
 361 , 200.671875 
 362 , 224.93359375 
 363 , 228.81640625 
 364 , 222.3671875 
 365 , 219.31640625 
 366 , 226.84375 
 367 , 244.9375 
 368 , 271.80859375 
 369 , 296.21484375 
 370 , 303.15234375 
 371 , 285.1796875 
 372 , 252.96875 
 373 , 219.80078125 
 374 , 199.90234375 
 375 , 208.49609375 
 376 , 255.69921875 
 377 , 319.66796875 
 378 , 366.453125 
 379 , 373.7734375 
 380 , 345.5703125 
 381 , 289.90234375 
 382 , 223.9296875 
 383 , 172.30859375 
 384 , 155.13671875 
 385 , 167.76953125 
 386 , 197.703125 
 387 , 233.47265625 
 388 , 264.5078125 
 389 , 281.078125 
 390 , 288.37890625 
 391 , 303.69140625 
 392 , 337.265625 
 393 , 364.8828125 
 394 , 352.6328125 
 395 , 294.91796875 
 396 , 232.95703125 
 397 , 208.265625 
 398 , 217.01171875 
 399 , 226.56640625 
 400 , 212.78125 
 401 , 184.6796875 
 402 , 159.00390625 
 403 , 144.44140625 
 404 , 137.54296875 
 405 , 134.38671875 
 406 , 135.9609375 
 407 , 145.5546875 
 408 , 164.59765625 
 409 , 189.953125 
 410 , 217.95703125 
 411 , 243.36328125 
 412 , 259.1875 
 413 , 260.35546875 
 414 , 255.40234375 
 415 , 258.5390625 
 416 , 276.01171875 
 417 , 294.79296875 
 418 , 299.43359375 
 419 , 286.83984375 
 420 , 266.8671875 
 421 , 250.0625 
 422 , 243.96484375 
 423 , 253.08984375 
 424 , 274.5078125 
 425 , 294.13671875 
 426 , 298.59375 
 427 , 289.4375 
 428 , 277.33984375 
 429 , 268.0859375 
 430 , 252.89453125 
 431 , 221.7421875 
 432 , 176.91796875 
 433 , 134.5546875 
 434 , 109.97265625 
 435 , 106.85546875 
 436 , 121.6875 
 437 , 148.359375 
 438 , 174.7890625 
 439 , 188.68359375 
 440 , 192.34375 
 441 , 203.296875 
 442 , 234.50390625 
 443 , 270.35546875 
 444 , 285.74609375 
 445 , 270.796875 
 446 , 241.57421875 
 447 , 215.60546875 
 448 , 198.34375 
 449 , 187.7421875 
 450 , 180.671875 
 451 , 172.62890625 
 452 , 160.2265625 
 453 , 141.53515625 
 454 , 114.70703125 
 455 , 79.37890625 
 456 , 47.45703125 
 457 , 34.8125 
 458 , 47.0546875 
 459 , 68.37890625 
 460 , 81.625 
 461 , 88.45703125 
 462 , 105.1953125 
 463 , 141.40625 
 464 , 177.64453125 
 465 , 187.7421875 
 466 , 163.0625 
 467 , 118.54296875 
 468 , 70.390625 
 469 , 32.125 
 470 , 15.765625 
 471 , 25.76171875 
 472 , 49.22265625 
 473 , 71.76171875 
 474 , 86.49609375 
 475 , 93.57421875 
 476 , 94.37109375 
 477 , 92.80078125 
 478 , 91.96484375 
 479 , 95.60546875 
 480 , 108.625 
 481 , 134.65625 
 482 , 165.23046875 
 483 , 184.0390625 
 484 , 179.0859375 
 485 , 152.91015625 
 486 , 113.046875 
 487 , 76.8828125 
 488 , 71.33203125 
 489 , 114.08203125 
 490 , 175.9375 
 491 , 212.75 
 492 , 209.4921875 
 493 , 195.890625 
 494 , 203.2578125 
 495 , 236.02734375 
 496 , 280.21875 
 497 , 322.43359375 
 498 , 358.56640625 
 499 , 390.48828125 
 500 , 418.95703125 
 501 , 437.18359375 
 502 , 438.22265625 
 503 , 429.1484375 
 504 , 426.37890625 
 505 , 439.5234375 
 506 , 464.03515625 
 507 , 491.09765625 
 508 , 507.18359375 
 509 , 500.04296875 
 510 , 466.484375 
 511 , 418.515625 
 512 , 367.3125 
 513 , 321.37890625 
 514 , 289.24609375 
 515 , 275.82421875 
 516 , 270.62890625 
 517 , 259.95703125 
 518 , 240.93359375 
 519 , 223.921875 
 520 , 218.91796875 
 521 , 225.87890625 
 522 , 240.68359375 
 523 , 259.875 
 524 , 281.00390625 
 525 , 301.50390625 
 526 , 318.05078125 
 527 , 324.78125 
 528 , 320.4921875 
 529 , 319.10546875 
 530 , 336.94921875 
 531 , 371.796875 
 532 , 404.984375 
 533 , 421.44921875 
 534 , 425.05859375 
 535 , 426.90625 
 536 , 432.53125 
 537 , 437.37109375 
 538 , 435.12109375 
 539 , 426.2109375 
 540 , 417.01953125 
 541 , 413.109375 
 542 , 415.41796875 
 543 , 422.3671875 
 544 , 429.4609375 
 545 , 429.09375 
 546 , 417.27734375 
 547 , 404.078125 
 548 , 404.69140625 
 549 , 422.7109375 
 550 , 447.47265625 
 551 , 467.59765625 
 552 , 481.4921875 
 553 , 494.0078125 
 554 , 508.3828125 
 555 , 524.5 
 556 , 542.53125 
 557 , 567.265625 
 558 , 601.7109375 
 559 , 640.265625 
 560 , 667.51953125 
 561 , 673.81640625 
 562 , 668.578125 
 563 , 664.2265625 
 564 , 660.98046875 
 565 , 639.76953125 
 566 , 586.0625 
 567 , 514.28515625 
 568 , 458.8671875 
 569 , 444.21484375 
 570 , 460.59765625 
 571 , 489.12890625 
 572 , 513.42578125 
 573 , 524.83984375 
 574 , 523.69140625 
 575 , 529.875 
 576 , 560.671875 
 577 , 610.6640625 
 578 , 649.5390625 
 579 , 653.19921875 
 580 , 622.4140625 
 581 , 567.50390625 
 582 , 506.18359375 
 583 , 471.33203125 
 584 , 493.75390625 
 585 , 557.41015625 
 586 , 618.3125 
 587 , 642.765625 
 588 , 623.5625 
 589 , 556.53125 
 590 , 467.5 
 591 , 407.57421875 
 592 , 408.83203125 
 593 , 433.01171875 
 594 , 431.36328125 
 595 , 394.7421875 
 596 , 348.41796875 
 597 , 309.68359375 
 598 , 268.3984375 
 599 , 211.90625 
 600 , 153.3984375 
 601 , 133.4140625 
 602 , 179.09765625 
 603 , 249.41015625 
 604 , 282.93359375 
 605 , 260.41796875 
 606 , 220.453125 
 607 , 195.8671875 
 608 , 186.51171875 
 609 , 183.640625 
 610 , 182.70703125 
 611 , 182.57421875 
 612 , 185.76171875 
 613 , 196.1171875 
 614 , 213.75 
 615 , 236.29296875 
 616 , 263.38671875 
 617 , 297.01171875 
 618 , 339.33203125 
 619 , 385.671875 
 620 , 427.25 
 621 , 463.51953125 
 622 , 506.38671875 
 623 , 560.18359375 
 624 , 616.34765625 
 625 , 662 
 626 , 687.90234375 
 627 , 688.6953125 
 628 , 667.5234375 
 629 , 634.69140625 
 630 , 600.7890625 
 631 , 575.16796875 
 632 , 563.19140625 
 633 , 561.1796875 
 634 , 561.03125 
 635 , 561.40625 
 636 , 564.96875 
 637 , 566.12109375 
 638 , 554.52734375 
 639 , 524.61328125 
 640 , 483.69921875 
 641 , 455.48828125 
 642 , 461.7109375 
 643 , 497.1953125 
 644 , 527.17578125 
 645 , 524.1796875 
 646 , 493.9609375 
 647 , 451.63671875 
 648 , 412.62890625 
 649 , 396.3203125 
 650 , 416.7890625 
 651 , 440.4375 
 652 , 416.3984375 
 653 , 334.05859375 
 654 , 246.046875 
 655 , 201.37890625 
 656 , 196.28515625 
 657 , 202.09375 
 658 , 203.26171875 
 659 , 210.58984375 
 660 , 237.76171875 
 661 , 281.6328125 
 662 , 328.7421875 
 663 , 368.44140625 
 664 , 399.21875 
 665 , 421.5078125 
 666 , 428.39453125 
 667 , 409.92578125 
 668 , 366.40625 
 669 , 316.34375 
 670 , 276.30859375 
 671 , 251.71484375 
 672 , 245.66015625 
 673 , 258.19921875 
 674 , 272.9453125 
 675 , 266.10546875 
 676 , 234.7109375 
 677 , 195.15625 
 678 , 168.65234375 
 679 , 167.91796875 
 680 , 193.890625 
 681 , 238.77734375 
 682 , 297.3203125 
 683 , 366.12109375 
 684 , 427.6875 
 685 , 457.6796875 
 686 , 459.94921875 
 687 , 460.5 
 688 , 476 
 689 , 488.71875 
 690 , 473.625 
 691 , 434.63671875 
 692 , 396.34765625 
 693 , 374.92578125 
 694 , 359.30859375 
 695 , 335.32421875 
 696 , 312.01953125 
 697 , 315.11328125 
 698 , 359.53515625 
 699 , 426.21875 
 700 , 485.359375 
 701 , 517.41015625 
 702 , 512.17578125 
 703 , 476.07421875 
 704 , 444.43359375 
 705 , 452.02734375 
 706 , 491.85546875 
 707 , 532.71484375 
 708 , 551.0546875 
 709 , 545.4453125 
 710 , 525.57421875 
 711 , 503.296875 
 712 , 483.3828125 
 713 , 460.31640625 
 714 , 429.04296875 
 715 , 396.3515625 
 716 , 367.90234375 
 717 , 339.6484375 
 718 , 302.9765625 
 719 , 259.2734375 
 720 , 217.3046875 
 721 , 186.1484375 
 722 , 170.71484375 
 723 , 165.87109375 
 724 , 158.58984375 
 725 , 142.78515625 
 726 , 126.484375 
 727 , 119.875 
 728 , 123.69140625 
 729 , 129.8203125 
 730 , 132.59375 
 731 , 134.73828125 
 732 , 141.83984375 
 733 , 152.39453125 
 734 , 154.6328125 
 735 , 137.99609375 
 736 , 118.2265625 
 737 , 122.19921875 
 738 , 156.8671875 
 739 , 200.8984375 
 740 , 229.58984375 
 741 , 244.5859375 
 742 , 262.2890625 
 743 , 291.03515625 
 744 , 320.71484375 
 745 , 335.33984375 
 746 , 338.52734375 
 747 , 345.30078125 
 748 , 361.515625 
 749 , 376.890625 
 750 , 376.16796875 
 751 , 360.8125 
 752 , 344.26953125 
 753 , 333.60546875 
 754 , 323.00390625 
 755 , 302.14453125 
 756 , 271.66796875 
 757 , 240.2578125 
 758 , 220.8046875 
 759 , 222.9609375 
 760 , 245.58203125 
 761 , 281.23828125 
 762 , 326.5 
 763 , 377.0390625 
 764 , 423.9453125 
 765 , 456.21484375 
 766 , 469.30078125 
 767 , 467.140625 
 768 , 459.66015625 
 769 , 453.46875 
 770 , 443.4296875 
 771 , 419.49609375 
 772 , 382.91796875 
 773 , 344.203125 
 774 , 307.98828125 
 775 , 271.70703125 
 776 , 238.13671875 
 777 , 219.26953125 
 778 , 217.16015625 
 779 , 222.46484375 
 780 , 220.171875 
 781 , 200.42578125 
 782 , 170.28125 
 783 , 158.15234375 
 784 , 186.76171875 
 785 , 229.01953125 
 786 , 226.15234375 
 787 , 159.70703125 
 788 , 72.1796875 
 789 , 9.16796875 
 790 ,-7.859375 
 791 , 30.78515625 
 792 , 113.30859375 
 793 , 195.4765625 
 794 , 244.00390625 
 795 , 275.47265625 
 796 , 315.41015625 
 797 , 360.66015625 
 798 , 377.8203125 
 799 , 352.953125 
 800 , 306.97265625 
 801 , 261.28125 
 802 , 224.08203125 
 803 , 202.67578125 
 804 , 211.0625 
 805 , 244.94921875 
 806 , 288.484375 
 807 , 324.4765625 
 808 , 342.1484375 
 809 , 338.98828125 
 810 , 318.51171875 
 811 , 285.6484375 
 812 , 254.9453125 
 813 , 244.5859375 
 814 , 257.265625 
 815 , 275.73828125 
 816 , 287.6328125 
 817 , 304.921875 
 818 , 344.01171875 
 819 , 396.60546875 
 820 , 433.82421875 
 821 , 439.6171875 
 822 , 425.99609375 
 823 , 407.76171875 
 824 , 390.2734375 
 825 , 374.54296875 
 826 , 365.015625 
 827 , 370.12109375 
 828 , 394.953125 
 829 , 433.17578125 
 830 , 474.9609375 
 831 , 512.85546875 
 832 , 538.921875 
 833 , 544.74609375 
 834 , 531.71875 
 835 , 507.3125 
 836 , 481.5390625 
 837 , 460.90234375 
 838 , 447.21875 
 839 , 439.73828125 
 840 , 438.73828125 
 841 , 435.46484375 
 842 , 411.83984375 
 843 , 358.58203125 
 844 , 296.25390625 
 845 , 251.08203125 
 846 , 235.07421875 
 847 , 250.36328125 
 848 , 288.29296875 
 849 , 330.7265625 
 850 , 362.34765625 
 851 , 376.3984375 
 852 , 368.04296875 
 853 , 343.796875 
 854 , 322.5 
 855 , 319.37109375 
 856 , 330.6171875 
 857 , 347.56640625 
 858 , 363.765625 
 859 , 375.91015625 
 860 , 383.28515625 
 861 , 387.39453125 
 862 , 390.23828125 
 863 , 395.93359375 
 864 , 408.73828125 
 865 , 422.6796875 
 866 , 421.23828125 
 867 , 395.5078125 
 868 , 367.98828125 
 869 , 368.703125 
 870 , 407.80859375 
 871 , 477.68359375 
 872 , 558.66796875 
 873 , 617.4765625 
 874 , 630.44140625 
 875 , 625.22265625 
 876 , 645.75390625 
 877 , 708.59375 
 878 , 807.3046875 
 879 , 934.1796875 
 880 , 1053.8515625 
 881 , 1123.50390625 
 882 , 1149.75390625 
 883 , 1181.265625 
 884 , 1238.359375 
 885 , 1270.94140625 
 886 , 1228.9921875 
 887 , 1140.53125 
 888 , 1067.16796875 
 889 , 1019.0859375 
 890 , 940.32421875 
 891 , 793.77734375 
 892 , 633.44921875 
 893 , 530.859375 
 894 , 491.6015625 
 895 , 472.41015625 
 896 , 438.50390625 
 897 , 373.55859375 
 898 , 268.80859375 
 899 , 154.66015625 
 900 , 77.23828125 
 901 , 56.546875 
 902 , 81.53515625 
 903 , 132.859375 
 904 , 166.6796875 
 905 , 138.84765625 
 906 , 70.11328125 
 907 , 24.73046875 
 908 , 34.32421875 
 909 , 67.90625 
 910 , 91.453125 
 911 , 101.015625 
 912 , 105.1328125 
 913 , 111.015625 
 914 , 120.453125 
 915 , 132.34765625 
 916 , 144.61328125 
 917 , 156.3125 
 918 , 164.03125 
 919 , 160.890625 
 920 , 143.59765625 
 921 , 119.28125 
 922 , 97.84375 
 923 , 86.26953125 
 924 , 88.15234375 
 925 , 98.3046875 
 926 , 107.5546875 
 927 , 113.60546875 
 928 , 124.5234375 
 929 , 145.6328125 
 930 , 167.04296875 
 931 , 175.26171875 
 932 , 171.41796875 
 933 , 168.16796875 
 934 , 171.0625 
 935 , 170.48046875 
 936 , 156.63671875 
 937 , 132.9609375 
 938 , 107.98828125 
 939 , 83.43359375 
 940 , 56.94921875 
 941 , 28.8828125 
 942 , 5.859375 
 943 ,-3.97265625 
 944 ,-0.09375 
 945 , 9.44921875 
 946 , 17.91796875 
 947 , 26.5078125 
 948 , 37.57421875 
 949 , 49.43359375 
 950 , 58.84765625 
 951 , 70.140625 
 952 , 99.69140625 
 953 , 155.09375 
 954 , 210.12890625 
 955 , 235.6875 
 956 , 238.01953125 
 957 , 242.11328125 
 958 , 255.93359375 
 959 , 263.609375 
 960 , 252.359375 
 961 , 226.3359375 
 962 , 193.171875 
 963 , 154.99609375 
 964 , 109.96875 
 965 , 63.62109375 
 966 , 39.16015625 
 967 , 56.1796875 
 968 , 96.84375 
 969 , 130.45703125 
 970 , 145.8984375 
 971 , 152.05078125 
 972 , 155.2890625 
 973 , 149.23828125 
 974 , 127.33984375 
 975 , 100.24609375 
 976 , 86.19140625 
 977 , 94.046875 
 978 , 121.30078125 
 979 , 159.4296875 
 980 , 188.5390625 
 981 , 190.61328125 
 982 , 175.37109375 
 983 , 165.421875 
 984 , 165 
 985 , 155.109375 
 986 , 126.578125 
 987 , 103.18359375 
 988 , 110.48046875 
 989 , 137.62890625 
 990 , 155.61328125 
 991 , 154.27734375 
 992 , 147.92578125 
 993 , 148.734375 
 994 , 158.3125 
 995 , 176.3203125 
 996 , 198.515625 
 997 , 217.1640625 
 998 , 239.2890625 
 999 , 296.265625 
 1000 , 412.515625 
 1001 , 575.65625 
 1002 , 765.17578125 
 1003 , 975.6015625 
 1004 , 1210.9453125 
 1005 , 1452.66796875 
 1006 , 1646.43359375 
 1007 , 1741.13671875 
 1008 , 1706.80078125 
 1009 , 1522.21484375 
 1010 , 1229.94140625 
 1011 , 920.9296875 
 1012 , 660.49609375 
 1013 , 462.625 
 1014 , 329.94140625 
 1015 , 246.75 
 1016 , 194.8125 
 1017 , 166.5546875 
 1018 , 159.90234375 
 1019 , 167.16796875 
 1020 , 171.55859375 
 1021 , 160.3125 
 1022 , 142.125 
 1023 , 130.7265625 
 1024 , 127.28125 
 1025 , 124.20703125 
 1026 , 114.97265625 
 1027 , 97.08984375 
 1028 , 73.859375 
 1029 , 66.75 
 1030 , 98.39453125 
 1031 , 155.28125 
 1032 , 199.6484375 
 1033 , 215.9609375 
 1034 , 225.74609375 
 1035 , 249.27734375 
 1036 , 288.87890625 
 1037 , 341.09765625 
 1038 , 384.31640625 
 1039 , 384.578125 
 1040 , 336.66796875 
 1041 , 281.44140625 
 1042 , 253.94921875 
 1043 , 250.56640625 
 1044 , 258.6875 
 1045 , 268.953125 
 1046 , 273.4609375 
 1047 , 273.69921875 
 1048 , 286.1171875 
 1049 , 321.2890625 
 1050 , 363.43359375 
 1051 , 392.4140625 
 1052 , 402.4609375 
 1053 , 395.85546875 
 1054 , 381.390625 
 1055 , 376.5390625 
 1056 , 390.7734375 
 1057 , 406.671875 
 1058 , 404.78515625 
 1059 , 391.9296875 
 1060 , 387.43359375 
 1061 , 399.71875 
 1062 , 424.7109375 
 1063 , 455.84765625 
 1064 , 482.74609375 
 1065 , 496.09765625 
 1066 , 496.3828125 
 1067 , 487.7578125 
 1068 , 468.84765625 
 1069 , 432.8359375 
 1070 , 380.7421875 
 1071 , 330.4609375 
 1072 , 297.9296875 
 1073 , 277.77734375 
 1074 , 258.51953125 
 1075 , 241.38671875 
 1076 , 237.47265625 
 1077 , 250 
 1078 , 268.0625 
 1079 , 280.796875 
 1080 , 284.0078125 
 1081 , 276.44140625 
 1082 , 266.71484375 
 1083 , 268.51171875 
 1084 , 286.84375 
 1085 , 315.75390625 
 1086 , 347.09375 
 1087 , 368.2890625 
 1088 , 370.69140625 
 1089 , 381.75390625 
 1090 , 442.75 
 1091 , 535.2578125 
 1092 , 580.56640625 
 1093 , 540.1484375 
 1094 , 471.72265625 
 1095 , 433.234375 
 1096 , 414.62890625 
 1097 , 385.05078125 
 1098 , 341.29296875 
 1099 , 301.01171875 
 1100 , 274.0546875 
 1101 , 256.28515625 
 1102 , 243.56640625 
 1103 , 237.16796875 
 1104 , 238.71484375 
 1105 , 240.2421875 
 1106 , 228.95703125 
 1107 , 205.58203125 
 1108 , 186.796875 
 1109 , 181.73828125 
 1110 , 177.54296875 
 1111 , 160.3671875 
 1112 , 131.85546875 
 1113 , 99.484375 
 1114 , 69.703125 
 1115 , 48.16796875 
 1116 , 36.88671875 
 1117 , 31.35546875 
 1118 , 27.62109375 
 1119 , 23.88671875 
 1120 , 21.15625 
 1121 , 17.85546875 
 1122 , 10.38671875 
 1123 , 4.55859375 
 1124 , 19.78125 
 1125 , 62.1640625 
 1126 , 96.40625 
 1127 , 88.66796875 
 1128 , 62.08984375 
 1129 , 59.26953125 
 1130 , 80.7578125 
 1131 , 89.2734375 
 1132 , 75.8515625 
 1133 , 81.171875 
 1134 , 130.2109375 
 1135 , 172.4140625 
 1136 , 149.8828125 
 1137 , 85.125 
 1138 , 37.2109375 
 1139 , 24.15625 
 1140 , 18.578125 
 1141 , 5.70703125 
 1142 ,-0.62890625 
 1143 , 11.9296875 
 1144 , 35.75 
 1145 , 58.62109375 
 1146 , 74.34765625 
 1147 , 78.7421875 
 1148 , 69.609375 
 1149 , 51.5859375 
 1150 , 32.09375 
 1151 , 26.8515625 
 1152 , 46.61328125 
 1153 , 79.48828125 
 1154 , 109.15234375 
 1155 , 124.3671875 
 1156 , 112.47265625 
 1157 , 80.5859375 
 1158 , 73.68359375 
 1159 , 121.50390625 
 1160 , 187.28515625 
 1161 , 225.4765625 
 1162 , 233.47265625 
 1163 , 227.9609375 
 1164 , 219.20703125 
 1165 , 212.92578125 
 1166 , 215.76953125 
 1167 , 229.51171875 
 1168 , 252.67578125 
 1169 , 284.83203125 
 1170 , 326.09765625 
 1171 , 357.828125 
 1172 , 353.1328125 
 1173 , 327.3984375 
 1174 , 334.515625 
 1175 , 388.6171875 
 1176 , 429.578125 
 1177 , 411.109375 
 1178 , 370.57421875 
 1179 , 359.8515625 
 1180 , 382.76953125 
 1181 , 419.7890625 
 1182 , 457.09375 
 1183 , 482.92578125 
 1184 , 486.62109375 
 1185 , 464.79296875 
 1186 , 420.83203125 
 1187 , 377.1796875 
 1188 , 357.38671875 
 1189 , 356.21875 
 1190 , 353.36328125 
 1191 , 344.66796875 
 1192 , 345.11328125 
 1193 , 361.359375 
 1194 , 375.4296875 
 1195 , 373.27734375 
 1196 , 379.625 
 1197 , 426 
 1198 , 491.06640625 
 1199 , 524.1796875 
 1200 , 521.265625 
 1201 , 531.78515625 
 1202 , 573.25390625 
 1203 , 589.21484375 
 1204 , 534.9609375 
 1205 , 450.296875 
 1206 , 389.7578125 
 1207 , 356.89453125 
 1208 , 331.90234375 
 1209 , 315.8359375 
 1210 , 326.9453125 
 1211 , 359.046875 
 1212 , 375.4765625 
 1213 , 353.12109375 
 1214 , 295.88671875 
 1215 , 210.9921875 
 1216 , 145.640625 
 1217 , 164.49609375 
 1218 , 250.71875 
 1219 , 322.08203125 
 1220 , 333.5 
 1221 , 302.79296875 
 1222 , 251.24609375 
 1223 , 182.77734375 
 1224 , 102.24609375 
 1225 , 53.140625 
 1226 , 85.6328125 
 1227 , 165.66015625 
 1228 , 210.0625 
 1229 , 191.7890625 
 1230 , 146.08203125 
 1231 , 104.34375 
 1232 , 62.0703125 
 1233 , 15.46484375 
 1234 ,-2.94921875 
 1235 , 41.41015625 
 1236 , 112.99609375 
 1237 , 148.99609375 
 1238 , 146.54296875 
 1239 , 146.01171875 
 1240 , 159.74609375 
 1241 , 173.42578125 
 1242 , 181.5625 
 1243 , 197.81640625 
 1244 , 225.7890625 
 1245 , 255.26953125 
 1246 , 285.69140625 
 1247 , 321.5078125 
 1248 , 357.88671875 
 1249 , 378.98828125 
 1250 , 364.83203125 
 1251 , 315.94921875 
 1252 , 272.921875 
 1253 , 269.9453125 
 1254 , 293.17578125 
 1255 , 315.58203125 
 1256 , 319.76953125 
 1257 , 297.90234375 
 1258 , 252.4765625 
 1259 , 190.1484375 
 1260 , 120.49609375 
 1261 , 55.828125 
 1262 , 10.984375 
 1263 , 7.1328125 
 1264 , 56.73828125 
 1265 , 127.6328125 
 1266 , 178.9609375 
 1267 , 193.96484375 
 1268 , 163.1328125 
 1269 , 100.0859375 
 1270 , 54.26171875 
 1271 , 52.79296875 
 1272 , 64.265625 
 1273 , 55.234375 
 1274 , 38.62109375 
 1275 , 43.0078125 
 1276 , 64.640625 
 1277 , 76.42578125 
 1278 , 69.64453125 
 1279 , 60.296875 
 1280 , 71.19140625 
 1281 , 118.953125 
 1282 , 195.9765625 
 1283 , 260.05859375 
 1284 , 281.94921875 
 1285 , 283.89453125 
 1286 , 296.171875 
 1287 , 324.2109375 
 1288 , 360.18359375 
 1289 , 387.80078125 
 1290 , 390.65234375 
 1291 , 369.58203125 
 1292 , 336.796875 
 1293 , 295.40234375 
 1294 , 238.17578125 
 1295 , 165 
 1296 , 98.87109375 
 1297 , 64.56640625 
 1298 , 60.03125 
 1299 , 68.87109375 
 1300 , 74.1796875 
 1301 , 65.83203125 
 1302 , 51.21484375 
 1303 , 46.515625 
 1304 , 58.984375 
 1305 , 92.82421875 
 1306 , 144.40234375 
 1307 , 172.73046875 
 1308 , 140.34765625 
 1309 , 80.7421875 
 1310 , 45.33203125 
 1311 , 37.71484375 
 1312 , 38.0625 
 1313 , 36.89453125 
 1314 , 33.75 
 1315 , 28.609375 
 1316 , 24.28125 
 1317 , 30.33203125 
 1318 , 63.5625 
 1319 , 128.57421875 
 1320 , 191.25390625 
 1321 , 217.53125 
 1322 , 220.3203125 
 1323 , 226.88671875 
 1324 , 236.46484375 
 1325 , 235.734375 
 1326 , 220.51953125 
 1327 , 189.21484375 
 1328 , 150.91015625 
 1329 , 141.25390625 
 1330 , 181.98828125 
 1331 , 238.39453125 
 1332 , 273.34765625 
 1333 , 294.8359375 
 1334 , 321.12890625 
 1335 , 345.29296875 
 1336 , 349.2578125 
 1337 , 336.3359375 
 1338 , 328.42578125 
 1339 , 334.25 
 1340 , 345.63671875 
 1341 , 357.45703125 
 1342 , 371.71484375 
 1343 , 391.51953125 
 1344 , 418.21875 
 1345 , 449.37890625 
 1346 , 478.63671875 
 1347 , 502.26953125 
 1348 , 528.23828125 
 1349 , 570.23046875 
 1350 , 611.828125 
 1351 , 606.41796875 
 1352 , 544.1953125 
 1353 , 475.19140625 
 1354 , 444.5859375 
 1355 , 464.6796875 
 1356 , 524.65625 
 1357 , 567.45703125 
 1358 , 544.20703125 
 1359 , 483.265625 
 1360 , 431.9765625 
 1361 , 396.6484375 
 1362 , 367.4921875 
 1363 , 349.15234375 
 1364 , 349.58203125 
 1365 , 360.12109375 
 1366 , 360.75390625 
 1367 , 343.66015625 
 1368 , 316.41796875 
 1369 , 286.453125 
 1370 , 268.80078125 
 1371 , 279.609375 
 1372 , 310.18359375 
 1373 , 340.54296875 
 1374 , 362.03125 
 1375 , 372.84765625 
 1376 , 382.23046875 
 1377 , 413.625 
 1378 , 453.93359375 
 1379 , 438.8515625 
 1380 , 348.4609375 
 1381 , 249.66015625 
 1382 , 195.4140625 
 1383 , 173.84375 
 1384 , 162.60546875 
 1385 , 151.62890625 
 1386 , 138.328125 
 1387 , 122.6015625 
 1388 , 105.55078125 
 1389 , 91.78515625 
 1390 , 84.43359375 
 1391 , 85.67578125 
 1392 , 93.7578125 
 1393 , 107.015625 
 1394 , 133.58203125 
 1395 , 171.99609375 
 1396 , 191.59375 
 1397 , 170.68359375 
 1398 , 134.45703125 
 1399 , 113.6328125 
 1400 , 103.8046875 
 1401 , 87.77734375 
 1402 , 68.44140625 
 1403 , 60.60546875 
 1404 , 58.98828125 
 1405 , 37.8359375 
 1406 , 3.61328125 
 1407 ,-2.609375 
 1408 , 31.50390625 
 1409 , 73.41015625 
 1410 , 95.8984375 
 1411 , 97.83203125 
 1412 , 94.60546875 
 1413 , 123.03125 
 1414 , 200.91796875 
 1415 , 279.88671875 
 1416 , 316.12109375 
 1417 , 321.24609375 
 1418 , 314.94921875 
 1419 , 299.953125 
 1420 , 282.34765625 
 1421 , 265.50390625 
 1422 , 234.18359375 
 1423 , 188.27734375 
 1424 , 164.5859375 
 1425 , 181.1875 
 1426 , 204.31640625 
 1427 , 208.65234375 
 1428 , 219.03515625 
 1429 , 259.9453125 
 1430 , 306.640625 
 1431 , 326.39453125 
 1432 , 328.08984375 
 1433 , 334.953125 
 1434 , 351.7578125 
 1435 , 369.93359375 
 1436 , 371.5 
 1437 , 339.1640625 
 1438 , 291.16015625 
 1439 , 274.9375 
 1440 , 298.33984375 
 1441 , 317.77734375 
 1442 , 312.75390625 
 1443 , 309.59375 
 1444 , 327.609375 
 1445 , 356.328125 
 1446 , 386.87890625 
 1447 , 431.875 
 1448 , 500.4609375 
 1449 , 569.1015625 
 1450 , 612.83203125 
 1451 , 634.3359375 
 1452 , 640.01953125 
 1453 , 638.86328125 
 1454 , 653.0703125 
 1455 , 702.25390625 
 1456 , 790.22265625 
 1457 , 892.0078125 
 1458 , 967.14453125 
 1459 , 995.625 
 1460 , 967.75390625 
 1461 , 896.43359375 
 1462 , 858.36328125 
 1463 , 891.73046875 
 1464 , 896.26953125 
 1465 , 786.2109375 
 1466 , 625.3671875 
 1467 , 503.66796875 
 1468 , 448.5625 
 1469 , 456.53125 
 1470 , 480.34765625 
 1471 , 461.91796875 
 1472 , 409.63671875 
 1473 , 370.68359375 
 1474 , 356.7734375 
 1475 , 348.0390625 
 1476 , 336.49609375 
 1477 , 331.3046875 
 1478 , 334.33203125 
 1479 , 332.22265625 
 1480 , 315.12109375 
 1481 , 286.06640625 
 1482 , 253.74609375 
 1483 , 233.984375 
 1484 , 234.71875 
 1485 , 235.5546875 
 1486 , 219.046875 
 1487 , 203.4453125 
 1488 , 211.5234375 
 1489 , 243.8828125 
 1490 , 293.37890625 
 1491 , 347.2890625 
 1492 , 388.90625 
 1493 , 405.48828125 
 1494 , 392.08984375 
 1495 , 364.2265625 
 1496 , 347.5078125 
 1497 , 342.7421875 
 1498 , 329.890625 
 1499 , 302.6875 
 1500 , 272.84375 
 1501 , 256.890625 
 1502 , 273.30859375 
 1503 , 315.41796875 
 1504 , 330.80859375 
 1505 , 290.5 
 1506 , 233.00390625 
 1507 , 195.31640625 
 1508 , 188.859375 
 1509 , 217.75390625 
 1510 , 247.4140625 
 1511 , 232.15234375 
 1512 , 173.08203125 
 1513 , 94.09765625 
 1514 , 27.5703125 
 1515 , 4.6875 
 1516 , 9.88671875 
 1517 , 5.95703125 
 1518 ,-4.8359375 
 1519 , 10.21875 
 1520 , 55.03125 
 1521 , 102.1953125 
 1522 , 134.5 
 1523 , 145.44140625 
 1524 , 141.46484375 
 1525 , 149.203125 
 1526 , 176.5390625 
 1527 , 200.484375 
 1528 , 203.0078125 
 1529 , 196.30859375 
 1530 , 198.82421875 
 1531 , 211.984375 
 1532 , 227.4296875 
 1533 , 240.77734375 
 1534 , 255.91796875 
 1535 , 277.30078125 
 1536 , 300.75390625 
 1537 , 315 
 1538 , 311.640625 
 1539 , 292.14453125 
 1540 , 263.04296875 
 1541 , 232.578125 
 1542 , 211.375 
 1543 , 197.83984375 
 1544 , 177.80859375 
 1545 , 151.28515625 
 1546 , 132.7734375 
 1547 , 120.296875 
 1548 , 91.6953125 
 1549 , 46.33203125 
 1550 , 18.11328125 
 1551 , 21.8046875 
 1552 , 34.15625 
 1553 , 48.296875 
 1554 , 90.28125 
 1555 , 169.1875 
 1556 , 258.9453125 
 1557 , 335.6171875 
 1558 , 386.5078125 
 1559 , 400.31640625 
 1560 , 369.92578125 
 1561 , 303.83203125 
 1562 , 246.32421875 
 1563 , 232.609375 
 1564 , 252.80078125 
 1565 , 289.1015625 
 1566 , 315.4765625 
 1567 , 307.2890625 
 1568 , 293.04296875 
 1569 , 315.19921875 
 1570 , 353.578125 
 1571 , 364.73046875 
 1572 , 350.0546875 
 1573 , 335.53125 
 1574 , 341.4765625 
 1575 , 378.796875 
 1576 , 414.1484375 
 1577 , 388.72265625 
 1578 , 319.01171875 
 1579 , 280.484375 
 1580 , 290.4765625 
 1581 , 310.21484375 
 1582 , 322.01171875 
 1583 , 335.84375 
 1584 , 357.56640625 
 1585 , 380.7890625 
 1586 , 399.734375 
 1587 , 416.7109375 
 1588 , 431.6015625 
 1589 , 432.92578125 
 1590 , 417.24609375 
 1591 , 407.3125 
 1592 , 420.7578125 
 1593 , 444.8359375 
 1594 , 466.17578125 
 1595 , 493.94921875 
 1596 , 531.08984375 
 1597 , 540.73828125 
 1598 , 495.6875 
 1599 , 431.79296875 
 1600 , 393.35546875 
 1601 , 404.53515625 
 1602 , 470.55078125 
 1603 , 538.0546875 
 1604 , 555.20703125 
 1605 , 544.21484375 
 1606 , 542.6484375 
 1607 , 554.11328125 
 1608 , 567.4765625 
 1609 , 569.484375 
 1610 , 552.28125 
 1611 , 524.8203125 
 1612 , 498.55078125 
 1613 , 474.01953125 
 1614 , 448.71484375 
 1615 , 417.48828125 
 1616 , 374.59375 
 1617 , 329.99609375 
 1618 , 301.97265625 
 1619 , 282.80078125 
 1620 , 246.109375 
 1621 , 196.625 
 1622 , 164.8671875 
 1623 , 169.4140625 
 1624 , 213.1328125 
 1625 , 264.17578125 
 1626 , 274.171875 
 1627 , 252.0390625 
 1628 , 242.4140625 
 1629 , 248.25390625 
 1630 , 245.21875 
 1631 , 221.8359375 
 1632 , 175.9453125 
 1633 , 126.01171875 
 1634 , 111.3984375 
 1635 , 140.5390625 
 1636 , 180.84375 
 1637 , 208.28515625 
 1638 , 223.765625 
 1639 , 233.91015625 
 1640 , 238.203125 
 1641 , 232.89453125 
 1642 , 219.95703125 
 1643 , 208.9453125 
 1644 , 209.74609375 
 1645 , 214.65625 
 1646 , 203.36328125 
 1647 , 176.75390625 
 1648 , 161.2109375 
 1649 , 164.65625 
 1650 , 162.546875 
 1651 , 149.9921875 
 1652 , 159.17578125 
 1653 , 197.302734375 
 1654 , 221.5625 
 1655 , 206.76953125 
 1656 , 178.06640625 
 1657 , 163.80859375 
 1658 , 174.25390625 
 1659 , 195.40625 
 1660 , 181.83984375 
 1661 , 121.271484375 
 1662 , 66.373046875 
 1663 , 48.740234375 
 1664 , 47.869140625 
 1665 , 48.328125 
 1666 , 54.919921875 
 1667 , 71.431640625 
 1668 , 90.203125 
 1669 , 103.17578125 
 1670 , 112.880859375 
 1671 , 128.615234375 
 1672 , 166.0234375 
 1673 , 225.193359375 
 1674 , 269.552734375 
 1675 , 270.77734375 
 1676 , 234.537109375 
 1677 , 180.875 
 1678 , 148.505859375 
 1679 , 159.19140625 
 1680 , 190.728515625 
 1681 , 217.31640625 
 1682 , 217.37890625 
 1683 , 187.412109375 
 1684 , 167.349609375 
 1685 , 186.392578125 
 1686 , 235.28515625 
 1687 , 288.2109375 
 1688 , 284.251953125 
 1689 , 189.3671875 
 1690 , 71.26953125 
 1691 , 6.376953125 
 1692 , 31.06640625 
 1693 , 136.146484375 
 1694 , 236.671875 
 1695 , 275.72265625 
 1696 , 271.5 
 1697 , 245.41015625 
 1698 , 217.806640625 
 1699 , 201.638671875 
 1700 , 188.888671875 
 1701 , 171.974609375 
 1702 , 155.333984375 
 1703 , 142.21875 
 1704 , 127.09765625 
 1705 , 108.69140625 
 1706 , 92.359375 
 1707 , 79.439453125 
 1708 , 68.853515625 
 1709 , 58.3046875 
 1710 , 45.37890625 
 1711 , 27.2578125 
 1712 , 7.84375 
 1713 ,-3.548828125 
 1714 , 8.5625 
 1715 , 43.482421875 
 1716 , 70.4765625 
 1717 , 78.509765625 
 1718 , 94.9609375 
 1719 , 134.103515625 
 1720 , 182.859375 
 1721 , 225.775390625 
 1722 , 256.4609375 
 1723 , 269.7421875 
 1724 , 263.03125 
 1725 , 243.2421875 
 1726 , 228.208984375 
 1727 , 225.349609375 
 1728 , 223.6328125 
 1729 , 210.634765625 
 1730 , 179.962890625 
 1731 , 131.91796875 
 1732 , 68.5625 
 1733 , 15.501953125 
 1734 , 35.283203125 
 1735 , 117.068359375 
 1736 , 151.345703125 
 1737 , 104.427734375 
 1738 , 41.90234375 
 1739 , 15.837890625 
 1740 , 50.703125 
 1741 , 120.830078125 
 1742 , 159.53515625 
 1743 , 162.826171875 
 1744 , 181.10546875 
 1745 , 208.388671875 
 1746 , 191.822265625 
 1747 , 147.8671875 
 1748 , 146.8046875 
 1749 , 181.19921875 
 1750 , 189.25 
 1751 , 178.572265625 
 1752 , 197.69140625 
 1753 , 229.7265625 
 1754 , 226.095703125 
 1755 , 201.85546875 
 1756 , 198.25390625 
 1757 , 200.66015625 
 1758 , 178.353515625 
 1759 , 157.201171875 
 1760 , 174.728515625 
 1761 , 216.623046875 
 1762 , 253.013671875 
 1763 , 267.380859375 
 1764 , 251.58203125 
 1765 , 218.37109375 
 1766 , 186.998046875 
 1767 , 167.76171875 
 1768 , 168.8203125 
 1769 , 200.009765625 
 1770 , 258.4765625 
 1771 , 303.65625 
 1772 , 303.7421875 
 1773 , 278.884765625 
 1774 , 256.205078125 
 1775 , 248.7421875 
 1776 , 260.228515625 
 1777 , 285.443359375 
 1778 , 313.099609375 
 1779 , 311.658203125 
 1780 , 262.251953125 
 1781 , 187.16796875 
 1782 , 121.921875 
 1783 , 106.31640625 
 1784 , 141.453125 
 1785 , 173.791015625 
 1786 , 163.70703125 
 1787 , 97.51171875 
 1788 , 19.21484375 
 1789 , 30.06640625 
 1790 , 113.0078125 
 1791 , 143.013671875 
 1792 , 105.07421875 
 1793 , 75.330078125 
 1794 , 83.142578125 
 1795 , 118.88671875 
 1796 , 170.392578125 
 1797 , 225.66796875 
 1798 , 273.650390625 
 1799 , 303.580078125 
 1800 , 324.7421875 
 1801 , 353.77734375 
 1802 , 360.849609375 
 1803 , 306.87109375 
 1804 , 234.060546875 
 1805 , 199.634765625 
 1806 , 173.3984375 
 1807 , 115.056640625 
 1808 , 58.638671875 
 1809 , 43.421875 
 1810 , 56.107421875 
 1811 , 74.6484375 
 1812 , 95.75 
 1813 , 120.205078125 
 1814 , 136.4921875 
 1815 , 136.31640625 
 1816 , 134.552734375 
 1817 , 145.4921875 
 1818 , 166.50390625 
 1819 , 192.005859375 
 1820 , 223.24609375 
 1821 , 249.265625 
 1822 , 242.912109375 
 1823 , 215.978515625 
 1824 , 214.525390625 
 1825 , 230.6171875 
 1826 , 218.25390625 
 1827 , 184.025390625 
 1828 , 163.34375 
 1829 , 161.90234375 
 1830 , 172.150390625 
 1831 , 191.40234375 
 1832 , 220.30859375 
 1833 , 264.52734375 
 1834 , 321.498046875 
 1835 , 344.193359375 
 1836 , 296.83203125 
 1837 , 235.771484375 
 1838 , 216.76953125 
 1839 , 225.94921875 
 1840 , 238.2421875 
 1841 , 235.173828125 
 1842 , 209.0078125 
 1843 , 171.474609375 
 1844 , 135.935546875 
 1845 , 116.14453125 
 1846 , 117.623046875 
 1847 , 134.46875 
 1848 , 160.71484375 
 1849 , 187.564453125 
 1850 , 210.716796875 
 1851 , 233.73046875 
 1852 , 244.177734375 
 1853 , 216.65625 
 1854 , 170.890625 
 1855 , 154.30078125 
 1856 , 174.732421875 
 1857 , 212.927734375 
 1858 , 223.60546875 
 1859 , 175.87890625 
 1860 , 132.548828125 
 1861 , 149.05078125 
 1862 , 178.060546875 
 1863 , 170.685546875 
 1864 , 125.43359375 
 1865 , 72.75 
 1866 , 95.6484375 
 1867 , 201.099609375 
 1868 , 258.779296875 
 1869 , 214.67578125 
 1870 , 136.84375 
 1871 , 91.42578125 
 1872 , 119.1640625 
 1873 , 179.7890625 
 1874 , 189.556640625 
 1875 , 167.01171875 
 1876 , 175.8359375 
 1877 , 200.388671875 
 1878 , 201.978515625 
 1879 , 189.00390625 
 1880 , 176.431640625 
 1881 , 161.05078125 
 1882 , 146.62890625 
 1883 , 160.2890625 
 1884 , 208.92578125 
 1885 , 239.48828125 
 1886 , 228.458984375 
 1887 , 226.193359375 
 1888 , 245.95703125 
 1889 , 236.828125 
 1890 , 192 
 1891 , 159.783203125 
 1892 , 150.619140625 
 1893 , 139.04296875 
 1894 , 125.798828125 
 1895 , 128.322265625 
 1896 , 116.060546875 
 1897 , 50.990234375 
 1898 , 5.265625 
 1899 , 60.72265625 
 1900 , 154.681640625 
 1901 , 202.6171875 
 1902 , 177.904296875 
 1903 , 100.0703125 
 1904 , 68.69140625 
 1905 , 130.82421875 
 1906 , 218.8046875 
 1907 , 274.490234375 
 1908 , 265.5390625 
 1909 , 219.72265625 
 1910 , 220.341796875 
 1911 , 258.978515625 
 1912 , 260.5859375 
 1913 , 227.54296875 
 1914 , 206.921875 
 1915 , 207.119140625 
 1916 , 215.283203125 
 1917 , 219.04296875 
 1918 , 209.51953125 
 1919 , 176.162109375 
 1920 , 126.162109375 
 1921 , 112.9609375 
 1922 , 150.224609375 
 1923 , 177.119140625 
 1924 , 171.58203125 
 1925 , 164.244140625 
 1926 , 174.451171875 
 1927 , 208.443359375 
 1928 , 250.8046875 
 1929 , 271.541015625 
 1930 , 263.94921875 
 1931 , 237.998046875 
 1932 , 203.904296875 
 1933 , 171.724609375 
 1934 , 161.646484375 
 1935 , 179.642578125 
 1936 , 185.869140625 
 1937 , 168.927734375 
 1938 , 184.056640625 
 1939 , 236.45703125 
 1940 , 260.724609375 
 1941 , 252.013671875 
 1942 , 258.20703125 
 1943 , 258.876953125 
 1944 , 201.205078125 
 1945 , 149.42578125 
 1946 , 196.01953125 
 1947 , 271.841796875 
 1948 , 286.44140625 
 1949 , 269.763671875 
 1950 , 257.884765625 
 1951 , 235.95703125 
 1952 , 200.013671875 
 1953 , 175.224609375 
 1954 , 171.3671875 
 1955 , 182.22265625 
 1956 , 199.486328125 
 1957 , 207.228515625 
 1958 , 193.9765625 
 1959 , 157.708984375 
 1960 , 123.765625 
 1961 , 117.861328125 
 1962 , 115.521484375 
 1963 , 93.23046875 
 1964 , 75.119140625 
 1965 , 80.46875 
 1966 , 94.39453125 
 1967 , 102.24609375 
 1968 , 101.71484375 
 1969 , 89.796875 
 1970 , 57.931640625 
 1971 , 27.94140625 
 1972 , 43.11328125 
 1973 , 90.966796875 
 1974 , 129.525390625 
 1975 , 145.22265625 
 1976 , 146.740234375 
 1977 , 158.775390625 
 1978 , 182.1796875 
 1979 , 175.408203125 
 1980 , 137.978515625 
 1981 , 128.197265625 
 1982 , 146.59375 
 1983 , 137.177734375 
 1984 , 105.65625 
 1985 , 96.515625 
 1986 , 111.6875 
 1987 , 132.732421875 
 1988 , 139.541015625 
 1989 , 125.802734375 
 1990 , 131.267578125 
 1991 , 171.376953125 
 1992 , 191.734375 
 1993 , 176.08203125 
 1994 , 173.115234375 
 1995 , 185.564453125 
 1996 , 173.0859375 
 1997 , 144.046875 
 1998 , 132.416015625 
 1999 , 141.482421875 
 2000 , 164.392578125 
 2001 , 199.484375 
 2002 , 235.607421875 
 2003 , 240.29296875 
 2004 , 216.431640625 
 2005 , 222.546875 
 2006 , 255.36328125 
 2007 , 248.34375 
 2008 , 211.177734375 
 2009 , 201.435546875 
 2010 , 220.384765625 
 2011 , 244.935546875 
 2012 , 261.21875 
 2013 , 258.73046875 
 2014 , 227.880859375 
 2015 , 176.638671875 
 2016 , 142.205078125 
 2017 , 131.3828125 
 2018 , 115.806640625 
 2019 , 98.787109375 
 2020 , 104.3125 
 2021 , 121.99609375 
 2022 , 131.357421875 
 2023 , 143.228515625 
 2024 , 165.76953125 
 2025 , 169.455078125 
 2026 , 146.49609375 
 2027 , 147.626953125 
 2028 , 171.890625 
 2029 , 147.296875 
 2030 , 87.513671875 
 2031 , 70.271484375 
 2032 , 79.470703125 
 2033 , 63.521484375 
 2034 , 58.271484375 
 2035 , 102.900390625 
 2036 , 149.458984375 
 2037 , 155.775390625 
 2038 , 128.015625 
 2039 , 89.119140625 
 2040 , 66.36328125 
 2041 , 56.455078125 
 2042 , 43.2734375 
 2043 , 40.837890625 
 2044 , 68.40625 
 2045 , 118.654296875 
 2046 , 173.134765625 
 2047 , 199.66796875 
 2048 , 191.671875 
 2049 , 187.478515625 
 2050 , 192.84375 
 2051 , 182.130859375 
 2052 , 139.306640625 
 2053 , 61.373046875 
 2054 ,-0.755859375 
 2055 , 0.912109375 
 2056 , 36.3125 
 2057 , 76.943359375 
 2058 , 130.779296875 
 2059 , 181.328125 
 2060 , 179.787109375 
 2061 , 153.72265625 
 2062 , 175.001953125 
 2063 , 207.3046875 
 2064 , 186.4296875 
 2065 , 143.513671875 
 2066 , 122.041015625 
 2067 , 127.69140625 
 2068 , 153.32421875 
 2069 , 183.7421875 
 2070 , 198.482421875 
 2071 , 176.50390625 
 2072 , 143.6640625 
 2073 , 141.61328125 
 2074 , 153.267578125 
 2075 , 154.88671875 
 2076 , 162.505859375 
 2077 , 177.666015625 
 2078 , 164.107421875 
 2079 , 123.853515625 
 2080 , 99.3984375 
 2081 , 93.3671875 
 2082 , 88.484375 
 2083 , 95.365234375 
 2084 , 123.240234375 
 2085 , 152.447265625 
 2086 , 163.861328125 
 2087 , 143.546875 
 2088 , 97.220703125 
 2089 , 57.291015625 
 2090 , 54.689453125 
 2091 , 104.486328125 
 2092 , 160.875 
 2093 , 177.09375 
 2094 , 165.802734375 
 2095 , 142.263671875 
 2096 , 111.314453125 
 2097 , 96.6875 
 2098 , 134.40625 
 2099 , 183.490234375 
 2100 , 174.939453125 
 2101 , 157.333984375 
 2102 , 188.486328125 
 2103 , 218.287109375 
 2104 , 224.259765625 
 2105 , 271.888671875 
 2106 , 342.11328125 
 2107 , 328.94921875 
 2108 , 264.83984375 
 2109 , 245.791015625 
 2110 , 234.23046875 
 2111 , 181.837890625 
 2112 , 144.59375 
 2113 , 149.02734375 
 2114 , 144.505859375 
 2115 , 117.80859375 
 2116 , 95.5703125 
 2117 , 85.083984375 
 2118 , 83.439453125 
 2119 , 95.61328125 
 2120 , 117.517578125 
 2121 , 115.103515625 
 2122 , 88.232421875 
 2123 , 88.828125 
 2124 , 127.646484375 
 2125 , 179.50390625 
 2126 , 221.732421875 
 2127 , 233.8203125 
 2128 , 198.51953125 
 2129 , 133.392578125 
 2130 , 120.83203125 
 2131 , 165.28125 
 2132 , 181.29296875 
 2133 , 149.525390625 
 2134 , 96.525390625 
 2135 , 56.796875 
 2136 , 54.6953125 
 2137 , 78.388671875 
 2138 , 109.796875 
 2139 , 131.36328125 
 2140 , 132.578125 
 2141 , 111.548828125 
 2142 , 88.537109375 
 2143 , 88.310546875 
 2144 , 111.396484375 
 2145 , 142.431640625 
 2146 , 147.029296875 
 2147 , 132.341796875 
 2148 , 149.490234375 
 2149 , 180.5703125 
 2150 , 175.453125 
 2151 , 119.498046875 
 2152 , 33.60546875 
 2153 ,-0.3671875 
 2154 , 34.65234375 
 2155 , 54.962890625 
 2156 , 40.234375 
 2157 , 22.833984375 
 2158 , 17.462890625 
 2159 , 25.314453125 
 2160 , 35.861328125 
 2161 , 44.884765625 
 2162 , 69.287109375 
 2163 , 95.806640625 
 2164 , 86.162109375 
 2165 , 59.908203125 
 2166 , 50.626953125 
 2167 , 33.392578125 
 2168 , 6.140625 
 2169 , 40.7421875 
 2170 , 119.869140625 
 2171 , 132.94140625 
 2172 , 113.1015625 
 2173 , 150.30078125 
 2174 , 191.333984375 
 2175 , 175.9375 
 2176 , 124.390625 
 2177 , 94.6484375 
 2178 , 163.556640625 
 2179 , 258.013671875 
 2180 , 242.693359375 
 2181 , 175.357421875 
 2182 , 143.654296875 
 2183 , 145.970703125 
 2184 , 165.23046875 
 2185 , 182.720703125 
 2186 , 180.474609375 
 2187 , 151.330078125 
 2188 , 146.39453125 
 2189 , 206.115234375 
 2190 , 283.4609375 
 2191 , 332.359375 
 2192 , 332.083984375 
 2193 , 292.568359375 
 2194 , 243.337890625 
 2195 , 211.830078125 
 2196 , 212.447265625 
 2197 , 222.52734375 
 2198 , 220.34375 
 2199 , 197.62890625 
 2200 , 177.373046875 
 2201 , 191.921875 
 2202 , 199.935546875 
 2203 , 165.869140625 
 2204 , 145.041015625 
 2205 , 167.693359375 
 2206 , 206.80859375 
 2207 , 225.0390625 
 2208 , 195.91015625 
 2209 , 175.4296875 
 2210 , 209.984375 
 2211 , 247.421875 
 2212 , 243.796875 
 2213 , 189.34765625 
 2214 , 119.43359375 
 2215 , 85.873046875 
 2216 , 78.435546875 
 2217 , 70.998046875 
 2218 , 49.13671875 
 2219 , 21.859375 
 2220 , 20.49609375 
 2221 , 43.13671875 
 2222 , 71.42578125 
 2223 , 108.052734375 
 2224 , 147.228515625 
 2225 , 152.13671875 
 2226 , 111.34375 
 2227 , 48.95703125 
 2228 , 20.056640625 
 2229 , 63.451171875 
 2230 , 104.0859375 
 2231 , 98.796875 
 2232 , 104.205078125 
 2233 , 120.365234375 
 2234 , 101.296875 
 2235 , 91.0546875 
 2236 , 129.28515625 
 2237 , 121.166015625 
 2238 , 52.109375 
 2239 , 53.8359375 
 2240 , 116.48828125 
 2241 , 137.5390625 
 2242 , 125.13671875 
 2243 , 113.4140625 
 2244 , 103.390625 
 2245 , 104.5 
 2246 , 138.033203125 
 2247 , 182.328125 
 2248 , 201.689453125 
 2249 , 202.779296875 
 2250 , 193.134765625 
 2251 , 167.646484375 
 2252 , 145.82421875 
 2253 , 159.51171875 
 2254 , 182.724609375 
 2255 , 179.67578125 
 2256 , 155.048828125 
 2257 , 135.7890625 
 2258 , 164.3046875 
 2259 , 202.640625 
 2260 , 180.5390625 
 2261 , 133.970703125 
 2262 , 115.009765625 
 2263 , 136.68359375 
 2264 , 160.625 
 2265 , 118.947265625 
 2266 , 73.873046875 
 2267 , 102.439453125 
 2268 , 125.876953125 
 2269 , 100.390625 
 2270 , 78.2734375 
 2271 , 83 
 2272 , 111.16796875 
 2273 , 146.03125 
 2274 , 159.578125 
 2275 , 116.458984375 
 2276 , 53.25390625 
 2277 , 58.84765625 
 2278 , 88.158203125 
 2279 , 70.8125 
 2280 , 53.873046875 
 2281 , 62.73046875 
 2282 , 65.3046875 
 2283 , 65.689453125 
 2284 , 84.9609375 
 2285 , 102.232421875 
 2286 , 106.63671875 
 2287 , 129.8125 
 2288 , 156.064453125 
 2289 , 134.353515625 
 2290 , 106.26953125 
 2291 , 116.37890625 
 2292 , 110.029296875 
 2293 , 84.505859375 
 2294 , 96.8046875 
 2295 , 118.171875 
 2296 , 94.66015625 
 2297 , 30.021484375 
 2298 ,-35.419921875 
 2299 ,-36.185546875 
 2300 , 14.95703125 
 2301 , 50.568359375 
 2302 , 41.22265625 
 2303 , 4.287109375 
 2304 , 28.345703125 
 2305 , 104.427734375 
 2306 , 120.482421875 
 2307 , 88.634765625 
 2308 , 70.890625 
 2309 , 71.71484375 
 2310 , 80.154296875 
 2311 , 79.556640625 
 2312 , 78.4765625 
 2313 , 90.84765625 
 2314 , 107.77734375 
 2315 , 121.61328125 
 2316 , 130.345703125 
 2317 , 120.146484375 
 2318 , 85.6640625 
 2319 , 79.6640625 
 2320 , 116.228515625 
 2321 , 99.625 
 2322 , 30.02734375 
 2323 ,-5.59765625 
 2324 ,-13.236328125 
 2325 ,-24.52734375 
 2326 ,-17.2578125 
 2327 , 15.7421875 
 2328 , 59.998046875 
 2329 , 84.607421875 
 2330 , 10 
 2331 , 10 
 2332 , 10 
 2333 , 10 
 2334 , 10 
 2335 , 10 
 2336 , 10 
 2337 , 10 
 2338 , 10 
 2339 , 10 
