11-20-2017,16:59:29
Wavenumber(cm-1),Intensity
 250 , 25706.7969709869 
 251 , 25707.8030001385 
 252 , 25701.5282007745 
 253 , 25697.2023449299 
 254 , 25699.6350972934 
 255 , 25712.6409570473 
 256 , 25731.4148147493 
 257 , 25744.740313516 
 258 , 25744.5427751804 
 259 , 25740.5486142837 
 260 , 25748.436427994 
 261 , 25775.6816562932 
 262 , 25810.866817532 
 263 , 25840.5613583782 
 264 , 25867.520370622 
 265 , 25911.6041030883 
 266 , 25989.5055321578 
 267 , 26085.4465938489 
 268 , 26167.8331281583 
 269 , 26215.3910766102 
 270 , 26241.4271617225 
 271 , 26266.2219520736 
 272 , 26300.5557545382 
 273 , 26341.3691565063 
 274 , 26384.6444856989 
 275 , 26428.013671599 
 276 , 26470.2156215277 
 277 , 26510.7928171294 
 278 , 26552.9442581814 
 279 , 26600.9082117134 
 280 , 26655.5266562801 
 281 , 26710.9806182452 
 282 , 26760.860027347 
 283 , 26802.1867602418 
 284 , 26835.0284912607 
 285 , 26860.6093405199 
 286 , 26886.8596755384 
 287 , 26924.3315184236 
 288 , 26976.9120642068 
 289 , 27031.2537005523 
 290 , 27071.7281340541 
 291 , 27096.304224805 
 292 , 27118.3811830266 
 293 , 27150.294900034 
 294 , 27188.2036239809 
 295 , 27220.0764189928 
 296 , 27237.8744633127 
 297 , 27247.0347556531 
 298 , 27255.7000392231 
 299 , 27267.8097143174 
 300 , 27281.3829476259 
 301 , 27294.5863803696 
 302 , 27312.2059997404 
 303 , 27343.1714000183 
 304 , 27392.2799284877 
 305 , 27446.923529386 
 306 , 27490.1094001508 
 307 , 27514.8077448202 
 308 , 27530.9169343793 
 309 , 27549.4494651462 
 310 , 27573.8338219568 
 311 , 27601.8374522751 
 312 , 27633.1523105667 
 313 , 27677.7794156645 
 314 , 27748.8492005319 
 315 , 27847.7574114954 
 316 , 27952.5252787496 
 317 , 28039.2829667648 
 318 , 28099.7921329177 
 319 , 28139.2703324243 
 320 , 28163.9151904214 
 321 , 28183.0791048674 
 322 , 28207.2342894655 
 323 , 28242.0391306746 
 324 , 28282.2407769023 
 325 , 28321.3203903353 
 326 , 28357.8372428989 
 327 , 28395.2335432031 
 328 , 28436.4691787078 
 329 , 28480.0338189086 
 330 , 28522.6175877996 
 331 , 28563.0628633266 
 332 , 28605.6006886858 
 333 , 28654.9957749096 
 334 , 28708.7371078502 
 335 , 28756.7389791801 
 336 , 28790.4188419357 
 337 , 28814.4688428175 
 338 , 28839.3500885625 
 339 , 28870.1395866672 
 340 , 28897.5050778993 
 341 , 28910.1816627579 
 342 , 28908.8731474755 
 343 , 28907.3623163541 
 344 , 28917.7064064583 
 345 , 28934.0642008382 
 346 , 28942.4880749305 
 347 , 28936.4995390674 
 348 , 28930.2530665409 
 349 , 28940.9521737459 
 350 , 28972.789102732 
 351 , 29015.4877907933 
 352 , 29059.5915324585 
 353 , 29107.5486816554 
 354 , 29167.2402424221 
 355 , 29241.397438454 
 356 , 29318.5761196425 
 357 , 29385.3143691407 
 358 , 29438.7096904538 
 359 , 29487.4432426115 
 360 , 29539.5671821545 
 361 , 29594.176372666 
 362 , 29646.3807514911 
 363 , 29693.7776048494 
 364 , 29740.5696766201 
 365 , 29791.8711606564 
 366 , 29848.6694857338 
 367 , 29907.6220775116 
 368 , 29965.4291797786 
 369 , 30020.4916763805 
 370 , 30071.9260959096 
 371 , 30119.4264083694 
 372 , 30164.0980063846 
 373 , 30207.2849554007 
 374 , 30250.9018624325 
 375 , 30297.4185177315 
 376 , 30347.9696609387 
 377 , 30395.2807923057 
 378 , 30428.8932208317 
 379 , 30444.5926062705 
 380 , 30451.9960486526 
 381 , 30462.2168320993 
 382 , 30479.8272418385 
 383 , 30503.6765142597 
 384 , 30533.8721144605 
 385 , 30578.3547693101 
 386 , 30647.5897090787 
 387 , 30739.3680899698 
 388 , 30826.9660905176 
 389 , 30882.8731617336 
 390 , 30909.2998826669 
 391 , 30931.1151694237 
 392 , 30968.375442826 
 393 , 31016.6492768021 
 394 , 31064.6215667156 
 395 , 31106.3492541198 
 396 , 31144.7084219456 
 397 , 31183.2200791214 
 398 , 31223.3894434834 
 399 , 31265.4258442087 
 400 , 31309.4048214603 
 401 , 31354.9852726337 
 402 , 31401.7670193301 
 403 , 31450.9523004168 
 404 , 31505.9141027346 
 405 , 31569.6116392547 
 406 , 31639.9601362649 
 407 , 31712.2366419548 
 408 , 31783.3009896429 
 409 , 31854.7099870034 
 410 , 31928.7181034671 
 411 , 32003.3752946981 
 412 , 32072.1610461155 
 413 , 32129.2881333818 
 414 , 32175.4006112819 
 415 , 32213.774201237 
 416 , 32247.179606451 
 417 , 32277.2339292973 
 418 , 32305.4105345617 
 419 , 32333.4217430339 
 420 , 32363.1822063928 
 421 , 32395.6389327188 
 422 , 32426.9518606664 
 423 , 32451.8745092353 
 424 , 32469.914021933 
 425 , 32488.6211350212 
 426 , 32515.5186843463 
 427 , 32548.9189871743 
 428 , 32581.2627236548 
 429 , 32608.5162914529 
 430 , 32639.3834705275 
 431 , 32685.0424149928 
 432 , 32745.1388561302 
 433 , 32804.9512902522 
 434 , 32851.0376495785 
 435 , 32886.5826478691 
 436 , 32922.4183655305 
 437 , 32965.8326205042 
 438 , 33015.3064836558 
 439 , 33067.8770147675 
 440 , 33118.3790534662 
 441 , 33159.6783495317 
 442 , 33186.2273442781 
 443 , 33200.8783951293 
 444 , 33209.159002636 
 445 , 33218.0061885096 
 446 , 33236.7401383347 
 447 , 33273.9931186806 
 448 , 33328.2784619551 
 449 , 33391.8356559027 
 450 , 33457.21881439 
 451 , 33518.3324790423 
 452 , 33569.5797559289 
 453 , 33611.9363017097 
 454 , 33653.9236135171 
 455 , 33702.9547888993 
 456 , 33756.2638624962 
 457 , 33806.935415116 
 458 , 33851.5580195174 
 459 , 33894.1839986712 
 460 , 33939.5928879908 
 461 , 33989.2516876215 
 462 , 34042.1121668841 
 463 , 34096.2830549355 
 464 , 34146.6936139201 
 465 , 34187.5200622206 
 466 , 34215.3675467308 
 467 , 34230.1344058919 
 468 , 34233.1842053726 
 469 , 34235.7440499011 
 470 , 34253.7601623972 
 471 , 34296.1099782313 
 472 , 34354.3097743581 
 473 , 34417.6552597741 
 474 , 34482.1738232332 
 475 , 34549.6288644887 
 476 , 34619.4096848868 
 477 , 34679.243631131 
 478 , 34713.8234149645 
 479 , 34722.9045234243 
 480 , 34728.4119115185 
 481 , 34750.8004919528 
 482 , 34782.3173852081 
 483 , 34800.7324219467 
 484 , 34796.7242905388 
 485 , 34794.5204400862 
 486 , 34822.1768450804 
 487 , 34880.1752910955 
 488 , 34944.77693644 
 489 , 34995.7387232762 
 490 , 35032.8222458132 
 491 , 35061.605957861 
 492 , 35089.213088995 
 493 , 35125.0318257662 
 494 , 35177.3149966599 
 495 , 35243.1695281366 
 496 , 35314.0946518782 
 497 , 35382.8029757484 
 498 , 35445.1131863111 
 499 , 35497.3286060828 
 500 , 35535.9699852244 
 501 , 35557.7390251001 
 502 , 35562.1549267502 
 503 , 35560.7423408893 
 504 , 35568.0600274706 
 505 , 35591.5779783043 
 506 , 35629.2506739617 
 507 , 35677.4961139627 
 508 , 35726.2729669994 
 509 , 35762.6597781156 
 510 , 35779.4036704169 
 511 , 35781.5822803892 
 512 , 35776.0728043203 
 513 , 35772.2664377741 
 514 , 35781.3751645852 
 515 , 35810.1059830281 
 516 , 35848.9147539584 
 517 , 35884.8813796882 
 518 , 35912.4519451081 
 519 , 35934.3961111461 
 520 , 35954.963769439 
 521 , 35984.5312766744 
 522 , 36035.5717965876 
 523 , 36107.6257971661 
 524 , 36177.6092858404 
 525 , 36222.7735857944 
 526 , 36246.6456496921 
 527 , 36267.9146870206 
 528 , 36299.5267749502 
 529 , 36338.2323222484 
 530 , 36378.3263889023 
 531 , 36419.3380613867 
 532 , 36465.3792541096 
 533 , 36518.8576320665 
 534 , 36574.1475796701 
 535 , 36623.5984308311 
 536 , 36665.203078882 
 537 , 36704.3061518199 
 538 , 36745.6705210174 
 539 , 36786.7183712667 
 540 , 36821.8480961275 
 541 , 36850.606237329 
 542 , 36882.5002238368 
 543 , 36926.9626038593 
 544 , 36980.0329392853 
 545 , 37029.4322231869 
 546 , 37068.7312039644 
 547 , 37108.7247912802 
 548 , 37162.6513313876 
 549 , 37231.508815071 
 550 , 37305.3091320026 
 551 , 37375.7311479913 
 552 , 37443.3556747008 
 553 , 37511.0700478012 
 554 , 37577.9940352297 
 555 , 37638.4468278955 
 556 , 37687.6139622905 
 557 , 37728.2963431654 
 558 , 37766.2872310939 
 559 , 37803.9959410521 
 560 , 37837.7359963598 
 561 , 37863.6903204586 
 562 , 37882.9843063947 
 563 , 37899.5362712123 
 564 , 37916.9426445577 
 565 , 37937.9026179883 
 566 , 37964.6433329633 
 567 , 37994.3162539861 
 568 , 38020.1084657119 
 569 , 38037.8501256355 
 570 , 38053.2495621394 
 571 , 38074.0928500075 
 572 , 38104.5732764678 
 573 , 38145.0813549152 
 574 , 38194.3729602117 
 575 , 38243.8595513746 
 576 , 38282.8151450037 
 577 , 38309.0640529988 
 578 , 38332.547576889 
 579 , 38362.8492634938 
 580 , 38400.5060337208 
 581 , 38442.1396113292 
 582 , 38483.2327787374 
 583 , 38517.1510274601 
 584 , 38537.530344361 
 585 , 38543.044005254 
 586 , 38535.2663583275 
 587 , 38518.605945117 
 588 , 38504.4661941646 
 589 , 38504.6180167671 
 590 , 38520.7161087313 
 591 , 38546.8577084631 
 592 , 38576.9565962597 
 593 , 38604.9203137995 
 594 , 38624.8920429698 
 595 , 38636.0303302022 
 596 , 38642.2792317354 
 597 , 38648.0083396852 
 598 , 38658.6043559779 
 599 , 38679.57750272 
 600 , 38711.4443950675 
 601 , 38748.7204450312 
 602 , 38786.8455288082 
 603 , 38828.4563145008 
 604 , 38878.5949853015 
 605 , 38936.4233140532 
 606 , 38992.2957629673 
 607 , 39037.6753316908 
 608 , 39077.2724957985 
 609 , 39121.5783517035 
 610 , 39176.2638653523 
 611 , 39238.045401986 
 612 , 39302.7701978155 
 613 , 39367.2025548707 
 614 , 39428.6086840154 
 615 , 39485.2573229955 
 616 , 39537.6746545187 
 617 , 39586.9929774022 
 618 , 39637.8631358132 
 619 , 39697.240601827 
 620 , 39768.9927852993 
 621 , 39848.3900442663 
 622 , 39929.3278335419 
 623 , 40007.0615552477 
 624 , 40077.9081944208 
 625 , 40137.6980093428 
 626 , 40180.5587979574 
 627 , 40200.9484452542 
 628 , 40206.7480500542 
 629 , 40218.1193224164 
 630 , 40248.9984015179 
 631 , 40287.0620955828 
 632 , 40314.1617503519 
 633 , 40328.1624913423 
 634 , 40343.8647170146 
 635 , 40372.39984907 
 636 , 40404.2343125484 
 637 , 40424.1653223804 
 638 , 40426.3699151194 
 639 , 40416.3454098652 
 640 , 40401.8710833811 
 641 , 40399.2925212946 
 642 , 40427.386983245 
 643 , 40487.1350182122 
 644 , 40555.3092824966 
 645 , 40610.8004425044 
 646 , 40655.9243321762 
 647 , 40701.6890420098 
 648 , 40752.4441724716 
 649 , 40802.4333820522 
 650 , 40844.2083287526 
 651 , 40864.4962437208 
 652 , 40847.859711271 
 653 , 40799.1603498885 
 654 , 40757.0693903493 
 655 , 40757.7458657334 
 656 , 40793.8711733596 
 657 , 40838.2325521619 
 658 , 40872.9247186342 
 659 , 40897.0593895767 
 660 , 40912.2187753284 
 661 , 40925.6641990654 
 662 , 40947.4265016614 
 663 , 40981.2398281497 
 664 , 41018.5966624492 
 665 , 41050.3906718751 
 666 , 41074.7514472889 
 667 , 41093.6486126906 
 668 , 41110.637235498 
 669 , 41132.4511469527 
 670 , 41165.2936188789 
 671 , 41206.5650126587 
 672 , 41248.796578019 
 673 , 41288.5547336043 
 674 , 41331.1526176093 
 675 , 41382.106124493 
 676 , 41437.6808328128 
 677 , 41488.8372113176 
 678 , 41530.3238973176 
 679 , 41565.3755385286 
 680 , 41598.4649130114 
 681 , 41635.1599350124 
 682 , 41681.6513721805 
 683 , 41739.6007800904 
 684 , 41800.5201220501 
 685 , 41855.3013827415 
 686 , 41902.7036149583 
 687 , 41946.1399398133 
 688 , 41987.0978199562 
 689 , 42022.6148648042 
 690 , 42049.3273217937 
 691 , 42065.969117663 
 692 , 42072.5138639156 
 693 , 42069.5760462458 
 694 , 42059.1521788852 
 695 , 42044.3972484492 
 696 , 42038.2630849603 
 697 , 42059.2950487935 
 698 , 42112.7684125562 
 699 , 42175.2315130012 
 700 , 42221.8113566162 
 701 , 42249.9449502222 
 702 , 42269.5341877409 
 703 , 42286.3024561412 
 704 , 42297.0449755361 
 705 , 42298.2904961031 
 706 , 42294.223898163 
 707 , 42293.0827813381 
 708 , 42298.0059348065 
 709 , 42302.0596555947 
 710 , 42298.3378301397 
 711 , 42290.0847309788 
 712 , 42285.6249395116 
 713 , 42290.3097171488 
 714 , 42303.966098663 
 715 , 42325.5776919968 
 716 , 42352.1735947297 
 717 , 42379.8730025354 
 718 , 42405.0657894114 
 719 , 42424.6090256511 
 720 , 42436.2993911626 
 721 , 42444.1975349187 
 722 , 42454.9719088634 
 723 , 42471.1549657055 
 724 , 42488.8748151212 
 725 , 42504.284762299 
 726 , 42517.1163932327 
 727 , 42528.4447974207 
 728 , 42537.7978901604 
 729 , 42542.5463813703 
 730 , 42542.1290470843 
 731 , 42548.2053565252 
 732 , 42576.2057647708 
 733 , 42627.6260424237 
 734 , 42686.6957866983 
 735 , 42739.2737660428 
 736 , 42784.0853324394 
 737 , 42823.6182033466 
 738 , 42858.664493203 
 739 , 42888.1686186569 
 740 , 42911.5112057565 
 741 , 42930.2315243972 
 742 , 42946.5070693564 
 743 , 42964.3541076674 
 744 , 42989.5280525748 
 745 , 43025.7583718925 
 746 , 43069.5656219156 
 747 , 43115.9512397064 
 748 , 43160.4164617536 
 749 , 43198.8703178418 
 750 , 43229.8063130898 
 751 , 43259.1068470895 
 752 , 43293.0922050519 
 753 , 43326.9684223317 
 754 , 43348.353237959 
 755 , 43351.4205790715 
 756 , 43346.2567193892 
 757 , 43343.935244818 
 758 , 43342.4912035311 
 759 , 43332.6141860447 
 760 , 43314.5274005432 
 761 , 43307.1694881522 
 762 , 43328.3655056223 
 763 , 43370.7396081831 
 764 , 43415.3056876657 
 765 , 43449.8207806912 
 766 , 43472.8150887624 
 767 , 43484.2409220922 
 768 , 43486.87113178 
 769 , 43484.4904478573 
 770 , 43479.4912414855 
 771 , 43472.4866655523 
 772 , 43464.4898091489 
 773 , 43458.9171057486 
 774 , 43459.7018675337 
 775 , 43466.4294824941 
 776 , 43474.2546813229 
 777 , 43478.7595661134 
 778 , 43477.7654327218 
 779 , 43470.0526815271 
 780 , 43461.734721329 
 781 , 43464.8077114642 
 782 , 43485.765762141 
 783 , 43515.7131241235 
 784 , 43542.9412495421 
 785 , 43553.2336267832 
 786 , 43530.9531661824 
 787 , 43481.8293989816 
 788 , 43455.5725274781 
 789 , 43498.7555128062 
 790 , 43590.6221068142 
 791 , 43679.0363008108 
 792 , 43742.0425983993 
 793 , 43804.8654425189 
 794 , 43888.7973479181 
 795 , 43969.9417799532 
 796 , 44009.6459509297 
 797 , 44002.9717363571 
 798 , 43984.3758548129 
 799 , 43982.9318720996 
 800 , 43996.9300753773 
 801 , 44017.1121085389 
 802 , 44038.3843244826 
 803 , 44059.2756217606 
 804 , 44079.3252303149 
 805 , 44100.6261289569 
 806 , 44125.2980133168 
 807 , 44150.5607922478 
 808 , 44170.5470280956 
 809 , 44184.3755349659 
 810 , 44201.4422037936 
 811 , 44230.2926082426 
 812 , 44263.6263664606 
 813 , 44287.1160760081 
 814 , 44296.3050266393 
 815 , 44301.1472769169 
 816 , 44311.9497497451 
 817 , 44335.0561967584 
 818 , 44374.7549806207 
 819 , 44415.6906020051 
 820 , 44422.199538487 
 821 , 44375.3217748245 
 822 , 44316.1325050414 
 823 , 44294.8926199535 
 824 , 44312.7898981079 
 825 , 44335.434672784 
 826 , 44343.0901055513 
 827 , 44351.3527471842 
 828 , 44377.3186099384 
 829 , 44409.4879395728 
 830 , 44422.3767540157 
 831 , 44406.6001898529 
 832 , 44377.8816971824 
 833 , 44352.0739597068 
 834 , 44334.2609102871 
 835 , 44325.7342482305 
 836 , 44321.8559957602 
 837 , 44311.7511465573 
 838 , 44290.4882273177 
 839 , 44274.2648603326 
 840 , 44281.9008983507 
 841 , 44307.847263368 
 842 , 44329.3805463086 
 843 , 44333.4788249576 
 844 , 44328.9564994868 
 845 , 44326.3292285423 
 846 , 44327.2303999158 
 847 , 44329.1979777037 
 848 , 44330.2539150988 
 849 , 44329.1336259199 
 850 , 44325.0910130381 
 851 , 44319.5373594441 
 852 , 44314.4634027025 
 853 , 44310.9475671228 
 854 , 44309.2308707064 
 855 , 44309.2362035715 
 856 , 44310.0740615261 
 857 , 44310.9241748723 
 858 , 44313.1405235534 
 859 , 44319.3399723317 
 860 , 44330.9834573442 
 861 , 44347.4791815555 
 862 , 44368.056606765 
 863 , 44392.1120478373 
 864 , 44418.9928226858 
 865 , 44445.0486773905 
 866 , 44463.3364604535 
 867 , 44470.8226779739 
 868 , 44478.364778099 
 869 , 44499.0742293176 
 870 , 44537.2316705771 
 871 , 44591.0585160631 
 872 , 44655.9690379854 
 873 , 44721.9622866058 
 874 , 44781.0979629838 
 875 , 44843.6229546042 
 876 , 44926.8124009067 
 877 , 45032.671913668 
 878 , 45144.6030318485 
 879 , 45247.5090507238 
 880 , 45336.1616112015 
 881 , 45408.1305478023 
 882 , 45467.6899586593 
 883 , 45523.9972325482 
 884 , 45579.1893533864 
 885 , 45620.1834606092 
 886 , 45632.3871987788 
 887 , 45604.3452329048 
 888 , 45526.2960854909 
 889 , 45400.7979516306 
 890 , 45245.7445477401 
 891 , 45082.8734409653 
 892 , 44944.8515024979 
 893 , 44863.8558459338 
 894 , 44829.5963981282 
 895 , 44800.9619325927 
 896 , 44754.6348635473 
 897 , 44705.77076158 
 898 , 44670.7646141925 
 899 , 44642.1372783167 
 900 , 44603.098073711 
 901 , 44552.7795614086 
 902 , 44509.1142111979 
 903 , 44484.2387852569 
 904 , 44466.2478420881 
 905 , 44439.8800577085 
 906 , 44412.9653203021 
 907 , 44408.5987911463 
 908 , 44434.6213193219 
 909 , 44469.846352123 
 910 , 44493.8714086505 
 911 , 44509.4108538398 
 912 , 44527.0408271236 
 913 , 44545.3420934896 
 914 , 44550.515850746 
 915 , 44536.1071507653 
 916 , 44519.0458848346 
 917 , 44517.8492290057 
 918 , 44524.6261336892 
 919 , 44516.8976105376 
 920 , 44489.955193384 
 921 , 44466.9198153115 
 922 , 44467.1190209022 
 923 , 44481.1343811861 
 924 , 44492.0015705794 
 925 , 44496.200060001 
 926 , 44501.4175599022 
 927 , 44510.1184645735 
 928 , 44511.9399077733 
 929 , 44497.5545719804 
 930 , 44477.9624648132 
 931 , 44472.6291383454 
 932 , 44487.9117928329 
 933 , 44514.4521419629 
 934 , 44541.2070167796 
 935 , 44554.5501208225 
 936 , 44541.3159620322 
 937 , 44499.5340602462 
 938 , 44434.3335543771 
 939 , 44359.8199574642 
 940 , 44304.9295375976 
 941 , 44293.9837528279 
 942 , 44321.7261879007 
 943 , 44373.4707783355 
 944 , 44428.021702095 
 945 , 44458.6865977033 
 946 , 44454.9477101922 
 947 , 44443.894136684 
 948 , 44453.4106667695 
 949 , 44480.3485920936 
 950 , 44508.7042183787 
 951 , 44531.3575746488 
 952 , 44551.330738873 
 953 , 44570.3093397684 
 954 , 44584.1089200197 
 955 , 44588.1192852503 
 956 , 44584.6500677632 
 957 , 44579.7952470873 
 958 , 44574.2809174545 
 959 , 44560.8780196682 
 960 , 44534.3332104934 
 961 , 44500.1743634939 
 962 , 44466.1689738043 
 963 , 44432.7873470729 
 964 , 44395.3304747406 
 965 , 44355.3632712379 
 966 , 44326.3147624537 
 967 , 44319.4622833785 
 968 , 44327.7692349896 
 969 , 44338.3634273409 
 970 , 44342.6027960138 
 971 , 44335.619545569 
 972 , 44319.070310133 
 973 , 44309.3303913973 
 974 , 44321.6799425029 
 975 , 44350.3370510691 
 976 , 44381.1635012222 
 977 , 44406.6688055439 
 978 , 44426.4495235609 
 979 , 44440.4118883188 
 980 , 44448.3707429397 
 981 , 44450.3913912735 
 982 , 44448.7100857965 
 983 , 44446.7227098738 
 984 , 44451.3708290645 
 985 , 44473.9807142274 
 986 , 44519.2960139846 
 987 , 44569.6197758715 
 988 , 44604.6108675879 
 989 , 44622.7717059205 
 990 , 44633.1718346774 
 991 , 44643.4906654508 
 992 , 44659.2826981886 
 993 , 44683.3044869334 
 994 , 44708.4375145965 
 995 , 44726.7525436198 
 996 , 44747.1680368535 
 997 , 44788.9545890494 
 998 , 44856.5688546876 
 999 , 44931.1239986725 
 1000 , 45000.6640388621 
 1001 , 45090.3991761765 
 1002 , 45233.2398706736 
 1003 , 45437.6689196692 
 1004 , 45695.1200028798 
 1005 , 45969.6065061169 
 1006 , 46179.6884064823 
 1007 , 46253.8508355592 
 1008 , 46184.2141606848 
 1009 , 45983.4957347196 
 1010 , 45703.319775418 
 1011 , 45423.0418514946 
 1012 , 45194.8240318872 
 1013 , 45021.9967395473 
 1014 , 44899.9703139477 
 1015 , 44810.3584181102 
 1016 , 44731.3747278737 
 1017 , 44649.7160017699 
 1018 , 44558.4961832917 
 1019 , 44463.5928177382 
 1020 , 44393.4178427382 
 1021 , 44370.7669854778 
 1022 , 44381.2059199585 
 1023 , 44400.0496806515 
 1024 , 44411.594491971 
 1025 , 44406.8711833916 
 1026 , 44385.6933444394 
 1027 , 44363.1115497976 
 1028 , 44353.904984064 
 1029 , 44364.4916006855 
 1030 , 44397.9515143784 
 1031 , 44444.586441576 
 1032 , 44485.6806205049 
 1033 , 44513.8831461305 
 1034 , 44541.4742701876 
 1035 , 44576.3994823878 
 1036 , 44599.5673285333 
 1037 , 44587.1279576772 
 1038 , 44547.0881203542 
 1039 , 44508.7764205139 
 1040 , 44485.5811122001 
 1041 , 44464.9517549804 
 1042 , 44436.9415260711 
 1043 , 44411.1120594445 
 1044 , 44400.2635121759 
 1045 , 44399.3947538388 
 1046 , 44392.6337958868 
 1047 , 44373.7019253227 
 1048 , 44350.403574722 
 1049 , 44332.5391588782 
 1050 , 44333.0885658652 
 1051 , 44363.2825098382 
 1052 , 44410.9825366731 
 1053 , 44451.4901855177 
 1054 , 44474.6087085104 
 1055 , 44488.8467932354 
 1056 , 44502.9112592999 
 1057 , 44522.3898152784 
 1058 , 44549.3943126243 
 1059 , 44563.0198412354 
 1060 , 44532.6719665591 
 1061 , 44464.5819135536 
 1062 , 44405.5950304742 
 1063 , 44384.1287281596 
 1064 , 44375.932281693 
 1065 , 44352.786596173 
 1066 , 44314.9211316206 
 1067 , 44273.5431769875 
 1068 , 44231.3718036964 
 1069 , 44183.2873736439 
 1070 , 44131.3449730063 
 1071 , 44093.3231253591 
 1072 , 44083.2104337737 
 1073 , 44084.9922396517 
 1074 , 44073.9469984586 
 1075 , 44039.9277353868 
 1076 , 43983.9525137188 
 1077 , 43918.463663246 
 1078 , 43874.7195621034 
 1079 , 43876.6688188607 
 1080 , 43911.5143377673 
 1081 , 43958.1923893972 
 1082 , 44006.0024482107 
 1083 , 44050.2038112939 
 1084 , 44076.3195199701 
 1085 , 44056.8862445875 
 1086 , 43981.6997428053 
 1087 , 43895.7319511088 
 1088 , 43848.6612434515 
 1089 , 43846.7550808688 
 1090 , 43876.0119703651 
 1091 , 43912.5532447854 
 1092 , 43922.6651361895 
 1093 , 43890.3673567818 
 1094 , 43840.5482377272 
 1095 , 43798.5859052158 
 1096 , 43762.4326595821 
 1097 , 43720.8127214949 
 1098 , 43661.9998959177 
 1099 , 43574.1753413338 
 1100 , 43462.5543513063 
 1101 , 43360.2787953949 
 1102 , 43294.3733336978 
 1103 , 43259.0668216144 
 1104 , 43239.9345843095 
 1105 , 43213.8347631794 
 1106 , 43153.8524598589 
 1107 , 43063.9577615227 
 1108 , 42984.439452993 
 1109 , 42944.6818131656 
 1110 , 42940.6056708572 
 1111 , 42961.0496767966 
 1112 , 42984.099503807 
 1113 , 42984.9652050447 
 1114 , 42958.3769960672 
 1115 , 42915.1256818755 
 1116 , 42864.4080900787 
 1117 , 42811.7956443817 
 1118 , 42760.9466686892 
 1119 , 42709.4018266593 
 1120 , 42655.126339716 
 1121 , 42614.7016015818 
 1122 , 42614.0306408281 
 1123 , 42645.6635344819 
 1124 , 42662.8769574205 
 1125 , 42636.7217193726 
 1126 , 42588.6889613076 
 1127 , 42544.8214048454 
 1128 , 42512.2062206406 
 1129 , 42490.6825311698 
 1130 , 42473.6242664958 
 1131 , 42449.5139104983 
 1132 , 42413.4057214346 
 1133 , 42371.103423626 
 1134 , 42326.5006749977 
 1135 , 42273.3967088727 
 1136 , 42205.8553352508 
 1137 , 42138.2110112562 
 1138 , 42093.9137454086 
 1139 , 42077.5122879662 
 1140 , 42074.321389174 
 1141 , 42072.6567801739 
 1142 , 42068.9574029824 
 1143 , 42062.019302336 
 1144 , 42056.8404379307 
 1145 , 42058.7469454215 
 1146 , 42056.5838070861 
 1147 , 42029.3004146231 
 1148 , 41971.0770782623 
 1149 , 41895.6549114552 
 1150 , 41821.8754432754 
 1151 , 41778.7366585141 
 1152 , 41788.2844881668 
 1153 , 41821.8482165193 
 1154 , 41834.6737549653 
 1155 , 41817.2967461164 
 1156 , 41786.8861557107 
 1157 , 41753.961113875 
 1158 , 41717.9278345285 
 1159 , 41679.7459846108 
 1160 , 41648.2786784825 
 1161 , 41630.4554244887 
 1162 , 41608.4383457415 
 1163 , 41555.6591547913 
 1164 , 41481.0272307485 
 1165 , 41424.1845784564 
 1166 , 41402.5408452517 
 1167 , 41393.1161864266 
 1168 , 41375.6695134856 
 1169 , 41354.586101884 
 1170 , 41339.4174663238 
 1171 , 41336.2469698432 
 1172 , 41348.9247301941 
 1173 , 41369.3548379019 
 1174 , 41378.0515390896 
 1175 , 41361.1098910403 
 1176 , 41316.043503803 
 1177 , 41243.7054454753 
 1178 , 41153.1094534165 
 1179 , 41056.1213881634 
 1180 , 40971.9090675282 
 1181 , 40922.2901007516 
 1182 , 40903.6221090111 
 1183 , 40886.7764518128 
 1184 , 40856.4699754488 
 1185 , 40826.7589884255 
 1186 , 40810.5273751637 
 1187 , 40802.1202208375 
 1188 , 40792.5356221517 
 1189 , 40784.5769702231 
 1190 , 40786.167551526 
 1191 , 40781.8225629237 
 1192 , 40732.7733695569 
 1193 , 40631.2145376358 
 1194 , 40531.2429390584 
 1195 , 40478.6100879791 
 1196 , 40458.3567767681 
 1197 , 40443.2543978533 
 1198 , 40428.4752437441 
 1199 , 40420.2061628042 
 1200 , 40420.6567481141 
 1201 , 40428.0972874084 
 1202 , 40435.5803059321 
 1203 , 40426.955274659 
 1204 , 40387.4641664974 
 1205 , 40310.9361776992 
 1206 , 40197.9714525784 
 1207 , 40085.7275247704 
 1208 , 40025.4402478769 
 1209 , 40020.0353823675 
 1210 , 40030.428936814 
 1211 , 40025.4537870508 
 1212 , 39989.1342726094 
 1213 , 39914.7945348568 
 1214 , 39820.8249954117 
 1215 , 39728.5918563769 
 1216 , 39646.6354099009 
 1217 , 39579.8192188234 
 1218 , 39553.7828671636 
 1219 , 39608.3713962593 
 1220 , 39715.2143968586 
 1221 , 39750.4862043395 
 1222 , 39646.0080883587 
 1223 , 39499.1113186762 
 1224 , 39414.7120446875 
 1225 , 39395.8214624048 
 1226 , 39411.5752681803 
 1227 , 39425.276754152 
 1228 , 39397.8352961096 
 1229 , 39326.4168118568 
 1230 , 39249.464465654 
 1231 , 39192.0647829599 
 1232 , 39146.5503855264 
 1233 , 39102.8021253766 
 1234 , 39057.5079028357 
 1235 , 39009.7964130932 
 1236 , 38964.622980073 
 1237 , 38928.6276097929 
 1238 , 38886.6029198314 
 1239 , 38804.4374358542 
 1240 , 38684.8033928278 
 1241 , 38590.4061550056 
 1242 , 38563.7629243444 
 1243 , 38570.9637656049 
 1244 , 38569.9659080168 
 1245 , 38553.9743950468 
 1246 , 38529.1295034685 
 1247 , 38504.5673455878 
 1248 , 38490.9693430494 
 1249 , 38485.5521777962 
 1250 , 38469.6981093307 
 1251 , 38434.1303672528 
 1252 , 38391.2418310007 
 1253 , 38352.6363566433 
 1254 , 38315.850477775 
 1255 , 38275.8322588403 
 1256 , 38234.4943807529 
 1257 , 38196.5932225439 
 1258 , 38160.2507315909 
 1259 , 38118.1885157067 
 1260 , 38068.66164051 
 1261 , 38018.1891054502 
 1262 , 37972.3666782664 
 1263 , 37932.6996944061 
 1264 , 37899.4416721815 
 1265 , 37869.9469112537 
 1266 , 37840.8132873638 
 1267 , 37809.8292125011 
 1268 , 37775.7990094359 
 1269 , 37745.2150866623 
 1270 , 37731.7416980011 
 1271 , 37733.467564909 
 1272 , 37722.0705132127 
 1273 , 37678.2949185987 
 1274 , 37617.2665038894 
 1275 , 37558.3592347846 
 1276 , 37509.3134155238 
 1277 , 37472.7160585902 
 1278 , 37438.6221140733 
 1279 , 37390.6917862602 
 1280 , 37342.4083705776 
 1281 , 37337.8781393126 
 1282 , 37381.7579975318 
 1283 , 37406.1295530694 
 1284 , 37362.1012152383 
 1285 , 37283.8699425815 
 1286 , 37219.1235194655 
 1287 , 37199.7368253041 
 1288 , 37245.5904080329 
 1289 , 37306.4344966013 
 1290 , 37291.8564356396 
 1291 , 37192.0566438281 
 1292 , 37081.5838907958 
 1293 , 37001.8803532976 
 1294 , 36929.2416718834 
 1295 , 36846.0930106491 
 1296 , 36773.7522776483 
 1297 , 36735.0417288367 
 1298 , 36720.5142203613 
 1299 , 36710.4089808621 
 1300 , 36691.8984686972 
 1301 , 36656.8067215307 
 1302 , 36609.7629630449 
 1303 , 36567.643775527 
 1304 , 36534.777802381 
 1305 , 36494.4011624144 
 1306 , 36435.3209988645 
 1307 , 36366.8897319592 
 1308 , 36300.3295994916 
 1309 , 36239.0488262771 
 1310 , 36184.2520924079 
 1311 , 36138.4226560187 
 1312 , 36104.2847314898 
 1313 , 36077.2869961228 
 1314 , 36046.8633564669 
 1315 , 36009.7474227736 
 1316 , 35973.0246001478 
 1317 , 35943.0945865752 
 1318 , 35923.0581854093 
 1319 , 35911.5641727298 
 1320 , 35891.6521316895 
 1321 , 35846.9782157653 
 1322 , 35791.4409582317 
 1323 , 35749.6898565408 
 1324 , 35722.5253338116 
 1325 , 35694.6225193967 
 1326 , 35658.137089962 
 1327 , 35613.8998878401 
 1328 , 35569.6401066952 
 1329 , 35544.5324544359 
 1330 , 35547.5334201748 
 1331 , 35554.1956190281 
 1332 , 35536.6994604878 
 1333 , 35480.7518896307 
 1334 , 35380.9489370133 
 1335 , 35272.5500014371 
 1336 , 35208.7180828481 
 1337 , 35193.7406462023 
 1338 , 35191.9831262299 
 1339 , 35178.3308878339 
 1340 , 35142.8650011219 
 1341 , 35085.4294669938 
 1342 , 35023.9014651244 
 1343 , 34972.304689798 
 1344 , 34924.1615037533 
 1345 , 34871.4197794712 
 1346 , 34821.5204041346 
 1347 , 34786.6595333458 
 1348 , 34772.4570520214 
 1349 , 34779.6883449876 
 1350 , 34788.1186568328 
 1351 , 34759.7259533093 
 1352 , 34687.6363678514 
 1353 , 34608.4065449865 
 1354 , 34548.494208822 
 1355 , 34505.9250271328 
 1356 , 34469.6915618688 
 1357 , 34410.2585332073 
 1358 , 34305.8014063641 
 1359 , 34201.049136042 
 1360 , 34156.5205003897 
 1361 , 34158.9977256271 
 1362 , 34155.8763453224 
 1363 , 34125.0801630706 
 1364 , 34071.1479720838 
 1365 , 34001.0091001753 
 1366 , 33923.593318759 
 1367 , 33848.2706107648 
 1368 , 33785.0221177051 
 1369 , 33737.421249687 
 1370 , 33688.5408466885 
 1371 , 33624.2727891782 
 1372 , 33565.3405662577 
 1373 , 33538.4198531244 
 1374 , 33528.0746644324 
 1375 , 33500.019860248 
 1376 , 33448.8468420902 
 1377 , 33390.6173302914 
 1378 , 33331.0150223772 
 1379 , 33263.438844703 
 1380 , 33182.2875500657 
 1381 , 33084.7853998393 
 1382 , 32976.9100443822 
 1383 , 32886.5685085436 
 1384 , 32836.0165478475 
 1385 , 32810.5499671446 
 1386 , 32788.7870262544 
 1387 , 32766.2894723062 
 1388 , 32743.9443522678 
 1389 , 32708.7498490736 
 1390 , 32640.8721642846 
 1391 , 32546.8152957061 
 1392 , 32456.0440910927 
 1393 , 32387.0884133314 
 1394 , 32343.2567499013 
 1395 , 32319.2006045016 
 1396 , 32294.9637800118 
 1397 , 32257.7437572874 
 1398 , 32220.0445142243 
 1399 , 32193.7493544738 
 1400 , 32168.0542737308 
 1401 , 32128.1749674345 
 1402 , 32074.8700064252 
 1403 , 32015.5162076604 
 1404 , 31958.8099595296 
 1405 , 31913.7239953869 
 1406 , 31879.2621267916 
 1407 , 31845.6040783689 
 1408 , 31806.9461152558 
 1409 , 31763.1155143425 
 1410 , 31718.9515161151 
 1411 , 31687.9525758935 
 1412 , 31676.7398417799 
 1413 , 31670.4293250179 
 1414 , 31654.4003283653 
 1415 , 31630.1805333416 
 1416 , 31602.5072726483 
 1417 , 31570.2629621137 
 1418 , 31530.8724307871 
 1419 , 31489.2941349411 
 1420 , 31453.3450454775 
 1421 , 31409.8255613749 
 1422 , 31330.1603209181 
 1423 , 31224.1127348039 
 1424 , 31144.387053108 
 1425 , 31108.2906679908 
 1426 , 31073.462365234 
 1427 , 31015.8039886319 
 1428 , 30964.5315741565 
 1429 , 30944.0641730829 
 1430 , 30939.0037182859 
 1431 , 30928.3177693499 
 1432 , 30903.1297941438 
 1433 , 30859.2782263696 
 1434 , 30800.1580848279 
 1435 , 30733.0267097419 
 1436 , 30671.4934840193 
 1437 , 30631.5182156033 
 1438 , 30602.2457883546 
 1439 , 30550.9801251907 
 1440 , 30477.4456658684 
 1441 , 30420.007439426 
 1442 , 30394.2717229372 
 1443 , 30375.2409727051 
 1444 , 30347.236374508 
 1445 , 30324.2027022092 
 1446 , 30315.9490443664 
 1447 , 30305.8641574077 
 1448 , 30277.4038482051 
 1449 , 30238.6370639187 
 1450 , 30202.4490946755 
 1451 , 30166.9432252656 
 1452 , 30127.0505866906 
 1453 , 30104.9114467353 
 1454 , 30134.0423258023 
 1455 , 30190.4910863158 
 1456 , 30208.5355437507 
 1457 , 30177.3902481974 
 1458 , 30143.4291268519 
 1459 , 30121.509050388 
 1460 , 30079.0613765518 
 1461 , 30001.3410412819 
 1462 , 29913.8637709687 
 1463 , 29835.3483650868 
 1464 , 29755.4424273094 
 1465 , 29663.7193416177 
 1466 , 29566.0130397579 
 1467 , 29472.7017493402 
 1468 , 29398.7104652279 
 1469 , 29354.46496811 
 1470 , 29309.3282219625 
 1471 , 29220.876268087 
 1472 , 29102.6106952325 
 1473 , 28998.2892701174 
 1474 , 28926.2721553932 
 1475 , 28884.8995746847 
 1476 , 28861.9630205131 
 1477 , 28835.5426297668 
 1478 , 28797.9051366409 
 1479 , 28760.5007356768 
 1480 , 28729.7669825045 
 1481 , 28701.1764033182 
 1482 , 28671.9687588228 
 1483 , 28645.9707820436 
 1484 , 28623.3151071133 
 1485 , 28589.9031150033 
 1486 , 28535.230235796 
 1487 , 28475.0873030606 
 1488 , 28427.8224650646 
 1489 , 28387.8040535677 
 1490 , 28343.25118131 
 1491 , 28299.256775827 
 1492 , 28267.6565811579 
 1493 , 28249.2589607119 
 1494 , 28237.7076302018 
 1495 , 28218.9359501876 
 1496 , 28173.934369389 
 1497 , 28105.8872820579 
 1498 , 28039.9305236695 
 1499 , 27990.2105615002 
 1500 , 27955.5643099823 
 1501 , 27928.4116074977 
 1502 , 27892.3694130223 
 1503 , 27838.532138618 
 1504 , 27775.3787324875 
 1505 , 27713.605118156 
 1506 , 27663.9851061164 
 1507 , 27632.9622771456 
 1508 , 27611.6405612769 
 1509 , 27588.2521870116 
 1510 , 27553.3945591055 
 1511 , 27500.1878559256 
 1512 , 27432.8448251047 
 1513 , 27358.6720759737 
 1514 , 27276.7443625124 
 1515 , 27184.4571339191 
 1516 , 27102.9646076035 
 1517 , 27064.95211518 
 1518 , 27062.9322100978 
 1519 , 27059.7818932929 
 1520 , 27034.0803040431 
 1521 , 26980.3510479947 
 1522 , 26909.2971449297 
 1523 , 26849.555044748 
 1524 , 26820.3560923363 
 1525 , 26825.6345377652 
 1526 , 26845.1612073463 
 1527 , 26817.7415992954 
 1528 , 26721.3003012352 
 1529 , 26630.4725759626 
 1530 , 26601.8952160989 
 1531 , 26605.5595891276 
 1532 , 26605.5020042382 
 1533 , 26597.3636251262 
 1534 , 26582.1885091146 
 1535 , 26554.3739291494 
 1536 , 26510.7768917716 
 1537 , 26471.9593202311 
 1538 , 26460.6978571511 
 1539 , 26458.4606018952 
 1540 , 26433.0881902498 
 1541 , 26387.2513492182 
 1542 , 26340.0142271479 
 1543 , 26290.1042261303 
 1544 , 26224.939802733 
 1545 , 26156.764822389 
 1546 , 26115.4087163981 
 1547 , 26099.6782405277 
 1548 , 26080.3092370933 
 1549 , 26052.5030316324 
 1550 , 26039.0048709984 
 1551 , 26039.5464735596 
 1552 , 26022.0129219398 
 1553 , 25975.7820616423 
 1554 , 25927.4539853897 
 1555 , 25900.1730916141 
 1556 , 25904.3444215116 
 1557 , 25931.2080353117 
 1558 , 25932.0326713023 
 1559 , 25876.4412890468 
 1560 , 25798.4226291983 
 1561 , 25732.3566579678 
 1562 , 25678.9437036377 
 1563 , 25633.5007446673 
 1564 , 25596.9741799195 
 1565 , 25571.8548344776 
 1566 , 25561.4316613534 
 1567 , 25566.777627887 
 1568 , 25575.1889801545 
 1569 , 25571.3413561196 
 1570 , 25554.7008096977 
 1571 , 25530.7157119814 
 1572 , 25503.7354958664 
 1573 , 25477.2287200825 
 1574 , 25451.3461660371 
 1575 , 25423.6383777748 
 1576 , 25383.0336923931 
 1577 , 25315.0820402194 
 1578 , 25239.1279404859 
 1579 , 25198.1500034041 
 1580 , 25194.9740873685 
 1581 , 25197.138523763 
 1582 , 25183.5115971651 
 1583 , 25145.9357267579 
 1584 , 25086.8975882612 
 1585 , 25020.6071699562 
 1586 , 24965.7357152732 
 1587 , 24945.4875286034 
 1588 , 24956.3485607874 
 1589 , 24954.4885057821 
 1590 , 24916.7312963283 
 1591 , 24860.8979652607 
 1592 , 24804.9659058852 
 1593 , 24759.3571032825 
 1594 , 24725.5668840652 
 1595 , 24687.2763405573 
 1596 , 24638.568387365 
 1597 , 24605.7264696555 
 1598 , 24603.7896365454 
 1599 , 24601.3254107204 
 1600 , 24572.5895414679 
 1601 , 24537.2100596048 
 1602 , 24516.0556612931 
 1603 , 24500.5928012114 
 1604 , 24479.9335588097 
 1605 , 24461.6859153655 
 1606 , 24453.1181138779 
 1607 , 24437.1052639533 
 1608 , 24394.8724229931 
 1609 , 24337.0828675699 
 1610 , 24281.2585841843 
 1611 , 24227.6670845599 
 1612 , 24171.4094340191 
 1613 , 24115.7898662603 
 1614 , 24066.5200243373 
 1615 , 24021.9587098234 
 1616 , 23977.4246784325 
 1617 , 23930.9307702422 
 1618 , 23881.4783416136 
 1619 , 23824.5035121307 
 1620 , 23755.051454132 
 1621 , 23685.0699010644 
 1622 , 23634.9675467607 
 1623 , 23603.9821423173 
 1624 , 23578.0940820837 
 1625 , 23553.8480618082 
 1626 , 23534.7283238388 
 1627 , 23512.0951066889 
 1628 , 23469.1349186041 
 1629 , 23412.1710806486 
 1630 , 23365.9158641435 
 1631 , 23332.2620853124 
 1632 , 23292.6475400685 
 1633 , 23242.7302661863 
 1634 , 23192.4004741917 
 1635 , 23145.1602633695 
 1636 , 23097.6763366253 
 1637 , 23057.7766600895 
 1638 , 23045.0933523923 
 1639 , 23050.1762092187 
 1640 , 23029.5371122679 
 1641 , 22976.7020644711 
 1642 , 22933.3613402614 
 1643 , 22910.5522151059 
 1644 , 22874.9556755262 
 1645 , 22816.0454168921 
 1646 , 22759.4619436677 
 1647 , 22718.8683633986 
 1648 , 22686.144791484 
 1649 , 22655.0132267615 
 1650 , 22624.8252234999 
 1651 , 22594.50623988 
 1652 , 22561.5575176766 
 1653 , 22529.7208715925 
 1654 , 22513.5525982572 
 1655 , 22515.2635539249 
 1656 , 22513.0495586676 
 1657 , 22491.108982881 
 1658 , 22449.5925830238 
 1659 , 22393.8545395489 
 1660 , 22335.9185144778 
 1661 , 22281.4796290593 
 1662 , 22221.9878009402 
 1663 , 22158.8632633019 
 1664 , 22117.7930888611 
 1665 , 22107.2061438214 
 1666 , 22091.9611428201 
 1667 , 22054.0298558499 
 1668 , 22025.6795456358 
 1669 , 22020.050798782 
 1670 , 21991.6311942569 
 1671 , 21916.3394208104 
 1672 , 21838.6765689199 
 1673 , 21797.3713330748 
 1674 , 21794.3746110367 
 1675 , 21814.1156838955 
 1676 , 21811.6650714792 
 1677 , 21760.2862175773 
 1678 , 21688.4007330682 
 1679 , 21622.6092318759 
 1680 , 21564.4691614474 
 1681 , 21513.5629861711 
 1682 , 21474.0515952128 
 1683 , 21445.2364782546 
 1684 , 21412.4371988942 
 1685 , 21365.9780772922 
 1686 , 21314.2764314425 
 1687 , 21265.3028036236 
 1688 , 21218.8045482437 
 1689 , 21175.655394826 
 1690 , 21142.7757208971 
 1691 , 21122.5831112944 
 1692 , 21103.8721485348 
 1693 , 21080.5475403152 
 1694 , 21064.4196476313 
 1695 , 21058.6953791406 
 1696 , 21038.7198765805 
 1697 , 20991.2466853725 
 1698 , 20940.911199735 
 1699 , 20907.3114130309 
 1700 , 20884.5529979325 
 1701 , 20864.010210435 
 1702 , 20839.4009138551 
 1703 , 20808.9077147102 
 1704 , 20780.1499466876 
 1705 , 20754.9462946921 
 1706 , 20719.250795911 
 1707 , 20668.505294593 
 1708 , 20623.4453272383 
 1709 , 20598.8617354808 
 1710 , 20589.9180894206 
 1711 , 20584.7073152715 
 1712 , 20562.0606671685 
 1713 , 20513.5030664951 
 1714 , 20457.8510780985 
 1715 , 20413.5959212945 
 1716 , 20392.4093424479 
 1717 , 20394.3371797677 
 1718 , 20399.6005985873 
 1719 , 20390.005785533 
 1720 , 20354.0455605667 
 1721 , 20296.097626624 
 1722 , 20245.81798818 
 1723 , 20221.1191154372 
 1724 , 20217.1025935403 
 1725 , 20216.5688356152 
 1726 , 20187.1611455856 
 1727 , 20117.7734878016 
 1728 , 20029.9228666384 
 1729 , 19951.6713731399 
 1730 , 19915.703529057 
 1731 , 19922.2293630605 
 1732 , 19929.5157178999 
 1733 , 19908.8566520962 
 1734 , 19851.6010026625 
 1735 , 19773.9232457045 
 1736 , 19718.0986795542 
 1737 , 19702.7144902438 
 1738 , 19718.694274896 
 1739 , 19740.290879548 
 1740 , 19728.3085482442 
 1741 , 19682.923667367 
 1742 , 19640.0533560933 
 1743 , 19604.7294609902 
 1744 , 19555.730296077 
 1745 , 19502.2763291219 
 1746 , 19476.0465938928 
 1747 , 19467.0282419825 
 1748 , 19436.9758874003 
 1749 , 19392.3977809101 
 1750 , 19367.4506530138 
 1751 , 19353.1998972894 
 1752 , 19316.691115673 
 1753 , 19263.1099368961 
 1754 , 19218.0118669561 
 1755 , 19187.85387629 
 1756 , 19168.6183321369 
 1757 , 19154.9834573977 
 1758 , 19141.4277809487 
 1759 , 19125.2150441588 
 1760 , 19105.5840083474 
 1761 , 19086.6081094065 
 1762 , 19071.6539220155 
 1763 , 19049.0339356162 
 1764 , 19006.5645810132 
 1765 , 18956.9463153378 
 1766 , 18919.8962515232 
 1767 , 18910.9781530388 
 1768 , 18933.5653567295 
 1769 , 18946.6982253492 
 1770 , 18915.5776662845 
 1771 , 18867.0524745318 
 1772 , 18829.9949687358 
 1773 , 18796.5485835088 
 1774 , 18760.1527774158 
 1775 , 18737.7517940613 
 1776 , 18738.4266353508 
 1777 , 18742.2118955984 
 1778 , 18731.8368514461 
 1779 , 18705.2593003283 
 1780 , 18667.9226686366 
 1781 , 18635.5204499621 
 1782 , 18609.6477519613 
 1783 , 18567.0428008435 
 1784 , 18514.6175047774 
 1785 , 18505.6182259207 
 1786 , 18538.0988436006 
 1787 , 18535.9484354917 
 1788 , 18477.0639771443 
 1789 , 18405.3645764164 
 1790 , 18348.175317171 
 1791 , 18312.3709157064 
 1792 , 18296.7405347532 
 1793 , 18293.9355939881 
 1794 , 18298.2591973989 
 1795 , 18305.2119761953 
 1796 , 18307.8763313076 
 1797 , 18298.420327361 
 1798 , 18275.7591188802 
 1799 , 18243.6029512135 
 1800 , 18213.5190258028 
 1801 , 18198.1510305712 
 1802 , 18191.7620512283 
 1803 , 18182.2147660027 
 1804 , 18164.3152593306 
 1805 , 18134.9775963354 
 1806 , 18089.5015966818 
 1807 , 18028.3939755149 
 1808 , 17974.6990317149 
 1809 , 17947.9700763037 
 1810 , 17937.723116282 
 1811 , 17931.6049178921 
 1812 , 17929.2471984324 
 1813 , 17928.9344599516 
 1814 , 17921.1460058851 
 1815 , 17904.0356213443 
 1816 , 17892.6568690191 
 1817 , 17893.4233745924 
 1818 , 17895.5601242543 
 1819 , 17890.7321980837 
 1820 , 17876.1614607552 
 1821 , 17850.396334162 
 1822 , 17813.183039254 
 1823 , 17767.1461873553 
 1824 , 17717.7562535681 
 1825 , 17672.5188166353 
 1826 , 17640.2935502743 
 1827 , 17627.4710977977 
 1828 , 17635.6001504206 
 1829 , 17635.8678050613 
 1830 , 17591.8413327918 
 1831 , 17538.0755649582 
 1832 , 17528.8223619338 
 1833 , 17539.2717968347 
 1834 , 17526.1742323889 
 1835 , 17501.1392641502 
 1836 , 17484.7208739858 
 1837 , 17467.4463552687 
 1838 , 17437.3668759902 
 1839 , 17397.6058087392 
 1840 , 17357.9073391009 
 1841 , 17337.1674124649 
 1842 , 17342.4171831962 
 1843 , 17353.9110920437 
 1844 , 17352.1413251154 
 1845 , 17323.7877149704 
 1846 , 17277.2676660919 
 1847 , 17248.0214010772 
 1848 , 17243.7759201778 
 1849 , 17241.2127380104 
 1850 , 17231.9284066559 
 1851 , 17220.9652293829 
 1852 , 17201.1553257267 
 1853 , 17159.1737827243 
 1854 , 17108.8703855266 
 1855 , 17076.7060402737 
 1856 , 17068.0121875382 
 1857 , 17075.7925081384 
 1858 , 17077.3677414032 
 1859 , 17050.6135527691 
 1860 , 17000.2050390206 
 1861 , 16942.9033145445 
 1862 , 16911.4546246912 
 1863 , 16919.5710883489 
 1864 , 16921.9500018326 
 1865 , 16889.7566932161 
 1866 , 16847.752943864 
 1867 , 16817.9683305434 
 1868 , 16806.8574630812 
 1869 , 16801.9546660012 
 1870 , 16770.1951092602 
 1871 , 16717.2450960489 
 1872 , 16686.184221129 
 1873 , 16676.4561686428 
 1874 , 16655.2731327398 
 1875 , 16628.6218606305 
 1876 , 16622.8607222937 
 1877 , 16631.3638032092 
 1878 , 16633.18394383 
 1879 , 16616.9470397578 
 1880 , 16580.5937091768 
 1881 , 16547.6014371099 
 1882 , 16538.4364659583 
 1883 , 16540.2099396368 
 1884 , 16536.3315417055 
 1885 , 16518.266965315 
 1886 , 16486.1588577889 
 1887 , 16454.1118353495 
 1888 , 16429.144890669 
 1889 , 16405.5752926278 
 1890 , 16373.2779886357 
 1891 , 16320.1822242848 
 1892 , 16267.7526120936 
 1893 , 16260.6936964465 
 1894 , 16277.3762032523 
 1895 , 16259.6816242092 
 1896 , 16211.4609605736 
 1897 , 16165.5414688833 
 1898 , 16142.4904681931 
 1899 , 16149.1548321177 
 1900 , 16152.8474615924 
 1901 , 16127.7111043683 
 1902 , 16103.3428749003 
 1903 , 16101.5308688708 
 1904 , 16100.5422351795 
 1905 , 16081.1806945458 
 1906 , 16039.7056268129 
 1907 , 15988.7764557578 
 1908 , 15958.7923686262 
 1909 , 15947.7174356406 
 1910 , 15923.0288094349 
 1911 , 15882.1204566468 
 1912 , 15845.2503922443 
 1913 , 15834.2750874014 
 1914 , 15863.2056491455 
 1915 , 15892.0396787894 
 1916 , 15874.0534099954 
 1917 , 15828.6046325329 
 1918 , 15785.2664587671 
 1919 , 15746.1767548811 
 1920 , 15709.9296961462 
 1921 , 15679.6449089369 
 1922 , 15656.4558037062 
 1923 , 15637.1628723233 
 1924 , 15620.9271872101 
 1925 , 15609.9968060259 
 1926 , 15600.2697998728 
 1927 , 15582.7111136402 
 1928 , 15560.1637772295 
 1929 , 15542.3501993932 
 1930 , 15530.1692306617 
 1931 , 15519.5015624204 
 1932 , 15502.2216347736 
 1933 , 15470.7995364968 
 1934 , 15425.074028504 
 1935 , 15375.1852056785 
 1936 , 15353.5669982664 
 1937 , 15367.2078434377 
 1938 , 15369.6968644823 
 1939 , 15346.9521954574 
 1940 , 15334.5821982007 
 1941 , 15339.8812828759 
 1942 , 15340.7810153207 
 1943 , 15331.3597411883 
 1944 , 15317.5062510044 
 1945 , 15303.5021347548 
 1946 , 15291.3486847224 
 1947 , 15275.5072102422 
 1948 , 15252.0412601638 
 1949 , 15232.496750377 
 1950 , 15220.4419206375 
 1951 , 15190.3151955435 
 1952 , 15137.7072711825 
 1953 , 15102.6990107236 
 1954 , 15095.1760471596 
 1955 , 15082.9988685249 
 1956 , 15055.3649595236 
 1957 , 15022.4707810008 
 1958 , 14993.5495599718 
 1959 , 14976.075675432 
 1960 , 14972.4863433395 
 1961 , 14979.1628883993 
 1962 , 14974.4348710535 
 1963 , 14942.170249156 
 1964 , 14899.2249884702 
 1965 , 14865.4377855656 
 1966 , 14853.3664249116 
 1967 , 14857.6110980676 
 1968 , 14849.4013897535 
 1969 , 14822.2998545623 
 1970 , 14793.5825563511 
 1971 , 14777.4128733335 
 1972 , 14781.2691789044 
 1973 , 14782.6757895354 
 1974 , 14755.1123295064 
 1975 , 14722.0467759197 
 1976 , 14709.9104369192 
 1977 , 14703.7254340814 
 1978 , 14689.3880632528 
 1979 , 14672.8821410645 
 1980 , 14658.4294484275 
 1981 , 14643.7075457621 
 1982 , 14623.0007076887 
 1983 , 14588.806853547 
 1984 , 14547.1171099318 
 1985 , 14511.5586985179 
 1986 , 14483.7758605174 
 1987 , 14460.065674608 
 1988 , 14437.5956060006 
 1989 , 14414.5609213993 
 1990 , 14391.4932474819 
 1991 , 14371.6168449858 
 1992 , 14362.572799389 
 1993 , 14369.9332089157 
 1994 , 14394.4753156634 
 1995 , 14411.2901143499 
 1996 , 14379.4971772869 
 1997 , 14327.7930001477 
 1998 , 14314.6131756874 
 1999 , 14322.0075544655 
 2000 , 14312.2325978205 
 2001 , 14287.5801793869 
 2002 , 14264.8729946273 
 2003 , 14271.9952336802 
 2004 , 14302.1737034643 
 2005 , 14291.8266357979 
 2006 , 14234.9581902837 
 2007 , 14189.6660520161 
 2008 , 14170.2355756912 
 2009 , 14158.3219668088 
 2010 , 14141.1823636089 
 2011 , 14112.8754445192 
 2012 , 14085.5743200163 
 2013 , 14070.5599084387 
 2014 , 14061.3706903176 
 2015 , 14049.6689344343 
 2016 , 14029.9500190894 
 2017 , 14011.1745687685 
 2018 , 14016.8642069731 
 2019 , 14036.6364114579 
 2020 , 14036.5303452542 
 2021 , 14010.6642403116 
 2022 , 13971.2133623117 
 2023 , 13948.9550078855 
 2024 , 13959.2899336255 
 2025 , 13953.8894232025 
 2026 , 13906.1341202551 
 2027 , 13852.7660989487 
 2028 , 13822.0721347261 
 2029 , 13821.7458844953 
 2030 , 13830.5395925468 
 2031 , 13811.3537655212 
 2032 , 13773.8816430876 
 2033 , 13745.9824741432 
 2034 , 13730.8457039933 
 2035 , 13726.0561718534 
 2036 , 13734.4845116303 
 2037 , 13742.6665747389 
 2038 , 13708.091054461 
 2039 , 13639.3605237041 
 2040 , 13601.2355935877 
 2041 , 13593.479687634 
 2042 , 13573.4474303663 
 2043 , 13544.2080175622 
 2044 , 13525.453260769 
 2045 , 13519.2427511565 
 2046 , 13518.9510740475 
 2047 , 13508.109739156 
 2048 , 13480.1089052901 
 2049 , 13446.0292923249 
 2050 , 13418.3381142114 
 2051 , 13407.5333656952 
 2052 , 13404.5512237871 
 2053 , 13392.5665545583 
 2054 , 13378.4516734863 
 2055 , 13369.555815811 
 2056 , 13345.2549420687 
 2057 , 13300.0873136887 
 2058 , 13270.4920016176 
 2059 , 13265.7164268201 
 2060 , 13256.7104801296 
 2061 , 13238.5831942218 
 2062 , 13224.2477754313 
 2063 , 13207.0063465648 
 2064 , 13175.908318114 
 2065 , 13142.1671515922 
 2066 , 13120.4331398939 
 2067 , 13118.5012447962 
 2068 , 13124.643651686 
 2069 , 13101.7720143361 
 2070 , 13057.1946340644 
 2071 , 13035.2994586606 
 2072 , 13028.9967037116 
 2073 , 13010.3374982586 
 2074 , 12995.1114498031 
 2075 , 12995.9527362903 
 2076 , 12974.9472111114 
 2077 , 12921.3397946931 
 2078 , 12884.9028085209 
 2079 , 12876.1034093657 
 2080 , 12861.490621583 
 2081 , 12836.4318077288 
 2082 , 12812.5822549628 
 2083 , 12785.3578158967 
 2084 , 12750.472176878 
 2085 , 12723.656830079 
 2086 , 12714.9743798937 
 2087 , 12716.4613151478 
 2088 , 12715.6797932938 
 2089 , 12699.3204512765 
 2090 , 12676.3345639595 
 2091 , 12665.2374641697 
 2092 , 12654.3804057539 
 2093 , 12627.3410532236 
 2094 , 12589.7836864892 
 2095 , 12555.2022863355 
 2096 , 12542.2998302121 
 2097 , 12546.1028129063 
 2098 , 12537.8068768563 
 2099 , 12521.1283801522 
 2100 , 12517.0740675862 
 2101 , 12519.7446099292 
 2102 , 12514.3945364705 
 2103 , 12490.2033545206 
 2104 , 12450.3416275383 
 2105 , 12420.7382535185 
 2106 , 12404.7070605057 
 2107 , 12381.5702402693 
 2108 , 12352.3863561594 
 2109 , 12329.0679397222 
 2110 , 12307.2860844758 
 2111 , 12282.6586958113 
 2112 , 12266.6318534719 
 2113 , 12260.0684150976 
 2114 , 12243.0606840779 
 2115 , 12216.4928700489 
 2116 , 12199.6861591402 
 2117 , 12186.8992789281 
 2118 , 12163.1985387833 
 2119 , 12134.9790436724 
 2120 , 12111.9472138278 
 2121 , 12096.467939815 
 2122 , 12087.9130058194 
 2123 , 12083.1123044982 
 2124 , 12079.6577418235 
 2125 , 12075.7099991734 
 2126 , 12068.1060668656 
 2127 , 12051.2042149281 
 2128 , 12012.4244903958 
 2129 , 11956.0042126602 
 2130 , 11921.8394212941 
 2131 , 11914.851146577 
 2132 , 11899.0257451701 
 2133 , 11872.2755150402 
 2134 , 11852.42550471 
 2135 , 11841.3932265444 
 2136 , 11834.0482642292 
 2137 , 11821.1582584476 
 2138 , 11800.764075438 
 2139 , 11782.4542237395 
 2140 , 11763.1304097171 
 2141 , 11731.20980382 
 2142 , 11700.5421010125 
 2143 , 11689.0541854822 
 2144 , 11682.9960116991 
 2145 , 11670.1608645955 
 2146 , 11657.2457944926 
 2147 , 11645.5905621221 
 2148 , 11628.9457297977 
 2149 , 11612.1166154917 
 2150 , 11601.9294705164 
 2151 , 11578.6328994396 
 2152 , 11530.1575586236 
 2153 , 11487.6354240583 
 2154 , 11469.4948380365 
 2155 , 11465.7190338807 
 2156 , 11459.4776977773 
 2157 , 11434.8712792406 
 2158 , 11406.71849261 
 2159 , 11395.5734231391 
 2160 , 11398.4991334547 
 2161 , 11405.2517819423 
 2162 , 11402.0935438589 
 2163 , 11388.2795576283 
 2164 , 11373.7394771446 
 2165 , 11353.1472912033 
 2166 , 11318.3975145139 
 2167 , 11282.0530991416 
 2168 , 11256.454761304 
 2169 , 11242.4305222301 
 2170 , 11232.589290653 
 2171 , 11214.5908143888 
 2172 , 11201.0714489912 
 2173 , 11210.1963064236 
 2174 , 11216.6140945443 
 2175 , 11198.5734775866 
 2176 , 11172.8638188994 
 2177 , 11153.4401431504 
 2178 , 11143.1911048302 
 2179 , 11134.8413878177 
 2180 , 11118.0667312478 
 2181 , 11099.1917331471 
 2182 , 11085.9960688983 
 2183 , 11075.5713919398 
 2184 , 11058.7087466835 
 2185 , 11022.2340556572 
 2186 , 10980.6734367704 
 2187 , 10961.8993243069 
 2188 , 10957.9357090044 
 2189 , 10954.0331958221 
 2190 , 10952.0437971785 
 2191 , 10949.7192039787 
 2192 , 10935.8292357304 
 2193 , 10907.7822178109 
 2194 , 10870.8177353743 
 2195 , 10836.4671775737 
 2196 , 10814.025885789 
 2197 , 10800.2153420448 
 2198 , 10789.7728348829 
 2199 , 10777.825251875 
 2200 , 10760.9451816574 
 2201 , 10739.1054731639 
 2202 , 10726.1594869072 
 2203 , 10726.9773216977 
 2204 , 10708.6396411628 
 2205 , 10668.8486578987 
 2206 , 10652.0377574163 
 2207 , 10650.2965528586 
 2208 , 10626.1517162322 
 2209 , 10596.325756628 
 2210 , 10581.7459149679 
 2211 , 10565.0840250872 
 2212 , 10542.8901312595 
 2213 , 10534.5187530114 
 2214 , 10523.5724938814 
 2215 , 10480.7120571612 
 2216 , 10435.5396723013 
 2217 , 10413.4516266467 
 2218 , 10386.2645447546 
 2219 , 10356.9904514176 
 2220 , 10367.591083453 
 2221 , 10390.4902261034 
 2222 , 10371.8373750627 
 2223 , 10330.3345359176 
 2224 , 10295.2333839413 
 2225 , 10274.7844612005 
 2226 , 10268.2839705725 
 2227 , 10268.1267785718 
 2228 , 10263.4710956378 
 2229 , 10244.327696341 
 2230 , 10209.6837279573 
 2231 , 10167.0832352138 
 2232 , 10134.6817438887 
 2233 , 10117.304866057 
 2234 , 10106.7655123663 
 2235 , 10092.1782519694 
 2236 , 10066.0185252228 
 2237 , 10034.1040597767 
 2238 , 10005.3191059848 
 2239 , 9988.1871235389 
 2240 , 9976.53189470572 
 2241 , 9958.25861657553 
 2242 , 9946.29651516663 
 2243 , 9944.93516468435 
 2244 , 9918.29109262312 
 2245 , 9871.83756898923 
 2246 , 9858.90807607537 
 2247 , 9864.36868226451 
 2248 , 9846.98319288829 
 2249 , 9823.5530101631 
 2250 , 9810.5702101136 
 2251 , 9796.67188365043 
 2252 , 9780.87740284885 
 2253 , 9772.62142544824 
 2254 , 9770.16301781353 
 2255 , 9765.32477154583 
 2256 , 9745.72431524953 
 2257 , 9713.40046077261 
 2258 , 9689.98178402778 
 2259 , 9679.48394825029 
 2260 , 9671.44706586761 
 2261 , 9646.98206594853 
 2262 , 9600.69797597197 
 2263 , 9560.50611980096 
 2264 , 9537.86880351084 
 2265 , 9524.17837061299 
 2266 , 9517.0993024245 
 2267 , 9512.60370520146 
 2268 , 9490.26954976671 
 2269 , 9451.31084012522 
 2270 , 9431.63037496891 
 2271 , 9433.5968845195 
 2272 , 9434.5775317943 
 2273 , 9415.69584517379 
 2274 , 9374.86646362487 
 2275 , 9342.60818731934 
 2276 , 9322.09155348013 
 2277 , 9289.49339940171 
 2278 , 9262.39624146194 
 2279 , 9263.69902416481 
 2280 , 9268.39609419484 
 2281 , 9260.14174424454 
 2282 , 9248.73689711364 
 2283 , 9240.34104206362 
 2284 , 9233.35987809477 
 2285 , 9207.68666252641 
 2286 , 9158.44323549514 
 2287 , 9121.35128019514 
 2288 , 9109.42768639402 
 2289 , 9108.59183909135 
 2290 , 9094.83271541223 
 2291 , 9055.93788290096 
 2292 , 9023.08413334094 
 2293 , 9012.91171512823 
 2294 , 9013.96190896964 
 2295 , 9011.6077976734 
 2296 , 8995.36956140259 
 2297 , 8974.00898370469 
 2298 , 8948.98162486405 
 2299 , 8904.03410825728 
 2300 , 8857.82036617519 
 2301 , 8846.18616569842 
 2302 , 8847.315246179 
 2303 , 8836.81781211563 
 2304 , 8826.92858718335 
 2305 , 8818.20200061232 
 2306 , 8797.4514571591 
 2307 , 8770.51828568179 
 2308 , 8751.52863671698 
 2309 , 8752.79434415499 
 2310 , 8759.99606609835 
 2311 , 8731.99665737374 
 2312 , 8686.80747053074 
 2313 , 8662.75959651161 
 2314 , 8646.2585646195 
 2315 , 8626.07769219566 
 2316 , 8612.50770170912 
 2317 , 8600.02664190157 
 2318 , 8576.37719225942 
 2319 , 8556.01161208096 
 2320 , 8550.56766328953 
 2321 , 8550.57719232789 
 2322 , 8539.57631271202 
 2323 , 8504.33852030061 
 2324 , 8473.68421046624 
 2325 , 8472.03155842602 
 2326 , 8477.68934319912 
 2327 , 8468.72007261495 
 2328 , 8434.10931644077 
 2329 , 8395.25889744543 
 2330 , 8374.690338504 
 2331 , 8358.95910072756 
 2332 , 8339.76130046598 
 2333 , 8322.10629773663 
 2334 , 8309.35951867779 
 2335 , 8301.3061165584 
 2336 , 8290.17313552986 
 2337 , 8271.38556500093 
 2338 , 8246.81748529961 
 2339 , 8218.23626844852 
