11-20-2017,17:03:12
Wavenumber(cm-1),Intensity
 250 , 26248.4234768547 
 251 , 26289.8941424064 
 252 , 26334.0764883894 
 253 , 26377.9930007329 
 254 , 26416.6006778904 
 255 , 26444.6774103179 
 256 , 26457.0380468943 
 257 , 26448.5249260987 
 258 , 26418.1734992198 
 259 , 26387.674600644 
 260 , 26386.2760682182 
 261 , 26428.2918189123 
 262 , 26493.6466786931 
 263 , 26558.036855731 
 264 , 26612.2503619586 
 265 , 26663.0243834894 
 266 , 26716.9170236816 
 267 , 26772.8025082063 
 268 , 26825.8121801358 
 269 , 26872.5685587528 
 270 , 26914.7232498805 
 271 , 26954.9455003263 
 272 , 26994.6982190122 
 273 , 27033.6869550683 
 274 , 27071.6173991529 
 275 , 27109.8995262572 
 276 , 27151.086984366 
 277 , 27196.9934304526 
 278 , 27245.8785865888 
 279 , 27294.9711896986 
 280 , 27342.1840165622 
 281 , 27386.7716026812 
 282 , 27428.2403990771 
 283 , 27467.8928574554 
 284 , 27508.6253512336 
 285 , 27552.3834382974 
 286 , 27594.6909509505 
 287 , 27628.5548584298 
 288 , 27650.4010211929 
 289 , 27665.503552359 
 290 , 27680.4515862152 
 291 , 27699.0648616015 
 292 , 27722.020346233 
 293 , 27749.7055961217 
 294 , 27781.4884822522 
 295 , 27816.2205966981 
 296 , 27852.4524721867 
 297 , 27887.747649622 
 298 , 27919.494306398 
 299 , 27946.4596098879 
 300 , 27969.3529774737 
 301 , 27989.0138132375 
 302 , 28006.1008149715 
 303 , 28021.1595611562 
 304 , 28035.2651867264 
 305 , 28051.6967696212 
 306 , 28074.2660732286 
 307 , 28103.7677444101 
 308 , 28135.8700428707 
 309 , 28166.2152851747 
 310 , 28197.1934165982 
 311 , 28236.2311071636 
 312 , 28288.8951617868 
 313 , 28350.8416841274 
 314 , 28414.659714464 
 315 , 28476.442666429 
 316 , 28539.2657848769 
 317 , 28606.6013885622 
 318 , 28674.264238064 
 319 , 28731.4773166351 
 320 , 28769.7238194269 
 321 , 28794.9302490362 
 322 , 28818.2310894137 
 323 , 28847.2074707433 
 324 , 28881.3727196668 
 325 , 28919.1030060983 
 326 , 28958.2149830951 
 327 , 28995.9872914373 
 328 , 29030.6702846037 
 329 , 29067.0458280638 
 330 , 29112.5218676974 
 331 , 29170.1312193087 
 332 , 29231.9597395464 
 333 , 29288.5760136801 
 334 , 29334.6059772125 
 335 , 29368.8996376715 
 336 , 29391.2665826239 
 337 , 29406.9662716841 
 338 , 29423.6240964138 
 339 , 29445.25546341 
 340 , 29466.2309824927 
 341 , 29479.5697513813 
 342 , 29484.730880589 
 343 , 29488.210898706 
 344 , 29496.1265361252 
 345 , 29509.074100069 
 346 , 29525.1461526293 
 347 , 29542.3129435876 
 348 , 29558.2428712402 
 349 , 29570.7314630373 
 350 , 29582.5850236182 
 351 , 29602.1817523891 
 352 , 29636.8437110367 
 353 , 29683.7114239993 
 354 , 29735.2761517934 
 355 , 29786.3231880708 
 356 , 29837.9838105082 
 357 , 29892.3806835831 
 358 , 29949.3171352948 
 359 , 30006.0521878089 
 360 , 30060.6240351658 
 361 , 30117.7421021828 
 362 , 30185.0792403685 
 363 , 30266.1130988533 
 364 , 30353.2258693904 
 365 , 30437.1073395593 
 366 , 30511.3248134789 
 367 , 30572.4648259123 
 368 , 30618.1571698136 
 369 , 30652.2111070105 
 370 , 30681.0242243838 
 371 , 30708.9758739708 
 372 , 30735.4693610314 
 373 , 30759.3321565718 
 374 , 30783.1995895518 
 375 , 30813.4123436665 
 376 , 30854.9833334358 
 377 , 30903.7542696428 
 378 , 30952.0742121541 
 379 , 30995.0301483214 
 380 , 31033.7829818841 
 381 , 31070.2940685682 
 382 , 31106.2755968716 
 383 , 31143.2217463556 
 384 , 31182.120571914 
 385 , 31221.2681421022 
 386 , 31258.0823566643 
 387 , 31293.0739813879 
 388 , 31332.7365695358 
 389 , 31383.6576832339 
 390 , 31443.7265558876 
 391 , 31504.2011226643 
 392 , 31558.315561173 
 393 , 31609.0538722913 
 394 , 31662.1061952508 
 395 , 31718.5882146356 
 396 , 31772.1062173399 
 397 , 31815.9926687757 
 398 , 31848.4816821218 
 399 , 31870.958524037 
 400 , 31887.6620946058 
 401 , 31913.2165069189 
 402 , 31964.245473248 
 403 , 32039.9877166938 
 404 , 32116.1310221657 
 405 , 32169.9274453876 
 406 , 32207.3870113764 
 407 , 32249.5620085872 
 408 , 32309.4678032969 
 409 , 32376.2277263383 
 410 , 32435.0853453458 
 411 , 32483.7809643541 
 412 , 32533.6393266581 
 413 , 32594.2482895617 
 414 , 32659.035954233 
 415 , 32714.8427441389 
 416 , 32755.2439292234 
 417 , 32789.0057654303 
 418 , 32826.4356131317 
 419 , 32868.594040507 
 420 , 32908.7120920671 
 421 , 32941.2086828723 
 422 , 32967.5555190291 
 423 , 32991.3871989186 
 424 , 33016.3225506148 
 425 , 33045.9527557286 
 426 , 33083.4156613201 
 427 , 33126.6940187818 
 428 , 33170.4842972183 
 429 , 33212.2171590631 
 430 , 33259.1291668827 
 431 , 33320.150266061 
 432 , 33387.8330012211 
 433 , 33434.3267486037 
 434 , 33436.2644747073 
 435 , 33414.2269056054 
 436 , 33408.9828384029 
 437 , 33443.2279782687 
 438 , 33494.9960847271 
 439 , 33536.6939257594 
 440 , 33561.7111253525 
 441 , 33582.1988870927 
 442 , 33609.3293272526 
 443 , 33645.9560903989 
 444 , 33692.2588260061 
 445 , 33745.1136857183 
 446 , 33795.8090133073 
 447 , 33836.0598678315 
 448 , 33868.2345906461 
 449 , 33901.3062489676 
 450 , 33941.9585248994 
 451 , 33988.9774480843 
 452 , 34039.5471560191 
 453 , 34091.704746476 
 454 , 34144.4665873098 
 455 , 34196.9575639275 
 456 , 34248.6671277777 
 457 , 34299.2299027209 
 458 , 34347.5677593565 
 459 , 34391.0888314273 
 460 , 34427.3573784679 
 461 , 34459.0599192213 
 462 , 34492.7723390965 
 463 , 34532.7724616525 
 464 , 34573.57925565 
 465 , 34607.3501513594 
 466 , 34631.5454360919 
 467 , 34650.8151207129 
 468 , 34669.7227837567 
 469 , 34688.0355247155 
 470 , 34703.2321275086 
 471 , 34718.4093498931 
 472 , 34750.4391375449 
 473 , 34816.7972701969 
 474 , 34909.3261923987 
 475 , 34998.0263868342 
 476 , 35058.339888746 
 477 , 35093.7064544242 
 478 , 35115.4909967564 
 479 , 35132.4085585966 
 480 , 35149.2732965186 
 481 , 35170.0785095591 
 482 , 35194.3990483139 
 483 , 35219.5402542419 
 484 , 35244.018712727 
 485 , 35269.5182085484 
 486 , 35298.2082071325 
 487 , 35331.9421385928 
 488 , 35372.2958338159 
 489 , 35420.0756460204 
 490 , 35472.5679850213 
 491 , 35526.0655747356 
 492 , 35578.1384093042 
 493 , 35628.2300787962 
 494 , 35675.8596456435 
 495 , 35719.9204018117 
 496 , 35758.9962877253 
 497 , 35793.6908554117 
 498 , 35829.6077887798 
 499 , 35872.4077277251 
 500 , 35915.896561798 
 501 , 35944.014225635 
 502 , 35947.2070830754 
 503 , 35944.9828587806 
 504 , 35964.1439133713 
 505 , 36012.2393710756 
 506 , 36070.9740490277 
 507 , 36121.7343617683 
 508 , 36157.0251083636 
 509 , 36174.3857138389 
 510 , 36176.0457638334 
 511 , 36174.3593047476 
 512 , 36182.089727573 
 513 , 36199.4551453492 
 514 , 36217.5867270078 
 515 , 36230.9194279844 
 516 , 36246.425437031 
 517 , 36273.6092851852 
 518 , 36314.2038891947 
 519 , 36361.1604635092 
 520 , 36407.5625140066 
 521 , 36450.0707819041 
 522 , 36486.674858575 
 523 , 36516.7124024146 
 524 , 36541.8752486662 
 525 , 36564.4212932153 
 526 , 36589.9084970173 
 527 , 36625.7931319888 
 528 , 36674.8081761022 
 529 , 36726.7166190101 
 530 , 36769.7975260586 
 531 , 36805.3552530572 
 532 , 36846.0988869741 
 533 , 36899.6498683666 
 534 , 36949.9804826861 
 535 , 36975.2283850418 
 536 , 36975.11003584 
 537 , 36977.4520681183 
 538 , 37007.3740345108 
 539 , 37058.6320993651 
 540 , 37111.9517537485 
 541 , 37156.8511997224 
 542 , 37199.9121497993 
 543 , 37248.9861420833 
 544 , 37304.4398362866 
 545 , 37361.9886545147 
 546 , 37418.3085916675 
 547 , 37473.0464192549 
 548 , 37526.4071175032 
 549 , 37579.0935240949 
 550 , 37632.2553193203 
 551 , 37686.4604098897 
 552 , 37739.690207217 
 553 , 37789.3385721106 
 554 , 37836.9706679995 
 555 , 37889.466626202 
 556 , 37952.3654597603 
 557 , 38020.3055263923 
 558 , 38083.6455928153 
 559 , 38137.9293126986 
 560 , 38188.0389187728 
 561 , 38238.284411708 
 562 , 38277.8564663632 
 563 , 38287.432818858 
 564 , 38261.4003733957 
 565 , 38229.1838624313 
 566 , 38223.5555560029 
 567 , 38244.742379775 
 568 , 38267.551183087 
 569 , 38274.1844138671 
 570 , 38275.8529616767 
 571 , 38289.8821739444 
 572 , 38323.3762474587 
 573 , 38372.6208366941 
 574 , 38431.909112826 
 575 , 38488.0851572608 
 576 , 38525.9089326187 
 577 , 38542.8055607825 
 578 , 38554.1479218233 
 579 , 38574.5846199349 
 580 , 38603.9880575011 
 581 , 38635.8691712402 
 582 , 38665.5095783115 
 583 , 38691.5752696675 
 584 , 38713.3801732022 
 585 , 38732.96313549 
 586 , 38753.9203937747 
 587 , 38776.876817536 
 588 , 38794.9869098825 
 589 , 38801.0525862929 
 590 , 38799.2501846154 
 591 , 38802.2522353817 
 592 , 38817.3239594032 
 593 , 38833.193764986 
 594 , 38835.5438978628 
 595 , 38826.4868834476 
 596 , 38823.8125252174 
 597 , 38841.2523018023 
 598 , 38872.2321231407 
 599 , 38904.9680518145 
 600 , 38937.2500789399 
 601 , 38978.3740314819 
 602 , 39033.82895846 
 603 , 39083.8691886502 
 604 , 39100.446409585 
 605 , 39083.3572339792 
 606 , 39074.0978457487 
 607 , 39111.4934752038 
 608 , 39190.2973144192 
 609 , 39285.9287690158 
 610 , 39379.3927803576 
 611 , 39462.1719045516 
 612 , 39527.7976734004 
 613 , 39578.3064556527 
 614 , 39620.3489921182 
 615 , 39660.7526037504 
 616 , 39706.6407310389 
 617 , 39764.3005117734 
 618 , 39829.5833346391 
 619 , 39891.4986933022 
 620 , 39943.657533931 
 621 , 39992.6444453511 
 622 , 40046.9011953305 
 623 , 40109.4905623487 
 624 , 40179.2753991742 
 625 , 40252.1464117804 
 626 , 40314.5358651859 
 627 , 40351.5350382354 
 628 , 40360.2734879482 
 629 , 40348.8943359467 
 630 , 40327.5372794138 
 631 , 40312.5977389025 
 632 , 40321.5050674679 
 633 , 40358.8528271324 
 634 , 40415.6601691533 
 635 , 40480.7514606892 
 636 , 40535.8343385975 
 637 , 40561.1201773154 
 638 , 40555.1631746314 
 639 , 40538.6539752061 
 640 , 40530.8406239572 
 641 , 40536.236746472 
 642 , 40554.4260247498 
 643 , 40583.3181814294 
 644 , 40618.5505800431 
 645 , 40655.9635902434 
 646 , 40693.6219712938 
 647 , 40730.4305548838 
 648 , 40765.4894903573 
 649 , 40798.192376384 
 650 , 40827.6292587589 
 651 , 40850.6427964856 
 652 , 40863.1691727607 
 653 , 40863.7514599263 
 654 , 40855.2782738 
 655 , 40842.2222946511 
 656 , 40837.9844774591 
 657 , 40859.8864118733 
 658 , 40907.7548389087 
 659 , 40949.7503219319 
 660 , 40955.5674475152 
 661 , 40935.4623371325 
 662 , 40919.7385916803 
 663 , 40925.7705717914 
 664 , 40945.5947586908 
 665 , 40969.5412305144 
 666 , 40998.7137790228 
 667 , 41039.877807505 
 668 , 41093.8693385119 
 669 , 41149.2622444433 
 670 , 41194.5251911259 
 671 , 41231.5006106753 
 672 , 41269.4367237612 
 673 , 41312.9381795286 
 674 , 41356.502730653 
 675 , 41393.8855266067 
 676 , 41424.4468704838 
 677 , 41450.7806720238 
 678 , 41476.9940988761 
 679 , 41510.4428203603 
 680 , 41558.3949746971 
 681 , 41622.7652262666 
 682 , 41702.2984363083 
 683 , 41791.0608631629 
 684 , 41872.7435955899 
 685 , 41930.9689286017 
 686 , 41963.2696682435 
 687 , 41975.4284179448 
 688 , 41974.244892725 
 689 , 41968.5547365823 
 690 , 41966.5901333916 
 691 , 41967.5055319893 
 692 , 41965.1318198925 
 693 , 41958.918129672 
 694 , 41960.8910147477 
 695 , 41983.1110774433 
 696 , 42021.0257452657 
 697 , 42060.5109430559 
 698 , 42094.3106980248 
 699 , 42130.2121060935 
 700 , 42176.2376181287 
 701 , 42223.8120234339 
 702 , 42255.1127687896 
 703 , 42259.4205816379 
 704 , 42240.9220309616 
 705 , 42206.4298714039 
 706 , 42169.8588630604 
 707 , 42148.8325545471 
 708 , 42149.9067678417 
 709 , 42157.8676263394 
 710 , 42157.6246781042 
 711 , 42156.5659586703 
 712 , 42173.2906399365 
 713 , 42215.9011256358 
 714 , 42273.0914128904 
 715 , 42331.1750771753 
 716 , 42374.1196460198 
 717 , 42384.9813220764 
 718 , 42361.0985164022 
 719 , 42324.0090553149 
 720 , 42295.3575997575 
 721 , 42281.1381850219 
 722 , 42280.7147331901 
 723 , 42296.979762642 
 724 , 42338.315231851 
 725 , 42408.9949742376 
 726 , 42484.7298479317 
 727 , 42530.7784031715 
 728 , 42537.1560151263 
 729 , 42528.3639207169 
 730 , 42527.1938436209 
 731 , 42533.0641018047 
 732 , 42537.6127472693 
 733 , 42539.2418368546 
 734 , 42544.7408490145 
 735 , 42561.6559214746 
 736 , 42598.6538044693 
 737 , 42663.9283773612 
 738 , 42743.9364119204 
 739 , 42801.4564956763 
 740 , 42809.877647785 
 741 , 42790.7200644278 
 742 , 42777.1304209184 
 743 , 42788.9529916604 
 744 , 42833.4478265242 
 745 , 42909.1432625271 
 746 , 42986.210936213 
 747 , 43030.6853048645 
 748 , 43040.3398335051 
 749 , 43038.6715762582 
 750 , 43043.5577249018 
 751 , 43054.6065303693 
 752 , 43068.2374862358 
 753 , 43081.7612678656 
 754 , 43093.1028942838 
 755 , 43101.3428974841 
 756 , 43108.2760977451 
 757 , 43115.7924657774 
 758 , 43122.8351947581 
 759 , 43126.7007549799 
 760 , 43128.4705408453 
 761 , 43136.627486684 
 762 , 43158.3908381816 
 763 , 43184.665515174 
 764 , 43198.9394073544 
 765 , 43195.3578728558 
 766 , 43184.9972369063 
 767 , 43178.4580104976 
 768 , 43174.4748067613 
 769 , 43167.6569828705 
 770 , 43163.392477155 
 771 , 43180.8346492573 
 772 , 43230.3533820945 
 773 , 43277.2104411122 
 774 , 43275.4077312134 
 775 , 43223.4592296814 
 776 , 43165.2385499047 
 777 , 43137.9425867409 
 778 , 43147.6198636918 
 779 , 43192.2169466493 
 780 , 43251.3610563042 
 781 , 43289.9844071429 
 782 , 43287.5953213995 
 783 , 43264.4048902164 
 784 , 43245.7687037498 
 785 , 43238.210459068 
 786 , 43236.5171037427 
 787 , 43235.3862760095 
 788 , 43229.6977801673 
 789 , 43216.9744376565 
 790 , 43215.3805184006 
 791 , 43252.4772701584 
 792 , 43333.0967672519 
 793 , 43426.6718537598 
 794 , 43505.995962584 
 795 , 43580.0857174151 
 796 , 43669.6581240757 
 797 , 43764.4384305236 
 798 , 43817.941044027 
 799 , 43798.2424017687 
 800 , 43740.583877251 
 801 , 43695.4747013179 
 802 , 43682.5662774717 
 803 , 43694.6769287642 
 804 , 43724.6404891444 
 805 , 43767.9026841471 
 806 , 43819.9487834612 
 807 , 43871.3923789047 
 808 , 43909.7831117223 
 809 , 43928.4561139096 
 810 , 43932.6538521684 
 811 , 43929.3033589205 
 812 , 43927.085811459 
 813 , 43935.344196828 
 814 , 43956.4260555189 
 815 , 43982.4978202322 
 816 , 44006.3144470408 
 817 , 44027.6743559017 
 818 , 44048.3835565523 
 819 , 44064.9422957179 
 820 , 44068.364698352 
 821 , 44054.5445720951 
 822 , 44036.844004545 
 823 , 44031.0344901111 
 824 , 44034.9933171171 
 825 , 44033.6283600213 
 826 , 44018.0647323131 
 827 , 43994.3102706866 
 828 , 43971.1321626156 
 829 , 43963.0627899933 
 830 , 43987.157462939 
 831 , 44039.4536857663 
 832 , 44083.3881753632 
 833 , 44087.2749276114 
 834 , 44060.176330329 
 835 , 44024.12855325 
 836 , 43988.8518275138 
 837 , 43951.0967847054 
 838 , 43909.9680078907 
 839 , 43874.6298324148 
 840 , 43855.6213388493 
 841 , 43853.5469584824 
 842 , 43861.9887784573 
 843 , 43874.5941985525 
 844 , 43885.473461666 
 845 , 43889.4719031633 
 846 , 43886.6004622637 
 847 , 43879.2400483849 
 848 , 43868.936040732 
 849 , 43856.0379727847 
 850 , 43841.6290695149 
 851 , 43830.6166750541 
 852 , 43828.6087018304 
 853 , 43833.1327059385 
 854 , 43834.3084424893 
 855 , 43826.9909214739 
 856 , 43820.210033694 
 857 , 43824.5367165027 
 858 , 43840.8108748013 
 859 , 43864.1815573398 
 860 , 43891.662070527 
 861 , 43923.6578686898 
 862 , 43959.4285484927 
 863 , 43989.5506187407 
 864 , 44001.9004416903 
 865 , 43996.4040302666 
 866 , 43986.2305501197 
 867 , 43983.8425283325 
 868 , 43996.9857596462 
 869 , 44031.3589733732 
 870 , 44079.5090667816 
 871 , 44125.0727825319 
 872 , 44163.2530470728 
 873 , 44212.8888469015 
 874 , 44292.0658191318 
 875 , 44394.7858400658 
 876 , 44505.0890116137 
 877 , 44605.1687998054 
 878 , 44675.0094815849 
 879 , 44705.6542455031 
 880 , 44730.2089072564 
 881 , 44788.9658308791 
 882 , 44884.6366239347 
 883 , 44992.3164676283 
 884 , 45084.0635449691 
 885 , 45126.8168483919 
 886 , 45093.4838033006 
 887 , 45003.5843931771 
 888 , 44896.2137889218 
 889 , 44795.3782994773 
 890 , 44706.1981009466 
 891 , 44629.7783067073 
 892 , 44556.4891333417 
 893 , 44474.7484585246 
 894 , 44381.1268261615 
 895 , 44278.1690792755 
 896 , 44174.0247575895 
 897 , 44088.2226394291 
 898 , 44037.9002176614 
 899 , 44014.6363968424 
 900 , 43999.7450527161 
 901 , 43982.2362207654 
 902 , 43960.2279189347 
 903 , 43935.5150992243 
 904 , 43920.9200160214 
 905 , 43929.8317784243 
 906 , 43953.2055160531 
 907 , 43967.139214888 
 908 , 43959.7665763433 
 909 , 43942.2198872869 
 910 , 43925.9897649351 
 911 , 43909.9625763918 
 912 , 43888.7827736727 
 913 , 43864.7218505082 
 914 , 43847.9224930708 
 915 , 43845.0365083095 
 916 , 43851.3300089232 
 917 , 43860.1168831413 
 918 , 43866.083188678 
 919 , 43864.7928892066 
 920 , 43858.0997960606 
 921 , 43857.6026138165 
 922 , 43871.6694188761 
 923 , 43889.7687148579 
 924 , 43896.6298846405 
 925 , 43889.5909394182 
 926 , 43876.5210966059 
 927 , 43865.1841854759 
 928 , 43862.3564266635 
 929 , 43873.4627111604 
 930 , 43895.2342189646 
 931 , 43920.6027664084 
 932 , 43942.298705972 
 933 , 43952.830670625 
 934 , 43946.4495572125 
 935 , 43923.3637554331 
 936 , 43885.8384061547 
 937 , 43844.9547926189 
 938 , 43817.1423299384 
 939 , 43807.8614986272 
 940 , 43804.0940735111 
 941 , 43794.1818016405 
 942 , 43781.7718482429 
 943 , 43774.7897626927 
 944 , 43773.9401222687 
 945 , 43773.7696558237 
 946 , 43772.7195636223 
 947 , 43778.6439353819 
 948 , 43798.8456931211 
 949 , 43827.6519801344 
 950 , 43854.153318232 
 951 , 43875.2023078863 
 952 , 43896.488592686 
 953 , 43922.852819205 
 954 , 43955.0032361925 
 955 , 43991.9599980126 
 956 , 44024.1497942672 
 957 , 44037.1692841386 
 958 , 44016.4691316646 
 959 , 43947.3642543221 
 960 , 43830.7166225258 
 961 , 43731.6067536736 
 962 , 43724.2679912842 
 963 , 43783.0601133101 
 964 , 43811.2537651336 
 965 , 43762.5855947559 
 966 , 43687.5705517874 
 967 , 43639.46748431 
 968 , 43630.0515927395 
 969 , 43656.5055041071 
 970 , 43699.972052695 
 971 , 43727.4504223859 
 972 , 43717.1781105326 
 973 , 43674.3868752897 
 974 , 43612.6538269724 
 975 , 43575.9725721335 
 976 , 43618.272983532 
 977 , 43729.1211431318 
 978 , 43829.7232266915 
 979 , 43862.39007731 
 980 , 43837.3164226111 
 981 , 43778.3460519355 
 982 , 43725.167339331 
 983 , 43723.9579602384 
 984 , 43777.5292572072 
 985 , 43834.8744907531 
 986 , 43856.4388573969 
 987 , 43851.115309951 
 988 , 43836.7748516322 
 989 , 43822.3594924948 
 990 , 43811.8214331358 
 991 , 43810.5895985948 
 992 , 43826.2521160675 
 993 , 43862.4489652269 
 994 , 43907.4320185588 
 995 , 43947.3739335097 
 996 , 43985.5342051557 
 997 , 44035.7132618765 
 998 , 44099.2362247856 
 999 , 44157.7256931375 
 1000 , 44201.7342936317 
 1001 , 44265.9695499062 
 1002 , 44393.8042982975 
 1003 , 44593.5153164669 
 1004 , 44849.0883754254 
 1005 , 45120.4154258878 
 1006 , 45327.7514737285 
 1007 , 45399.5688763805 
 1008 , 45317.8799260942 
 1009 , 45083.9536833583 
 1010 , 44757.9799761841 
 1011 , 44442.2013607416 
 1012 , 44202.4911387002 
 1013 , 44039.221262175 
 1014 , 43940.6844205252 
 1015 , 43869.9091271503 
 1016 , 43785.8679281224 
 1017 , 43693.6912022768 
 1018 , 43632.4016143114 
 1019 , 43617.31920354 
 1020 , 43619.992569448 
 1021 , 43613.2173351012 
 1022 , 43596.8596173373 
 1023 , 43578.3193334527 
 1024 , 43559.5980160259 
 1025 , 43538.7419177732 
 1026 , 43516.6708581369 
 1027 , 43499.5446604779 
 1028 , 43494.1439499956 
 1029 , 43507.6418184541 
 1030 , 43545.8802766954 
 1031 , 43595.2385878979 
 1032 , 43628.3781987277 
 1033 , 43636.5830701442 
 1034 , 43643.2656511154 
 1035 , 43667.9875738913 
 1036 , 43700.1155254814 
 1037 , 43721.7445362681 
 1038 , 43726.2147580714 
 1039 , 43714.5015394438 
 1040 , 43688.9037093794 
 1041 , 43653.591048639 
 1042 , 43613.2221806818 
 1043 , 43573.7390701908 
 1044 , 43541.3028559485 
 1045 , 43520.9714514234 
 1046 , 43516.9333026933 
 1047 , 43524.2145172709 
 1048 , 43524.6357855802 
 1049 , 43509.3898327318 
 1050 , 43506.4576189788 
 1051 , 43546.6211038812 
 1052 , 43609.8711151605 
 1053 , 43648.937192217 
 1054 , 43649.4515924772 
 1055 , 43639.4654770033 
 1056 , 43639.1591463136 
 1057 , 43636.2262275135 
 1058 , 43615.1805563933 
 1059 , 43584.4982193872 
 1060 , 43563.4963612086 
 1061 , 43553.9375210426 
 1062 , 43538.181165765 
 1063 , 43507.5982642043 
 1064 , 43479.2547081154 
 1065 , 43469.2333169472 
 1066 , 43460.7063679567 
 1067 , 43425.1575245876 
 1068 , 43364.1981528542 
 1069 , 43307.2643825319 
 1070 , 43269.8310685581 
 1071 , 43235.780270638 
 1072 , 43190.2086250226 
 1073 , 43145.2623596617 
 1074 , 43120.3601411161 
 1075 , 43113.3772116765 
 1076 , 43106.0313573658 
 1077 , 43089.4014821659 
 1078 , 43071.0383111085 
 1079 , 43057.2151969087 
 1080 , 43042.6706875375 
 1081 , 43020.8959343059 
 1082 , 43002.8087551142 
 1083 , 43009.2227838983 
 1084 , 43039.4621728929 
 1085 , 43064.2296576135 
 1086 , 43064.8499416654 
 1087 , 43060.9152840643 
 1088 , 43073.6851749012 
 1089 , 43082.2309303507 
 1090 , 43048.211556927 
 1091 , 42977.6611725022 
 1092 , 42921.6133553012 
 1093 , 42905.2689414705 
 1094 , 42891.2163095705 
 1095 , 42842.4355076714 
 1096 , 42770.0786654831 
 1097 , 42700.0448497551 
 1098 , 42637.6901105578 
 1099 , 42572.933764525 
 1100 , 42504.1101359748 
 1101 , 42443.9745443152 
 1102 , 42401.8968628892 
 1103 , 42369.4579274105 
 1104 , 42334.7034668787 
 1105 , 42291.7920595829 
 1106 , 42238.5031544207 
 1107 , 42181.5239903041 
 1108 , 42137.9523465998 
 1109 , 42117.9351019107 
 1110 , 42112.1664009759 
 1111 , 42108.2106360288 
 1112 , 42093.3996270694 
 1113 , 42055.6147164914 
 1114 , 41993.3164165179 
 1115 , 41913.7161097892 
 1116 , 41827.4005656436 
 1117 , 41750.4043595998 
 1118 , 41695.8989989454 
 1119 , 41663.5673710509 
 1120 , 41649.5212261052 
 1121 , 41647.5776464884 
 1122 , 41650.4222614701 
 1123 , 41655.4020466362 
 1124 , 41665.344656168 
 1125 , 41678.2560147199 
 1126 , 41679.2040555025 
 1127 , 41655.0092212083 
 1128 , 41614.2961615204 
 1129 , 41572.8133023426 
 1130 , 41535.4607519854 
 1131 , 41498.8172941227 
 1132 , 41464.2893426645 
 1133 , 41441.3765580709 
 1134 , 41431.1860829209 
 1135 , 41402.8363275597 
 1136 , 41325.6754627541 
 1137 , 41228.3055451438 
 1138 , 41166.5978223438 
 1139 , 41155.9028795516 
 1140 , 41170.261085528 
 1141 , 41186.4127014331 
 1142 , 41190.6627728565 
 1143 , 41173.6321825441 
 1144 , 41140.4256696826 
 1145 , 41099.9055725543 
 1146 , 41055.8065034205 
 1147 , 41008.7375971904 
 1148 , 40962.3281174503 
 1149 , 40924.0960971504 
 1150 , 40895.803367942 
 1151 , 40863.3066465241 
 1152 , 40814.1496687471 
 1153 , 40761.1292668092 
 1154 , 40724.6550215486 
 1155 , 40701.7840619033 
 1156 , 40672.2336302469 
 1157 , 40636.1094392853 
 1158 , 40625.1592359262 
 1159 , 40657.093233113 
 1160 , 40696.525104267 
 1161 , 40704.3779291583 
 1162 , 40689.994692291 
 1163 , 40682.0771553187 
 1164 , 40681.7277161156 
 1165 , 40666.0471020805 
 1166 , 40625.2317232892 
 1167 , 40573.6130459359 
 1168 , 40525.3010161797 
 1169 , 40484.8361776431 
 1170 , 40454.3868227118 
 1171 , 40434.5301516069 
 1172 , 40424.6941874503 
 1173 , 40416.165424439 
 1174 , 40392.5120718741 
 1175 , 40346.2157471571 
 1176 , 40287.1979228941 
 1177 , 40226.6293191032 
 1178 , 40172.965487235 
 1179 , 40132.8008654905 
 1180 , 40102.3883847752 
 1181 , 40072.8833238204 
 1182 , 40040.31506418 
 1183 , 40005.6488222295 
 1184 , 39969.5744492325 
 1185 , 39931.8176198394 
 1186 , 39892.6085878276 
 1187 , 39854.6727786756 
 1188 , 39821.3516763472 
 1189 , 39795.8547251525 
 1190 , 39780.7584120166 
 1191 , 39765.5669024131 
 1192 , 39726.8163150406 
 1193 , 39658.9274030212 
 1194 , 39592.0355166372 
 1195 , 39554.2284351988 
 1196 , 39549.4586723165 
 1197 , 39573.1584689023 
 1198 , 39599.048500342 
 1199 , 39591.647856556 
 1200 , 39550.7074110125 
 1201 , 39509.5470289127 
 1202 , 39480.3786481265 
 1203 , 39434.5702700833 
 1204 , 39350.4402158141 
 1205 , 39247.2118200199 
 1206 , 39151.9542824863 
 1207 , 39080.9280813662 
 1208 , 39044.7252463091 
 1209 , 39040.8879220258 
 1210 , 39055.5266080891 
 1211 , 39068.1822345514 
 1212 , 39048.3177425285 
 1213 , 38976.3143767919 
 1214 , 38870.1205607003 
 1215 , 38756.3942557361 
 1216 , 38670.071971071 
 1217 , 38646.2124209134 
 1218 , 38673.7177420407 
 1219 , 38706.8356695558 
 1220 , 38709.0906208654 
 1221 , 38658.160682079 
 1222 , 38549.640250794 
 1223 , 38423.6360519446 
 1224 , 38324.3893545773 
 1225 , 38279.7409550853 
 1226 , 38307.1968343132 
 1227 , 38369.0675476805 
 1228 , 38394.8692113491 
 1229 , 38361.8596041837 
 1230 , 38302.1964294673 
 1231 , 38235.9418630362 
 1232 , 38151.4960175308 
 1233 , 38045.3882638703 
 1234 , 37963.362484169 
 1235 , 37954.2423873346 
 1236 , 37989.9726719686 
 1237 , 38007.2266298004 
 1238 , 37985.3358728017 
 1239 , 37941.7761196072 
 1240 , 37890.6131906227 
 1241 , 37838.3045525532 
 1242 , 37788.2002314589 
 1243 , 37736.4148855092 
 1244 , 37679.0647925246 
 1245 , 37620.0824955529 
 1246 , 37566.6201305323 
 1247 , 37530.7291567716 
 1248 , 37526.9540859769 
 1249 , 37546.2505804831 
 1250 , 37551.8253105433 
 1251 , 37521.0335358586 
 1252 , 37464.5097933669 
 1253 , 37397.5994139279 
 1254 , 37337.560069976 
 1255 , 37299.6459719561 
 1256 , 37279.9893376689 
 1257 , 37265.5364025611 
 1258 , 37238.3415418684 
 1259 , 37176.9408589999 
 1260 , 37084.7349637605 
 1261 , 37001.3381830158 
 1262 , 36956.828326812 
 1263 , 36949.0681921023 
 1264 , 36967.7082517858 
 1265 , 36987.5892515398 
 1266 , 36980.8085439954 
 1267 , 36936.1896165504 
 1268 , 36852.9029949998 
 1269 , 36753.8737761223 
 1270 , 36684.4010898702 
 1271 , 36662.7331236859 
 1272 , 36660.5724207135 
 1273 , 36655.4213677634 
 1274 , 36655.1132174203 
 1275 , 36666.7041134298 
 1276 , 36662.0575068468 
 1277 , 36605.6205423386 
 1278 , 36511.5710143756 
 1279 , 36423.486150586 
 1280 , 36365.3678228674 
 1281 , 36340.3702722978 
 1282 , 36343.7619059887 
 1283 , 36358.5291995932 
 1284 , 36369.5003050232 
 1285 , 36371.2405822507 
 1286 , 36360.7836949612 
 1287 , 36338.3944016321 
 1288 , 36305.7045808606 
 1289 , 36266.7500259591 
 1290 , 36226.713565403 
 1291 , 36182.324467489 
 1292 , 36121.5645926406 
 1293 , 36040.2277943923 
 1294 , 35948.5632782377 
 1295 , 35859.2296168325 
 1296 , 35787.76440905 
 1297 , 35746.0484299666 
 1298 , 35722.9355462563 
 1299 , 35700.3886636715 
 1300 , 35670.1204137914 
 1301 , 35629.893660546 
 1302 , 35584.7563250242 
 1303 , 35546.6834342137 
 1304 , 35520.6176308082 
 1305 , 35499.6666816075 
 1306 , 35473.5187193152 
 1307 , 35425.4323636251 
 1308 , 35345.6398361614 
 1309 , 35263.2383172091 
 1310 , 35214.4677547163 
 1311 , 35195.967045449 
 1312 , 35184.4831727128 
 1313 , 35165.4627545819 
 1314 , 35132.1024578457 
 1315 , 35087.7153325179 
 1316 , 35049.2215388167 
 1317 , 35024.7553628057 
 1318 , 35000.0974717424 
 1319 , 34962.4928866379 
 1320 , 34917.0549951216 
 1321 , 34872.8785109963 
 1322 , 34836.4382274273 
 1323 , 34811.8259034429 
 1324 , 34786.800913584 
 1325 , 34738.706419182 
 1326 , 34666.6925726386 
 1327 , 34594.1351682952 
 1328 , 34540.2339094597 
 1329 , 34514.5523197303 
 1330 , 34519.5952861762 
 1331 , 34540.0758987015 
 1332 , 34557.4650908995 
 1333 , 34553.2394507071 
 1334 , 34511.8028154884 
 1335 , 34442.9343379361 
 1336 , 34369.1485925516 
 1337 , 34308.2303678883 
 1338 , 34273.4428101645 
 1339 , 34256.5831796193 
 1340 , 34221.9783790979 
 1341 , 34152.0394296444 
 1342 , 34070.1841976158 
 1343 , 33998.720392979 
 1344 , 33939.1579643619 
 1345 , 33889.5292618779 
 1346 , 33852.9712350608 
 1347 , 33833.6614050862 
 1348 , 33828.4782486123 
 1349 , 33829.9071930155 
 1350 , 33825.3305353706 
 1351 , 33797.9382248092 
 1352 , 33742.6940575993 
 1353 , 33670.8948357596 
 1354 , 33596.392705296 
 1355 , 33535.994690697 
 1356 , 33498.6985640114 
 1357 , 33465.1453485744 
 1358 , 33412.9305000761 
 1359 , 33337.1778801022 
 1360 , 33241.3969233124 
 1361 , 33150.2848913675 
 1362 , 33097.9163317135 
 1363 , 33075.3589126963 
 1364 , 33037.4896933295 
 1365 , 32970.293482421 
 1366 , 32901.8984785163 
 1367 , 32850.5360767921 
 1368 , 32808.8239418066 
 1369 , 32767.3309265044 
 1370 , 32719.8444843925 
 1371 , 32662.3825094992 
 1372 , 32599.0613074744 
 1373 , 32537.1756861972 
 1374 , 32489.1319560844 
 1375 , 32467.9292437711 
 1376 , 32458.545285082 
 1377 , 32425.8718830532 
 1378 , 32363.7269965215 
 1379 , 32298.9355814316 
 1380 , 32244.9380926469 
 1381 , 32189.5181303726 
 1382 , 32122.9363379993 
 1383 , 32048.2758864691 
 1384 , 31972.0092993404 
 1385 , 31906.04172306 
 1386 , 31862.2831650181 
 1387 , 31843.9209147254 
 1388 , 31847.404827712 
 1389 , 31834.6770960604 
 1390 , 31751.2042428519 
 1391 , 31616.5734080788 
 1392 , 31514.3363237054 
 1393 , 31473.4364606613 
 1394 , 31449.5463268307 
 1395 , 31413.0125723095 
 1396 , 31371.5068615044 
 1397 , 31333.8229517077 
 1398 , 31299.8952997809 
 1399 , 31267.2038957644 
 1400 , 31229.3835786839 
 1401 , 31180.9509955396 
 1402 , 31129.6930628476 
 1403 , 31087.6381066921 
 1404 , 31052.4899557585 
 1405 , 31013.5495150457 
 1406 , 30968.6677577085 
 1407 , 30923.329682557 
 1408 , 30877.9615306009 
 1409 , 30826.2113043 
 1410 , 30771.7959840423 
 1411 , 30738.0672999621 
 1412 , 30737.4304120901 
 1413 , 30746.2998082979 
 1414 , 30741.5237503606 
 1415 , 30726.9479270502 
 1416 , 30711.0475725246 
 1417 , 30687.9384749879 
 1418 , 30647.3060739697 
 1419 , 30589.1021384995 
 1420 , 30519.1643814778 
 1421 , 30445.8970164081 
 1422 , 30379.4822355945 
 1423 , 30324.1036935933 
 1424 , 30277.0875935109 
 1425 , 30231.1988228561 
 1426 , 30172.6038328653 
 1427 , 30100.7817277677 
 1428 , 30046.6672577681 
 1429 , 30031.7364209693 
 1430 , 30032.210104766 
 1431 , 30018.0420918974 
 1432 , 29973.6608389391 
 1433 , 29892.841871057 
 1434 , 29804.9419633238 
 1435 , 29751.022398626 
 1436 , 29731.7214320327 
 1437 , 29723.1224500649 
 1438 , 29705.3730629563 
 1439 , 29663.0129539985 
 1440 , 29600.3082010924 
 1441 , 29544.3964736123 
 1442 , 29510.3466141495 
 1443 , 29491.4318718173 
 1444 , 29476.3115652626 
 1445 , 29447.7131475567 
 1446 , 29396.6520654181 
 1447 , 29343.4000731355 
 1448 , 29307.4638180014 
 1449 , 29277.9235103048 
 1450 , 29239.6758821809 
 1451 , 29207.5654903505 
 1452 , 29205.3654529414 
 1453 , 29225.9316006799 
 1454 , 29246.1420252194 
 1455 , 29263.1139983143 
 1456 , 29288.5488191942 
 1457 , 29309.2474151623 
 1458 , 29286.6005774169 
 1459 , 29213.8372450762 
 1460 , 29130.0709249597 
 1461 , 29062.0322843836 
 1462 , 29006.6486491999 
 1463 , 28954.8274484205 
 1464 , 28890.4688285057 
 1465 , 28802.3654069346 
 1466 , 28700.7683165955 
 1467 , 28600.2826322308 
 1468 , 28513.3518890797 
 1469 , 28449.0434795401 
 1470 , 28397.6163303702 
 1471 , 28342.3651699842 
 1472 , 28276.6774157429 
 1473 , 28200.2384512054 
 1474 , 28120.295368104 
 1475 , 28049.7774729999 
 1476 , 28001.4830136407 
 1477 , 27987.3236860397 
 1478 , 27994.6330487036 
 1479 , 27978.6964218241 
 1480 , 27917.5717449922 
 1481 , 27832.6618186086 
 1482 , 27750.6257032897 
 1483 , 27700.2532355926 
 1484 , 27692.9552760599 
 1485 , 27685.6593337196 
 1486 , 27640.4204337779 
 1487 , 27584.0872314266 
 1488 , 27552.302948012 
 1489 , 27535.6139482177 
 1490 , 27511.8051598709 
 1491 , 27481.2495561834 
 1492 , 27454.2210155391 
 1493 , 27435.4781420671 
 1494 , 27425.3886907795 
 1495 , 27408.5276407094 
 1496 , 27358.5790736245 
 1497 , 27279.6696930346 
 1498 , 27205.9749568556 
 1499 , 27150.3062347003 
 1500 , 27096.7013943576 
 1501 , 27037.0407160946 
 1502 , 26979.0425474559 
 1503 , 26929.3864419996 
 1504 , 26889.5097765057 
 1505 , 26857.9562685936 
 1506 , 26827.210882848 
 1507 , 26790.7341242013 
 1508 , 26749.0241309754 
 1509 , 26705.4067849617 
 1510 , 26669.0848391769 
 1511 , 26647.5082810437 
 1512 , 26627.3773815292 
 1513 , 26590.4046454165 
 1514 , 26540.0421384137 
 1515 , 26489.1516022226 
 1516 , 26440.5934631955 
 1517 , 26391.4009426312 
 1518 , 26341.8689919742 
 1519 , 26294.885012505 
 1520 , 26254.8533408566 
 1521 , 26227.229293264 
 1522 , 26207.8400710789 
 1523 , 26181.4231410262 
 1524 , 26141.1460850607 
 1525 , 26093.2284502798 
 1526 , 26042.2471710902 
 1527 , 25988.0275837803 
 1528 , 25932.9928853519 
 1529 , 25886.4571536592 
 1530 , 25854.78542344 
 1531 , 25833.5216731541 
 1532 , 25816.8670504845 
 1533 , 25800.8721217043 
 1534 , 25783.0979641065 
 1535 , 25765.9734841903 
 1536 , 25751.9562225487 
 1537 , 25736.2603911139 
 1538 , 25712.2251359832 
 1539 , 25677.4653185927 
 1540 , 25631.8958026892 
 1541 , 25579.6838034129 
 1542 , 25526.9394734262 
 1543 , 25476.7118840875 
 1544 , 25430.2256009142 
 1545 , 25390.5837034589 
 1546 , 25361.9816051739 
 1547 , 25341.2910714028 
 1548 , 25318.9254359567 
 1549 , 25293.7442570117 
 1550 , 25273.9834360502 
 1551 , 25259.9368651041 
 1552 , 25240.9070670279 
 1553 , 25213.001244028 
 1554 , 25184.1781676811 
 1555 , 25157.9801709847 
 1556 , 25127.7046935033 
 1557 , 25091.9053282658 
 1558 , 25063.5146384442 
 1559 , 25048.5501254693 
 1560 , 25029.0315592974 
 1561 , 24990.4530586432 
 1562 , 24942.6223173399 
 1563 , 24898.2286361505 
 1564 , 24861.9732933072 
 1565 , 24835.0811105658 
 1566 , 24811.6187779256 
 1567 , 24785.4217398088 
 1568 , 24760.8145131764 
 1569 , 24744.4876417453 
 1570 , 24734.3734404377 
 1571 , 24724.3753610805 
 1572 , 24705.0968991294 
 1573 , 24667.2030428619 
 1574 , 24617.6838439043 
 1575 , 24572.0449032052 
 1576 , 24536.7235088407 
 1577 , 24511.6971210939 
 1578 , 24490.8548896624 
 1579 , 24463.9681373404 
 1580 , 24428.8625033082 
 1581 , 24390.3597777066 
 1582 , 24349.4134501764 
 1583 , 24303.1579362579 
 1584 , 24258.2890439227 
 1585 , 24232.2253307986 
 1586 , 24222.6080810554 
 1587 , 24200.7363550972 
 1588 , 24164.2926711297 
 1589 , 24152.8541281119 
 1590 , 24173.3489875266 
 1591 , 24171.1871373486 
 1592 , 24117.5465370492 
 1593 , 24045.4755926653 
 1594 , 23984.9906223907 
 1595 , 23943.5927015506 
 1596 , 23920.2433340472 
 1597 , 23900.0036057853 
 1598 , 23868.9431156798 
 1599 , 23822.1866202722 
 1600 , 23764.6610144104 
 1601 , 23727.9367519655 
 1602 , 23734.901850251 
 1603 , 23756.4486391637 
 1604 , 23759.5374795742 
 1605 , 23744.8049648913 
 1606 , 23721.3262922874 
 1607 , 23696.4974720956 
 1608 , 23674.7820782206 
 1609 , 23647.6842434342 
 1610 , 23605.0617873383 
 1611 , 23552.5789450016 
 1612 , 23500.7339852055 
 1613 , 23453.1977368173 
 1614 , 23408.9676043721 
 1615 , 23353.0198591389 
 1616 , 23268.0380674916 
 1617 , 23171.4084514665 
 1618 , 23094.0656853724 
 1619 , 23029.6709917146 
 1620 , 22954.8461411285 
 1621 , 22884.8712863718 
 1622 , 22854.8433033297 
 1623 , 22855.7802995981 
 1624 , 22851.3037729587 
 1625 , 22830.0743222321 
 1626 , 22798.8426132886 
 1627 , 22761.2855696577 
 1628 , 22718.690624466 
 1629 , 22677.5113422522 
 1630 , 22647.8845963064 
 1631 , 22626.474105045 
 1632 , 22598.2392644792 
 1633 , 22560.2894473667 
 1634 , 22521.6724769899 
 1635 , 22485.4615446978 
 1636 , 22448.1292028847 
 1637 , 22409.1637557081 
 1638 , 22371.6268633945 
 1639 , 22335.1313120673 
 1640 , 22295.0938611932 
 1641 , 22250.3810020409 
 1642 , 22204.4117429231 
 1643 , 22157.319423701 
 1644 , 22104.7154219553 
 1645 , 22053.1344392817 
 1646 , 22024.5628910593 
 1647 , 22021.8359729522 
 1648 , 22017.823264567 
 1649 , 21996.77321502 
 1650 , 21964.499044711 
 1651 , 21926.3683843249 
 1652 , 21883.960632401 
 1653 , 21840.2885727526 
 1654 , 21801.3958811153 
 1655 , 21770.0519328512 
 1656 , 21742.6000301701 
 1657 , 21714.0116871141 
 1658 , 21677.9851520836 
 1659 , 21633.1042852856 
 1660 , 21587.6953491263 
 1661 , 21545.9345425645 
 1662 , 21501.4041147628 
 1663 , 21453.1429599305 
 1664 , 21414.1901473421 
 1665 , 21391.3808792598 
 1666 , 21374.4528313719 
 1667 , 21356.1660428363 
 1668 , 21340.8556779284 
 1669 , 21327.9339512218 
 1670 , 21302.1525853715 
 1671 , 21258.6469520169 
 1672 , 21221.3311584541 
 1673 , 21200.4859729585 
 1674 , 21164.4526907812 
 1675 , 21096.9552103655 
 1676 , 21033.4630846006 
 1677 , 20998.9887920473 
 1678 , 20974.2222847665 
 1679 , 20940.2954634484 
 1680 , 20895.9426372998 
 1681 , 20844.9594655796 
 1682 , 20797.089612212 
 1683 , 20758.9266033662 
 1684 , 20726.8378615882 
 1685 , 20696.4573652892 
 1686 , 20665.5673392355 
 1687 , 20633.8902955631 
 1688 , 20605.1970915391 
 1689 , 20579.7241509832 
 1690 , 20547.2310094879 
 1691 , 20502.7958625248 
 1692 , 20458.892975865 
 1693 , 20425.1754597352 
 1694 , 20397.6114522564 
 1695 , 20372.1491639903 
 1696 , 20349.8273779205 
 1697 , 20329.9192182937 
 1698 , 20305.5549505773 
 1699 , 20272.2246017858 
 1700 , 20233.2444884804 
 1701 , 20194.7182444146 
 1702 , 20166.5727327271 
 1703 , 20152.1121284025 
 1704 , 20138.2261162035 
 1705 , 20115.1120296148 
 1706 , 20085.4908647809 
 1707 , 20053.3906982986 
 1708 , 20021.9696663412 
 1709 , 19991.5169061362 
 1710 , 19956.5376532957 
 1711 , 19916.5194803153 
 1712 , 19882.5600760691 
 1713 , 19855.6897034597 
 1714 , 19814.4453760203 
 1715 , 19757.9327830094 
 1716 , 19729.0874447302 
 1717 , 19742.1437278804 
 1718 , 19750.1757834163 
 1719 , 19726.4704410021 
 1720 , 19691.010034721 
 1721 , 19656.1251410102 
 1722 , 19613.5517603639 
 1723 , 19562.0007141612 
 1724 , 19514.3249659815 
 1725 , 19476.1750447019 
 1726 , 19440.3867183103 
 1727 , 19402.2677484079 
 1728 , 19362.2932865833 
 1729 , 19323.3857598536 
 1730 , 19291.2452672233 
 1731 , 19270.9927695657 
 1732 , 19266.4240546602 
 1733 , 19270.5587256175 
 1734 , 19263.5139710527 
 1735 , 19228.2746730578 
 1736 , 19153.4885356805 
 1737 , 19066.8842694209 
 1738 , 19034.7708971194 
 1739 , 19053.726135485 
 1740 , 19051.4460839328 
 1741 , 19017.5355431019 
 1742 , 18999.7026456975 
 1743 , 18996.1259419324 
 1744 , 18962.3135659493 
 1745 , 18893.8315833082 
 1746 , 18819.6289511928 
 1747 , 18765.6807805347 
 1748 , 18752.2610995987 
 1749 , 18764.4014874439 
 1750 , 18765.4390502708 
 1751 , 18748.2025610919 
 1752 , 18723.2307093737 
 1753 , 18687.5279896329 
 1754 , 18632.0619846286 
 1755 , 18566.1710530053 
 1756 , 18508.2580231319 
 1757 , 18470.5229267708 
 1758 , 18459.572542469 
 1759 , 18463.6299867479 
 1760 , 18465.2772718527 
 1761 , 18462.7141738774 
 1762 , 18459.0413152137 
 1763 , 18449.8704087245 
 1764 , 18429.9388214585 
 1765 , 18403.1791404886 
 1766 , 18374.0126816191 
 1767 , 18335.7687401866 
 1768 , 18285.3774767336 
 1769 , 18246.9400358882 
 1770 , 18238.956462455 
 1771 , 18235.6462160258 
 1772 , 18212.4507732042 
 1773 , 18179.6050666577 
 1774 , 18150.3345569042 
 1775 , 18127.26241116 
 1776 , 18112.8163667005 
 1777 , 18113.3272535376 
 1778 , 18122.9090811572 
 1779 , 18108.3403568198 
 1780 , 18059.4651280632 
 1781 , 18016.2846743523 
 1782 , 17997.9059223059 
 1783 , 17979.4601673583 
 1784 , 17948.1175648689 
 1785 , 17914.5978301335 
 1786 , 17879.6339484546 
 1787 , 17829.5274901157 
 1788 , 17776.4251963989 
 1789 , 17760.9600344688 
 1790 , 17781.1409143572 
 1791 , 17792.4384101852 
 1792 , 17773.5789413726 
 1793 , 17726.8832371367 
 1794 , 17681.4815911137 
 1795 , 17680.9233153389 
 1796 , 17706.5433858372 
 1797 , 17704.1434228495 
 1798 , 17673.036980451 
 1799 , 17640.8556215241 
 1800 , 17616.4513952467 
 1801 , 17599.276484679 
 1802 , 17587.9930335774 
 1803 , 17579.6030392047 
 1804 , 17563.4192507114 
 1805 , 17530.7970999208 
 1806 , 17495.5775763183 
 1807 , 17472.8464906844 
 1808 , 17456.2401843468 
 1809 , 17434.8051101905 
 1810 , 17399.9979446196 
 1811 , 17351.0398394532 
 1812 , 17307.2185653233 
 1813 , 17282.9143152863 
 1814 , 17273.183886423 
 1815 , 17271.3894881223 
 1816 , 17272.9384896337 
 1817 , 17276.3126438935 
 1818 , 17284.4143072988 
 1819 , 17291.0158231167 
 1820 , 17277.3906913479 
 1821 , 17242.0207785246 
 1822 , 17203.6744369407 
 1823 , 17168.496546154 
 1824 , 17130.2993251971 
 1825 , 17098.4880079266 
 1826 , 17092.6083118821 
 1827 , 17096.3974930331 
 1828 , 17074.0024304682 
 1829 , 17035.670223147 
 1830 , 17012.5533892332 
 1831 , 16996.9804874293 
 1832 , 16968.7913637978 
 1833 , 16941.1600086233 
 1834 , 16933.1254501647 
 1835 , 16931.2761347712 
 1836 , 16916.6930349316 
 1837 , 16887.3671721545 
 1838 , 16848.3373777479 
 1839 , 16813.7627674421 
 1840 , 16791.5851883467 
 1841 , 16769.8117951657 
 1842 , 16743.5786396563 
 1843 , 16728.4159727924 
 1844 , 16727.3662778994 
 1845 , 16719.3274386663 
 1846 , 16694.1424225149 
 1847 , 16659.4608183662 
 1848 , 16631.7065824718 
 1849 , 16633.4992719747 
 1850 , 16652.186193404 
 1851 , 16646.9111260383 
 1852 , 16614.7036803929 
 1853 , 16579.7117403206 
 1854 , 16563.3201291754 
 1855 , 16578.2683757989 
 1856 , 16587.1283567578 
 1857 , 16542.6964696394 
 1858 , 16470.5284946562 
 1859 , 16413.0992198376 
 1860 , 16373.8927521599 
 1861 , 16348.168326247 
 1862 , 16339.717121788 
 1863 , 16344.6735947967 
 1864 , 16334.3145857798 
 1865 , 16295.481847506 
 1866 , 16255.2290893897 
 1867 , 16232.3300596766 
 1868 , 16223.8911887519 
 1869 , 16215.6248844788 
 1870 , 16182.5503521094 
 1871 , 16129.7328989876 
 1872 , 16091.3958327976 
 1873 , 16075.3487923838 
 1874 , 16068.3243895717 
 1875 , 16065.8167664629 
 1876 , 16067.8054067073 
 1877 , 16064.0258359141 
 1878 , 16043.0858329719 
 1879 , 16016.1134576404 
 1880 , 15997.8788199728 
 1881 , 15982.7602848021 
 1882 , 15964.1843775593 
 1883 , 15951.0921755469 
 1884 , 15948.6600068662 
 1885 , 15944.7002292302 
 1886 , 15930.327808898 
 1887 , 15907.9589860557 
 1888 , 15879.6279526606 
 1889 , 15845.1290936625 
 1890 , 15808.3639603145 
 1891 , 15777.8716766799 
 1892 , 15759.7027022877 
 1893 , 15755.4513213612 
 1894 , 15741.6372493315 
 1895 , 15685.830697658 
 1896 , 15616.9236966357 
 1897 , 15585.1003164154 
 1898 , 15585.7637241073 
 1899 , 15594.2113606323 
 1900 , 15586.6111388625 
 1901 , 15552.8169849846 
 1902 , 15525.1351492057 
 1903 , 15524.1420357242 
 1904 , 15523.8245131917 
 1905 , 15507.2666079014 
 1906 , 15484.506931155 
 1907 , 15459.7896244556 
 1908 , 15426.9804268633 
 1909 , 15392.5091161065 
 1910 , 15374.0848549571 
 1911 , 15367.4200274938 
 1912 , 15353.5223512506 
 1913 , 15328.5645860108 
 1914 , 15299.1628390307 
 1915 , 15285.2085538234 
 1916 , 15299.6897717371 
 1917 , 15300.7221187854 
 1918 , 15253.2738378144 
 1919 , 15194.4205313594 
 1920 , 15157.9780203918 
 1921 , 15136.7542780871 
 1922 , 15121.9839929377 
 1923 , 15111.8497347907 
 1924 , 15101.061858283 
 1925 , 15079.7682461076 
 1926 , 15048.3443293654 
 1927 , 15016.2064290707 
 1928 , 14987.1040424139 
 1929 , 14962.5227684911 
 1930 , 14957.5445946011 
 1931 , 14983.2876887322 
 1932 , 14993.6527811051 
 1933 , 14947.6498185547 
 1934 , 14896.935872434 
 1935 , 14885.5481502252 
 1936 , 14879.9549102029 
 1937 , 14859.1230603031 
 1938 , 14848.391498268 
 1939 , 14854.4181779712 
 1940 , 14852.3276901169 
 1941 , 14821.6964948667 
 1942 , 14753.2825343159 
 1943 , 14698.9561525337 
 1944 , 14735.5781094102 
 1945 , 14800.279401153 
 1946 , 14786.3195541824 
 1947 , 14724.187808533 
 1948 , 14677.3507342631 
 1949 , 14657.2792131882 
 1950 , 14655.6134987967 
 1951 , 14644.5459622963 
 1952 , 14612.5492291657 
 1953 , 14581.7104731614 
 1954 , 14557.6578226443 
 1955 , 14522.8491071297 
 1956 , 14488.4449319683 
 1957 , 14487.337962337 
 1958 , 14499.7503184825 
 1959 , 14481.8573525941 
 1960 , 14452.8696721455 
 1961 , 14447.5102555993 
 1962 , 14446.9307030031 
 1963 , 14427.2588285458 
 1964 , 14396.704171712 
 1965 , 14363.558719666 
 1966 , 14323.7891041558 
 1967 , 14285.1813251103 
 1968 , 14273.1427608442 
 1969 , 14280.1132755639 
 1970 , 14267.9584627805 
 1971 , 14243.0600446861 
 1972 , 14237.7981243736 
 1973 , 14241.2651025526 
 1974 , 14228.4210048635 
 1975 , 14206.5925965689 
 1976 , 14188.2158632161 
 1977 , 14169.2586790059 
 1978 , 14145.6398667706 
 1979 , 14120.474604787 
 1980 , 14099.4453813123 
 1981 , 14089.6953124469 
 1982 , 14077.4165543374 
 1983 , 14032.2134208055 
 1984 , 13978.9147385741 
 1985 , 13970.953281754 
 1986 , 13990.7323153784 
 1987 , 13994.3784368564 
 1988 , 13968.2588573949 
 1989 , 13918.1311477066 
 1990 , 13881.1496926919 
 1991 , 13876.2804548294 
 1992 , 13874.8896001662 
 1993 , 13863.0633135994 
 1994 , 13853.4898684142 
 1995 , 13851.8900795163 
 1996 , 13855.5693094015 
 1997 , 13855.9606488128 
 1998 , 13843.2965678858 
 1999 , 13821.2333115903 
 2000 , 13796.5163628401 
 2001 , 13767.4198001419 
 2002 , 13736.4940512519 
 2003 , 13721.9795697228 
 2004 , 13726.9805524506 
 2005 , 13726.7729818237 
 2006 , 13713.7375979987 
 2007 , 13700.3134884282 
 2008 , 13685.1721082549 
 2009 , 13659.1469525315 
 2010 , 13633.2657970844 
 2011 , 13622.4932490942 
 2012 , 13616.3306143034 
 2013 , 13602.0486954539 
 2014 , 13581.8604616215 
 2015 , 13558.2465178894 
 2016 , 13529.6395010718 
 2017 , 13505.8564008417 
 2018 , 13508.1454390689 
 2019 , 13518.631481579 
 2020 , 13495.1513832975 
 2021 , 13450.3441401197 
 2022 , 13418.3641524351 
 2023 , 13402.7388190787 
 2024 , 13396.8054687137 
 2025 , 13392.0625949017 
 2026 , 13381.3539163892 
 2027 , 13360.8324103584 
 2028 , 13330.6055329823 
 2029 , 13295.3282441595 
 2030 , 13263.008070889 
 2031 , 13243.0034767094 
 2032 , 13236.0784880258 
 2033 , 13239.2768630332 
 2034 , 13252.2143691168 
 2035 , 13267.7870260713 
 2036 , 13257.4248760533 
 2037 , 13215.5668423559 
 2038 , 13183.2993749701 
 2039 , 13165.1816433064 
 2040 , 13123.4808420465 
 2041 , 13078.4683867644 
 2042 , 13081.4670444215 
 2043 , 13095.4739485618 
 2044 , 13065.0773488469 
 2045 , 13025.1682231445 
 2046 , 13012.0508486772 
 2047 , 13004.8530548486 
 2048 , 12986.1732472023 
 2049 , 12958.2452572687 
 2050 , 12934.0279629694 
 2051 , 12931.4916854806 
 2052 , 12928.7335300204 
 2053 , 12890.7850829059 
 2054 , 12848.5500361531 
 2055 , 12840.5568009774 
 2056 , 12848.8532783155 
 2057 , 12849.3003637036 
 2058 , 12830.017405064 
 2059 , 12793.7000383179 
 2060 , 12758.7303522313 
 2061 , 12735.6745645711 
 2062 , 12726.2185659396 
 2063 , 12715.5293870211 
 2064 , 12688.4463857946 
 2065 , 12661.3699380395 
 2066 , 12647.7520294697 
 2067 , 12632.3387920922 
 2068 , 12607.8066941553 
 2069 , 12584.7962334593 
 2070 , 12563.7952519562 
 2071 , 12536.1970708672 
 2072 , 12507.997431666 
 2073 , 12490.7116561414 
 2074 , 12481.5323788078 
 2075 , 12472.765557312 
 2076 , 12456.1090800028 
 2077 , 12428.1073064259 
 2078 , 12394.0211372325 
 2079 , 12365.1024057029 
 2080 , 12355.8422516258 
 2081 , 12358.292398006 
 2082 , 12352.581938366 
 2083 , 12330.8106767188 
 2084 , 12295.5927532769 
 2085 , 12269.1595378416 
 2086 , 12261.9339790286 
 2087 , 12255.652559951 
 2088 , 12241.083105678 
 2089 , 12222.1834414635 
 2090 , 12202.0753608073 
 2091 , 12181.543751096 
 2092 , 12153.1452311391 
 2093 , 12114.660150433 
 2094 , 12091.2591169156 
 2095 , 12091.5966376111 
 2096 , 12083.8085464458 
 2097 , 12064.6212937641 
 2098 , 12063.6041786815 
 2099 , 12070.2063788731 
 2100 , 12054.1362242361 
 2101 , 12028.4127649504 
 2102 , 12013.5707530359 
 2103 , 12002.6543277465 
 2104 , 11986.3710611537 
 2105 , 11961.3969206441 
 2106 , 11931.1952134942 
 2107 , 11905.1891965493 
 2108 , 11887.883901031 
 2109 , 11877.9327978275 
 2110 , 11859.3047193033 
 2111 , 11822.2258197611 
 2112 , 11789.3109824332 
 2113 , 11771.6583162796 
 2114 , 11752.9986576466 
 2115 , 11733.2281274044 
 2116 , 11727.3383250155 
 2117 , 11729.038561441 
 2118 , 11722.0062948258 
 2119 , 11697.6375793838 
 2120 , 11659.8753285719 
 2121 , 11637.5683361159 
 2122 , 11634.8592201084 
 2123 , 11618.4395013867 
 2124 , 11586.3095895616 
 2125 , 11560.8822460916 
 2126 , 11546.0967863412 
 2127 , 11537.3979481479 
 2128 , 11530.1593395235 
 2129 , 11519.7117722758 
 2130 , 11501.4796712432 
 2131 , 11475.5443653111 
 2132 , 11447.6780847845 
 2133 , 11429.1470868445 
 2134 , 11427.7432475805 
 2135 , 11414.1522912669 
 2136 , 11367.5340622732 
 2137 , 11326.8205522376 
 2138 , 11317.3964889827 
 2139 , 11326.9936644926 
 2140 , 11331.0334536477 
 2141 , 11302.6600412225 
 2142 , 11258.4350736892 
 2143 , 11229.1211407658 
 2144 , 11220.4554838567 
 2145 , 11226.7460492452 
 2146 , 11231.7138767941 
 2147 , 11223.1884467303 
 2148 , 11196.4142520502 
 2149 , 11161.5456824614 
 2150 , 11134.1059227546 
 2151 , 11110.6375190952 
 2152 , 11085.6864724851 
 2153 , 11064.9831490032 
 2154 , 11050.7518893511 
 2155 , 11037.7787233067 
 2156 , 11022.6149683397 
 2157 , 11004.9070582028 
 2158 , 10993.0004378517 
 2159 , 10993.1848152185 
 2160 , 10993.0025374491 
 2161 , 10984.9908521991 
 2162 , 10976.7004478699 
 2163 , 10967.8632888052 
 2164 , 10949.8661243206 
 2165 , 10917.2166479859 
 2166 , 10872.7921391717 
 2167 , 10846.2693524969 
 2168 , 10847.5646649556 
 2169 , 10833.6288364341 
 2170 , 10796.4097641545 
 2171 , 10770.1235616387 
 2172 , 10759.7199025657 
 2173 , 10753.2768270869 
 2174 , 10745.7535873602 
 2175 , 10737.4548837339 
 2176 , 10735.894489803 
 2177 , 10736.3526507591 
 2178 , 10719.9433963052 
 2179 , 10691.8236230806 
 2180 , 10671.0963069736 
 2181 , 10664.7330316835 
 2182 , 10669.8918307215 
 2183 , 10669.1967831133 
 2184 , 10651.8966952795 
 2185 , 10620.0351975216 
 2186 , 10587.9442768108 
 2187 , 10573.9109292227 
 2188 , 10573.0888251713 
 2189 , 10570.9152862033 
 2190 , 10549.3443783278 
 2191 , 10511.1477286109 
 2192 , 10486.4505784024 
 2193 , 10472.9950340821 
 2194 , 10449.2027047432 
 2195 , 10427.2750437394 
 2196 , 10419.757566214 
 2197 , 10405.4311925502 
 2198 , 10383.2321982682 
 2199 , 10384.9454421802 
 2200 , 10391.9492466107 
 2201 , 10359.6710574947 
 2202 , 10317.3665425786 
 2203 , 10301.8338951059 
 2204 , 10296.0603201835 
 2205 , 10284.3740425771 
 2206 , 10266.0287912673 
 2207 , 10247.040085349 
 2208 , 10233.9960799678 
 2209 , 10214.3363277785 
 2210 , 10179.0920838659 
 2211 , 10145.6854533474 
 2212 , 10122.2761868324 
 2213 , 10100.1675359291 
 2214 , 10077.1534678865 
 2215 , 10055.530530491 
 2216 , 10035.0485645323 
 2217 , 10014.9992612 
 2218 , 9995.68712476365 
 2219 , 9980.99757025184 
 2220 , 9977.36187978506 
 2221 , 9975.92032487463 
 2222 , 9962.61504893792 
 2223 , 9941.02276208058 
 2224 , 9916.43233441365 
 2225 , 9887.70688275834 
 2226 , 9862.19926331305 
 2227 , 9853.69054945686 
 2228 , 9848.78286970813 
 2229 , 9828.54081252885 
 2230 , 9806.24999384569 
 2231 , 9787.77148667509 
 2232 , 9753.90780906421 
 2233 , 9713.79996308139 
 2234 , 9698.12763130937 
 2235 , 9699.13286900924 
 2236 , 9695.36986068946 
 2237 , 9674.9064949576 
 2238 , 9638.27532811943 
 2239 , 9601.52034829083 
 2240 , 9581.72969633894 
 2241 , 9588.58367361418 
 2242 , 9592.24460317617 
 2243 , 9568.07339293024 
 2244 , 9536.10192172999 
 2245 , 9510.47369266444 
 2246 , 9490.33875240824 
 2247 , 9470.36873517638 
 2248 , 9447.28355343179 
 2249 , 9434.52760019949 
 2250 , 9433.81187227069 
 2251 , 9418.41759994445 
 2252 , 9385.74679896004 
 2253 , 9357.07128980418 
 2254 , 9350.02332275224 
 2255 , 9364.95545103504 
 2256 , 9356.99250662928 
 2257 , 9312.66655733595 
 2258 , 9272.11158023171 
 2259 , 9256.65489262647 
 2260 , 9265.03960517613 
 2261 , 9260.19924911948 
 2262 , 9222.67694315567 
 2263 , 9192.30567700864 
 2264 , 9182.67152060338 
 2265 , 9174.13326624035 
 2266 , 9153.85984584696 
 2267 , 9120.51149887891 
 2268 , 9097.32967998651 
 2269 , 9089.75384122713 
 2270 , 9071.65638236157 
 2271 , 9049.38160617379 
 2272 , 9046.35077515751 
 2273 , 9046.62687052042 
 2274 , 9031.12041921312 
 2275 , 9002.08952281354 
 2276 , 8972.49130744098 
 2277 , 8959.63237363648 
 2278 , 8952.11997163863 
 2279 , 8931.76700702184 
 2280 , 8902.77616610057 
 2281 , 8873.99874481443 
 2282 , 8853.47996324506 
 2283 , 8837.51632929358 
 2284 , 8818.28582167429 
 2285 , 8805.74273826749 
 2286 , 8803.45086363306 
 2287 , 8792.22823052488 
 2288 , 8770.14204350793 
 2289 , 8751.57098438457 
 2290 , 8735.28120099112 
 2291 , 8714.32892609811 
 2292 , 8685.38348456224 
 2293 , 8658.62715496846 
 2294 , 8656.19401664068 
 2295 , 8658.26597042188 
 2296 , 8634.24807474512 
 2297 , 8607.66497591928 
 2298 , 8590.23755260412 
 2299 , 8554.36412474829 
 2300 , 8511.54871386148 
 2301 , 8495.91229078107 
 2302 , 8487.37601404543 
 2303 , 8469.36998638985 
 2304 , 8471.66060361562 
 2305 , 8484.99033360137 
 2306 , 8464.57955242407 
 2307 , 8431.66169915431 
 2308 , 8417.62957499695 
 2309 , 8397.8947186914 
 2310 , 8365.59968970472 
 2311 , 8345.57923629243 
 2312 , 8332.60237618136 
 2313 , 8310.99826385006 
 2314 , 8293.41901313043 
 2315 , 8288.02249317924 
 2316 , 8285.74670007745 
 2317 , 8279.85168282773 
 2318 , 8268.50498999258 
 2319 , 8260.29625760136 
 2320 , 8253.33421800776 
 2321 , 8221.73845793548 
 2322 , 8174.9527732768 
 2323 , 8148.26516121566 
 2324 , 8138.29070958485 
 2325 , 8130.43250552527 
 2326 , 8118.05842533619 
 2327 , 8102.39540491607 
 2328 , 8089.88985685439 
 2329 , 8075.50019635316 
 2330 , 8055.11789996534 
 2331 , 8041.2720928254 
 2332 , 8034.74296588686 
 2333 , 8020.32815241169 
 2334 , 7994.7219045185 
 2335 , 7963.93526592626 
 2336 , 7942.44207527177 
 2337 , 7931.25424115242 
 2338 , 7912.36956898941 
 2339 , 7884.84581984902 
