11-20-2017,17:03:27
Wavenumber(cm-1),Intensity
 250 , 10 
 251 , 10 
 252 , 10 
 253 , 10 
 254 , 10 
 255 , 146.625 
 256 , 144.125 
 257 , 107.75 
 258 , 35.51953125 
 259 ,-40.78515625 
 260 ,-80.12109375 
 261 ,-70.6484375 
 262 ,-31.01953125 
 263 , 5.390625 
 264 , 25.828125 
 265 , 34.73046875 
 266 , 46.5625 
 267 , 66.03125 
 268 , 89.23046875 
 269 , 108.82421875 
 270 , 120.46875 
 271 , 123.99609375 
 272 , 122.99609375 
 273 , 120.25 
 274 , 117.7421875 
 275 , 118.3359375 
 276 , 126.39453125 
 277 , 144.83203125 
 278 , 170.4765625 
 279 , 198.72265625 
 280 , 225.9921875 
 281 , 250.72265625 
 282 , 271.734375 
 283 , 290.5625 
 284 , 311.24609375 
 285 , 337.21484375 
 286 , 363.94921875 
 287 , 383.1328125 
 288 , 388 
 289 , 381.51171875 
 290 , 369.015625 
 291 , 356.0390625 
 292 , 345.390625 
 293 , 338.83203125 
 294 , 334.359375 
 295 , 328.7578125 
 296 , 320.27734375 
 297 , 308.54296875 
 298 , 292.9609375 
 299 , 272.9921875 
 300 , 249.625 
 301 , 223.71875 
 302 , 194.44140625 
 303 , 160.37109375 
 304 , 122.81640625 
 305 , 90.42578125 
 306 , 72.796875 
 307 , 69.53515625 
 308 , 67.375 
 309 , 54.08203125 
 310 , 36.10546875 
 311 , 30.9765625 
 312 , 51.09375 
 313 , 87.57421875 
 314 , 125.90234375 
 315 , 159.95703125 
 316 , 197.8359375 
 317 , 248.125 
 318 , 304.72265625 
 319 , 349.8671875 
 320 , 368.5703125 
 321 , 365.4375 
 322 , 352.55078125 
 323 , 340.65234375 
 324 , 334.4140625 
 325 , 336.91796875 
 326 , 346.6484375 
 327 , 358.734375 
 328 , 369.90234375 
 329 , 387.47265625 
 330 , 422.9296875 
 331 , 480.37109375 
 332 , 546.00390625 
 333 , 603.5859375 
 334 , 643.359375 
 335 , 662.25390625 
 336 , 659.08203125 
 337 , 643.33203125 
 338 , 628.86328125 
 339 , 623.15234375 
 340 , 617.109375 
 341 , 599.359375 
 342 , 568.09765625 
 343 , 532 
 344 , 499.421875 
 345 , 472.21484375 
 346 , 449.1171875 
 347 , 427.296875 
 348 , 399.91015625 
 349 , 359.90234375 
 350 , 310.6328125 
 351 , 266.80859375 
 352 , 241.48046875 
 353 , 231.0703125 
 354 , 224.5 
 355 , 214.4296875 
 356 , 203.71875 
 357 , 196.79296875 
 358 , 194.62109375 
 359 , 194.41796875 
 360 , 194.19140625 
 361 , 199.15234375 
 362 , 217.48046875 
 363 , 252.71484375 
 364 , 296.6484375 
 365 , 339.47265625 
 366 , 373.453125 
 367 , 392.6171875 
 368 , 392.55078125 
 369 , 379.34765625 
 370 , 363.64453125 
 371 , 352.375 
 372 , 343.02734375 
 373 , 331.87890625 
 374 , 321.3125 
 375 , 319.85546875 
 376 , 334.09375 
 377 , 357.0078125 
 378 , 376.3671875 
 379 , 384.56640625 
 380 , 384.671875 
 381 , 381.2109375 
 382 , 376.984375 
 383 , 372.74609375 
 384 , 368.71875 
 385 , 363.53125 
 386 , 355.7578125 
 387 , 347.31640625 
 388 , 345.30078125 
 389 , 356.35546875 
 390 , 376.65625 
 391 , 395.3671875 
 392 , 404.39453125 
 393 , 407.15625 
 394 , 409.73828125 
 395 , 412.2265625 
 396 , 405.6328125 
 397 , 380.92578125 
 398 , 336.44140625 
 399 , 275.4140625 
 400 , 205.35546875 
 401 , 150.08984375 
 402 , 136.890625 
 403 , 166.97265625 
 404 , 205.0546875 
 405 , 217.7109375 
 406 , 211.51953125 
 407 , 213.57421875 
 408 , 239.83984375 
 409 , 274.515625 
 410 , 297.140625 
 411 , 304.82421875 
 412 , 313.66796875 
 413 , 337.2734375 
 414 , 367.05859375 
 415 , 385.65625 
 416 , 384.65234375 
 417 , 374.1640625 
 418 , 365.5234375 
 419 , 359.87109375 
 420 , 352.5859375 
 421 , 340.89453125 
 422 , 326.671875 
 423 , 310.9921875 
 424 , 295.37109375 
 425 , 283.71484375 
 426 , 279.953125 
 427 , 280.3359375 
 428 , 275.79296875 
 429 , 261.4140625 
 430 , 250.4140625 
 431 , 261.05078125 
 432 , 288.2734375 
 433 , 296.57421875 
 434 , 256.11328125 
 435 , 194.67578125 
 436 , 164.3203125 
 437 , 192.0859375 
 438 , 243.65625 
 439 , 276.98046875 
 440 , 280.25 
 441 , 271.21484375 
 442 , 266.78515625 
 443 , 271.27734375 
 444 , 284.18359375 
 445 , 300.52734375 
 446 , 308.08984375 
 447 , 295.46875 
 448 , 265.76171875 
 449 , 231.0078125 
 450 , 200.2578125 
 451 , 174.546875 
 452 , 154.7734375 
 453 , 142.38671875 
 454 , 137.66796875 
 455 , 140.41015625 
 456 , 149.828125 
 457 , 163.81640625 
 458 , 179.26953125 
 459 , 191.140625 
 460 , 194.71484375 
 461 , 192.359375 
 462 , 192.29296875 
 463 , 199.69921875 
 464 , 206.96484375 
 465 , 203.60546875 
 466 , 186.2421875 
 467 , 161.2109375 
 468 , 133.90234375 
 469 , 103.890625 
 470 , 67.18359375 
 471 , 27.359375 
 472 , 7.60546875 
 473 , 32.66796875 
 474 , 93.53125 
 475 , 153.12109375 
 476 , 181.89453125 
 477 , 185.7578125 
 478 , 178.57421875 
 479 , 171.26171875 
 480 , 168.70703125 
 481 , 174.87890625 
 482 , 187.02734375 
 483 , 197.078125 
 484 , 198.51953125 
 485 , 192.4296875 
 486 , 183.5546875 
 487 , 176.609375 
 488 , 177.2890625 
 489 , 190.65625 
 490 , 215.1953125 
 491 , 245.21484375 
 492 , 276.76171875 
 493 , 310.828125 
 494 , 349.84765625 
 495 , 393.01171875 
 496 , 432.34375 
 497 , 461.67578125 
 498 , 487.83203125 
 499 , 523.78125 
 500 , 565.48046875 
 501 , 587.234375 
 502 , 569.16796875 
 503 , 534.39453125 
 504 , 523.37109375 
 505 , 551.41796875 
 506 , 594.46484375 
 507 , 624.9765625 
 508 , 631.5390625 
 509 , 613.8671875 
 510 , 578.43359375 
 511 , 541.44140625 
 512 , 516.23046875 
 513 , 500.08984375 
 514 , 480.95703125 
 515 , 451.8671875 
 516 , 422.1015625 
 517 , 403.9296875 
 518 , 399.609375 
 519 , 401.32421875 
 520 , 402.25 
 521 , 400.00390625 
 522 , 393.43359375 
 523 , 383.00390625 
 524 , 371.94921875 
 525 , 363.95703125 
 526 , 366.41796875 
 527 , 386.5703125 
 528 , 424.80859375 
 529 , 465.56640625 
 530 , 492.51953125 
 531 , 506.27734375 
 532 , 521.97265625 
 533 , 548.1328125 
 534 , 563.99609375 
 535 , 544.23046875 
 536 , 491.546875 
 537 , 441.70703125 
 538 , 424.546875 
 539 , 430.56640625 
 540 , 437.5859375 
 541 , 435.625 
 542 , 434.8046875 
 543 , 444.67578125 
 544 , 464.8203125 
 545 , 487.19140625 
 546 , 504.3828125 
 547 , 514.953125 
 548 , 522.28125 
 549 , 530.37890625 
 550 , 539.48046875 
 551 , 546.49609375 
 552 , 546.69921875 
 553 , 539.4453125 
 554 , 530.14453125 
 555 , 530.41015625 
 556 , 549.69921875 
 557 , 582.75 
 558 , 614.6171875 
 559 , 635.7890625 
 560 , 652.7421875 
 561 , 676.890625 
 562 , 699.79296875 
 563 , 693.2578125 
 564 , 642.38671875 
 565 , 579.66796875 
 566 , 548.61328125 
 567 , 552.578125 
 568 , 560.80859375 
 569 , 550.37890625 
 570 , 533.93359375 
 571 , 529.75390625 
 572 , 543.3046875 
 573 , 572.09375 
 574 , 616.2265625 
 575 , 664.3984375 
 576 , 692.6796875 
 577 , 690.328125 
 578 , 673.25 
 579 , 661.8984375 
 580 , 658.42578125 
 581 , 655.8515625 
 582 , 648.9140625 
 583 , 637.234375 
 584 , 622.453125 
 585 , 609.55859375 
 586 , 604.11328125 
 587 , 607.2265625 
 588 , 609.2734375 
 589 , 596.44921875 
 590 , 568.69140625 
 591 , 539.37890625 
 592 , 517.4765625 
 593 , 489.7578125 
 594 , 441.73828125 
 595 , 379.5546875 
 596 , 325.4765625 
 597 , 293.48046875 
 598 , 273.40625 
 599 , 253.5390625 
 600 , 235.28125 
 601 , 231.78515625 
 602 , 248.34375 
 603 , 259.65625 
 604 , 233.171875 
 605 , 171.49609375 
 606 , 124.0703125 
 607 , 130.1640625 
 608 , 175.35546875 
 609 , 228.2421875 
 610 , 267.8515625 
 611 , 287.59765625 
 612 , 287.10546875 
 613 , 276.37890625 
 614 , 265.94921875 
 615 , 263.13671875 
 616 , 276.29296875 
 617 , 315.19140625 
 618 , 377.078125 
 619 , 443.38671875 
 620 , 494.296875 
 621 , 528.88671875 
 622 , 562.0546875 
 623 , 605.3671875 
 624 , 660.05859375 
 625 , 718.078125 
 626 , 760.359375 
 627 , 769.3984375 
 628 , 743.046875 
 629 , 692.546875 
 630 , 631.73046875 
 631 , 581.23828125 
 632 , 559.03125 
 633 , 566.30078125 
 634 , 592.2421875 
 635 , 630.296875 
 636 , 664.703125 
 637 , 667.33984375 
 638 , 626.9375 
 639 , 564.09375 
 640 , 508.62890625 
 641 , 473.30859375 
 642 , 457.62890625 
 643 , 454.953125 
 644 , 457.90234375 
 645 , 463.8203125 
 646 , 473.05859375 
 647 , 483.671875 
 648 , 491.73046875 
 649 , 494.2578125 
 650 , 489.5390625 
 651 , 473.68359375 
 652 , 444.19921875 
 653 , 403.47265625 
 654 , 358.1171875 
 655 , 313.6484375 
 656 , 285.36328125 
 657 , 291.80078125 
 658 , 329.9453125 
 659 , 360.5078125 
 660 , 348.59375 
 661 , 307.1953125 
 662 , 270.6875 
 663 , 256.46875 
 664 , 252.78125 
 665 , 247.86328125 
 666 , 243.05859375 
 667 , 247.375 
 668 , 264.08984375 
 669 , 281.6015625 
 670 , 284.86328125 
 671 , 273.4609375 
 672 , 259.36328125 
 673 , 253.70703125 
 674 , 254.4921875 
 675 , 250.22265625 
 676 , 233.2578125 
 677 , 206.49609375 
 678 , 183.31640625 
 679 , 179.265625 
 680 , 198.34375 
 681 , 234.625 
 682 , 284.796875 
 683 , 348.90625 
 684 , 414.3203125 
 685 , 459.4375 
 686 , 475.28515625 
 687 , 466.51171875 
 688 , 445.0859375 
 689 , 424.7265625 
 690 , 412.109375 
 691 , 401.140625 
 692 , 382.3828125 
 693 , 356.80859375 
 694 , 339.69140625 
 695 , 344.23046875 
 696 , 363.953125 
 697 , 384.8515625 
 698 , 405.74609375 
 699 , 441.6328125 
 700 , 499.078125 
 701 , 562.34375 
 702 , 607.13671875 
 703 , 620.19921875 
 704 , 605.5234375 
 705 , 570.6484375 
 706 , 531.3671875 
 707 , 505.6328125 
 708 , 495.65625 
 709 , 480.25390625 
 710 , 448.01171875 
 711 , 416.734375 
 712 , 409.70703125 
 713 , 427.48828125 
 714 , 449.98046875 
 715 , 468.4140625 
 716 , 476.87890625 
 717 , 460.79296875 
 718 , 410.23828125 
 719 , 342.73828125 
 720 , 283.30078125 
 721 , 242.13671875 
 722 , 218.53515625 
 723 , 210.859375 
 724 , 224.31640625 
 725 , 265.8203125 
 726 , 312.6875 
 727 , 328.15625 
 728 , 299.8125 
 729 , 253.71484375 
 730 , 215.79296875 
 731 , 186.5546875 
 732 , 158.41015625 
 733 , 131.9375 
 734 , 116.15625 
 735 , 116.51171875 
 736 , 138.46484375 
 737 , 191.234375 
 738 , 264.98828125 
 739 , 321.8671875 
 740 , 325.8125 
 741 , 291.50390625 
 742 , 255.625 
 743 , 249.76953125 
 744 , 288.81640625 
 745 , 365.1484375 
 746 , 437.15625 
 747 , 467.1484375 
 748 , 460.39453125 
 749 , 447.2734375 
 750 , 439.8125 
 751 , 427.95703125 
 752 , 409.01171875 
 753 , 390.3046875 
 754 , 376.546875 
 755 , 363.26953125 
 756 , 347.50390625 
 757 , 333.29296875 
 758 , 326.46484375 
 759 , 327.74609375 
 760 , 333.21484375 
 761 , 346.14453125 
 762 , 374.1015625 
 763 , 410.37109375 
 764 , 437.15234375 
 765 , 441.49609375 
 766 , 428.98046875 
 767 , 412.94140625 
 768 , 398.09765625 
 769 , 380.3046875 
 770 , 359.1953125 
 771 , 350.1171875 
 772 , 370.44140625 
 773 , 393.43359375 
 774 , 372.1953125 
 775 , 296.03515625 
 776 , 204.9453125 
 777 , 145.87109375 
 778 , 136.69921875 
 779 , 177.12109375 
 780 , 235.56640625 
 781 , 265.9296875 
 782 , 248.47265625 
 783 , 210.39453125 
 784 , 179.05078125 
 785 , 157.8203125 
 786 , 134.4921875 
 787 , 105.26953125 
 788 , 68.96875 
 789 , 24.70703125 
 790 ,-7.5390625 
 791 , 1.3671875 
 792 , 55.38671875 
 793 , 120.88671875 
 794 , 173.57421875 
 795 , 231.7109375 
 796 , 318.2265625 
 797 , 414.31640625 
 798 , 459.92578125 
 799 , 422.46875 
 800 , 348.46875 
 801 , 293.33203125 
 802 , 267.6875 
 803 , 254.90234375 
 804 , 254.53125 
 805 , 274.8671875 
 806 , 315.29296875 
 807 , 358.8515625 
 808 , 386.203125 
 809 , 390.76953125 
 810 , 380.40625 
 811 , 364.3046875 
 812 , 353.05859375 
 813 , 357.2578125 
 814 , 377.99609375 
 815 , 405.34765625 
 816 , 432.09765625 
 817 , 459.98046875 
 818 , 490.65625 
 819 , 515.0390625 
 820 , 518.3515625 
 821 , 498.09375 
 822 , 473.859375 
 823 , 465.5234375 
 824 , 470.28515625 
 825 , 471.6640625 
 826 , 462.03125 
 827 , 450.20703125 
 828 , 444.8671875 
 829 , 457.1953125 
 830 , 501.73046875 
 831 , 574.24609375 
 832 , 636.70703125 
 833 , 653.3515625 
 834 , 629.1953125 
 835 , 585.5234375 
 836 , 537.55078125 
 837 , 487.4140625 
 838 , 434.8125 
 839 , 387.15625 
 840 , 355.43359375 
 841 , 344.0625 
 842 , 349.48828125 
 843 , 361.99609375 
 844 , 370.00390625 
 845 , 367.078125 
 846 , 357.78515625 
 847 , 348.27734375 
 848 , 338.56640625 
 849 , 326.14453125 
 850 , 311.3828125 
 851 , 300.53515625 
 852 , 299.75 
 853 , 304.35546875 
 854 , 301.83203125 
 855 , 288.234375 
 856 , 276.515625 
 857 , 279.3203125 
 858 , 295.61328125 
 859 , 318.37109375 
 860 , 344.2578125 
 861 , 374.203125 
 862 , 407.90625 
 863 , 435.93359375 
 864 , 445.7734375 
 865 , 436.53125 
 866 , 420.8984375 
 867 , 409.2578125 
 868 , 405.9140625 
 869 , 415.98828125 
 870 , 437.65234375 
 871 , 459.77734375 
 872 , 476.40234375 
 873 , 503.0078125 
 874 , 558.5625 
 875 , 643.1171875 
 876 , 744.41015625 
 877 , 836.921875 
 878 , 890.14453125 
 879 , 895.69921875 
 880 , 898.375 
 881 , 946.6796875 
 882 , 1039.5625 
 883 , 1146.1796875 
 884 , 1238.04296875 
 885 , 1284.37890625 
 886 , 1258.23046875 
 887 , 1176.953125 
 888 , 1078.23828125 
 889 , 986.42578125 
 890 , 906.99609375 
 891 , 839.890625 
 892 , 772.59765625 
 893 , 691.20703125 
 894 , 592.22265625 
 895 , 478.828125 
 896 , 360.9921875 
 897 , 261 
 898 , 197.765625 
 899 , 162.34375 
 900 , 135.203125 
 901 , 105.15625 
 902 , 70.64453125 
 903 , 34.578125 
 904 , 11.9375 
 905 , 17.9140625 
 906 , 43.453125 
 907 , 64.08203125 
 908 , 67.9375 
 909 , 66.87890625 
 910 , 71.12109375 
 911 , 74.609375 
 912 , 67.7578125 
 913 , 54.80078125 
 914 , 49.796875 
 915 , 59.67578125 
 916 , 76.328125 
 917 , 91.1953125 
 918 , 101.80078125 
 919 , 106.80859375 
 920 , 106.390625 
 921 , 108.18359375 
 922 , 120.17578125 
 923 , 136.3671875 
 924 , 144.95703125 
 925 , 141.01953125 
 926 , 128.96875 
 927 , 117.2109375 
 928 , 116.4375 
 929 , 133.296875 
 930 , 159.20703125 
 931 , 181.96484375 
 932 , 197.3671875 
 933 , 204.4375 
 934 , 199 
 935 , 176.96875 
 936 , 137.640625 
 937 , 94.9453125 
 938 , 69.11328125 
 939 , 65.0703125 
 940 , 66.55859375 
 941 , 59.00390625 
 942 , 43.66015625 
 943 , 27.47265625 
 944 , 15.43359375 
 945 , 6.78125 
 946 , 1.01171875 
 947 , 3.8671875 
 948 , 22.3046875 
 949 , 54.703125 
 950 , 93.875 
 951 , 133.92578125 
 952 , 175.3515625 
 953 , 220.25 
 954 , 268.265625 
 955 , 316.87109375 
 956 , 357.58203125 
 957 , 377.32421875 
 958 , 360.96875 
 959 , 291.921875 
 960 , 170.94921875 
 961 , 66.94140625 
 962 , 58.23828125 
 963 , 121.33203125 
 964 , 160.25390625 
 965 , 126.34375 
 966 , 65.80859375 
 967 , 29.94140625 
 968 , 33.3984375 
 969 , 75.83984375 
 970 , 135.01953125 
 971 , 171.140625 
 972 , 161.30078125 
 973 , 114.859375 
 974 , 48.72265625 
 975 , 7.1875 
 976 , 44.1640625 
 977 , 151.109375 
 978 , 251.5546875 
 979 , 287.796875 
 980 , 267.20703125 
 981 , 210.5703125 
 982 , 156.296875 
 983 , 148.734375 
 984 , 189.3046875 
 985 , 225.515625 
 986 , 219.1015625 
 987 , 185.11328125 
 988 , 146.53515625 
 989 , 110.80078125 
 990 , 78.6640625 
 991 , 56.18359375 
 992 , 54.46484375 
 993 , 78.5390625 
 994 , 113.57421875 
 995 , 143.0625 
 996 , 172.3046875 
 997 , 218.6953125 
 998 , 285.19140625 
 999 , 353.328125 
 1000 , 413.0390625 
 1001 , 497.34765625 
 1002 , 648.0546875 
 1003 , 873.2578125 
 1004 , 1157.109375 
 1005 , 1455.54296875 
 1006 , 1680.46484375 
 1007 , 1756.265625 
 1008 , 1672.9453125 
 1009 , 1440.41015625 
 1010 , 1118 
 1011 , 803.3203125 
 1012 , 564.06640625 
 1013 , 409.30859375 
 1014 , 331.58984375 
 1015 , 285.22265625 
 1016 , 219.453125 
 1017 , 138.8984375 
 1018 , 86.41015625 
 1019 , 79.26171875 
 1020 , 88.7421875 
 1021 , 88.05859375 
 1022 , 79.88671875 
 1023 , 74.54296875 
 1024 , 74.58203125 
 1025 , 77.296875 
 1026 , 79.33203125 
 1027 , 78.359375 
 1028 , 76.12109375 
 1029 , 85.72265625 
 1030 , 120.19140625 
 1031 , 166.703125 
 1032 , 195.671875 
 1033 , 199.3046875 
 1034 , 205.78125 
 1035 , 237.79296875 
 1036 , 282.3671875 
 1037 , 318.54296875 
 1038 , 339.01953125 
 1039 , 345.2734375 
 1040 , 339.796875 
 1041 , 326.58984375 
 1042 , 309.39453125 
 1043 , 291.2109375 
 1044 , 275.57421875 
 1045 , 270.01953125 
 1046 , 283.41796875 
 1047 , 311.26171875 
 1048 , 331.12890625 
 1049 , 330.890625 
 1050 , 338.28515625 
 1051 , 384.53125 
 1052 , 451.1640625 
 1053 , 492.92578125 
 1054 , 496.015625 
 1055 , 487.56640625 
 1056 , 488.01953125 
 1057 , 488.40625 
 1058 , 476.46875 
 1059 , 460.47265625 
 1060 , 458.28515625 
 1061 , 472.375 
 1062 , 487.7265625 
 1063 , 496.13671875 
 1064 , 510.23046875 
 1065 , 541.21875 
 1066 , 568.26171875 
 1067 , 559.21875 
 1068 , 515.16015625 
 1069 , 467.45703125 
 1070 , 433.58984375 
 1071 , 399.375 
 1072 , 352.16796875 
 1073 , 307.7109375 
 1074 , 289.02734375 
 1075 , 293.25390625 
 1076 , 298.515625 
 1077 , 295.23046875 
 1078 , 294.80078125 
 1079 , 305.27734375 
 1080 , 314.28515625 
 1081 , 307.44140625 
 1082 , 300.21484375 
 1083 , 324.5625 
 1084 , 383.8515625 
 1085 , 443.875 
 1086 , 480.921875 
 1087 , 511.00390625 
 1088 , 553.31640625 
 1089 , 593.77734375 
 1090 , 603.99609375 
 1091 , 583.58984375 
 1092 , 561.23046875 
 1093 , 553.9609375 
 1094 , 548.8515625 
 1095 , 530.91015625 
 1096 , 497.4140625 
 1097 , 450.46484375 
 1098 , 400.6484375 
 1099 , 364.84375 
 1100 , 351.27734375 
 1101 , 353.36328125 
 1102 , 362.80078125 
 1103 , 370.58203125 
 1104 , 368.171875 
 1105 , 351.890625 
 1106 , 321.00390625 
 1107 , 284.328125 
 1108 , 261.859375 
 1109 , 265.91796875 
 1110 , 286.29296875 
 1111 , 309.05078125 
 1112 , 320.35546875 
 1113 , 307.109375 
 1114 , 269.1953125 
 1115 , 211.1484375 
 1116 , 140.73828125 
 1117 , 72.4375 
 1118 , 19.4296875 
 1119 ,-9.90625 
 1120 ,-10.11328125 
 1121 , 6.734375 
 1122 , 18.265625 
 1123 , 23.19921875 
 1124 , 47.84765625 
 1125 , 100.96875 
 1126 , 147.04296875 
 1127 , 150.07421875 
 1128 , 127.671875 
 1129 , 118.39453125 
 1130 , 128.08203125 
 1131 , 134.1953125 
 1132 , 128.9921875 
 1133 , 133.69140625 
 1134 , 159.91015625 
 1135 , 171.84375 
 1136 , 130.3203125 
 1137 , 62.3671875 
 1138 , 26.42578125 
 1139 , 41.83203125 
 1140 , 88.40625 
 1141 , 144.9140625 
 1142 , 189.40625 
 1143 , 204.296875 
 1144 , 197.30859375 
 1145 , 183.48046875 
 1146 , 164.859375 
 1147 , 134.296875 
 1148 , 96.76953125 
 1149 , 76.09765625 
 1150 , 84.63671875 
 1151 , 94.17578125 
 1152 , 76.02734375 
 1153 , 53.10546875 
 1154 , 67.5546875 
 1155 , 112.7734375 
 1156 , 139.484375 
 1157 , 132.73828125 
 1158 , 139.9296875 
 1159 , 193.77734375 
 1160 , 255.09765625 
 1161 , 276.8125 
 1162 , 269.44921875 
 1163 , 268.23828125 
 1164 , 283.7109375 
 1165 , 306.046875 
 1166 , 329.25 
 1167 , 347.84375 
 1168 , 356.953125 
 1169 , 365.6171875 
 1170 , 387.86328125 
 1171 , 429.46875 
 1172 , 490.41796875 
 1173 , 556.51953125 
 1174 , 597.85546875 
 1175 , 597.78125 
 1176 , 571.01171875 
 1177 , 535.32421875 
 1178 , 502.22265625 
 1179 , 480.23046875 
 1180 , 470.953125 
 1181 , 473.3984375 
 1182 , 483.41015625 
 1183 , 489.62890625 
 1184 , 483.80078125 
 1185 , 469.96875 
 1186 , 454.546875 
 1187 , 442.546875 
 1188 , 437.85546875 
 1189 , 441.84765625 
 1190 , 453.44921875 
 1191 , 463.484375 
 1192 , 457.8828125 
 1193 , 436.2578125 
 1194 , 417.9375 
 1195 , 419.50390625 
 1196 , 450.0625 
 1197 , 515.9609375 
 1198 , 584.55078125 
 1199 , 600.81640625 
 1200 , 563.05078125 
 1201 , 529.96875 
 1202 , 530.92578125 
 1203 , 524.8984375 
 1204 , 475.05078125 
 1205 , 400.61328125 
 1206 , 333.84765625 
 1207 , 291.53515625 
 1208 , 281.35546875 
 1209 , 295.97265625 
 1210 , 314.234375 
 1211 , 317.3515625 
 1212 , 301.92578125 
 1213 , 272.70703125 
 1214 , 230.078125 
 1215 , 170.13671875 
 1216 , 123.0078125 
 1217 , 135.96484375 
 1218 , 199.4296875 
 1219 , 256.39453125 
 1220 , 267.23046875 
 1221 , 227.55078125 
 1222 , 149.796875 
 1223 , 68.94921875 
 1224 , 17.8359375 
 1225 , 17.48828125 
 1226 , 81.71484375 
 1227 , 169.6875 
 1228 , 210.12109375 
 1229 , 188.24609375 
 1230 , 149.83203125 
 1231 , 127.98046875 
 1232 , 97.65625 
 1233 , 38.07421875 
 1234 ,-8.08984375 
 1235 , 10.65234375 
 1236 , 74.30859375 
 1237 , 133.59375 
 1238 , 171.15234375 
 1239 , 187.796875 
 1240 , 186.39453125 
 1241 , 196.421875 
 1242 , 237.625 
 1243 , 281.52734375 
 1244 , 286.953125 
 1245 , 262.32421875 
 1246 , 247.8125 
 1247 , 267.23046875 
 1248 , 320.07421875 
 1249 , 385.4609375 
 1250 , 427.921875 
 1251 , 428.79296875 
 1252 , 402.578125 
 1253 , 367.296875 
 1254 , 335.75 
 1255 , 315.45703125 
 1256 , 303.27734375 
 1257 , 295.21484375 
 1258 , 278.1796875 
 1259 , 228.6328125 
 1260 , 149.328125 
 1261 , 81.921875 
 1262 , 57.75 
 1263 , 73.6953125 
 1264 , 118.33984375 
 1265 , 169.49609375 
 1266 , 204.89453125 
 1267 , 207.95703125 
 1268 , 159.4453125 
 1269 , 78.4453125 
 1270 , 33.984375 
 1271 , 58.390625 
 1272 , 97.80078125 
 1273 , 103.09765625 
 1274 , 101.6328125 
 1275 , 135.8203125 
 1276 , 172.87890625 
 1277 , 148.4921875 
 1278 , 72.23046875 
 1279 , 11.7265625 
 1280 , 4.3203125 
 1281 , 41.57421875 
 1282 , 105.890625 
 1283 , 175.12109375 
 1284 , 232.1484375 
 1285 , 276.25 
 1286 , 310.94140625 
 1287 , 336.91796875 
 1288 , 348.48828125 
 1289 , 349.203125 
 1290 , 352.10546875 
 1291 , 356.2578125 
 1292 , 339.10546875 
 1293 , 287.2421875 
 1294 , 212.7578125 
 1295 , 133.37890625 
 1296 , 74.359375 
 1297 , 58.03125 
 1298 , 69.98046875 
 1299 , 79.66796875 
 1300 , 76.04296875 
 1301 , 66.2890625 
 1302 , 59.9765625 
 1303 , 60.2421875 
 1304 , 65.26953125 
 1305 , 78.3359375 
 1306 , 100.9140625 
 1307 , 110.67578125 
 1308 , 86.3359375 
 1309 , 55.04296875 
 1310 , 55.65234375 
 1311 , 83.83203125 
 1312 , 114.203125 
 1313 , 131.22265625 
 1314 , 128.18359375 
 1315 , 111.18359375 
 1316 , 106.421875 
 1317 , 129.30859375 
 1318 , 159.08984375 
 1319 , 173.19921875 
 1320 , 175.90625 
 1321 , 179.890625 
 1322 , 189.98046875 
 1323 , 203.49609375 
 1324 , 206.0390625 
 1325 , 182.79296875 
 1326 , 140.0859375 
 1327 , 99.28125 
 1328 , 77 
 1329 , 88.140625 
 1330 , 141.62890625 
 1331 , 221.5234375 
 1332 , 305.77734375 
 1333 , 370.3046875 
 1334 , 392.73828125 
 1335 , 380.63671875 
 1336 , 357.42578125 
 1337 , 342.4140625 
 1338 , 352.04296875 
 1339 , 378.87109375 
 1340 , 385.69140625 
 1341 , 356.15234375 
 1342 , 319.58984375 
 1343 , 302.90234375 
 1344 , 302.984375 
 1345 , 309.53515625 
 1346 , 323.6640625 
 1347 , 352.734375 
 1348 , 396.6484375 
 1349 , 451.421875 
 1350 , 503.99609375 
 1351 , 529.23046875 
 1352 , 517.83203125 
 1353 , 491.109375 
 1354 , 473.6015625 
 1355 , 478.28125 
 1356 , 504.3984375 
 1357 , 528.9296875 
 1358 , 531.48046875 
 1359 , 505.640625 
 1360 , 448.8203125 
 1361 , 390.21484375 
 1362 , 380.0546875 
 1363 , 412.17578125 
 1364 , 423.2265625 
 1365 , 388.65234375 
 1366 , 348.36328125 
 1367 , 331.96484375 
 1368 , 328.16796875 
 1369 , 320.3671875 
 1370 , 305.32421875 
 1371 , 287.36328125 
 1372 , 271.62109375 
 1373 , 259.3671875 
 1374 , 258.7734375 
 1375 , 280.03125 
 1376 , 305.91796875 
 1377 , 307.15625 
 1378 , 285.9375 
 1379 , 269.80859375 
 1380 , 268.63671875 
 1381 , 266.6953125 
 1382 , 252.125 
 1383 , 223.05859375 
 1384 , 179.76953125 
 1385 , 137.8984375 
 1386 , 119.51171875 
 1387 , 135.83203125 
 1388 , 189.4765625 
 1389 , 237.4140625 
 1390 , 210.3046875 
 1391 , 125.7265625 
 1392 , 73.73828125 
 1393 , 81.26171875 
 1394 , 99.88671875 
 1395 , 100.8203125 
 1396 , 92.55859375 
 1397 , 82.91015625 
 1398 , 77.484375 
 1399 , 82.8984375 
 1400 , 89.6171875 
 1401 , 79.73828125 
 1402 , 60.26171875 
 1403 , 54.0546875 
 1404 , 61.40625 
 1405 , 64.3984375 
 1406 , 53.84765625 
 1407 , 40.86328125 
 1408 , 31.7109375 
 1409 , 15.0078125 
 1410 ,-8.24609375 
 1411 ,-1.87890625 
 1412 , 59.59765625 
 1413 , 140.10546875 
 1414 , 195.3984375 
 1415 , 232.35546875 
 1416 , 275.2109375 
 1417 , 320.1171875 
 1418 , 339.21484375 
 1419 , 326.88671875 
 1420 , 305.984375 
 1421 , 293.65625 
 1422 , 284.67578125 
 1423 , 270.28125 
 1424 , 259.06640625 
 1425 , 255.6328125 
 1426 , 236.5546875 
 1427 , 191.14453125 
 1428 , 164.734375 
 1429 , 197.1640625 
 1430 , 258.44921875 
 1431 , 302.59375 
 1432 , 308.0234375 
 1433 , 270.66796875 
 1434 , 226.875 
 1435 , 221.66015625 
 1436 , 252.01953125 
 1437 , 290.234375 
 1438 , 314.72265625 
 1439 , 310.3515625 
 1440 , 285.74609375 
 1441 , 273.0859375 
 1442 , 288.65234375 
 1443 , 324.66796875 
 1444 , 368.37109375 
 1445 , 396.4921875 
 1446 , 395.02734375 
 1447 , 387.74609375 
 1448 , 397.81640625 
 1449 , 413.890625 
 1450 , 423.1953125 
 1451 , 443.16015625 
 1452 , 492.28125 
 1453 , 558.59765625 
 1454 , 626.81640625 
 1455 , 701.9921875 
 1456 , 790.36328125 
 1457 , 868.51953125 
 1458 , 897.3125 
 1459 , 877.484375 
 1460 , 846.2734375 
 1461 , 821.28125 
 1462 , 800.8828125 
 1463 , 782.421875 
 1464 , 745.078125 
 1465 , 670.12109375 
 1466 , 575.328125 
 1467 , 489.8828125 
 1468 , 432.15234375 
 1469 , 408.1875 
 1470 , 400.4609375 
 1471 , 384.2890625 
 1472 , 351.00390625 
 1473 , 304.80859375 
 1474 , 257.5625 
 1475 , 221.98046875 
 1476 , 211.5234375 
 1477 , 244.3515625 
 1478 , 305.83203125 
 1479 , 333.234375 
 1480 , 293.390625 
 1481 , 215.80078125 
 1482 , 138.8671875 
 1483 , 103.90234375 
 1484 , 128.9296875 
 1485 , 158.03515625 
 1486 , 141.30859375 
 1487 , 114.30859375 
 1488 , 123.33984375 
 1489 , 154.9609375 
 1490 , 179.25 
 1491 , 195.09765625 
 1492 , 212.4609375 
 1493 , 236.84765625 
 1494 , 273.6796875 
 1495 , 305.07421875 
 1496 , 291.7890625 
 1497 , 236.2265625 
 1498 , 186.37890625 
 1499 , 162.31640625 
 1500 , 145.01953125 
 1501 , 125.078125 
 1502 , 108.88671875 
 1503 , 100.33984375 
 1504 , 102.78125 
 1505 , 117.84375 
 1506 , 130.22265625 
 1507 , 121.6015625 
 1508 , 95.0390625 
 1509 , 66.078125 
 1510 , 50.8203125 
 1511 , 55.9375 
 1512 , 64.62109375 
 1513 , 59.42578125 
 1514 , 47.76953125 
 1515 , 39.21484375 
 1516 , 32.54296875 
 1517 , 22.5625 
 1518 , 10.046875 
 1519 , 2.3203125 
 1520 , 8.09765625 
 1521 , 34.4609375 
 1522 , 74.5078125 
 1523 , 106.0859375 
 1524 , 118.6484375 
 1525 , 119.08984375 
 1526 , 113.36328125 
 1527 , 95.61328125 
 1528 , 63.78125 
 1529 , 38.734375 
 1530 , 42.4453125 
 1531 , 67.96875 
 1532 , 98.4609375 
 1533 , 129.98828125 
 1534 , 168.19921875 
 1535 , 214.94140625 
 1536 , 262.1015625 
 1537 , 296.1328125 
 1538 , 306.75 
 1539 , 291.10546875 
 1540 , 251.12109375 
 1541 , 197.00390625 
 1542 , 145.19921875 
 1543 , 103.9921875 
 1544 , 70.72265625 
 1545 , 46.55859375 
 1546 , 39.640625 
 1547 , 46.24609375 
 1548 , 46.4453125 
 1549 , 34.65234375 
 1550 , 32.53515625 
 1551 , 51.24609375 
 1552 , 75.140625 
 1553 , 94.82421875 
 1554 , 116.78515625 
 1555 , 141.2890625 
 1556 , 156.9453125 
 1557 , 160.9765625 
 1558 , 170.58984375 
 1559 , 193.25 
 1560 , 207.29296875 
 1561 , 198.65234375 
 1562 , 180.6953125 
 1563 , 165.9765625 
 1564 , 162.06640625 
 1565 , 176.75390625 
 1566 , 200.51953125 
 1567 , 216.51171875 
 1568 , 228.0859375 
 1569 , 248.23046875 
 1570 , 275.0078125 
 1571 , 297.19140625 
 1572 , 301.38671875 
 1573 , 278.90625 
 1574 , 243.2578125 
 1575 , 216.890625 
 1576 , 207.77734375 
 1577 , 212.4765625 
 1578 , 220.75 
 1579 , 222.21875 
 1580 , 217.08984375 
 1581 , 209.9140625 
 1582 , 200.12890625 
 1583 , 187.03515625 
 1584 , 183.203125 
 1585 , 209.640625 
 1586 , 258.03125 
 1587 , 288.01953125 
 1588 , 298.58203125 
 1589 , 343.55859375 
 1590 , 428.39453125 
 1591 , 479.1640625 
 1592 , 462.40625 
 1593 , 423.0390625 
 1594 , 397.171875 
 1595 , 397.8359375 
 1596 , 429.4453125 
 1597 , 465.5703125 
 1598 , 476.0078125 
 1599 , 451.71875 
 1600 , 403.3515625 
 1601 , 382.28125 
 1602 , 427.28515625 
 1603 , 495.96484375 
 1604 , 537.3046875 
 1605 , 554.18359375 
 1606 , 565.1875 
 1607 , 580.859375 
 1608 , 601.9296875 
 1609 , 613.46875 
 1610 , 602.3984375 
 1611 , 577.3359375 
 1612 , 551.50390625 
 1613 , 529.6484375 
 1614 , 512.0078125 
 1615 , 476.80859375 
 1616 , 397.28515625 
 1617 , 301.37890625 
 1618 , 241.390625 
 1619 , 207.984375 
 1620 , 156.0078125 
 1621 , 103.44921875 
 1622 , 109.2734375 
 1623 , 163.59765625 
 1624 , 208.265625 
 1625 , 224.78515625 
 1626 , 228.0078125 
 1627 , 225.2578125 
 1628 , 210.8671875 
 1629 , 189.5234375 
 1630 , 182.11328125 
 1631 , 189.19921875 
 1632 , 189.1796875 
 1633 , 179.046875 
 1634 , 176.70703125 
 1635 , 188.08984375 
 1636 , 197.4765625 
 1637 , 195.60546875 
 1638 , 194.9375 
 1639 , 203.1015625 
 1640 , 207.90625 
 1641 , 201.15625 
 1642 , 190.42578125 
 1643 , 178.42578125 
 1644 , 151.0390625 
 1645 , 111.109375 
 1646 , 98.875 
 1647 , 127.92578125 
 1648 , 160.875 
 1649 , 176.07421875 
 1650 , 182.34765625 
 1651 , 186.47265625 
 1652 , 187.87109375 
 1653 , 187.265625 
 1654 , 187.6171875 
 1655 , 187.6796875 
 1656 , 187.98046875 
 1657 , 189.83984375 
 1658 , 181.20703125 
 1659 , 154.15625 
 1660 , 123.96875 
 1661 , 101.80859375 
 1662 , 75.4921875 
 1663 , 39.3203125 
 1664 , 15.8828125 
 1665 , 20.62890625 
 1666 , 41.00390625 
 1667 , 68.109375 
 1668 , 105.7109375 
 1669 , 147.65625 
 1670 , 169.58984375 
 1671 , 165.90234375 
 1672 , 174.3203125 
 1673 , 209.6875 
 1674 , 220.2734375 
 1675 , 179.24609375 
 1676 , 144.59765625 
 1677 , 158.328125 
 1678 , 187.58203125 
 1679 , 198.4375 
 1680 , 188.58984375 
 1681 , 165.625 
 1682 , 146.01953125 
 1683 , 140.58203125 
 1684 , 141.78515625 
 1685 , 140.5625 
 1686 , 137.125 
 1687 , 136.8984375 
 1688 , 141.9453125 
 1689 , 144.66796875 
 1690 , 133.36328125 
 1691 , 110.4140625 
 1692 , 92.26171875 
 1693 , 84.7890625 
 1694 , 86.1015625 
 1695 , 100.4453125 
 1696 , 126.546875 
 1697 , 153.75 
 1698 , 167.9921875 
 1699 , 162.39453125 
 1700 , 141.3515625 
 1701 , 113.4609375 
 1702 , 96.953125 
 1703 , 100.90625 
 1704 , 108.5234375 
 1705 , 108.1640625 
 1706 , 102.234375 
 1707 , 92.96875 
 1708 , 86.96875 
 1709 , 88.01171875 
 1710 , 84.82421875 
 1711 , 72.4296875 
 1712 , 68.53515625 
 1713 , 75.5234375 
 1714 , 57.17578125 
 1715 , 11.484375 
 1716 , 12.97265625 
 1717 , 89.37109375 
 1718 , 163.52734375 
 1719 , 190.203125 
 1720 , 199.3125 
 1721 , 207.36328125 
 1722 , 197.78125 
 1723 , 166.9375 
 1724 , 139.005859375 
 1725 , 126.96875 
 1726 , 120.125 
 1727 , 110.525390625 
 1728 , 94.927734375 
 1729 , 74.654296875 
 1730 , 62.96484375 
 1731 , 72.107421875 
 1732 , 104.98046875 
 1733 , 146.365234375 
 1734 , 172.87109375 
 1735 , 165.853515625 
 1736 , 96.3671875 
 1737 , 2.177734375 
 1738 , 0.916015625 
 1739 , 92.2421875 
 1740 , 151.158203125 
 1741 , 156.92578125 
 1742 , 189.630859375 
 1743 , 245.091796875 
 1744 , 249.73046875 
 1745 , 196.662109375 
 1746 , 128.529296875 
 1747 , 87.681640625 
 1748 , 116.287109375 
 1749 , 193.181640625 
 1750 , 251.818359375 
 1751 , 277.013671875 
 1752 , 287.201171875 
 1753 , 277.791015625 
 1754 , 233.7890625 
 1755 , 171.1640625 
 1756 , 120.37890625 
 1757 , 104.35546875 
 1758 , 140.630859375 
 1759 , 208.658203125 
 1760 , 270.091796875 
 1761 , 317.08203125 
 1762 , 354.669921875 
 1763 , 374.982421875 
 1764 , 368.73046875 
 1765 , 345.615234375 
 1766 , 318.72265625 
 1767 , 280.333984375 
 1768 , 227.515625 
 1769 , 200.666015625 
 1770 , 227.45703125 
 1771 , 260.30859375 
 1772 , 255.669921875 
 1773 , 233.2734375 
 1774 , 218.8828125 
 1775 , 215.197265625 
 1776 , 223.130859375 
 1777 , 256.978515625 
 1778 , 311.109375 
 1779 , 322.373046875 
 1780 , 266.529296875 
 1781 , 219.298828125 
 1782 , 221.876953125 
 1783 , 229.625 
 1784 , 216.78125 
 1785 , 199.703125 
 1786 , 177.34375 
 1787 , 123.580078125 
 1788 , 57.931640625 
 1789 , 49.30078125 
 1790 , 94.267578125 
 1791 , 123.7578125 
 1792 , 108.900390625 
 1793 , 56.06640625 
 1794 , 16.861328125 
 1795 , 65.853515625 
 1796 , 167.611328125 
 1797 , 224.474609375 
 1798 , 231.576171875 
 1799 , 231.15625 
 1800 , 236.73046875 
 1801 , 251.162109375 
 1802 , 271.41015625 
 1803 , 286.388671875 
 1804 , 278.01171875 
 1805 , 238.25390625 
 1806 , 194.767578125 
 1807 , 173.76953125 
 1808 , 166.146484375 
 1809 , 156.078125 
 1810 , 125.283203125 
 1811 , 66.619140625 
 1812 , 18.578125 
 1813 , 13.775390625 
 1814 , 38.30859375 
 1815 , 72.521484375 
 1816 , 112.32421875 
 1817 , 160.572265625 
 1818 , 216.23046875 
 1819 , 261.177734375 
 1820 , 264.9375 
 1821 , 229.5703125 
 1822 , 191.0625 
 1823 , 161.25 
 1824 , 127.537109375 
 1825 , 107.029296875 
 1826 , 139.009765625 
 1827 , 194.265625 
 1828 , 201.03515625 
 1829 , 173.951171875 
 1830 , 170.69140625 
 1831 , 179.171875 
 1832 , 164.79296875 
 1833 , 152.208984375 
 1834 , 175.630859375 
 1835 , 211.912109375 
 1836 , 228.923828125 
 1837 , 222.921875 
 1838 , 201.42578125 
 1839 , 188.37890625 
 1840 , 196.359375 
 1841 , 201.89453125 
 1842 , 194.693359375 
 1843 , 201.8828125 
 1844 , 228.51953125 
 1845 , 238.482421875 
 1846 , 216.666015625 
 1847 , 180.9453125 
 1848 , 162.916015625 
 1849 , 199.12890625 
 1850 , 263.81640625 
 1851 , 286.515625 
 1852 , 261.8125 
 1853 , 225.328125 
 1854 , 215.5390625 
 1855 , 266.330078125 
 1856 , 313.2734375 
 1857 , 266.828125 
 1858 , 174.12890625 
 1859 , 115.80078125 
 1860 , 95.19140625 
 1861 , 97.337890625 
 1862 , 128.865234375 
 1863 , 184.962890625 
 1864 , 211.6328125 
 1865 , 183.01953125 
 1866 , 151.75 
 1867 , 154.53125 
 1868 , 180.203125 
 1869 , 198.640625 
 1870 , 172.244140625 
 1871 , 114.8359375 
 1872 , 78.994140625 
 1873 , 75.16015625 
 1874 , 90.451171875 
 1875 , 119.9453125 
 1876 , 153.537109375 
 1877 , 171.076171875 
 1878 , 160.5546875 
 1879 , 141.611328125 
 1880 , 132.498046875 
 1881 , 124.26953125 
 1882 , 112.833984375 
 1883 , 118.12890625 
 1884 , 150.23046875 
 1885 , 184.685546875 
 1886 , 202.40625 
 1887 , 205.49609375 
 1888 , 195.6953125 
 1889 , 171.55859375 
 1890 , 141.34765625 
 1891 , 126.435546875 
 1892 , 140.896484375 
 1893 , 184.302734375 
 1894 , 210.369140625 
 1895 , 158.529296875 
 1896 , 81.1015625 
 1897 , 68.09375 
 1898 , 110.43359375 
 1899 , 164.318359375 
 1900 , 185.953125 
 1901 , 156.40234375 
 1902 , 137.337890625 
 1903 , 168.572265625 
 1904 , 202.73046875 
 1905 , 209.9375 
 1906 , 211.224609375 
 1907 , 214.39453125 
 1908 , 201.49609375 
 1909 , 181.55078125 
 1910 , 193.373046875 
 1911 , 227.990234375 
 1912 , 238.3203125 
 1913 , 217.337890625 
 1914 , 190.6875 
 1915 , 198.736328125 
 1916 , 260.123046875 
 1917 , 296.43359375 
 1918 , 246.193359375 
 1919 , 178.427734375 
 1920 , 153.09765625 
 1921 , 153.283203125 
 1922 , 160.9921875 
 1923 , 176.86328125 
 1924 , 193.99609375 
 1925 , 191.533203125 
 1926 , 168.876953125 
 1927 , 145.302734375 
 1928 , 125.353515625 
 1929 , 104.322265625 
 1930 , 113.083984375 
 1931 , 183.455078125 
 1932 , 229.78125 
 1933 , 171.134765625 
 1934 , 106.599609375 
 1935 , 121.193359375 
 1936 , 148.39453125 
 1937 , 145.083984375 
 1938 , 157.98828125 
 1939 , 200.4375 
 1940 , 231.505859375 
 1941 , 214.6640625 
 1942 , 125.314453125 
 1943 , 59.263671875 
 1944 , 165.1171875 
 1945 , 321.2109375 
 1946 , 321.015625 
 1947 , 226.876953125 
 1948 , 166.333984375 
 1949 , 160.912109375 
 1950 , 191.859375 
 1951 , 205.64453125 
 1952 , 179.6015625 
 1953 , 150.6796875 
 1954 , 128.38671875 
 1955 , 90.353515625 
 1956 , 63.5078125 
 1957 , 103.8203125 
 1958 , 167.697265625 
 1959 , 169.33984375 
 1960 , 145.4375 
 1961 , 162.7109375 
 1962 , 185.509765625 
 1963 , 168.02734375 
 1964 , 131.78125 
 1965 , 96.79296875 
 1966 , 50.328125 
 1967 , 4.3828125 
 1968 , 15.078125 
 1969 , 69.35546875 
 1970 , 82.779296875 
 1971 , 68.291015625 
 1972 , 102.826171875 
 1973 , 160.98828125 
 1974 , 178.291015625 
 1975 , 172.841796875 
 1976 , 182.30078125 
 1977 , 191.509765625 
 1978 , 181.708984375 
 1979 , 165.83203125 
 1980 , 162.525390625 
 1981 , 184.16015625 
 1982 , 200.890625 
 1983 , 151.048828125 
 1984 , 83.45703125 
 1985 , 105.232421875 
 1986 , 182.404296875 
 1987 , 228.068359375 
 1988 , 213.681640625 
 1989 , 149.146484375 
 1990 , 110.642578125 
 1991 , 137.236328125 
 1992 , 164.771484375 
 1993 , 161.36328125 
 1994 , 159.27734375 
 1995 , 174.73828125 
 1996 , 201.78125 
 1997 , 223.435546875 
 1998 , 221.443359375 
 1999 , 204.6328125 
 2000 , 187.57421875 
 2001 , 163.419921875 
 2002 , 133.658203125 
 2003 , 138.755859375 
 2004 , 188.015625 
 2005 , 226.728515625 
 2006 , 236.126953125 
 2007 , 243.333984375 
 2008 , 246.3359375 
 2009 , 224.904296875 
 2010 , 200.087890625 
 2011 , 201.896484375 
 2012 , 211.3203125 
 2013 , 205.552734375 
 2014 , 190.7734375 
 2015 , 171.79296875 
 2016 , 140.494140625 
 2017 , 113.8671875 
 2018 , 137.71875 
 2019 , 178.15625 
 2020 , 150.24609375 
 2021 , 80.953125 
 2022 , 41.962890625 
 2023 , 41.251953125 
 2024 , 64.234375 
 2025 , 88.044921875 
 2026 , 95.388671875 
 2027 , 88.248046875 
 2028 , 70.54296875 
 2029 , 40.556640625 
 2030 , 12.71484375 
 2031 , 15.716796875 
 2032 , 44.119140625 
 2033 , 75.46484375 
 2034 , 118.86328125 
 2035 , 177.27734375 
 2036 , 188.23046875 
 2037 , 133.205078125 
 2038 , 104.50390625 
 2039 , 112.796875 
 2040 , 67.017578125 
 2041 , 4.859375 
 2042 , 40.03125 
 2043 , 100.92578125 
 2044 , 73.8046875 
 2045 , 31.466796875 
 2046 , 49.728515625 
 2047 , 81.314453125 
 2048 , 87.240234375 
 2049 , 70.365234375 
 2050 , 57.490234375 
 2051 , 87.234375 
 2052 , 115.8515625 
 2053 , 71.771484375 
 2054 , 18.802734375 
 2055 , 37.044921875 
 2056 , 89.826171875 
 2057 , 127.5078125 
 2058 , 126.35546875 
 2059 , 91.99609375 
 2060 , 61.341796875 
 2061 , 55.94921875 
 2062 , 79.7734375 
 2063 , 101.896484375 
 2064 , 90.341796875 
 2065 , 80.654296875 
 2066 , 101.732421875 
 2067 , 117.046875 
 2068 , 108.271484375 
 2069 , 100.9765625 
 2070 , 97.646484375 
 2071 , 78.49609375 
 2072 , 57.328125 
 2073 , 61.345703125 
 2074 , 82.560546875 
 2075 , 101.923828125 
 2076 , 105.181640625 
 2077 , 86.8984375 
 2078 , 53.693359375 
 2079 , 26.068359375 
 2080 , 34.615234375 
 2081 , 68.162109375 
 2082 , 92.7578125 
 2083 , 86.814453125 
 2084 , 48.685546875 
 2085 , 34.583984375 
 2086 , 71.0390625 
 2087 , 102.1171875 
 2088 , 103.884765625 
 2089 , 101.82421875 
 2090 , 102.35546875 
 2091 , 94.38671875 
 2092 , 71.73828125 
 2093 , 42.998046875 
 2094 , 45.853515625 
 2095 , 85.876953125 
 2096 , 106.056640625 
 2097 , 102.787109375 
 2098 , 129.474609375 
 2099 , 169.0625 
 2100 , 172.626953125 
 2101 , 169.326171875 
 2102 , 197.14453125 
 2103 , 231.546875 
 2104 , 247.0546875 
 2105 , 242.091796875 
 2106 , 223.853515625 
 2107 , 204.26171875 
 2108 , 195.8359375 
 2109 , 205.12890625 
 2110 , 196.140625 
 2111 , 143.193359375 
 2112 , 95.63671875 
 2113 , 78.958984375 
 2114 , 59.025390625 
 2115 , 37.73828125 
 2116 , 50.626953125 
 2117 , 82.5078125 
 2118 , 95.0078125 
 2119 , 75.166015625 
 2120 , 35.82421875 
 2121 , 31.986328125 
 2122 , 69.763671875 
 2123 , 83.60546875 
 2124 , 69.59375 
 2125 , 71.072265625 
 2126 , 92.248046875 
 2127 , 120.55078125 
 2128 , 148.37109375 
 2129 , 167.423828125 
 2130 , 165.341796875 
 2131 , 142.78125 
 2132 , 116.73828125 
 2133 , 110.728515625 
 2134 , 138.15234375 
 2135 , 137.037109375 
 2136 , 65.224609375 
 2137 , 9.1171875 
 2138 , 25.64453125 
 2139 , 89.9609375 
 2140 , 147.09765625 
 2141 , 133.95703125 
 2142 , 82.798828125 
 2143 , 58.267578125 
 2144 , 73.79296875 
 2145 , 119.923828125 
 2146 , 167.42578125 
 2147 , 190.873046875 
 2148 , 174.712890625 
 2149 , 139.390625 
 2150 , 118.427734375 
 2151 , 98.46484375 
 2152 , 63.310546875 
 2153 , 32.912109375 
 2154 , 19.412109375 
 2155 , 11.26953125 
 2156 , 3.732421875 
 2157 , 0.142578125 
 2158 , 14.134765625 
 2159 , 53.560546875 
 2160 , 92.1171875 
 2161 , 115.37109375 
 2162 , 140.111328125 
 2163 , 165.064453125 
 2164 , 169.83203125 
 2165 , 138.87109375 
 2166 , 77.005859375 
 2167 , 50.89453125 
 2168 , 86.2890625 
 2169 , 95.552734375 
 2170 , 60.791015625 
 2171 , 50.171875 
 2172 , 73.251953125 
 2173 , 104.806640625 
 2174 , 130.33984375 
 2175 , 148.4921875 
 2176 , 179.603515625 
 2177 , 214.060546875 
 2178 , 206.796875 
 2179 , 168.421875 
 2180 , 142.529296875 
 2181 , 147.83984375 
 2182 , 181.4140625 
 2183 , 206.8515625 
 2184 , 201.857421875 
 2185 , 171.73828125 
 2186 , 146.271484375 
 2187 , 162.001953125 
 2188 , 202.416015625 
 2189 , 232.82421875 
 2190 , 220.67578125 
 2191 , 174.3671875 
 2192 , 155.35546875 
 2193 , 162.625 
 2194 , 155.873046875 
 2195 , 155.234375 
 2196 , 180.904296875 
 2197 , 187.763671875 
 2198 , 173.828125 
 2199 , 206.646484375 
 2200 , 244.498046875 
 2201 , 190.62890625 
 2202 , 116.177734375 
 2203 , 107.380859375 
 2204 , 124.4609375 
 2205 , 132.814453125 
 2206 , 134.228515625 
 2207 , 140.951171875 
 2208 , 164.359375 
 2209 , 176.689453125 
 2210 , 156.630859375 
 2211 , 136.60546875 
 2212 , 131.830078125 
 2213 , 124.078125 
 2214 , 108.671875 
 2215 , 91.234375 
 2216 , 75.275390625 
 2217 , 62.154296875 
 2218 , 51.486328125 
 2219 , 50.34375 
 2220 , 71.8671875 
 2221 , 98.529296875 
 2222 , 101.423828125 
 2223 , 86.1875 
 2224 , 64.638671875 
 2225 , 39.64453125 
 2226 , 26.923828125 
 2227 , 52.13671875 
 2228 , 86.70703125 
 2229 , 89.921875 
 2230 , 87.46875 
 2231 , 90.103515625 
 2232 , 56.09765625 
 2233 , 9.39453125 
 2234 , 23.05859375 
 2235 , 79.044921875 
 2236 , 126.953125 
 2237 , 138.380859375 
 2238 , 109.7109375 
 2239 , 70 
 2240 , 63.0625 
 2241 , 119.822265625 
 2242 , 170.068359375 
 2243 , 154.7421875 
 2244 , 121.376953125 
 2245 , 102.419921875 
 2246 , 94.0546875 
 2247 , 83.029296875 
 2248 , 63.341796875 
 2249 , 73.890625 
 2250 , 119.447265625 
 2251 , 128.046875 
 2252 , 91.861328125 
 2253 , 63.546875 
 2254 , 81.40625 
 2255 , 145.44140625 
 2256 , 158.333984375 
 2257 , 93.4296875 
 2258 , 44.986328125 
 2259 , 59.896484375 
 2260 , 131.005859375 
 2261 , 168 
 2262 , 123.873046875 
 2263 , 94.03125 
 2264 , 111.033203125 
 2265 , 128.29296875 
 2266 , 116.455078125 
 2267 , 72.66015625 
 2268 , 49.978515625 
 2269 , 63.171875 
 2270 , 55.990234375 
 2271 , 43.14453125 
 2272 , 78.12890625 
 2273 , 125.7421875 
 2274 , 138.09375 
 2275 , 109.564453125 
 2276 , 72.3125 
 2277 , 76.220703125 
 2278 , 93.072265625 
 2279 , 79.267578125 
 2280 , 52.681640625 
 2281 , 33.955078125 
 2282 , 33.458984375 
 2283 , 40.0390625 
 2284 , 35.412109375 
 2285 , 43.544921875 
 2286 , 74.142578125 
 2287 , 83.59765625 
 2288 , 68.1875 
 2289 , 59.2265625 
 2290 , 58.37109375 
 2291 , 50.1171875 
 2292 , 22.349609375 
 2293 , 0.447265625 
 2294 , 41.568359375 
 2295 , 98.806640625 
 2296 , 91.759765625 
 2297 , 75.49609375 
 2298 , 81.650390625 
 2299 , 41.84765625 
 2300 ,-16.3515625 
 2301 ,-15.880859375 
 2302 , 0.501953125 
 2303 ,-4.234375 
 2304 , 39.126953125 
 2305 , 113.16015625 
 2306 , 111.99609375 
 2307 , 83.91015625 
 2308 , 101.3359375 
 2309 , 102.544921875 
 2310 , 69.93359375 
 2311 , 60.361328125 
 2312 , 65.462890625 
 2313 , 49.58203125 
 2314 , 40.58203125 
 2315 , 57.97265625 
 2316 , 81.39453125 
 2317 , 96.615234375 
 2318 , 99.640625 
 2319 , 108.599609375 
 2320 , 120.626953125 
 2321 , 77.8046875 
 2322 , 1.037109375 
 2323 ,-26.806640625 
 2324 ,-10.056640625 
 2325 , 15.564453125 
 2326 , 26.466796875 
 2327 , 26.251953125 
 2328 , 35.89453125 
 2329 , 34.79296875 
 2330 , 10 
 2331 , 10 
 2332 , 10 
 2333 , 10 
 2334 , 10 
 2335 , 10 
 2336 , 10 
 2337 , 10 
 2338 , 10 
 2339 , 10 
