11-20-2017,17:05:01
Wavenumber(cm-1),Intensity
 250 , 24435.9024802589 
 251 , 24456.6999302973 
 252 , 24476.0101433371 
 253 , 24500.2268467084 
 254 , 24522.0306890709 
 255 , 24533.6284270483 
 256 , 24537.6402269421 
 257 , 24544.4317280847 
 258 , 24562.1473073743 
 259 , 24585.9325606986 
 260 , 24606.5798938594 
 261 , 24619.2121793973 
 262 , 24628.9279929182 
 263 , 24642.1337876882 
 264 , 24662.9261139172 
 265 , 24692.9603923937 
 266 , 24733.4314869114 
 267 , 24782.736307437 
 268 , 24837.9085132593 
 269 , 24894.8533900533 
 270 , 24945.7640485143 
 271 , 24982.2429887246 
 272 , 25004.9788178422 
 273 , 25027.8965334583 
 274 , 25064.8756409311 
 275 , 25116.4138799299 
 276 , 25174.0290542442 
 277 , 25230.6907863983 
 278 , 25286.9228510694 
 279 , 25345.4249557397 
 280 , 25405.4993183206 
 281 , 25459.7845871097 
 282 , 25500.5370112585 
 283 , 25527.3579644462 
 284 , 25546.3675001986 
 285 , 25563.4270294707 
 286 , 25581.3029772284 
 287 , 25601.5433219578 
 288 , 25624.8434975595 
 289 , 25649.7038896587 
 290 , 25674.3198001346 
 291 , 25698.1913114692 
 292 , 25722.299199993 
 293 , 25747.8459101152 
 294 , 25777.2417991863 
 295 , 25813.5081136433 
 296 , 25856.5621185152 
 297 , 25895.9918335224 
 298 , 25919.4708352547 
 299 , 25925.3853143427 
 300 , 25927.2097325684 
 301 , 25938.4312782688 
 302 , 25960.0043289914 
 303 , 25985.0379186734 
 304 , 26008.8829036152 
 305 , 26036.6891521467 
 306 , 26076.0311796472 
 307 , 26125.4530001001 
 308 , 26168.1548867694 
 309 , 26187.6384546273 
 310 , 26193.017785503 
 311 , 26212.5252250101 
 312 , 26267.8308180859 
 313 , 26345.4743444976 
 314 , 26421.1073209191 
 315 , 26480.611903916 
 316 , 26530.2542337938 
 317 , 26578.4302574537 
 318 , 26628.4665134489 
 319 , 26679.3256934987 
 320 , 26729.9562148048 
 321 , 26780.0545895187 
 322 , 26829.5755160038 
 323 , 26875.6572516844 
 324 , 26909.0554151773 
 325 , 26920.3781614683 
 326 , 26915.9290149059 
 327 , 26917.1036303331 
 328 , 26942.4088974974 
 329 , 26987.3442193087 
 330 , 27038.1304507106 
 331 , 27085.8203377271 
 332 , 27133.6008788102 
 333 , 27186.1934548686 
 334 , 27240.1716256072 
 335 , 27283.6263249695 
 336 , 27306.8931686314 
 337 , 27319.1866564918 
 338 , 27337.923246561 
 339 , 27371.4637801011 
 340 , 27403.9503451352 
 341 , 27416.1853673029 
 342 , 27406.6099430599 
 343 , 27392.940084121 
 344 , 27391.921328289 
 345 , 27405.7018316398 
 346 , 27429.8088298334 
 347 , 27459.1738335577 
 348 , 27487.1820150463 
 349 , 27507.1206747295 
 350 , 27516.9191374069 
 351 , 27519.6685760931 
 352 , 27519.5279892519 
 353 , 27526.6878305566 
 354 , 27554.0858182984 
 355 , 27608.6068835727 
 356 , 27680.5261769994 
 357 , 27757.4736149348 
 358 , 27831.7716112197 
 359 , 27900.8902367253 
 360 , 27963.2715642328 
 361 , 28022.5608916415 
 362 , 28084.7183792598 
 363 , 28154.2845810023 
 364 , 28232.0296232487 
 365 , 28317.756521201 
 366 , 28402.3992412111 
 367 , 28467.5859111755 
 368 , 28497.6478056041 
 369 , 28498.492516089 
 370 , 28485.0868589543 
 371 , 28472.7949635352 
 372 , 28477.8798290403 
 373 , 28515.9156748562 
 374 , 28584.4198403091 
 375 , 28663.338855401 
 376 , 28733.9548512916 
 377 , 28790.321898102 
 378 , 28831.3864134235 
 379 , 28858.089547287 
 380 , 28875.7645822474 
 381 , 28890.2722859851 
 382 , 28906.3543449153 
 383 , 28927.7733049822 
 384 , 28957.7525914713 
 385 , 28996.7841704402 
 386 , 29044.4475862146 
 387 , 29100.91309328 
 388 , 29167.4946705253 
 389 , 29244.8783970367 
 390 , 29322.5631240643 
 391 , 29381.518955944 
 392 , 29408.6085640611 
 393 , 29418.4783897162 
 394 , 29433.5294515268 
 395 , 29466.1529181764 
 396 , 29512.3076391047 
 397 , 29566.474360269 
 398 , 29623.6916321286 
 399 , 29679.3566145713 
 400 , 29729.8565216172 
 401 , 29775.226620074 
 402 , 29816.3526390114 
 403 , 29854.3495680386 
 404 , 29890.6429693361 
 405 , 29926.6638389937 
 406 , 29963.6953025214 
 407 , 30002.9431859264 
 408 , 30045.7078640421 
 409 , 30093.5682323994 
 410 , 30148.0920747658 
 411 , 30209.1881559228 
 412 , 30274.961822389 
 413 , 30342.830529221 
 414 , 30406.2242113607 
 415 , 30456.9615155114 
 416 , 30491.6584222055 
 417 , 30517.7307947714 
 418 , 30543.7876614681 
 419 , 30573.5559022202 
 420 , 30606.6285421908 
 421 , 30641.9562201686 
 422 , 30675.9738138234 
 423 , 30704.4214533361 
 424 , 30728.9516921233 
 425 , 30761.2210061276 
 426 , 30812.0772186105 
 427 , 30872.0597305815 
 428 , 30918.7614174927 
 429 , 30936.723617748 
 430 , 30935.668470709 
 431 , 30930.7184691162 
 432 , 30932.2330932411 
 433 , 30944.6380035242 
 434 , 30970.8731614109 
 435 , 31005.3859124003 
 436 , 31038.7249596279 
 437 , 31065.8129182666 
 438 , 31092.3682419991 
 439 , 31125.4955611173 
 440 , 31167.7203373075 
 441 , 31217.4736212628 
 442 , 31273.275462106 
 443 , 31334.8289168161 
 444 , 31402.150272469 
 445 , 31470.5658614294 
 446 , 31527.4663192741 
 447 , 31560.9551614704 
 448 , 31575.4431760506 
 449 , 31585.4516062377 
 450 , 31603.9518169267 
 451 , 31638.2900323881 
 452 , 31694.2198015535 
 453 , 31764.593342509 
 454 , 31827.4510612289 
 455 , 31863.9993993675 
 456 , 31882.0400857307 
 457 , 31900.2296154753 
 458 , 31930.3398529162 
 459 , 31969.4606005648 
 460 , 32013.2642548205 
 461 , 32064.1314501512 
 462 , 32129.5364323534 
 463 , 32211.1687602128 
 464 , 32286.6302143262 
 465 , 32327.9017351849 
 466 , 32328.9787073282 
 467 , 32313.7041538006 
 468 , 32305.9795402693 
 469 , 32313.1382637082 
 470 , 32334.5488248265 
 471 , 32368.7155012449 
 472 , 32412.1527785173 
 473 , 32461.0214942327 
 474 , 32510.5167693729 
 475 , 32555.0108454484 
 476 , 32590.5350219089 
 477 , 32620.8056180782 
 478 , 32651.679055536 
 479 , 32686.4375318453 
 480 , 32724.5743145387 
 481 , 32764.8956408182 
 482 , 32802.8744212955 
 483 , 32832.2757999965 
 484 , 32849.7534809021 
 485 , 32859.4357765304 
 486 , 32866.7129888487 
 487 , 32878.3608778278 
 488 , 32902.3721626031 
 489 , 32944.3874861169 
 490 , 32998.9627042851 
 491 , 33057.4878274819 
 492 , 33113.4747471979 
 493 , 33163.5481132398 
 494 , 33205.2187629513 
 495 , 33241.4019560527 
 496 , 33277.7294557831 
 497 , 33318.3358164282 
 498 , 33363.6020212793 
 499 , 33413.0253695651 
 500 , 33460.8110283633 
 501 , 33496.7598596695 
 502 , 33514.3513980012 
 503 , 33523.343553571 
 504 , 33537.6339280807 
 505 , 33562.5848393829 
 506 , 33592.1013771877 
 507 , 33619.9291129952 
 508 , 33644.6060369251 
 509 , 33666.8281990252 
 510 , 33687.0565519003 
 511 , 33705.2192837863 
 512 , 33721.3598171135 
 513 , 33738.0522579321 
 514 , 33759.7037342501 
 515 , 33789.3615264987 
 516 , 33825.0649166836 
 517 , 33863.688476117 
 518 , 33900.7738126775 
 519 , 33930.3563236146 
 520 , 33947.4484493612 
 521 , 33953.3329745067 
 522 , 33951.6740017404 
 523 , 33952.9299494368 
 524 , 33979.4359132539 
 525 , 34050.6524520782 
 526 , 34145.1509736272 
 527 , 34217.9218585689 
 528 , 34242.2019700376 
 529 , 34241.8698397707 
 530 , 34248.2964698762 
 531 , 34273.0976526592 
 532 , 34310.5918420333 
 533 , 34354.9882380965 
 534 , 34402.5496051447 
 535 , 34450.1100728099 
 536 , 34495.1617369183 
 537 , 34536.0537940872 
 538 , 34571.9174895356 
 539 , 34606.830820067 
 540 , 34646.9170618397 
 541 , 34695.7313396857 
 542 , 34751.8563174475 
 543 , 34812.7328131571 
 544 , 34869.4493756529 
 545 , 34909.152932266 
 546 , 34925.6805564201 
 547 , 34932.3263580251 
 548 , 34945.4553907309 
 549 , 34973.5333882092 
 550 , 35017.9361978766 
 551 , 35078.4169723391 
 552 , 35148.7949755402 
 553 , 35221.3507586798 
 554 , 35290.8307538317 
 555 , 35355.1233812846 
 556 , 35413.7167347152 
 557 , 35475.122509111 
 558 , 35551.2628874808 
 559 , 35637.496490999 
 560 , 35699.396205219 
 561 , 35704.1179116918 
 562 , 35664.6745589992 
 563 , 35619.9753267189 
 564 , 35598.922190655 
 565 , 35604.2748271704 
 566 , 35634.1968537484 
 567 , 35679.0382363007 
 568 , 35723.0461213427 
 569 , 35756.1846276927 
 570 , 35789.5482877461 
 571 , 35838.1198237189 
 572 , 35894.9916749194 
 573 , 35930.0865847741 
 574 , 35922.022078264 
 575 , 35899.0307891801 
 576 , 35904.364411053 
 577 , 35951.1347755023 
 578 , 36009.7372034351 
 579 , 36051.2896625034 
 580 , 36074.9890945615 
 581 , 36092.1196755502 
 582 , 36110.4533899414 
 583 , 36131.0531799891 
 584 , 36154.1963535909 
 585 , 36179.7343805677 
 586 , 36207.2665809442 
 587 , 36233.5496562004 
 588 , 36248.2455005981 
 589 , 36241.2518323128 
 590 , 36221.434690835 
 591 , 36211.8290056982 
 592 , 36228.2353061563 
 593 , 36261.4314827962 
 594 , 36297.2827627579 
 595 , 36326.8842418251 
 596 , 36346.3211989413 
 597 , 36353.8756077476 
 598 , 36356.4896314387 
 599 , 36363.2812300592 
 600 , 36377.7688295734 
 601 , 36396.7414197401 
 602 , 36417.3550472274 
 603 , 36441.0715840585 
 604 , 36470.8362289639 
 605 , 36508.4903676374 
 606 , 36554.2205547559 
 607 , 36607.4447639963 
 608 , 36663.0019358237 
 609 , 36713.7740087403 
 610 , 36758.4911466227 
 611 , 36806.7076054765 
 612 , 36867.336742434 
 613 , 36932.4853106444 
 614 , 36985.1944921041 
 615 , 37020.1467242611 
 616 , 37058.5716940909 
 617 , 37122.9316068172 
 618 , 37206.9173392097 
 619 , 37285.3528373094 
 620 , 37343.0659692753 
 621 , 37393.2817079008 
 622 , 37452.7547936918 
 623 , 37518.2850313916 
 624 , 37571.0951810078 
 625 , 37599.0679708298 
 626 , 37613.4734472779 
 627 , 37629.8047898945 
 628 , 37651.6617445801 
 629 , 37671.7630086458 
 630 , 37685.4358244904 
 631 , 37699.8409952624 
 632 , 37724.7819952902 
 633 , 37763.2912343898 
 634 , 37811.2404253249 
 635 , 37862.8525744704 
 636 , 37906.3328257583 
 637 , 37928.526791222 
 638 , 37928.6662610006 
 639 , 37920.9309251164 
 640 , 37918.5973808562 
 641 , 37925.3714260634 
 642 , 37941.7305412702 
 643 , 37965.9394099736 
 644 , 37993.2559419775 
 645 , 38019.3675935215 
 646 , 38043.8842878231 
 647 , 38067.9382001401 
 648 , 38095.3104152154 
 649 , 38133.788788294 
 650 , 38187.5275397104 
 651 , 38233.4968423021 
 652 , 38237.6782485445 
 653 , 38195.823260704 
 654 , 38153.3118960113 
 655 , 38153.3129168592 
 656 , 38186.4136012551 
 657 , 38219.1913734454 
 658 , 38234.2084772797 
 659 , 38243.1553707142 
 660 , 38259.511209641 
 661 , 38286.1279543255 
 662 , 38320.5585693686 
 663 , 38358.1594182244 
 664 , 38390.1043239368 
 665 , 38408.8014047667 
 666 , 38422.0827086874 
 667 , 38445.8765535018 
 668 , 38486.2816157986 
 669 , 38529.0926387814 
 670 , 38559.1542853606 
 671 , 38576.0340952991 
 672 , 38587.4790914473 
 673 , 38600.8238529079 
 674 , 38622.3325455571 
 675 , 38657.5021937829 
 676 , 38705.5378752332 
 677 , 38762.0203835293 
 678 , 38821.939834441 
 679 , 38879.0807363695 
 680 , 38927.8330374257 
 681 , 38970.4640124407 
 682 , 39013.8620727567 
 683 , 39062.5674116534 
 684 , 39115.734974514 
 685 , 39171.4617995452 
 686 , 39224.4470419685 
 687 , 39267.3787355904 
 688 , 39293.5668493137 
 689 , 39297.7734497624 
 690 , 39276.5965286103 
 691 , 39243.5341982902 
 692 , 39222.0029565347 
 693 , 39226.4778512751 
 694 , 39251.3756946504 
 695 , 39288.2462406697 
 696 , 39326.8233174351 
 697 , 39355.8341024295 
 698 , 39371.9370173785 
 699 , 39388.8986820625 
 700 , 39420.5406721281 
 701 , 39459.754191935 
 702 , 39487.7786129205 
 703 , 39496.2661396772 
 704 , 39498.6764203006 
 705 , 39509.1310212077 
 706 , 39523.1518335477 
 707 , 39526.3877589404 
 708 , 39513.4456672703 
 709 , 39496.6794639558 
 710 , 39489.1149840622 
 711 , 39491.9977494007 
 712 , 39500.6860153653 
 713 , 39514.8645199969 
 714 , 39542.2352990702 
 715 , 39588.3949255839 
 716 , 39635.9498976988 
 717 , 39656.9947295862 
 718 , 39641.5331750336 
 719 , 39610.0038613877 
 720 , 39583.659935547 
 721 , 39568.83471177 
 722 , 39565.4985855156 
 723 , 39574.4656362148 
 724 , 39597.8902526226 
 725 , 39635.8426830094 
 726 , 39674.6742426282 
 727 , 39695.8376136828 
 728 , 39698.2263371587 
 729 , 39705.0215915324 
 730 , 39735.8496588 
 731 , 39780.9784580324 
 732 , 39821.0163656978 
 733 , 39849.022739673 
 734 , 39873.491331573 
 735 , 39902.4298934708 
 736 , 39936.9646816918 
 737 , 39976.0508647022 
 738 , 40015.2667485978 
 739 , 40046.5126066466 
 740 , 40066.116123324 
 741 , 40089.2123771158 
 742 , 40134.7033166982 
 743 , 40200.1065198518 
 744 , 40262.711521597 
 745 , 40302.393382871 
 746 , 40310.6606496596 
 747 , 40283.1037087649 
 748 , 40240.9102861703 
 749 , 40226.000114381 
 750 , 40262.069846897 
 751 , 40318.7636851485 
 752 , 40358.5554856169 
 753 , 40375.1412669181 
 754 , 40383.580265078 
 755 , 40393.701068627 
 756 , 40401.9293938745 
 757 , 40403.6277758948 
 758 , 40402.8566811146 
 759 , 40408.5910440176 
 760 , 40425.1941073945 
 761 , 40447.9451976123 
 762 , 40471.245991859 
 763 , 40490.7953886869 
 764 , 40502.9585786213 
 765 , 40508.1118914222 
 766 , 40512.9736128802 
 767 , 40523.2316370334 
 768 , 40535.0055198245 
 769 , 40541.0420494033 
 770 , 40541.0502531795 
 771 , 40543.6322104295 
 772 , 40555.9841259896 
 773 , 40576.0537546102 
 774 , 40599.044934232 
 775 , 40618.9274345998 
 776 , 40628.4139337289 
 777 , 40622.9467266525 
 778 , 40607.9244882072 
 779 , 40590.9314553986 
 780 , 40578.952140002 
 781 , 40578.4808705148 
 782 , 40590.6677227572 
 783 , 40602.1903692453 
 784 , 40598.5734306051 
 785 , 40579.5406865772 
 786 , 40553.6664590531 
 787 , 40529.7556654783 
 788 , 40516.8115434647 
 789 , 40524.6943001851 
 790 , 40569.821966382 
 791 , 40671.1743770136 
 792 , 40814.9398952851 
 793 , 40936.3384886695 
 794 , 40979.9938041508 
 795 , 40968.4619804854 
 796 , 40950.8099175657 
 797 , 40950.848610287 
 798 , 40962.8586200849 
 799 , 40979.3873868696 
 800 , 40992.7358916892 
 801 , 40995.8288580044 
 802 , 40994.013754505 
 803 , 41003.4342844995 
 804 , 41034.1308101767 
 805 , 41077.5899044354 
 806 , 41122.3553150315 
 807 , 41161.1511029552 
 808 , 41189.3761747195 
 809 , 41204.1225896016 
 810 , 41205.8497212392 
 811 , 41196.1231219669 
 812 , 41181.749210427 
 813 , 41171.8848101074 
 814 , 41173.7594564407 
 815 , 41191.7816962611 
 816 , 41227.2553109383 
 817 , 41266.8842870042 
 818 , 41293.2361450057 
 819 , 41300.4848053211 
 820 , 41294.8065590422 
 821 , 41283.1079741568 
 822 , 41272.8963616307 
 823 , 41271.0978657621 
 824 , 41274.9061078871 
 825 , 41274.4675243431 
 826 , 41264.920422682 
 827 , 41253.1794690061 
 828 , 41246.8658633559 
 829 , 41245.8008060652 
 830 , 41245.9789880276 
 831 , 41247.0631068897 
 832 , 41254.4437878065 
 833 , 41271.6093068137 
 834 , 41289.3421307015 
 835 , 41294.5918331177 
 836 , 41283.5154500127 
 837 , 41261.9626821944 
 838 , 41236.8120435388 
 839 , 41216.8639685908 
 840 , 41210.274167902 
 841 , 41211.3176521945 
 842 , 41204.5082452155 
 843 , 41183.8984068152 
 844 , 41164.6845602992 
 845 , 41162.3896079798 
 846 , 41173.8195439343 
 847 , 41187.244630623 
 848 , 41196.3876701145 
 849 , 41202.7225347276 
 850 , 41206.9228024291 
 851 , 41203.2362010957 
 852 , 41184.8516767119 
 853 , 41160.8796694095 
 854 , 41155.024419916 
 855 , 41179.5160306028 
 856 , 41212.5887551294 
 857 , 41228.6395501588 
 858 , 41223.9528878278 
 859 , 41207.6876233014 
 860 , 41191.1548714332 
 861 , 41189.1480265758 
 862 , 41212.7527100398 
 863 , 41249.3734861389 
 864 , 41278.4052167171 
 865 , 41294.4014769324 
 866 , 41308.5828128619 
 867 , 41330.2842295949 
 868 , 41359.5113857982 
 869 , 41394.2843120433 
 870 , 41432.6089579643 
 871 , 41472.5094198258 
 872 , 41515.8497808662 
 873 , 41572.2250084901 
 874 , 41649.92233152 
 875 , 41742.2297995585 
 876 , 41836.4470710109 
 877 , 41925.9930861971 
 878 , 42011.7543020191 
 879 , 42093.381154326 
 880 , 42164.1832442547 
 881 , 42217.0320698704 
 882 , 42259.4694098072 
 883 , 42309.7215663349 
 884 , 42370.4608401756 
 885 , 42410.6459607659 
 886 , 42400.2017908863 
 887 , 42346.3201121662 
 888 , 42271.858634976 
 889 , 42188.1602251261 
 890 , 42092.151615019 
 891 , 41981.6487674068 
 892 , 41861.2635329235 
 893 , 41737.7810868488 
 894 , 41625.7527885006 
 895 , 41545.3064466597 
 896 , 41503.8898105491 
 897 , 41482.3063612546 
 898 , 41459.1296604635 
 899 , 41420.2678292465 
 900 , 41355.5670082445 
 901 , 41283.9561761014 
 902 , 41258.6241925355 
 903 , 41310.0711503329 
 904 , 41382.5800915379 
 905 , 41406.8492012108 
 906 , 41377.5001722868 
 907 , 41331.7180653057 
 908 , 41296.6205240507 
 909 , 41279.06087247 
 910 , 41281.3027098425 
 911 , 41291.7955498242 
 912 , 41294.5505162025 
 913 , 41287.0660330374 
 914 , 41280.7577121897 
 915 , 41283.9644639917 
 916 , 41294.0425013096 
 917 , 41306.1916836302 
 918 , 41314.2746512602 
 919 , 41311.4953770798 
 920 , 41296.7706267255 
 921 , 41277.8933983102 
 922 , 41261.9342558933 
 923 , 41249.0588552269 
 924 , 41237.5129410349 
 925 , 41226.9491203906 
 926 , 41218.1964314745 
 927 , 41212.3782925219 
 928 , 41211.2131769839 
 929 , 41216.0907724335 
 930 , 41225.4452066341 
 931 , 41236.4829725773 
 932 , 41248.4218047286 
 933 , 41262.8900079275 
 934 , 41279.4077666241 
 935 , 41289.8593573864 
 936 , 41285.5889324108 
 937 , 41269.9130771144 
 938 , 41253.5499833795 
 939 , 41242.6290116157 
 940 , 41235.4179537093 
 941 , 41229.2958908056 
 942 , 41220.9513051921 
 943 , 41207.1993742986 
 944 , 41190.8139538713 
 945 , 41179.6525530069 
 946 , 41179.1070657946 
 947 , 41188.5222600795 
 948 , 41205.8081237772 
 949 , 41224.7937742728 
 950 , 41237.8546167462 
 951 , 41245.4604822882 
 952 , 41257.2796132142 
 953 , 41280.9395799452 
 954 , 41316.1640280093 
 955 , 41359.6961504794 
 956 , 41394.2509107152 
 957 , 41395.0529505867 
 958 , 41357.6910295761 
 959 , 41307.8211169293 
 960 , 41268.2537411899 
 961 , 41240.1289499741 
 962 , 41219.206149875 
 963 , 41204.0724046812 
 964 , 41195.3320542838 
 965 , 41192.6361812862 
 966 , 41193.780466645 
 967 , 41196.0911856854 
 968 , 41195.4739008226 
 969 , 41187.7439617062 
 970 , 41175.8036564157 
 971 , 41168.8143964615 
 972 , 41172.5036819765 
 973 , 41184.1967679059 
 974 , 41199.5208659335 
 975 , 41210.6342701528 
 976 , 41208.7782409938 
 977 , 41198.0888254846 
 978 , 41196.3890416024 
 979 , 41213.4728883782 
 980 , 41234.9647597767 
 981 , 41244.3461080727 
 982 , 41241.6110550764 
 983 , 41234.7867690283 
 984 , 41231.2542628892 
 985 , 41237.5255179835 
 986 , 41256.8353021762 
 987 , 41281.8677315523 
 988 , 41303.249581468 
 989 , 41312.5599786691 
 990 , 41302.2928399332 
 991 , 41282.7593618339 
 992 , 41289.3621590847 
 993 , 41344.184446969 
 994 , 41412.3780225192 
 995 , 41450.2777887144 
 996 , 41464.8019369992 
 997 , 41494.4451440052 
 998 , 41563.3882611114 
 999 , 41672.7336639452 
 1000 , 41816.911775247 
 1001 , 41970.9598279966 
 1002 , 42108.1163108206 
 1003 , 42242.2845068513 
 1004 , 42414.6128052225 
 1005 , 42626.6586185931 
 1006 , 42812.6671260847 
 1007 , 42906.4598211138 
 1008 , 42868.654649497 
 1009 , 42672.7314128299 
 1010 , 42365.461914066 
 1011 , 42046.0640683308 
 1012 , 41780.2396087176 
 1013 , 41572.7957948102 
 1014 , 41422.4146637631 
 1015 , 41327.9905601589 
 1016 , 41286.793303575 
 1017 , 41272.2981248501 
 1018 , 41240.6815867791 
 1019 , 41176.0547157655 
 1020 , 41113.1638039309 
 1021 , 41084.0813133305 
 1022 , 41083.7984373941 
 1023 , 41096.8000631427 
 1024 , 41112.3409125279 
 1025 , 41123.2432325447 
 1026 , 41126.1482018172 
 1027 , 41124.2959290444 
 1028 , 41121.8513684503 
 1029 , 41124.12830925 
 1030 , 41136.3188995638 
 1031 , 41157.5461574716 
 1032 , 41182.6191561654 
 1033 , 41209.3368463754 
 1034 , 41240.7347366954 
 1035 , 41278.1352936803 
 1036 , 41313.2365482876 
 1037 , 41334.8495232929 
 1038 , 41328.2938502194 
 1039 , 41276.8880299042 
 1040 , 41187.1606604252 
 1041 , 41102.5357430739 
 1042 , 41059.7088161733 
 1043 , 41055.5981088405 
 1044 , 41076.3014741395 
 1045 , 41097.5747146894 
 1046 , 41089.3130915062 
 1047 , 41049.6700429359 
 1048 , 41017.713481654 
 1049 , 41023.498002918 
 1050 , 41053.9238225419 
 1051 , 41087.5866844931 
 1052 , 41114.8268471236 
 1053 , 41132.6399602276 
 1054 , 41143.59330507 
 1055 , 41157.2816660456 
 1056 , 41177.7934953079 
 1057 , 41190.9993559515 
 1058 , 41181.9639294784 
 1059 , 41156.9932200253 
 1060 , 41132.1652921961 
 1061 , 41112.4656588689 
 1062 , 41090.5957287705 
 1063 , 41063.4840479045 
 1064 , 41040.5326885076 
 1065 , 41030.1725346199 
 1066 , 41021.6377074651 
 1067 , 40997.1000924922 
 1068 , 40951.3988773524 
 1069 , 40891.1312502819 
 1070 , 40825.8651254157 
 1071 , 40770.4893558501 
 1072 , 40736.3128522 
 1073 , 40712.5615168652 
 1074 , 40682.7251198691 
 1075 , 40650.8073585252 
 1076 , 40636.1222151941 
 1077 , 40643.3781896764 
 1078 , 40651.9962054411 
 1079 , 40645.3396377543 
 1080 , 40632.4623437223 
 1081 , 40628.5184223015 
 1082 , 40644.7895549678 
 1083 , 40689.6315522318 
 1084 , 40746.6935234124 
 1085 , 40766.9776385333 
 1086 , 40720.36827 
 1087 , 40640.9672888535 
 1088 , 40570.9517598686 
 1089 , 40521.6243209324 
 1090 , 40490.2328533567 
 1091 , 40475.5201135418 
 1092 , 40477.7829880792 
 1093 , 40489.3461528965 
 1094 , 40484.4492695393 
 1095 , 40441.5884808682 
 1096 , 40375.5025423269 
 1097 , 40311.6985576493 
 1098 , 40255.4609063357 
 1099 , 40196.9088300708 
 1100 , 40136.4661613057 
 1101 , 40092.0641349174 
 1102 , 40075.0913613446 
 1103 , 40066.1755562136 
 1104 , 40040.6557572937 
 1105 , 39992.1531532632 
 1106 , 39924.5489195518 
 1107 , 39850.5218564156 
 1108 , 39792.9452203994 
 1109 , 39764.2936949044 
 1110 , 39748.733615657 
 1111 , 39728.7394609779 
 1112 , 39703.8988518543 
 1113 , 39679.7630985721 
 1114 , 39653.8506595509 
 1115 , 39617.1905521668 
 1116 , 39572.2674034762 
 1117 , 39541.9416469932 
 1118 , 39541.0665962606 
 1119 , 39544.7237194362 
 1120 , 39522.5424198306 
 1121 , 39486.2116301143 
 1122 , 39469.9270616424 
 1123 , 39477.8726892768 
 1124 , 39478.7015712635 
 1125 , 39452.5677551034 
 1126 , 39413.7212157645 
 1127 , 39378.9653646208 
 1128 , 39349.2542181105 
 1129 , 39319.9909961219 
 1130 , 39288.8509655807 
 1131 , 39255.2819222506 
 1132 , 39219.4079277851 
 1133 , 39182.3642523206 
 1134 , 39144.5993621919 
 1135 , 39103.8336948115 
 1136 , 39058.7518182319 
 1137 , 39020.8238435166 
 1138 , 39006.7182918315 
 1139 , 39008.1542367643 
 1140 , 38991.6056629411 
 1141 , 38943.3420451717 
 1142 , 38893.6631377482 
 1143 , 38870.6799019175 
 1144 , 38866.354435969 
 1145 , 38862.9300408192 
 1146 , 38851.6493001943 
 1147 , 38829.4557703611 
 1148 , 38795.9671725263 
 1149 , 38754.0909904714 
 1150 , 38707.7436696967 
 1151 , 38662.950000908 
 1152 , 38624.6581824762 
 1153 , 38589.4466370471 
 1154 , 38550.7444947306 
 1155 , 38500.5701095245 
 1156 , 38430.3392523813 
 1157 , 38357.7922359761 
 1158 , 38340.6986297583 
 1159 , 38409.7062872013 
 1160 , 38498.4983742284 
 1161 , 38532.7566615249 
 1162 , 38517.6644690003 
 1163 , 38491.475001869 
 1164 , 38470.5364504053 
 1165 , 38451.9554344768 
 1166 , 38432.3265359321 
 1167 , 38408.477843647 
 1168 , 38377.9013632483 
 1169 , 38340.4188606932 
 1170 , 38295.8572783088 
 1171 , 38239.8191980547 
 1172 , 38166.8455490376 
 1173 , 38092.3397075076 
 1174 , 38051.4645579612 
 1175 , 38051.7907053722 
 1176 , 38047.2167303641 
 1177 , 38002.8316026168 
 1178 , 37951.3396405183 
 1179 , 37935.6512096639 
 1180 , 37942.7284311248 
 1181 , 37932.0933896039 
 1182 , 37892.8512670338 
 1183 , 37844.0214444831 
 1184 , 37801.0978325322 
 1185 , 37770.0903409282 
 1186 , 37754.366861077 
 1187 , 37751.0630531907 
 1188 , 37755.2982708272 
 1189 , 37758.3198117004 
 1190 , 37749.4066619487 
 1191 , 37718.8212231129 
 1192 , 37657.9662887369 
 1193 , 37574.5106549781 
 1194 , 37507.5092705562 
 1195 , 37485.5148432648 
 1196 , 37481.6162459906 
 1197 , 37460.0876510884 
 1198 , 37425.7928591828 
 1199 , 37403.260668927 
 1200 , 37403.5766398098 
 1201 , 37424.6377746764 
 1202 , 37446.852813207 
 1203 , 37419.7841854645 
 1204 , 37311.8101519287 
 1205 , 37171.4150006864 
 1206 , 37060.410127562 
 1207 , 37003.9982736173 
 1208 , 37008.644745789 
 1209 , 37044.9888396164 
 1210 , 37053.1749139082 
 1211 , 37015.4844599592 
 1212 , 36984.5103724228 
 1213 , 36988.5196184572 
 1214 , 36958.1261948669 
 1215 , 36825.6337373608 
 1216 , 36659.2685592878 
 1217 , 36574.8145365101 
 1218 , 36592.8968896961 
 1219 , 36661.9181075139 
 1220 , 36718.0439010795 
 1221 , 36682.9623341392 
 1222 , 36528.7197892205 
 1223 , 36363.0843223151 
 1224 , 36292.3247293362 
 1225 , 36298.5879355469 
 1226 , 36326.0645390237 
 1227 , 36348.5600330401 
 1228 , 36358.2874986972 
 1229 , 36345.2986258022 
 1230 , 36296.9343503564 
 1231 , 36212.1310627127 
 1232 , 36114.477556863 
 1233 , 36028.7346546644 
 1234 , 35971.805714724 
 1235 , 35953.3570986805 
 1236 , 35940.2237375505 
 1237 , 35881.4867333211 
 1238 , 35785.7118552398 
 1239 , 35714.0084751886 
 1240 , 35692.6895849011 
 1241 , 35689.3251990973 
 1242 , 35675.7456602354 
 1243 , 35652.2934749293 
 1244 , 35622.9474718248 
 1245 , 35582.0332890555 
 1246 , 35523.4879667347 
 1247 , 35478.4620835208 
 1248 , 35500.4977432269 
 1249 , 35572.0473841849 
 1250 , 35591.6846083452 
 1251 , 35510.9883119152 
 1252 , 35403.7771527143 
 1253 , 35338.5582315442 
 1254 , 35301.0668044483 
 1255 , 35260.4496087318 
 1256 , 35216.3537877025 
 1257 , 35181.8403778922 
 1258 , 35157.016264276 
 1259 , 35131.2924307125 
 1260 , 35099.0688865993 
 1261 , 35062.457641877 
 1262 , 35025.5689067462 
 1263 , 34996.1384112388 
 1264 , 34979.3999840825 
 1265 , 34965.559243238 
 1266 , 34942.033556152 
 1267 , 34913.1715257033 
 1268 , 34892.2218083068 
 1269 , 34882.6906726077 
 1270 , 34878.5273229902 
 1271 , 34866.6305245887 
 1272 , 34822.8163826405 
 1273 , 34739.1872822563 
 1274 , 34659.38138286 
 1275 , 34625.8248473444 
 1276 , 34621.7444890109 
 1277 , 34612.7404417329 
 1278 , 34592.826587267 
 1279 , 34572.9076394845 
 1280 , 34554.8278110543 
 1281 , 34530.8551430657 
 1282 , 34500.4203266687 
 1283 , 34476.4628055103 
 1284 , 34468.4846600718 
 1285 , 34470.8491733525 
 1286 , 34474.7327429821 
 1287 , 34470.0166246427 
 1288 , 34446.5500098218 
 1289 , 34398.8961687587 
 1290 , 34325.1331637122 
 1291 , 34238.1631599431 
 1292 , 34166.0894655991 
 1293 , 34118.790512274 
 1294 , 34072.8572687069 
 1295 , 34011.3887659648 
 1296 , 33947.6647537685 
 1297 , 33896.9745799285 
 1298 , 33854.1794157162 
 1299 , 33808.4128763286 
 1300 , 33761.4102566463 
 1301 , 33722.0395808595 
 1302 , 33693.4942233843 
 1303 , 33673.3657703589 
 1304 , 33660.7441915412 
 1305 , 33657.5044631254 
 1306 , 33656.7674234798 
 1307 , 33626.9425610821 
 1308 , 33545.7078959016 
 1309 , 33455.6336474381 
 1310 , 33411.2429964063 
 1311 , 33401.1712406794 
 1312 , 33382.2033732082 
 1313 , 33347.3012097688 
 1314 , 33319.8781262336 
 1315 , 33301.7768749736 
 1316 , 33263.7534066826 
 1317 , 33192.5781935421 
 1318 , 33116.8183708638 
 1319 , 33065.1042644009 
 1320 , 33043.6051031295 
 1321 , 33049.50548755 
 1322 , 33056.1116354957 
 1323 , 33029.7968338494 
 1324 , 32975.4814146172 
 1325 , 32923.7041769436 
 1326 , 32881.2994831641 
 1327 , 32828.6209422948 
 1328 , 32764.9990478711 
 1329 , 32725.8672012889 
 1330 , 32733.0886471729 
 1331 , 32757.8698681922 
 1332 , 32767.367363113 
 1333 , 32754.5472971628 
 1334 , 32720.6034880915 
 1335 , 32668.5662670095 
 1336 , 32602.7124856364 
 1337 , 32532.3546878149 
 1338 , 32470.717141743 
 1339 , 32422.9875423462 
 1340 , 32383.811444239 
 1341 , 32348.0457899629 
 1342 , 32312.4242775749 
 1343 , 32275.3845477135 
 1344 , 32240.3333598883 
 1345 , 32211.6162753813 
 1346 , 32192.9682908428 
 1347 , 32186.6135445329 
 1348 , 32182.1265064893 
 1349 , 32162.5377640494 
 1350 , 32121.8500460199 
 1351 , 32063.9741625736 
 1352 , 31999.7373927621 
 1353 , 31948.9095976544 
 1354 , 31920.1803774834 
 1355 , 31897.0496964552 
 1356 , 31860.076726554 
 1357 , 31790.9289833302 
 1358 , 31680.2503069376 
 1359 , 31568.3096432599 
 1360 , 31506.0816008244 
 1361 , 31479.3004530107 
 1362 , 31439.6486045883 
 1363 , 31379.8960730733 
 1364 , 31327.8734520646 
 1365 , 31291.6092059012 
 1366 , 31251.8085375429 
 1367 , 31197.3645982949 
 1368 , 31137.33790327 
 1369 , 31081.1722281411 
 1370 , 31031.8866675807 
 1371 , 30990.2319030559 
 1372 , 30951.8771472619 
 1373 , 30911.7174178385 
 1374 , 30871.5730897523 
 1375 , 30836.5649161912 
 1376 , 30809.9679209687 
 1377 , 30793.2745755397 
 1378 , 30777.1278445939 
 1379 , 30740.1178616434 
 1380 , 30671.2832514996 
 1381 , 30578.4635729755 
 1382 , 30474.3195491628 
 1383 , 30379.2770768324 
 1384 , 30310.4173257626 
 1385 , 30266.3055567405 
 1386 , 30239.2326860612 
 1387 , 30211.286643617 
 1388 , 30162.7836250675 
 1389 , 30097.3638821289 
 1390 , 30032.0261987051 
 1391 , 29974.5198840015 
 1392 , 29924.2719482712 
 1393 , 29879.50485872 
 1394 , 29837.2512894114 
 1395 , 29794.5584269854 
 1396 , 29748.6555597149 
 1397 , 29700.3945846815 
 1398 , 29660.9881553341 
 1399 , 29640.0056364261 
 1400 , 29631.5990363589 
 1401 , 29624.6842208728 
 1402 , 29601.4412946475 
 1403 , 29544.178832591 
 1404 , 29467.4911590474 
 1405 , 29404.6633368961 
 1406 , 29365.3707272604 
 1407 , 29337.9948775685 
 1408 , 29314.4321893227 
 1409 , 29292.0907414435 
 1410 , 29269.1233418303 
 1411 , 29244.3934988038 
 1412 , 29216.7314889137 
 1413 , 29184.6623887315 
 1414 , 29149.8299126542 
 1415 , 29126.9242565179 
 1416 , 29128.9201182405 
 1417 , 29137.3197042062 
 1418 , 29123.9639674818 
 1419 , 29083.665572024 
 1420 , 29024.1639948102 
 1421 , 28955.1240658829 
 1422 , 28887.3006714872 
 1423 , 28822.0750943346 
 1424 , 28750.4796600846 
 1425 , 28676.4884552011 
 1426 , 28625.4088404681 
 1427 , 28608.4863973317 
 1428 , 28600.8563126548 
 1429 , 28580.609326257 
 1430 , 28551.8411826634 
 1431 , 28521.7667750362 
 1432 , 28486.961987711 
 1433 , 28441.9865363901 
 1434 , 28389.8163518389 
 1435 , 28336.8916127473 
 1436 , 28287.6349875321 
 1437 , 28245.0143640409 
 1438 , 28208.3088869313 
 1439 , 28173.6756688948 
 1440 , 28137.3504175752 
 1441 , 28095.8216163747 
 1442 , 28048.5147793352 
 1443 , 27999.616472455 
 1444 , 27954.3418713815 
 1445 , 27919.2490849045 
 1446 , 27899.3270901264 
 1447 , 27893.9284035849 
 1448 , 27898.4861528 
 1449 , 27895.627237654 
 1450 , 27867.9413674528 
 1451 , 27821.9887919564 
 1452 , 27774.6928344631 
 1453 , 27749.3514631643 
 1454 , 27770.0183532805 
 1455 , 27819.2638112886 
 1456 , 27849.2349006398 
 1457 , 27843.5643333973 
 1458 , 27819.0169651116 
 1459 , 27783.5755294505 
 1460 , 27730.9257034729 
 1461 , 27662.1663817396 
 1462 , 27594.3689369603 
 1463 , 27535.4583106957 
 1464 , 27465.1768290039 
 1465 , 27369.2562333346 
 1466 , 27270.8421178331 
 1467 , 27194.4794980818 
 1468 , 27130.1862937763 
 1469 , 27059.7014579944 
 1470 , 26981.5929239835 
 1471 , 26901.615474192 
 1472 , 26825.9548383574 
 1473 , 26760.6142259012 
 1474 , 26705.5238554685 
 1475 , 26656.2903684953 
 1476 , 26615.1643205446 
 1477 , 26590.8263994056 
 1478 , 26578.6119355233 
 1479 , 26556.052444789 
 1480 , 26512.5974648745 
 1481 , 26460.4876863454 
 1482 , 26410.929172072 
 1483 , 26367.5064109393 
 1484 , 26331.1297041799 
 1485 , 26297.7602676791 
 1486 , 26263.3423452255 
 1487 , 26227.6994619074 
 1488 , 26192.2656868019 
 1489 , 26161.8582057701 
 1490 , 26141.2241950666 
 1491 , 26125.5679392246 
 1492 , 26106.1712889206 
 1493 , 26079.3788893657 
 1494 , 26044.9436380584 
 1495 , 26007.9222433976 
 1496 , 25976.9018872575 
 1497 , 25947.8117792866 
 1498 , 25904.3002480823 
 1499 , 25845.8721967898 
 1500 , 25792.7399224514 
 1501 , 25752.6202360332 
 1502 , 25710.6957088765 
 1503 , 25659.965893082 
 1504 , 25614.1692421123 
 1505 , 25582.9744952665 
 1506 , 25557.9320470824 
 1507 , 25530.1746748689 
 1508 , 25500.1025640193 
 1509 , 25467.4588103889 
 1510 , 25419.5307639019 
 1511 , 25345.1053114599 
 1512 , 25263.6041852998 
 1513 , 25201.7144355871 
 1514 , 25153.2446458623 
 1515 , 25098.7537783738 
 1516 , 25044.323555334 
 1517 , 25010.3635158244 
 1518 , 25001.6612726646 
 1519 , 25010.5211933028 
 1520 , 25017.7195146667 
 1521 , 24994.2253718571 
 1522 , 24933.2952709553 
 1523 , 24854.5798879277 
 1524 , 24777.7190301672 
 1525 , 24720.0892091644 
 1526 , 24689.7990661889 
 1527 , 24678.6547747106 
 1528 , 24675.0205851671 
 1529 , 24663.371984693 
 1530 , 24635.4709411563 
 1531 , 24604.8632779254 
 1532 , 24582.4793782448 
 1533 , 24556.9040926501 
 1534 , 24518.1726159433 
 1535 , 24484.2163460719 
 1536 , 24473.5480986575 
 1537 , 24465.4782703673 
 1538 , 24431.0220892686 
 1539 , 24377.2430613013 
 1540 , 24324.7844532343 
 1541 , 24278.7920827217 
 1542 , 24236.6893273297 
 1543 , 24200.2482790386 
 1544 , 24173.7039159627 
 1545 , 24156.3020006402 
 1546 , 24143.4730393421 
 1547 , 24131.3372410346 
 1548 , 24116.88949656 
 1549 , 24101.283696219 
 1550 , 24089.9851120629 
 1551 , 24078.9660655736 
 1552 , 24051.6102052498 
 1553 , 24004.5253683232 
 1554 , 23956.4259726381 
 1555 , 23919.2451365608 
 1556 , 23888.5068218976 
 1557 , 23860.5931107337 
 1558 , 23837.9025567882 
 1559 , 23822.3551209527 
 1560 , 23812.3535507646 
 1561 , 23803.624804417 
 1562 , 23785.1160098278 
 1563 , 23749.1741898418 
 1564 , 23706.7918047532 
 1565 , 23670.7128280451 
 1566 , 23640.5504311737 
 1567 , 23612.5929939303 
 1568 , 23586.0576501924 
 1569 , 23561.168929795 
 1570 , 23538.045831226 
 1571 , 23517.453289135 
 1572 , 23505.7647983771 
 1573 , 23510.0932022155 
 1574 , 23518.0113613319 
 1575 , 23507.1762066495 
 1576 , 23469.4518891062 
 1577 , 23406.9823971673 
 1578 , 23334.1848561898 
 1579 , 23273.7519329667 
 1580 , 23230.9921152763 
 1581 , 23196.0726316849 
 1582 , 23166.2389941287 
 1583 , 23146.25520317 
 1584 , 23136.9629276836 
 1585 , 23134.1732105814 
 1586 , 23128.6068703338 
 1587 , 23104.8395669741 
 1588 , 23057.8805248277 
 1589 , 22999.0419671615 
 1590 , 22940.4354626928 
 1591 , 22893.1882762631 
 1592 , 22861.565339663 
 1593 , 22836.6610165617 
 1594 , 22809.3802323888 
 1595 , 22773.5842872202 
 1596 , 22729.7996336555 
 1597 , 22694.3338904134 
 1598 , 22678.0626984236 
 1599 , 22669.3112527511 
 1600 , 22656.3617123379 
 1601 , 22640.396133416 
 1602 , 22624.8518660958 
 1603 , 22611.8279968001 
 1604 , 22601.8112957461 
 1605 , 22589.84117943 
 1606 , 22571.5696713683 
 1607 , 22552.2513331158 
 1608 , 22537.5650402513 
 1609 , 22520.4036377024 
 1610 , 22490.6930496424 
 1611 , 22445.9254114291 
 1612 , 22387.1887230484 
 1613 , 22320.913620494 
 1614 , 22255.020673209 
 1615 , 22192.0882280372 
 1616 , 22131.8257794609 
 1617 , 22070.3070482656 
 1618 , 22003.1275732451 
 1619 , 21938.6583257388 
 1620 , 21890.6922632242 
 1621 , 21855.4962704286 
 1622 , 21819.6100928492 
 1623 , 21780.4756568304 
 1624 , 21742.7817486318 
 1625 , 21710.7681367522 
 1626 , 21687.7553661771 
 1627 , 21669.4018619062 
 1628 , 21645.5855276341 
 1629 , 21608.7770643316 
 1630 , 21554.4089641844 
 1631 , 21490.6482636759 
 1632 , 21436.5102597709 
 1633 , 21398.7738728358 
 1634 , 21371.8668884424 
 1635 , 21347.3639678246 
 1636 , 21314.8751625957 
 1637 , 21277.1152384807 
 1638 , 21250.9437668261 
 1639 , 21237.9833650815 
 1640 , 21221.2130600097 
 1641 , 21191.4152267075 
 1642 , 21150.6198207519 
 1643 , 21105.2334543418 
 1644 , 21066.3602233234 
 1645 , 21036.8428090704 
 1646 , 21007.5303045587 
 1647 , 20973.9678446367 
 1648 , 20939.9775987231 
 1649 , 20907.4547030014 
 1650 , 20874.2673243014 
 1651 , 20840.5032339926 
 1652 , 20810.4141754024 
 1653 , 20784.1412098022 
 1654 , 20754.1792189907 
 1655 , 20720.3721339561 
 1656 , 20696.997802218 
 1657 , 20686.7431298917 
 1658 , 20667.8779563891 
 1659 , 20628.2210679867 
 1660 , 20579.3766481617 
 1661 , 20533.8994700513 
 1662 , 20500.6953199949 
 1663 , 20481.1383589858 
 1664 , 20461.8331551679 
 1665 , 20433.3743752865 
 1666 , 20398.914766294 
 1667 , 20361.7658926797 
 1668 , 20321.9945948659 
 1669 , 20281.6716612847 
 1670 , 20248.3908651104 
 1671 , 20225.9689503556 
 1672 , 20207.6765246575 
 1673 , 20186.938783164 
 1674 , 20161.093476242 
 1675 , 20128.6380477771 
 1676 , 20089.500618595 
 1677 , 20043.9044098344 
 1678 , 19992.2897466776 
 1679 , 19939.5047629941 
 1680 , 19901.2136376778 
 1681 , 19884.2306680762 
 1682 , 19869.1409978867 
 1683 , 19840.6667329882 
 1684 , 19804.0808799876 
 1685 , 19765.4826134846 
 1686 , 19725.0325287698 
 1687 , 19684.5023581046 
 1688 , 19652.0492060188 
 1689 , 19630.6584831047 
 1690 , 19607.7930874309 
 1691 , 19574.2439584201 
 1692 , 19535.1814349534 
 1693 , 19497.4575307495 
 1694 , 19466.5809684 
 1695 , 19443.7629483713 
 1696 , 19420.1569786786 
 1697 , 19390.0037837362 
 1698 , 19358.7139154219 
 1699 , 19329.085042433 
 1700 , 19293.7269501756 
 1701 , 19250.0151150518 
 1702 , 19209.9540930044 
 1703 , 19180.8179089514 
 1704 , 19154.2591261826 
 1705 , 19124.7564497115 
 1706 , 19097.9693340807 
 1707 , 19077.2911457808 
 1708 , 19057.8823445603 
 1709 , 19034.7066354904 
 1710 , 19004.6397699758 
 1711 , 18970.6389557965 
 1712 , 18947.4950919062 
 1713 , 18936.6554858534 
 1714 , 18910.4967960935 
 1715 , 18855.716558884 
 1716 , 18792.7289501296 
 1717 , 18742.7102192291 
 1718 , 18721.1690962246 
 1719 , 18729.7039099384 
 1720 , 18746.6330737516 
 1721 , 18751.5276788038 
 1722 , 18730.2343412135 
 1723 , 18684.4347766028 
 1724 , 18639.8873481166 
 1725 , 18608.1849372072 
 1726 , 18576.2461405598 
 1727 , 18536.8959524249 
 1728 , 18494.4699993021 
 1729 , 18453.9817696241 
 1730 , 18420.1095992355 
 1731 , 18396.1036166444 
 1732 , 18383.1387708664 
 1733 , 18373.5136306992 
 1734 , 18349.5534108354 
 1735 , 18313.0160691527 
 1736 , 18287.5461523888 
 1737 , 18269.9286052048 
 1738 , 18228.40026168 
 1739 , 18167.101221183 
 1740 , 18126.0984851745 
 1741 , 18114.2487510915 
 1742 , 18109.9317271308 
 1743 , 18095.8327241696 
 1744 , 18060.5041074562 
 1745 , 18010.0726641826 
 1746 , 17964.4724431234 
 1747 , 17939.8697217377 
 1748 , 17946.4781981848 
 1749 , 17958.2714123595 
 1750 , 17928.9779378491 
 1751 , 17866.1744626256 
 1752 , 17809.3350730815 
 1753 , 17771.2610724458 
 1754 , 17748.467797288 
 1755 , 17733.5901306108 
 1756 , 17717.4418454116 
 1757 , 17691.9583756328 
 1758 , 17652.5111028335 
 1759 , 17615.3097252022 
 1760 , 17600.6909894399 
 1761 , 17596.6225552421 
 1762 , 17584.5418536903 
 1763 , 17582.1643305036 
 1764 , 17606.1842901143 
 1765 , 17601.9618012686 
 1766 , 17518.3685353962 
 1767 , 17423.4793614609 
 1768 , 17393.6988964425 
 1769 , 17402.7773418466 
 1770 , 17407.2247509466 
 1771 , 17394.1476188979 
 1772 , 17364.3402939613 
 1773 , 17340.2086729986 
 1774 , 17336.037417103 
 1775 , 17331.8977135202 
 1776 , 17313.9585489526 
 1777 , 17297.6023197212 
 1778 , 17292.8875804124 
 1779 , 17288.9835141225 
 1780 , 17273.0964725764 
 1781 , 17234.0561390849 
 1782 , 17175.8016002086 
 1783 , 17126.8936511785 
 1784 , 17100.7377480089 
 1785 , 17085.1711575744 
 1786 , 17072.6150604565 
 1787 , 17063.7824771334 
 1788 , 17051.7827939113 
 1789 , 17021.4622144614 
 1790 , 16979.759528731 
 1791 , 16954.6112594781 
 1792 , 16949.2358315861 
 1793 , 16945.393694766 
 1794 , 16935.8864388072 
 1795 , 16922.1357052375 
 1796 , 16902.5123515245 
 1797 , 16874.1025992616 
 1798 , 16842.3444323136 
 1799 , 16817.4822098094 
 1800 , 16810.3081600088 
 1801 , 16826.8086557702 
 1802 , 16838.8179945591 
 1803 , 16811.8902911557 
 1804 , 16756.1441445369 
 1805 , 16696.3294890016 
 1806 , 16652.2442075364 
 1807 , 16634.613317037 
 1808 , 16624.0247915135 
 1809 , 16601.1514653589 
 1810 , 16571.6667502939 
 1811 , 16546.3160116455 
 1812 , 16535.5385483189 
 1813 , 16538.2398092541 
 1814 , 16526.9245579818 
 1815 , 16493.2637481724 
 1816 , 16473.0575718787 
 1817 , 16482.8318873994 
 1818 , 16499.562763896 
 1819 , 16505.5940005425 
 1820 , 16495.8431839303 
 1821 , 16472.0820922445 
 1822 , 16442.6863693156 
 1823 , 16410.7281245151 
 1824 , 16374.1549067003 
 1825 , 16336.7209149062 
 1826 , 16306.6011692691 
 1827 , 16286.390375845 
 1828 , 16274.4175275139 
 1829 , 16265.0330631358 
 1830 , 16251.0193206027 
 1831 , 16229.8313309976 
 1832 , 16201.9440392597 
 1833 , 16173.0573650551 
 1834 , 16150.0381458666 
 1835 , 16135.9182071034 
 1836 , 16128.9368406642 
 1837 , 16113.2115485856 
 1838 , 16079.6363188646 
 1839 , 16050.9062028395 
 1840 , 16041.7028670386 
 1841 , 16031.2657795523 
 1842 , 16007.2727006572 
 1843 , 15985.3104114418 
 1844 , 15972.4571763372 
 1845 , 15956.5572868481 
 1846 , 15931.8092826268 
 1847 , 15903.2670526654 
 1848 , 15877.8697514415 
 1849 , 15863.6470780983 
 1850 , 15866.1880035863 
 1851 , 15886.9646716418 
 1852 , 15901.9509860606 
 1853 , 15874.1484737799 
 1854 , 15814.7092015746 
 1855 , 15759.9210087946 
 1856 , 15729.160470412 
 1857 , 15727.7727080387 
 1858 , 15725.2496437337 
 1859 , 15691.3552613286 
 1860 , 15652.8344538569 
 1861 , 15637.6300228261 
 1862 , 15624.4148337451 
 1863 , 15594.7605005389 
 1864 , 15565.445470279 
 1865 , 15548.292256212 
 1866 , 15533.2107258575 
 1867 , 15515.1436705077 
 1868 , 15501.3472007429 
 1869 , 15492.849137182 
 1870 , 15481.1968701451 
 1871 , 15454.8985856139 
 1872 , 15402.3989809208 
 1873 , 15349.0195779917 
 1874 , 15342.9563766294 
 1875 , 15363.7472073838 
 1876 , 15356.1376265884 
 1877 , 15328.8947158808 
 1878 , 15316.7374518359 
 1879 , 15325.0955599652 
 1880 , 15342.6788813512 
 1881 , 15331.9762743513 
 1882 , 15270.9285600538 
 1883 , 15212.612544532 
 1884 , 15197.5321289858 
 1885 , 15196.1413782618 
 1886 , 15186.8670377648 
 1887 , 15183.276923238 
 1888 , 15181.7104649509 
 1889 , 15149.2271675428 
 1890 , 15092.8668395126 
 1891 , 15064.1820577276 
 1892 , 15067.755112226 
 1893 , 15067.7344969955 
 1894 , 15049.9990350342 
 1895 , 15016.3168376972 
 1896 , 14975.0652450291 
 1897 , 14937.4742700187 
 1898 , 14913.0620994087 
 1899 , 14906.4104351979 
 1900 , 14903.4599053894 
 1901 , 14889.131883884 
 1902 , 14861.1310968028 
 1903 , 14823.3267317965 
 1904 , 14788.0194714832 
 1905 , 14765.1434527801 
 1906 , 14758.2351436448 
 1907 , 14761.2287067729 
 1908 , 14756.9886663699 
 1909 , 14739.8860566688 
 1910 , 14715.7555684355 
 1911 , 14684.4976732191 
 1912 , 14643.8946344827 
 1913 , 14615.1997687308 
 1914 , 14624.5556084787 
 1915 , 14648.0278995642 
 1916 , 14649.8178135173 
 1917 , 14630.0670138214 
 1918 , 14593.6798025804 
 1919 , 14528.1700168108 
 1920 , 14445.0256950327 
 1921 , 14418.3809217658 
 1922 , 14464.7805655924 
 1923 , 14491.08471439 
 1924 , 14463.8693234688 
 1925 , 14434.2422074417 
 1926 , 14417.0575955871 
 1927 , 14391.3870520929 
 1928 , 14357.2769934739 
 1929 , 14329.0278164332 
 1930 , 14316.9878461199 
 1931 , 14323.3511706141 
 1932 , 14316.8299654282 
 1933 , 14271.6005360712 
 1934 , 14225.3566078951 
 1935 , 14211.96210378 
 1936 , 14215.6919953792 
 1937 , 14220.9427557682 
 1938 , 14227.281952635 
 1939 , 14230.1600901912 
 1940 , 14217.8739261638 
 1941 , 14190.8840333613 
 1942 , 14161.3065199581 
 1943 , 14134.2619813323 
 1944 , 14109.9019076405 
 1945 , 14090.0412390234 
 1946 , 14076.6150220427 
 1947 , 14067.4673341308 
 1948 , 14059.5069807382 
 1949 , 14051.3521097569 
 1950 , 14038.8790241286 
 1951 , 14010.142911907 
 1952 , 13965.8380961391 
 1953 , 13930.8094263949 
 1954 , 13919.3075556181 
 1955 , 13928.4425890141 
 1956 , 13938.6031115442 
 1957 , 13919.4451058618 
 1958 , 13873.9650809069 
 1959 , 13825.6142017838 
 1960 , 13795.019301558 
 1961 , 13793.6528256954 
 1962 , 13796.9152040461 
 1963 , 13784.0109210166 
 1964 , 13777.6553140712 
 1965 , 13787.2336342067 
 1966 , 13777.7016783543 
 1967 , 13738.1259111651 
 1968 , 13698.9247671212 
 1969 , 13668.1405293425 
 1970 , 13630.5829414679 
 1971 , 13598.2607986855 
 1972 , 13596.9223285481 
 1973 , 13608.089261892 
 1974 , 13602.7680521876 
 1975 , 13604.0973632499 
 1976 , 13629.1661201258 
 1977 , 13622.1594048283 
 1978 , 13556.8188778267 
 1979 , 13502.0491304662 
 1980 , 13488.136947189 
 1981 , 13472.3049480147 
 1982 , 13443.9495358995 
 1983 , 13428.0091462148 
 1984 , 13420.4379943506 
 1985 , 13400.2483236163 
 1986 , 13375.1560285083 
 1987 , 13360.8646374934 
 1988 , 13348.1301264055 
 1989 , 13327.0790975619 
 1990 , 13308.4686039079 
 1991 , 13295.7392457409 
 1992 , 13270.6453290763 
 1993 , 13240.3300966228 
 1994 , 13246.0833406229 
 1995 , 13274.3717333679 
 1996 , 13267.0160621417 
 1997 , 13232.4942162196 
 1998 , 13213.6167181422 
 1999 , 13213.0174745906 
 2000 , 13216.6576380699 
 2001 , 13207.2322944373 
 2002 , 13178.8641283394 
 2003 , 13156.0543587569 
 2004 , 13152.6346046997 
 2005 , 13157.3617528976 
 2006 , 13154.3761562036 
 2007 , 13126.9895642476 
 2008 , 13080.5558212624 
 2009 , 13035.8820798813 
 2010 , 13011.9946163299 
 2011 , 13020.3156030121 
 2012 , 13041.4103708437 
 2013 , 13051.5404195731 
 2014 , 13040.5488753653 
 2015 , 13012.3955999804 
 2016 , 12991.7483668744 
 2017 , 12982.9085008034 
 2018 , 12964.6200580892 
 2019 , 12934.2579437249 
 2020 , 12904.6511109303 
 2021 , 12887.4717396364 
 2022 , 12887.9538913146 
 2023 , 12883.1507974749 
 2024 , 12853.8568957903 
 2025 , 12818.6690140668 
 2026 , 12794.8726983443 
 2027 , 12783.5507304073 
 2028 , 12776.6604049496 
 2029 , 12758.6873745927 
 2030 , 12734.7956892103 
 2031 , 12723.4382873167 
 2032 , 12717.338193714 
 2033 , 12700.5227338162 
 2034 , 12677.1200874886 
 2035 , 12654.6192533122 
 2036 , 12632.5983977459 
 2037 , 12610.1572008801 
 2038 , 12588.0047790515 
 2039 , 12564.5733611174 
 2040 , 12536.6260792947 
 2041 , 12515.4841366765 
 2042 , 12517.6806358211 
 2043 , 12521.1953407662 
 2044 , 12499.601597005 
 2045 , 12480.975206891 
 2046 , 12485.2787618277 
 2047 , 12475.7060364531 
 2048 , 12438.4414187695 
 2049 , 12407.5846676119 
 2050 , 12388.1792642489 
 2051 , 12356.0821867701 
 2052 , 12318.7650513785 
 2053 , 12298.816963346 
 2054 , 12290.969324087 
 2055 , 12283.684400537 
 2056 , 12279.0524208109 
 2057 , 12275.459070147 
 2058 , 12258.398713323 
 2059 , 12229.7088949199 
 2060 , 12211.7964668664 
 2061 , 12203.4633814392 
 2062 , 12187.0093967182 
 2063 , 12164.5942291103 
 2064 , 12145.9368439209 
 2065 , 12132.5196555106 
 2066 , 12123.0259650335 
 2067 , 12114.7065160621 
 2068 , 12101.3501708082 
 2069 , 12072.7101925881 
 2070 , 12034.5030881188 
 2071 , 12005.358073144 
 2072 , 11985.0308537694 
 2073 , 11965.8650282065 
 2074 , 11957.3878617871 
 2075 , 11965.6450610693 
 2076 , 11970.1884974443 
 2077 , 11954.5837920039 
 2078 , 11918.180587058 
 2079 , 11876.635636988 
 2080 , 11857.2833767613 
 2081 , 11848.9783933513 
 2082 , 11822.189731945 
 2083 , 11780.8692479404 
 2084 , 11741.8991354613 
 2085 , 11724.4068897878 
 2086 , 11727.4662381059 
 2087 , 11713.7701295873 
 2088 , 11683.7751093782 
 2089 , 11678.8473265077 
 2090 , 11685.3652284669 
 2091 , 11662.0814260861 
 2092 , 11625.7601666318 
 2093 , 11604.1064665838 
 2094 , 11588.1662164786 
 2095 , 11572.7989920876 
 2096 , 11573.5973665292 
 2097 , 11588.0634874421 
 2098 , 11592.8096999145 
 2099 , 11581.6652052959 
 2100 , 11561.0869801421 
 2101 , 11542.2910318358 
 2102 , 11531.3498000199 
 2103 , 11512.5790533378 
 2104 , 11479.6531666396 
 2105 , 11450.5069179956 
 2106 , 11434.7455772601 
 2107 , 11429.6692980353 
 2108 , 11422.0109486262 
 2109 , 11396.9351931785 
 2110 , 11363.9645738631 
 2111 , 11335.5522103197 
 2112 , 11308.746988494 
 2113 , 11286.2171187985 
 2114 , 11282.9314755677 
 2115 , 11286.8653809904 
 2116 , 11264.4408768118 
 2117 , 11224.8778575814 
 2118 , 11196.362228308 
 2119 , 11186.8031421642 
 2120 , 11189.8387577482 
 2121 , 11178.9628832067 
 2122 , 11147.6364057627 
 2123 , 11120.083807166 
 2124 , 11102.9073662131 
 2125 , 11087.7435313025 
 2126 , 11071.8163609384 
 2127 , 11055.5311417422 
 2128 , 11041.2413564757 
 2129 , 11028.3491371585 
 2130 , 11009.6929712866 
 2131 , 10985.1490261708 
 2132 , 10962.5259457329 
 2133 , 10940.2956925061 
 2134 , 10914.0216661158 
 2135 , 10897.1519949798 
 2136 , 10897.0849110353 
 2137 , 10886.9737280748 
 2138 , 10858.5468475683 
 2139 , 10839.6899761753 
 2140 , 10829.929896327 
 2141 , 10805.442597274 
 2142 , 10770.8043078744 
 2143 , 10743.5561914268 
 2144 , 10737.9154117549 
 2145 , 10751.0002967508 
 2146 , 10747.7665897706 
 2147 , 10723.6202695664 
 2148 , 10709.2610929758 
 2149 , 10699.8829033708 
 2150 , 10673.1583425675 
 2151 , 10636.2385723747 
 2152 , 10602.5740479952 
 2153 , 10576.4695618293 
 2154 , 10561.1993948662 
 2155 , 10559.9793837986 
 2156 , 10565.0219724709 
 2157 , 10562.1068955281 
 2158 , 10551.2358389649 
 2159 , 10537.9144097814 
 2160 , 10526.012081205 
 2161 , 10514.3797270753 
 2162 , 10494.4545005799 
 2163 , 10471.1118837153 
 2164 , 10459.0124001487 
 2165 , 10443.4757918789 
 2166 , 10407.0656349295 
 2167 , 10381.6698632132 
 2168 , 10385.62951282 
 2169 , 10384.652565401 
 2170 , 10363.0205885556 
 2171 , 10332.8761309893 
 2172 , 10312.7351189242 
 2173 , 10316.2445677188 
 2174 , 10320.2734442657 
 2175 , 10305.4904629717 
 2176 , 10286.6748950134 
 2177 , 10271.1435986616 
 2178 , 10252.0304977146 
 2179 , 10233.0500918593 
 2180 , 10222.5734489641 
 2181 , 10214.0936113436 
 2182 , 10199.2792673911 
 2183 , 10178.0610548848 
 2184 , 10157.3149196392 
 2185 , 10149.9834757591 
 2186 , 10150.8673079547 
 2187 , 10144.6677004846 
 2188 , 10132.7455452502 
 2189 , 10116.8618219471 
 2190 , 10083.844607808 
 2191 , 10039.46914269 
 2192 , 10016.7947813943 
 2193 , 10014.0427268502 
 2194 , 10005.8991742691 
 2195 , 9986.45130750181 
 2196 , 9959.59074162511 
 2197 , 9935.98267582471 
 2198 , 9919.82478944128 
 2199 , 9904.73189407868 
 2200 , 9886.21803177735 
 2201 , 9864.14831493825 
 2202 , 9852.39081443147 
 2203 , 9857.3015769575 
 2204 , 9851.20448394663 
 2205 , 9829.13180434168 
 2206 , 9822.27744761567 
 2207 , 9824.37083973061 
 2208 , 9807.25718074197 
 2209 , 9778.30357926164 
 2210 , 9750.69676400077 
 2211 , 9720.40969254555 
 2212 , 9690.91002320421 
 2213 , 9677.17334173493 
 2214 , 9673.7464182993 
 2215 , 9663.46980177139 
 2216 , 9640.57983955213 
 2217 , 9608.44975640838 
 2218 , 9582.85900548077 
 2219 , 9566.1989001791 
 2220 , 9545.1016296197 
 2221 , 9527.33278309 
 2222 , 9525.4658436836 
 2223 , 9515.30774299125 
 2224 , 9485.64271929093 
 2225 , 9472.14934930481 
 2226 , 9473.14283089946 
 2227 , 9448.329259775 
 2228 , 9408.71073489709 
 2229 , 9385.71413945119 
 2230 , 9384.89519969368 
 2231 , 9390.78221919726 
 2232 , 9364.42668267127 
 2233 , 9316.59935135811 
 2234 , 9294.83653149698 
 2235 , 9284.89537310906 
 2236 , 9260.24411974584 
 2237 , 9238.95536089888 
 2238 , 9228.18676193947 
 2239 , 9208.44705708926 
 2240 , 9182.79583223072 
 2241 , 9168.68874270902 
 2242 , 9165.62146563096 
 2243 , 9160.39798179025 
 2244 , 9125.42360666569 
 2245 , 9072.42985367804 
 2246 , 9054.25427811609 
 2247 , 9055.73161520778 
 2248 , 9036.74819604092 
 2249 , 9017.95278941113 
 2250 , 9014.5119440676 
 2251 , 9003.5729363833 
 2252 , 8986.16113008501 
 2253 , 8982.44987975274 
 2254 , 8971.16931991745 
 2255 , 8933.83919966736 
 2256 , 8913.33401168216 
 2257 , 8923.02474597222 
 2258 , 8922.34729007437 
 2259 , 8904.34544544504 
 2260 , 8884.3654560836 
 2261 , 8864.17424969267 
 2262 , 8843.04270557081 
 2263 , 8823.51664961927 
 2264 , 8796.84823714386 
 2265 , 8749.01262035203 
 2266 , 8717.31428744665 
 2267 , 8735.75526977596 
 2268 , 8747.10697282498 
 2269 , 8719.92615493819 
 2270 , 8687.58171503684 
 2271 , 8661.99277942155 
 2272 , 8638.608901779 
 2273 , 8625.29729915544 
 2274 , 8621.68249946926 
 2275 , 8601.52246862192 
 2276 , 8564.90366581551 
 2277 , 8539.09021548829 
 2278 , 8526.69712512285 
 2279 , 8519.19779189823 
 2280 , 8511.65346849672 
 2281 , 8497.08244590917 
 2282 , 8466.60407086794 
 2283 , 8437.26224456855 
 2284 , 8432.52752236638 
 2285 , 8423.08741288226 
 2286 , 8390.30146013239 
 2287 , 8367.53270642985 
 2288 , 8362.51273698263 
 2289 , 8356.27891599772 
 2290 , 8350.21137876715 
 2291 , 8347.09304017538 
 2292 , 8328.71626334556 
 2293 , 8293.60642889374 
 2294 , 8263.76523178429 
 2295 , 8239.83725483496 
 2296 , 8213.93714930205 
 2297 , 8196.33741677325 
 2298 , 8192.3712344803 
 2299 , 8191.36852362791 
 2300 , 8178.77657182376 
 2301 , 8145.23396972021 
 2302 , 8118.73385139954 
 2303 , 8116.8722567662 
 2304 , 8108.0045503428 
 2305 , 8084.17016527671 
 2306 , 8065.40892353318 
 2307 , 8058.07576582971 
 2308 , 8056.63848931479 
 2309 , 8040.79800194052 
 2310 , 8009.05608489029 
 2311 , 7984.06572583735 
 2312 , 7962.38886604116 
 2313 , 7934.49308865156 
 2314 , 7925.67118686825 
 2315 , 7937.18104206914 
 2316 , 7923.70273797007 
 2317 , 7887.87509237452 
 2318 , 7862.91003159033 
 2319 , 7854.111380204 
 2320 , 7854.65812360024 
 2321 , 7850.84445532371 
 2322 , 7831.38946996371 
 2323 , 7792.9505261006 
 2324 , 7762.7854738154 
 2325 , 7759.16080623839 
 2326 , 7754.0747933229 
 2327 , 7733.96794655454 
 2328 , 7706.94215525901 
 2329 , 7683.36698655423 
 2330 , 7669.25500652897 
 2331 , 7657.00407851005 
 2332 , 7642.90019036528 
 2333 , 7629.9518341937 
 2334 , 7615.19386277231 
 2335 , 7596.37977344038 
 2336 , 7584.17111471916 
 2337 , 7578.66095626328 
 2338 , 7564.30126665525 
 2339 , 7549.88569637453 
