11-20-2017,17:05:15
Wavenumber(cm-1),Intensity
 250 , 10 
 251 , 10 
 252 , 10 
 253 , 10 
 254 , 10 
 255 , 49.02734375 
 256 , 34.50390625 
 257 , 26.765625 
 258 , 39.1796875 
 259 , 58.61328125 
 260 , 63.65234375 
 261 , 41.71875 
 262 , 7.65625 
 263 ,-23.86328125 
 264 ,-43.2734375 
 265 ,-47.96484375 
 266 ,-35.69140625 
 267 ,-7.93359375 
 268 , 31.05859375 
 269 , 71.90625 
 270 , 99.3203125 
 271 , 97.66015625 
 272 , 70.5234375 
 273 , 44.4375 
 274 , 43.60546875 
 275 , 67.71875 
 276 , 104.12890625 
 277 , 142.1328125 
 278 , 182.31640625 
 279 , 228.47265625 
 280 , 278.84765625 
 281 , 321.38671875 
 282 , 343.640625 
 283 , 344.6328125 
 284 , 333.57421875 
 285 , 320.046875 
 286 , 310.66796875 
 287 , 310.26953125 
 288 , 318.8125 
 289 , 329.01953125 
 290 , 333.484375 
 291 , 330.9921875 
 292 , 324.7421875 
 293 , 317.6796875 
 294 , 312.62890625 
 295 , 312.9765625 
 296 , 319.02734375 
 297 , 317.75 
 298 , 293.25 
 299 , 244.3515625 
 300 , 191.85546875 
 301 , 156.25 
 302 , 137.2265625 
 303 , 122 
 304 , 103.0390625 
 305 , 91.62109375 
 306 , 102.8828125 
 307 , 133.05859375 
 308 , 150.14453125 
 309 , 123.66796875 
 310 , 70.27734375 
 311 , 39.08984375 
 312 , 66.89453125 
 313 , 130.8828125 
 314 , 190.80859375 
 315 , 224.9296875 
 316 , 246.0625 
 317 , 270.10546875 
 318 , 302.4140625 
 319 , 340.16796875 
 320 , 379.87890625 
 321 , 416.9375 
 322 , 446.69921875 
 323 , 464.05078125 
 324 , 459.9765625 
 325 , 425.4609375 
 326 , 371.81640625 
 327 , 330.859375 
 328 , 330.0546875 
 329 , 362.6015625 
 330 , 407.78125 
 331 , 451.62109375 
 332 , 497.2578125 
 333 , 550.046875 
 334 , 603.3046875 
 335 , 637.7265625 
 336 , 637.8515625 
 337 , 619.04296875 
 338 , 609.83203125 
 339 , 624.15625 
 340 , 637.4765625 
 341 , 620.03125 
 342 , 568.54296875 
 343 , 508.765625 
 344 , 465.15234375 
 345 , 441.8046875 
 346 , 433.46875 
 347 , 432.6875 
 348 , 426.3984375 
 349 , 401.00390625 
 350 , 352.62109375 
 351 , 287.92578125 
 352 , 215.14453125 
 353 , 150.3125 
 354 , 112.92578125 
 355 , 113.5703125 
 356 , 138.66015625 
 357 , 170.859375 
 358 , 199.90625 
 359 , 223.2734375 
 360 , 239.55859375 
 361 , 252.52734375 
 362 , 268.1015625 
 363 , 291.5234375 
 364 , 326.77734375 
 365 , 377.171875 
 366 , 430.92578125 
 367 , 460.1328125 
 368 , 440.99609375 
 369 , 382.734375 
 370 , 308.5078125 
 371 , 241.28125 
 372 , 203.26953125 
 373 , 215.3046875 
 374 , 272.3125 
 375 , 344.2890625 
 376 , 403.265625 
 377 , 439.72265625 
 378 , 451.171875 
 379 , 438.6015625 
 380 , 411.08203125 
 381 , 378.7109375 
 382 , 348.66796875 
 383 , 325.08984375 
 384 , 311.50390625 
 385 , 309.609375 
 386 , 320.91015625 
 387 , 346.71484375 
 388 , 386.74609375 
 389 , 439.31640625 
 390 , 488.56640625 
 391 , 508.7734375 
 392 , 482.6484375 
 393 , 430.5625 
 394 , 382.765625 
 395 , 355.59375 
 396 , 343.33203125 
 397 , 338.453125 
 398 , 334.578125 
 399 , 326.21484375 
 400 , 309.5703125 
 401 , 287.5703125 
 402 , 265.04296875 
 403 , 245.890625 
 404 , 231.35546875 
 405 , 222.2109375 
 406 , 218.41796875 
 407 , 219.21875 
 408 , 224.27734375 
 409 , 235.37890625 
 410 , 254.98828125 
 411 , 283.1640625 
 412 , 317.4140625 
 413 , 354.26953125 
 414 , 385.1328125 
 415 , 399.55078125 
 416 , 393.3515625 
 417 , 374.91015625 
 418 , 353.4140625 
 419 , 333.75390625 
 420 , 319.828125 
 421 , 314.80078125 
 422 , 313.5234375 
 423 , 306.3828125 
 424 , 292.4140625 
 425 , 286.80078125 
 426 , 304.15625 
 427 , 330.46484375 
 428 , 333.1015625 
 429 , 289.52734375 
 430 , 216.3203125 
 431 , 139.9609375 
 432 , 79.57421875 
 433 , 43.75 
 434 , 38.46484375 
 435 , 55.55859375 
 436 , 78.4609375 
 437 , 96.41796875 
 438 , 113.42578125 
 439 , 135.34375 
 440 , 163.08203125 
 441 , 195.44921875 
 442 , 231.8828125 
 443 , 272.33984375 
 444 , 316.15234375 
 445 , 356.2578125 
 446 , 375.16015625 
 447 , 356.55859375 
 448 , 306.41796875 
 449 , 244.39453125 
 450 , 188.12890625 
 451 , 150.08984375 
 452 , 142.37890625 
 453 , 159.03515625 
 454 , 171.87109375 
 455 , 156.4765625 
 456 , 123.3828125 
 457 , 96.2734375 
 458 , 89.4140625 
 459 , 97.39453125 
 460 , 113.0234375 
 461 , 138.3203125 
 462 , 182.69140625 
 463 , 247.8828125 
 464 , 303.6015625 
 465 , 312.375 
 466 , 266.26953125 
 467 , 197.1328125 
 468 , 136.734375 
 469 , 94.48828125 
 470 , 68.9296875 
 471 , 57.48046875 
 472 , 56.140625 
 473 , 61.30859375 
 474 , 68.3515625 
 475 , 72.421875 
 476 , 71.05078125 
 477 , 70.33984375 
 478 , 77.140625 
 479 , 94.72265625 
 480 , 121.265625 
 481 , 153.99609375 
 482 , 184.8671875 
 483 , 201.44140625 
 484 , 195.02734375 
 485 , 170.05859375 
 486 , 135.4296875 
 487 , 102.2109375 
 488 , 84.33203125 
 489 , 92.89453125 
 490 , 122.640625 
 491 , 161.44921875 
 492 , 200.07421875 
 493 , 235.6875 
 494 , 267.8828125 
 495 , 301.08984375 
 496 , 337.03515625 
 497 , 374.65234375 
 498 , 413.93359375 
 499 , 459.38671875 
 500 , 507.19140625 
 501 , 539.6875 
 502 , 541.4609375 
 503 , 522.984375 
 504 , 507.4375 
 505 , 506.91796875 
 506 , 513.390625 
 507 , 515.734375 
 508 , 510.55078125 
 509 , 501.44921875 
 510 , 492.30078125 
 511 , 483.0546875 
 512 , 470.63671875 
 513 , 455.66796875 
 514 , 443.43359375 
 515 , 438.1875 
 516 , 437.5 
 517 , 437.203125 
 518 , 431.5078125 
 519 , 413.98046875 
 520 , 380.19921875 
 521 , 333.703125 
 522 , 280.6015625 
 523 , 235.671875 
 524 , 228.734375 
 525 , 285.58984375 
 526 , 378.66796875 
 527 , 447.56640625 
 528 , 454.83203125 
 529 , 429.19140625 
 530 , 410.0859375 
 531 , 411.4453125 
 532 , 424.76171875 
 533 , 441.3359375 
 534 , 456.265625 
 535 , 468.046875 
 536 , 476.25390625 
 537 , 478.7109375 
 538 , 472.08984375 
 539 , 460.33203125 
 540 , 453.68359375 
 541 , 459.8984375 
 542 , 478.6796875 
 543 , 506.29296875 
 544 , 530.5546875 
 545 , 532.7109375 
 546 , 502.0078125 
 547 , 454.52734375 
 548 , 414 
 549 , 394.04296875 
 550 , 395.19921875 
 551 , 413.55078125 
 552 , 439.1953125 
 553 , 464.7734375 
 554 , 486.8359375 
 555 , 505.48828125 
 556 , 522.453125 
 557 , 549.875 
 558 , 600.0859375 
 559 , 663.5546875 
 560 , 697.375 
 561 , 666.0703125 
 562 , 590.81640625 
 563 , 516.61328125 
 564 , 472.26953125 
 565 , 457.1328125 
 566 , 471.22265625 
 567 , 505.328125 
 568 , 540.44140625 
 569 , 563.40625 
 570 , 586.80078125 
 571 , 626.19921875 
 572 , 669.76171875 
 573 , 681.9765625 
 574 , 642.99609375 
 575 , 592.8671875 
 576 , 580.890625 
 577 , 616.328125 
 578 , 659.1875 
 579 , 675.51171875 
 580 , 666.54296875 
 581 , 647.37109375 
 582 , 628.2421875 
 583 , 611.65234375 
 584 , 600.26171875 
 585 , 596.16015625 
 586 , 599.890625 
 587 , 607.734375 
 588 , 605.8515625 
 589 , 577.171875 
 590 , 527.77734375 
 591 , 484.0390625 
 592 , 465.43359375 
 593 , 461.1953125 
 594 , 456.77734375 
 595 , 444.4765625 
 596 , 419.8203125 
 597 , 378.04296875 
 598 , 325.84765625 
 599 , 277.01953125 
 600 , 239.71484375 
 601 , 211.61328125 
 602 , 187.96484375 
 603 , 169.4453125 
 604 , 161.16015625 
 605 , 167.87890625 
 606 , 188.75 
 607 , 215.609375 
 608 , 234.75390625 
 609 , 236.24609375 
 610 , 220.578125 
 611 , 202.8359375 
 612 , 200.6484375 
 613 , 211.375 
 614 , 216.8515625 
 615 , 209.87890625 
 616 , 215.84765625 
 617 , 263.8046875 
 618 , 348.24609375 
 619 , 433.90625 
 620 , 491.25 
 621 , 527.890625 
 622 , 568.38671875 
 623 , 616.28515625 
 624 , 651.515625 
 625 , 656.69140625 
 626 , 642.71875 
 627 , 628.421875 
 628 , 619.2421875 
 629 , 607.80859375 
 630 , 590.14453125 
 631 , 575.7890625 
 632 , 573.83984375 
 633 , 583.90625 
 634 , 601.02734375 
 635 , 624.62890625 
 636 , 646.296875 
 637 , 646.08984375 
 638 , 614.11328125 
 639 , 563.5078125 
 640 , 516.5625 
 641 , 484.59765625 
 642 , 468.19921875 
 643 , 461.41796875 
 644 , 456.56640625 
 645 , 450.6875 
 646 , 445.78125 
 647 , 442.56640625 
 648 , 442.8125 
 649 , 453.5390625 
 650 , 478.9765625 
 651 , 491.87890625 
 652 , 454.50390625 
 653 , 365.8203125 
 654 , 282.0234375 
 655 , 253.8125 
 656 , 269.75 
 657 , 289.1953125 
 658 , 289.20703125 
 659 , 281.47265625 
 660 , 282.16015625 
 661 , 295.4765625 
 662 , 317.6484375 
 663 , 340.59765625 
 664 , 351.7578125 
 665 , 341.83203125 
 666 , 320.03125 
 667 , 305.9609375 
 668 , 308.87109375 
 669 , 313.82421875 
 670 , 301.66796875 
 671 , 269.55859375 
 672 , 227.6640625 
 673 , 189.9140625 
 674 , 167.59765625 
 675 , 162.94921875 
 676 , 168.55859375 
 677 , 179.1796875 
 678 , 197.12109375 
 679 , 221.92578125 
 680 , 243.22265625 
 681 , 256.04296875 
 682 , 266.56640625 
 683 , 286.40234375 
 684 , 320.140625 
 685 , 362.8359375 
 686 , 402.64453125 
 687 , 429.3828125 
 688 , 439.390625 
 689 , 430.17578125 
 690 , 395.37109375 
 691 , 345.56640625 
 692 , 305.09375 
 693 , 291.859375 
 694 , 301.00390625 
 695 , 322.46875 
 696 , 343.4140625 
 697 , 352.953125 
 698 , 353.90234375 
 699 , 367.625 
 700 , 407.41015625 
 701 , 459.5625 
 702 , 498.9921875 
 703 , 515.203125 
 704 , 522.73828125 
 705 , 537.40625 
 706 , 554.171875 
 707 , 554.9296875 
 708 , 528.71484375 
 709 , 485.796875 
 710 , 446.2109375 
 711 , 420.19140625 
 712 , 404.640625 
 713 , 391.19140625 
 714 , 381.68359375 
 715 , 388.64453125 
 716 , 403.75390625 
 717 , 399.80859375 
 718 , 359.109375 
 719 , 298.37109375 
 720 , 242.14453125 
 721 , 200.78515625 
 722 , 174.26171875 
 723 , 158.9375 
 724 , 153.34765625 
 725 , 159.60546875 
 726 , 166.63671875 
 727 , 155.609375 
 728 , 124.04296875 
 729 , 96.546875 
 730 , 95.41796875 
 731 , 110.90625 
 732 , 123.05859375 
 733 , 126.41015625 
 734 , 131.80078125 
 735 , 145.390625 
 736 , 164.578125 
 737 , 188.390625 
 738 , 216.78125 
 739 , 243.84765625 
 740 , 259.25390625 
 741 , 271.171875 
 742 , 300.5 
 743 , 353.58203125 
 744 , 411.89453125 
 745 , 447.703125 
 746 , 443.48046875 
 747 , 394.14453125 
 748 , 330.234375 
 749 , 302.03515625 
 750 , 328.38671875 
 751 , 366.90234375 
 752 , 377.5078125 
 753 , 362.95703125 
 754 , 346.359375 
 755 , 335.23046875 
 756 , 321.02734375 
 757 , 300.55078125 
 758 , 284.78125 
 759 , 286.95703125 
 760 , 307.05078125 
 761 , 334.31640625 
 762 , 362.34765625 
 763 , 389.453125 
 764 , 411.875 
 765 , 423.875 
 766 , 426.66796875 
 767 , 428.12109375 
 768 , 429.71484375 
 769 , 425.1796875 
 770 , 408.33203125 
 771 , 383.390625 
 772 , 363.953125 
 773 , 358.171875 
 774 , 363.640625 
 775 , 365.203125 
 776 , 347.75 
 777 , 312.59765625 
 778 , 276.38671875 
 779 , 249.359375 
 780 , 229.765625 
 781 , 217.03125 
 782 , 214.74609375 
 783 , 213.47265625 
 784 , 199.109375 
 785 , 163.16015625 
 786 , 112.74609375 
 787 , 59.35546875 
 788 , 15.8046875 
 789 ,-5.671875 
 790 , 12.6015625 
 791 , 91.18359375 
 792 , 213.91015625 
 793 , 310.33203125 
 794 , 325.8046875 
 795 , 291.1953125 
 796 , 264.52734375 
 797 , 259.87109375 
 798 , 261.23046875 
 799 , 262.90625 
 800 , 264.90234375 
 801 , 261.2421875 
 802 , 247.59375 
 803 , 232.859375 
 804 , 234.609375 
 805 , 256.09765625 
 806 , 289.0625 
 807 , 319.23828125 
 808 , 336.00390625 
 809 , 336.7265625 
 810 , 324.0546875 
 811 , 301.3515625 
 812 , 277.140625 
 813 , 261.79296875 
 814 , 261.66015625 
 815 , 279.88671875 
 816 , 318.28515625 
 817 , 364.58203125 
 818 , 400.07421875 
 819 , 413.546875 
 820 , 406.62109375 
 821 , 388.35546875 
 822 , 371.77734375 
 823 , 367.20703125 
 824 , 371.15625 
 825 , 372.72265625 
 826 , 368.41015625 
 827 , 367.83984375 
 828 , 378.53125 
 829 , 396.34765625 
 830 , 413.76953125 
 831 , 430.3828125 
 832 , 452.515625 
 833 , 481.8125 
 834 , 504.234375 
 835 , 504.00390625 
 836 , 481.6640625 
 837 , 448.6640625 
 838 , 412.87890625 
 839 , 381.48046875 
 840 , 362.93359375 
 841 , 354.7734375 
 842 , 343.67578125 
 843 , 320.55078125 
 844 , 296.40625 
 845 , 286.66015625 
 846 , 292.20703125 
 847 , 304.08984375 
 848 , 314.171875 
 849 , 321.30078125 
 850 , 325.4765625 
 851 , 321.65625 
 852 , 302.91796875 
 853 , 276.90625 
 854 , 266.59375 
 855 , 286.17578125 
 856 , 316 
 857 , 330.58984375 
 858 , 324.265625 
 859 , 304.86328125 
 860 , 284.1015625 
 861 , 277.97265625 
 862 , 298.546875 
 863 , 333.0078125 
 864 , 359.9296875 
 865 , 372.82421875 
 866 , 382.40625 
 867 , 395.9296875 
 868 , 409.83203125 
 869 , 421.25390625 
 870 , 433.734375 
 871 , 450.85546875 
 872 , 473.640625 
 873 , 508.15234375 
 874 , 563.14453125 
 875 , 637.5703125 
 876 , 722.31640625 
 877 , 803.94921875 
 878 , 874.2578125 
 879 , 933.671875 
 880 , 985.00390625 
 881 , 1027.25390625 
 882 , 1064.703125 
 883 , 1111.49609375 
 884 , 1170.82421875 
 885 , 1213.765625 
 886 , 1210.19140625 
 887 , 1164.875 
 888 , 1098.859375 
 889 , 1023.41015625 
 890 , 935.51953125 
 891 , 831.796875 
 892 , 714.6640625 
 893 , 589.3046875 
 894 , 470.83984375 
 895 , 380.55078125 
 896 , 327.5546875 
 897 , 294.38671875 
 898 , 259.16015625 
 899 , 207.625 
 900 , 129.109375 
 901 , 43.3359375 
 902 , 5.41015625 
 903 , 47.5703125 
 904 , 114.14453125 
 905 , 135.1953125 
 906 , 105.51953125 
 907 , 63.47265625 
 908 , 36.76171875 
 909 , 33.73828125 
 910 , 54.765625 
 911 , 83.37109375 
 912 , 99.26953125 
 913 , 101.66796875 
 914 , 105.7734375 
 915 , 120.20703125 
 916 , 139.1875 
 917 , 156.203125 
 918 , 167.75390625 
 919 , 169.89453125 
 920 , 159.875 
 921 , 141.6875 
 922 , 122.0390625 
 923 , 105.62890625 
 924 , 94.30078125 
 925 , 85.62109375 
 926 , 76.98828125 
 927 , 69.97265625 
 928 , 69.8515625 
 929 , 79.078125 
 930 , 91.12890625 
 931 , 98.48828125 
 932 , 103.40234375 
 933 , 113.8125 
 934 , 130.81640625 
 935 , 142.0859375 
 936 , 135.93359375 
 937 , 118.1640625 
 938 , 102.96484375 
 939 , 95.984375 
 940 , 92.9765625 
 941 , 88.52734375 
 942 , 76.60546875 
 943 , 52.99609375 
 944 , 24.69921875 
 945 , 4.25390625 
 946 ,-1.91796875 
 947 , 3.375 
 948 , 17.59375 
 949 , 38.41015625 
 950 , 61.75390625 
 951 , 85.2578125 
 952 , 114.015625 
 953 , 153.44921875 
 954 , 202.1640625 
 955 , 255.26953125 
 956 , 296.3515625 
 957 , 301.71875 
 958 , 266.60546875 
 959 , 215.5703125 
 960 , 171.66015625 
 961 , 138.515625 
 962 , 114.53515625 
 963 , 100.75390625 
 964 , 100.01171875 
 965 , 110.38671875 
 966 , 124.8359375 
 967 , 137.9453125 
 968 , 148.0703125 
 969 , 153.35546875 
 970 , 153.57421875 
 971 , 152.6875 
 972 , 155.54296875 
 973 , 163.1640625 
 974 , 174.0234375 
 975 , 179.78125 
 976 , 170.83984375 
 977 , 153.375 
 978 , 148.8046875 
 979 , 167.73046875 
 980 , 192.74609375 
 981 , 204.16796875 
 982 , 199.70703125 
 983 , 185.4921875 
 984 , 167.71484375 
 985 , 152.21875 
 986 , 143.921875 
 987 , 140.97265625 
 988 , 138.53515625 
 989 , 126.62890625 
 990 , 94.671875 
 991 , 53.66015625 
 992 , 42.515625 
 993 , 84.69921875 
 994 , 142.30859375 
 995 , 169.01171875 
 996 , 173.6953125 
 997 , 198.359375 
 998 , 268.7890625 
 999 , 386.05078125 
 1000 , 544.00390625 
 1001 , 715.94140625 
 1002 , 873.40625 
 1003 , 1030.09375 
 1004 , 1227.48828125 
 1005 , 1463.5546875 
 1006 , 1664.70703125 
 1007 , 1760.95703125 
 1008 , 1720.3359375 
 1009 , 1524.375 
 1010 , 1219.015625 
 1011 , 899.1171875 
 1012 , 632.1328125 
 1013 , 431.1015625 
 1014 , 298.7265625 
 1015 , 225.76171875 
 1016 , 200.453125 
 1017 , 195.703125 
 1018 , 170.9765625 
 1019 , 112.1640625 
 1020 , 53.96484375 
 1021 , 29.0546875 
 1022 , 35.00390625 
 1023 , 59.015625 
 1024 , 90.80078125 
 1025 , 122.484375 
 1026 , 146.65625 
 1027 , 158.51953125 
 1028 , 157.453125 
 1029 , 154.390625 
 1030 , 161.3125 
 1031 , 178.16015625 
 1032 , 197.640625 
 1033 , 218.41015625 
 1034 , 247.97265625 
 1035 , 290.58984375 
 1036 , 335.75390625 
 1037 , 369.40234375 
 1038 , 376.23828125 
 1039 , 340.03515625 
 1040 , 267.50390625 
 1041 , 201.92578125 
 1042 , 179.1875 
 1043 , 193.453125 
 1044 , 228.31640625 
 1045 , 261.81640625 
 1046 , 268.203125 
 1047 , 246.0625 
 1048 , 230.56640625 
 1049 , 248.71875 
 1050 , 287.11328125 
 1051 , 324.65625 
 1052 , 353.17578125 
 1053 , 371.6328125 
 1054 , 383.15234375 
 1055 , 396.421875 
 1056 , 415.7578125 
 1057 , 430.16796875 
 1058 , 427.796875 
 1059 , 414.73828125 
 1060 , 405.71484375 
 1061 , 406.37109375 
 1062 , 411.87890625 
 1063 , 419.58203125 
 1064 , 434.69140625 
 1065 , 461.02734375 
 1066 , 484.05078125 
 1067 , 482.52734375 
 1068 , 450.77734375 
 1069 , 397.15234375 
 1070 , 333.10546875 
 1071 , 275.45703125 
 1072 , 237.6875 
 1073 , 212.35546875 
 1074 , 186.28515625 
 1075 , 162.81640625 
 1076 , 157.9140625 
 1077 , 175.6796875 
 1078 , 199.12890625 
 1079 , 213.29296875 
 1080 , 220.515625 
 1081 , 228.54296875 
 1082 , 252.96484375 
 1083 , 312.65234375 
 1084 , 395.0546875 
 1085 , 446.48828125 
 1086 , 432.0078125 
 1087 , 382.31640625 
 1088 , 337.7109375 
 1089 , 316.05078125 
 1090 , 324.13671875 
 1091 , 354.73046875 
 1092 , 386.87109375 
 1093 , 404.9609375 
 1094 , 406.34375 
 1095 , 390.40625 
 1096 , 358.80859375 
 1097 , 314.6015625 
 1098 , 268.015625 
 1099 , 234.6015625 
 1100 , 224.1484375 
 1101 , 236.37109375 
 1102 , 266.04296875 
 1103 , 293.12109375 
 1104 , 296.015625 
 1105 , 270.38671875 
 1106 , 221.57421875 
 1107 , 164.35546875 
 1108 , 124.41796875 
 1109 , 116.10546875 
 1110 , 122.6796875 
 1111 , 125.30078125 
 1112 , 122.71875 
 1113 , 119.76953125 
 1114 , 113.28515625 
 1115 , 93.5859375 
 1116 , 61.90234375 
 1117 , 38.99609375 
 1118 , 38.7734375 
 1119 , 44.44140625 
 1120 , 34.67578125 
 1121 , 15.8046875 
 1122 , 7.94921875 
 1123 , 16.44140625 
 1124 , 31.8203125 
 1125 , 46.22265625 
 1126 , 52.6640625 
 1127 , 45.2578125 
 1128 , 34.109375 
 1129 , 36.90625 
 1130 , 51.88671875 
 1131 , 60.21484375 
 1132 , 53.29296875 
 1133 , 43.3125 
 1134 , 40.765625 
 1135 , 39.10546875 
 1136 , 29.5078125 
 1137 , 21.72265625 
 1138 , 34.15625 
 1139 , 61.83203125 
 1140 , 76.48046875 
 1141 , 66.39453125 
 1142 , 54.890625 
 1143 , 63.17578125 
 1144 , 85.46875 
 1145 , 109.296875 
 1146 , 124.01953125 
 1147 , 119.19140625 
 1148 , 95.58203125 
 1149 , 71.421875 
 1150 , 60.671875 
 1151 , 56.484375 
 1152 , 49.17578125 
 1153 , 44.171875 
 1154 , 54.63671875 
 1155 , 69.17578125 
 1156 , 51.9765625 
 1157 , 7.0703125 
 1158 , 7.81640625 
 1159 , 99.46875 
 1160 , 211.23046875 
 1161 , 260.1171875 
 1162 , 252.31640625 
 1163 , 232.2734375 
 1164 , 226.08984375 
 1165 , 243.9609375 
 1166 , 286.02734375 
 1167 , 329.9609375 
 1168 , 354.75390625 
 1169 , 364.34765625 
 1170 , 369.6484375 
 1171 , 370.93359375 
 1172 , 362.96875 
 1173 , 356.796875 
 1174 , 376.9296875 
 1175 , 423.15234375 
 1176 , 451.6484375 
 1177 , 431.7578125 
 1178 , 400.09765625 
 1179 , 402.96875 
 1180 , 431.99609375 
 1181 , 452.73828125 
 1182 , 453.8046875 
 1183 , 443.3125 
 1184 , 428.9609375 
 1185 , 421.15234375 
 1186 , 429.26953125 
 1187 , 452.37109375 
 1188 , 485.7265625 
 1189 , 518.29296875 
 1190 , 535.2421875 
 1191 , 528.08203125 
 1192 , 497.76171875 
 1193 , 457.484375 
 1194 , 436.58203125 
 1195 , 452.859375 
 1196 , 482.72265625 
 1197 , 499.125 
 1198 , 502.3828125 
 1199 , 501.6640625 
 1200 , 507.328125 
 1201 , 539.46875 
 1202 , 593.11328125 
 1203 , 604.87109375 
 1204 , 528.08203125 
 1205 , 412.8359375 
 1206 , 327.87109375 
 1207 , 299.46484375 
 1208 , 331.16796875 
 1209 , 387.46875 
 1210 , 398.953125 
 1211 , 349.6171875 
 1212 , 322.3671875 
 1213 , 371.1796875 
 1214 , 405.34765625 
 1215 , 322.69921875 
 1216 , 188.66796875 
 1217 , 135.546875 
 1218 , 187.37109375 
 1219 , 281.4609375 
 1220 , 349.21875 
 1221 , 325.8125 
 1222 , 197.8125 
 1223 , 72.30859375 
 1224 , 48.66015625 
 1225 , 100.078125 
 1226 , 162.6015625 
 1227 , 207.59375 
 1228 , 230.47265625 
 1229 , 228.02734375 
 1230 , 200.75 
 1231 , 157.01171875 
 1232 , 109.8359375 
 1233 , 70.4765625 
 1234 , 51.78515625 
 1235 , 59.66796875 
 1236 , 70.3046875 
 1237 , 46.58203125 
 1238 , 2.05078125 
 1239 ,-14.95703125 
 1240 , 13.8671875 
 1241 , 72.2578125 
 1242 , 146.828125 
 1243 , 215.08203125 
 1244 , 245.34375 
 1245 , 234.76171875 
 1246 , 211.30078125 
 1247 , 216.4453125 
 1248 , 292.91796875 
 1249 , 411.29296875 
 1250 , 465.79296875 
 1251 , 409.5078125 
 1252 , 325.16015625 
 1253 , 288.546875 
 1254 , 278.5703125 
 1255 , 253.04296875 
 1256 , 212.58203125 
 1257 , 181.1015625 
 1258 , 164.8125 
 1259 , 152.0234375 
 1260 , 135.76953125 
 1261 , 116.9375 
 1262 , 98.6484375 
 1263 , 88.53125 
 1264 , 92.1640625 
 1265 , 103.8203125 
 1266 , 117.48828125 
 1267 , 133.80859375 
 1268 , 150.03515625 
 1269 , 164.37890625 
 1270 , 188.6015625 
 1271 , 220.15234375 
 1272 , 210.69921875 
 1273 , 128.29296875 
 1274 , 38.703125 
 1275 , 20.671875 
 1276 , 55 
 1277 , 79.58984375 
 1278 , 82.24609375 
 1279 , 93.71875 
 1280 , 126.484375 
 1281 , 160.78125 
 1282 , 183.96484375 
 1283 , 206.99609375 
 1284 , 240.00390625 
 1285 , 281.84765625 
 1286 , 329.79296875 
 1287 , 371.98828125 
 1288 , 390.62890625 
 1289 , 378.76953125 
 1290 , 341.16796875 
 1291 , 294.6015625 
 1292 , 261.5078125 
 1293 , 244.78125 
 1294 , 219.0703125 
 1295 , 169.0078125 
 1296 , 116.89453125 
 1297 , 88.3828125 
 1298 , 75.80078125 
 1299 , 57.1484375 
 1300 , 32.6484375 
 1301 , 21.3515625 
 1302 , 30.59765625 
 1303 , 48.03125 
 1304 , 65.671875 
 1305 , 96.02734375 
 1306 , 143.75 
 1307 , 170.10546875 
 1308 , 140.19921875 
 1309 , 96.53125 
 1310 , 98.58984375 
 1311 , 133.12890625 
 1312 , 152.22265625 
 1313 , 148.7421875 
 1314 , 149.984375 
 1315 , 160.33984375 
 1316 , 153.51171875 
 1317 , 120.37890625 
 1318 , 88.6796875 
 1319 , 83.16015625 
 1320 , 109.4921875 
 1321 , 166.83984375 
 1322 , 222.5546875 
 1323 , 231.375 
 1324 , 198.37890625 
 1325 , 168.67578125 
 1326 , 157.0234375 
 1327 , 136.0859375 
 1328 , 100.0859375 
 1329 , 93.15625 
 1330 , 146.03125 
 1331 , 227.28515625 
 1332 , 298.546875 
 1333 , 348.9921875 
 1334 , 375.75 
 1335 , 378.87890625 
 1336 , 360.9609375 
 1337 , 331.5859375 
 1338 , 307.0234375 
 1339 , 295.14453125 
 1340 , 293.5546875 
 1341 , 300.1484375 
 1342 , 313.3828125 
 1343 , 332.5234375 
 1344 , 356.8671875 
 1345 , 383.8125 
 1346 , 415.265625 
 1347 , 456.1796875 
 1348 , 497.75390625 
 1349 , 524.69140625 
 1350 , 531.515625 
 1351 , 517.51953125 
 1352 , 492.1640625 
 1353 , 486.3515625 
 1354 , 518.2578125 
 1355 , 562.22265625 
 1356 , 584.5546875 
 1357 , 563.265625 
 1358 , 492.90234375 
 1359 , 420.3046875 
 1360 , 399.45703125 
 1361 , 413.68359375 
 1362 , 415.2265625 
 1363 , 399.53125 
 1364 , 390.16796875 
 1365 , 389.2578125 
 1366 , 380.09765625 
 1367 , 357.0234375 
 1368 , 328.33203125 
 1369 , 300.16015625 
 1370 , 280.0703125 
 1371 , 277.5859375 
 1372 , 287.81640625 
 1373 , 297.62890625 
 1374 , 302.8359375 
 1375 , 304.41015625 
 1376 , 306.98046875 
 1377 , 324.515625 
 1378 , 355.01171875 
 1379 , 368.40625 
 1380 , 345.4375 
 1381 , 294.38671875 
 1382 , 230.34765625 
 1383 , 172.68359375 
 1384 , 134.96875 
 1385 , 116.7265625 
 1386 , 115.91015625 
 1387 , 117.8046875 
 1388 , 105.04296875 
 1389 , 84.8515625 
 1390 , 74.91796875 
 1391 , 79.1015625 
 1392 , 85.84375 
 1393 , 84.82421875 
 1394 , 77.66015625 
 1395 , 67.8125 
 1396 , 51.1640625 
 1397 , 25.890625 
 1398 , 11.06640625 
 1399 , 27.625 
 1400 , 66.78515625 
 1401 , 105.0859375 
 1402 , 117.0625 
 1403 , 88.76171875 
 1404 , 41.3359375 
 1405 , 9.43359375 
 1406 , 1.12890625 
 1407 , 6.84375 
 1408 , 20.91796875 
 1409 , 36.90625 
 1410 , 49.15234375 
 1411 , 63.3828125 
 1412 , 87 
 1413 , 112.515625 
 1414 , 127.07421875 
 1415 , 150.6171875 
 1416 , 214.16015625 
 1417 , 295.765625 
 1418 , 345.51171875 
 1419 , 352.76953125 
 1420 , 341.9296875 
 1421 , 331.3359375 
 1422 , 317.12109375 
 1423 , 287.70703125 
 1424 , 243.28125 
 1425 , 201.83984375 
 1426 , 189.6171875 
 1427 , 211.43359375 
 1428 , 241.890625 
 1429 , 265.3125 
 1430 , 286.8359375 
 1431 , 307.9609375 
 1432 , 322.6875 
 1433 , 327.88671875 
 1434 , 326.5 
 1435 , 319.75390625 
 1436 , 309.4921875 
 1437 , 302.1015625 
 1438 , 300.28125 
 1439 , 303.57421875 
 1440 , 310.2578125 
 1441 , 313.421875 
 1442 , 309.33984375 
 1443 , 304.12109375 
 1444 , 306.14453125 
 1445 , 322.88671875 
 1446 , 358.64453125 
 1447 , 410.43359375 
 1448 , 470.44921875 
 1449 , 518.8046875 
 1450 , 539.35546875 
 1451 , 538.796875 
 1452 , 527.19921875 
 1453 , 532.26953125 
 1454 , 599.37890625 
 1455 , 714.3359375 
 1456 , 806.31640625 
 1457 , 847.96484375 
 1458 , 871.80078125 
 1459 , 897.5 
 1460 , 903.67578125 
 1461 , 875.08984375 
 1462 , 836.3125 
 1463 , 806.5703125 
 1464 , 759.5859375 
 1465 , 672.8046875 
 1466 , 580.76953125 
 1467 , 525.3125 
 1468 , 495.1875 
 1469 , 460.609375 
 1470 , 415.1484375 
 1471 , 363.91015625 
 1472 , 315.23046875 
 1473 , 281.52734375 
 1474 , 264.90625 
 1475 , 255.3125 
 1476 , 252.3125 
 1477 , 269.6015625 
 1478 , 303.0390625 
 1479 , 319.75390625 
 1480 , 302.04296875 
 1481 , 267.16015625 
 1482 , 232.6953125 
 1483 , 206.07421875 
 1484 , 191.09765625 
 1485 , 183.97265625 
 1486 , 180.2265625 
 1487 , 179.2421875 
 1488 , 181.48828125 
 1489 , 192.64453125 
 1490 , 219.08203125 
 1491 , 252.859375 
 1492 , 278.5546875 
 1493 , 290.3046875 
 1494 , 292.4140625 
 1495 , 294.4921875 
 1496 , 304.80078125 
 1497 , 314.9453125 
 1498 , 304.34375 
 1499 , 274.76953125 
 1500 , 256.13671875 
 1501 , 260.54296875 
 1502 , 263.953125 
 1503 , 251.7890625 
 1504 , 244.06640625 
 1505 , 257.515625 
 1506 , 275.9765625 
 1507 , 278.30859375 
 1508 , 267.09765625 
 1509 , 252.38671875 
 1510 , 220.609375 
 1511 , 154.125 
 1512 , 78.56640625 
 1513 , 36.953125 
 1514 , 24.3046875 
 1515 , 7.37109375 
 1516 ,-10.83984375 
 1517 ,-3.6953125 
 1518 , 35.96875 
 1519 , 101.1875 
 1520 , 168.01171875 
 1521 , 195.03515625 
 1522 , 170.3671875 
 1523 , 122.6015625 
 1524 , 78.9921875 
 1525 , 61.296875 
 1526 , 79.41015625 
 1527 , 117.07421875 
 1528 , 153.2890625 
 1529 , 173.66015625 
 1530 , 178.80859375 
 1531 , 186.93359375 
 1532 , 205.1171875 
 1533 , 218.88671875 
 1534 , 222.83984375 
 1535 , 240.6953125 
 1536 , 287.64453125 
 1537 , 328.07421875 
 1538 , 320.14453125 
 1539 , 274.30859375 
 1540 , 221.765625 
 1541 , 173.91015625 
 1542 , 134.484375 
 1543 , 109.7890625 
 1544 , 101.65625 
 1545 , 105.953125 
 1546 , 118.28125 
 1547 , 133.79296875 
 1548 , 142.20703125 
 1549 , 141.390625 
 1550 , 148.57421875 
 1551 , 168.2890625 
 1552 , 176.45703125 
 1553 , 164.51953125 
 1554 , 154.4765625 
 1555 , 158.8515625 
 1556 , 169.5390625 
 1557 , 180.76953125 
 1558 , 194.72265625 
 1559 , 213.03125 
 1560 , 237.34765625 
 1561 , 268.01953125 
 1562 , 288.5078125 
 1563 , 282.33984375 
 1564 , 266.01953125 
 1565 , 263.640625 
 1566 , 273.71875 
 1567 , 283.3359375 
 1568 , 288.62109375 
 1569 , 293.02734375 
 1570 , 297.7265625 
 1571 , 301.55078125 
 1572 , 314.01171875 
 1573 , 350.09375 
 1574 , 395.0078125 
 1575 , 416.2421875 
 1576 , 400.578125 
 1577 , 347.765625 
 1578 , 277.43359375 
 1579 , 226.95703125 
 1580 , 207.328125 
 1581 , 201.9140625 
 1582 , 204.87109375 
 1583 , 226.5234375 
 1584 , 270.83203125 
 1585 , 327.359375 
 1586 , 377.80859375 
 1587 , 401.1484375 
 1588 , 392.26953125 
 1589 , 363.49609375 
 1590 , 327.98046875 
 1591 , 308.4765625 
 1592 , 320.12890625 
 1593 , 346.28125 
 1594 , 365.5859375 
 1595 , 370.63671875 
 1596 , 367.72265625 
 1597 , 377.015625 
 1598 , 405.8125 
 1599 , 435.15234375 
 1600 , 450.69921875 
 1601 , 458.1953125 
 1602 , 467.109375 
 1603 , 481.55078125 
 1604 , 500.703125 
 1605 , 519.046875 
 1606 , 534.83984375 
 1607 , 555.44921875 
 1608 , 583.734375 
 1609 , 606.94921875 
 1610 , 612.03125 
 1611 , 595.296875 
 1612 , 555.8828125 
 1613 , 502.6796875 
 1614 , 449.2578125 
 1615 , 400.40625 
 1616 , 355.1875 
 1617 , 309.33203125 
 1618 , 261.3671875 
 1619 , 224.15625 
 1620 , 209.421875 
 1621 , 206.62109375 
 1622 , 200.53515625 
 1623 , 190.73046875 
 1624 , 181.6796875 
 1625 , 178.78125 
 1626 , 191.515625 
 1627 , 214.92578125 
 1628 , 226.30078125 
 1629 , 209.125 
 1630 , 161.42578125 
 1631 , 101.078125 
 1632 , 58.6328125 
 1633 , 45.91015625 
 1634 , 58.21484375 
 1635 , 83.76953125 
 1636 , 96.80859375 
 1637 , 93.43359375 
 1638 , 107.03125 
 1639 , 147.984375 
 1640 , 185.158203125 
 1641 , 198.115234375 
 1642 , 192.109375 
 1643 , 179.4375 
 1644 , 170.439453125 
 1645 , 162.58203125 
 1646 , 147.283203125 
 1647 , 126.28125 
 1648 , 110.203125 
 1649 , 104.791015625 
 1650 , 106.509765625 
 1651 , 114.001953125 
 1652 , 131.060546875 
 1653 , 154.1484375 
 1654 , 165.2734375 
 1655 , 158.7890625 
 1656 , 163.126953125 
 1657 , 191.361328125 
 1658 , 207.23828125 
 1659 , 186.11328125 
 1660 , 148.29296875 
 1661 , 117.94921875 
 1662 , 107.23046875 
 1663 , 114.380859375 
 1664 , 120.07421875 
 1665 , 113.779296875 
 1666 , 103.9765625 
 1667 , 98.337890625 
 1668 , 93.96484375 
 1669 , 89.126953125 
 1670 , 95.88671875 
 1671 , 122.484375 
 1672 , 157.880859375 
 1673 , 190.005859375 
 1674 , 213.5390625 
 1675 , 225.458984375 
 1676 , 226.732421875 
 1677 , 219.3046875 
 1678 , 201.98828125 
 1679 , 179.22265625 
 1680 , 176.150390625 
 1681 , 205.326171875 
 1682 , 236.083984375 
 1683 , 243.736328125 
 1684 , 235.169921875 
 1685 , 218.353515625 
 1686 , 197.185546875 
 1687 , 180.14453125 
 1688 , 176.646484375 
 1689 , 183.9453125 
 1690 , 186.412109375 
 1691 , 178.951171875 
 1692 , 166.25390625 
 1693 , 150.044921875 
 1694 , 143.810546875 
 1695 , 159.921875 
 1696 , 181.052734375 
 1697 , 188.681640625 
 1698 , 189.05078125 
 1699 , 187.296875 
 1700 , 170.26953125 
 1701 , 132.22265625 
 1702 , 94.71875 
 1703 , 73.1953125 
 1704 , 58.484375 
 1705 , 45.78125 
 1706 , 42.45703125 
 1707 , 50.185546875 
 1708 , 62.107421875 
 1709 , 72.92578125 
 1710 , 75.37109375 
 1711 , 70.3984375 
 1712 , 84.462890625 
 1713 , 116.177734375 
 1714 , 120.326171875 
 1715 , 74.904296875 
 1716 , 16.671875 
 1717 ,-15.4140625 
 1718 , 5.06640625 
 1719 , 80.8203125 
 1720 , 172.728515625 
 1721 , 242.642578125 
 1722 , 264.119140625 
 1723 , 235.9140625 
 1724 , 208.173828125 
 1725 , 202.52734375 
 1726 , 197.5859375 
 1727 , 181.115234375 
 1728 , 156.556640625 
 1729 , 129.333984375 
 1730 , 110.669921875 
 1731 , 109.3984375 
 1732 , 123.326171875 
 1733 , 136.869140625 
 1734 , 130.927734375 
 1735 , 117.330078125 
 1736 , 127.208984375 
 1737 , 146.33984375 
 1738 , 125.1953125 
 1739 , 75.6953125 
 1740 , 64.322265625 
 1741 , 103.705078125 
 1742 , 155.55078125 
 1743 , 189.896484375 
 1744 , 188.96484375 
 1745 , 163.05078125 
 1746 , 140.626953125 
 1747 , 147.267578125 
 1748 , 207.443359375 
 1749 , 280.5234375 
 1750 , 283.322265625 
 1751 , 226.2578125 
 1752 , 177.87109375 
 1753 , 161.05859375 
 1754 , 170.6015625 
 1755 , 193.595703125 
 1756 , 212.578125 
 1757 , 215.01953125 
 1758 , 198.427734375 
 1759 , 190.916015625 
 1760 , 220.49609375 
 1761 , 261.7734375 
 1762 , 281.8984375 
 1763 , 311.771484375 
 1764 , 380.673828125 
 1765 , 395.384765625 
 1766 , 271.201171875 
 1767 , 131.380859375 
 1768 , 112.45703125 
 1769 , 166.623046875 
 1770 , 212.80859375 
 1771 , 226.109375 
 1772 , 207.578125 
 1773 , 198.33984375 
 1774 , 225.943359375 
 1775 , 253.439453125 
 1776 , 253.16796875 
 1777 , 255.212890625 
 1778 , 281.873046875 
 1779 , 309.791015625 
 1780 , 310.40234375 
 1781 , 268.6953125 
 1782 , 198.626953125 
 1783 , 150.083984375 
 1784 , 143.978515625 
 1785 , 156.326171875 
 1786 , 171.478515625 
 1787 , 188.9921875 
 1788 , 194.666015625 
 1789 , 158.357421875 
 1790 , 92.529296875 
 1791 , 56.462890625 
 1792 , 64.30078125 
 1793 , 85.826171875 
 1794 , 108.19140625 
 1795 , 131.166015625 
 1796 , 149.48828125 
 1797 , 156.81640625 
 1798 , 159.48828125 
 1799 , 169.162109375 
 1800 , 202.970703125 
 1801 , 275.35546875 
 1802 , 335.248046875 
 1803 , 315.32421875 
 1804 , 234.736328125 
 1805 , 145.041015625 
 1806 , 84.458984375 
 1807 , 71.421875 
 1808 , 73.296875 
 1809 , 59.060546875 
 1810 , 36.083984375 
 1811 , 18.205078125 
 1812 , 27.869140625 
 1813 , 69.619140625 
 1814 , 89.197265625 
 1815 , 64.142578125 
 1816 , 62.84375 
 1817 , 120.4609375 
 1818 , 189.58203125 
 1819 , 231.779296875 
 1820 , 241.033203125 
 1821 , 225.12109375 
 1822 , 201.18359375 
 1823 , 175.47265625 
 1824 , 142.90234375 
 1825 , 110.3671875 
 1826 , 96.33984375 
 1827 , 105.693359375 
 1828 , 128.98046875 
 1829 , 152.298828125 
 1830 , 163.63671875 
 1831 , 160.0703125 
 1832 , 144.388671875 
 1833 , 127.634765625 
 1834 , 121.876953125 
 1835 , 133.810546875 
 1836 , 162.48828125 
 1837 , 178.947265625 
 1838 , 164.974609375 
 1839 , 160.16796875 
 1840 , 189.525390625 
 1841 , 213.62109375 
 1842 , 208.53515625 
 1843 , 201.525390625 
 1844 , 205.05078125 
 1845 , 199.30078125 
 1846 , 177.013671875 
 1847 , 151.12890625 
 1848 , 135.765625 
 1849 , 140.892578125 
 1850 , 174.345703125 
 1851 , 243.29296875 
 1852 , 303.68359375 
 1853 , 279.017578125 
 1854 , 188.90625 
 1855 , 110.109375 
 1856 , 82.4921875 
 1857 , 113.458984375 
 1858 , 147.0625 
 1859 , 129.822265625 
 1860 , 107.994140625 
 1861 , 127.189453125 
 1862 , 147.626953125 
 1863 , 137.34375 
 1864 , 126.5859375 
 1865 , 135.98828125 
 1866 , 149.2734375 
 1867 , 158.802734375 
 1868 , 172.458984375 
 1869 , 188.736328125 
 1870 , 200.4296875 
 1871 , 190.384765625 
 1872 , 126.376953125 
 1873 , 51.568359375 
 1874 , 67.14453125 
 1875 , 138.328125 
 1876 , 152.443359375 
 1877 , 124.84765625 
 1878 , 129.189453125 
 1879 , 174.56640625 
 1880 , 230.986328125 
 1881 , 229.853515625 
 1882 , 137.79296875 
 1883 , 57 
 1884 , 63.521484375 
 1885 , 100.591796875 
 1886 , 125.525390625 
 1887 , 161.466796875 
 1888 , 199.62109375 
 1889 , 177.1796875 
 1890 , 108.154296875 
 1891 , 94.4375 
 1892 , 147.306640625 
 1893 , 196.099609375 
 1894 , 212.16796875 
 1895 , 199.3984375 
 1896 , 171.60546875 
 1897 , 145.35546875 
 1898 , 138.15625 
 1899 , 161.462890625 
 1900 , 189.974609375 
 1901 , 195.4453125 
 1902 , 173.97265625 
 1903 , 133.59375 
 1904 , 99.453125 
 1905 , 92.54296875 
 1906 , 121.53125 
 1907 , 174.744140625 
 1908 , 213.65234375 
 1909 , 224.423828125 
 1910 , 222.9609375 
 1911 , 208.19921875 
 1912 , 165.513671875 
 1913 , 135.818359375 
 1914 , 181.515625 
 1915 , 259.1875 
 1916 , 294.451171875 
 1917 , 289.109375 
 1918 , 257.865234375 
 1919 , 174.9765625 
 1920 , 57.724609375 
 1921 , 45.2421875 
 1922 , 168.34375 
 1923 , 252.25 
 1924 , 235.78125 
 1925 , 215.212890625 
 1926 , 217.8984375 
 1927 , 204.703125 
 1928 , 173.1328125 
 1929 , 143.46875 
 1930 , 137.388671875 
 1931 , 169.08984375 
 1932 , 181.3046875 
 1933 , 122.39453125 
 1934 , 64.572265625 
 1935 , 73.23828125 
 1936 , 116.314453125 
 1937 , 161.30859375 
 1938 , 205.302734375 
 1939 , 239.904296875 
 1940 , 249.3125 
 1941 , 237.25 
 1942 , 220.80078125 
 1943 , 205.5234375 
 1944 , 191.287109375 
 1945 , 181.666015625 
 1946 , 180.87890625 
 1947 , 187.90234375 
 1948 , 201.01953125 
 1949 , 216.849609375 
 1950 , 224.921875 
 1951 , 202.431640625 
 1952 , 150.46484375 
 1953 , 111.6171875 
 1954 , 112.23828125 
 1955 , 157.96484375 
 1956 , 215.74609375 
 1957 , 218.712890625 
 1958 , 167.671875 
 1959 , 107.912109375 
 1960 , 79.01953125 
 1961 , 102.4765625 
 1962 , 130.814453125 
 1963 , 125.265625 
 1964 , 134.8671875 
 1965 , 181.640625 
 1966 , 192.646484375 
 1967 , 143.275390625 
 1968 , 99.310546875 
 1969 , 77.912109375 
 1970 , 39.90234375 
 1971 , 9.2578125 
 1972 , 49.36328125 
 1973 , 120.765625 
 1974 , 150.86328125 
 1975 , 189.1640625 
 1976 , 281.9609375 
 1977 , 312.615234375 
 1978 , 219.146484375 
 1979 , 143.458984375 
 1980 , 152.423828125 
 1981 , 160.2109375 
 1982 , 143.359375 
 1983 , 149.462890625 
 1984 , 170.482421875 
 1985 , 166.455078125 
 1986 , 153.24609375 
 1987 , 161.681640625 
 1988 , 172.08203125 
 1989 , 163.552734375 
 1990 , 159.896484375 
 1991 , 169.318359375 
 1992 , 148.5078125 
 1993 , 107.529296875 
 1994 , 135.06640625 
 1995 , 208.9296875 
 1996 , 213.2109375 
 1997 , 164.734375 
 1998 , 149.3984375 
 1999 , 173.939453125 
 2000 , 211.703125 
 2001 , 225.119140625 
 2002 , 199.08203125 
 2003 , 186.267578125 
 2004 , 217.126953125 
 2005 , 263.982421875 
 2006 , 291.865234375 
 2007 , 269.857421875 
 2008 , 209.16015625 
 2009 , 149.287109375 
 2010 , 127.29296875 
 2011 , 166.13671875 
 2012 , 228.939453125 
 2013 , 270.841796875 
 2014 , 273.322265625 
 2015 , 244.138671875 
 2016 , 227.63671875 
 2017 , 229.927734375 
 2018 , 211.978515625 
 2019 , 170.232421875 
 2020 , 129.35546875 
 2021 , 114.283203125 
 2022 , 138.951171875 
 2023 , 158.576171875 
 2024 , 133.59765625 
 2025 , 95.34765625 
 2026 , 75.41015625 
 2027 , 85.232421875 
 2028 , 112.376953125 
 2029 , 115.337890625 
 2030 , 102.892578125 
 2031 , 121.462890625 
 2032 , 149.826171875 
 2033 , 140.087890625 
 2034 , 110.02734375 
 2035 , 91.09765625 
 2036 , 76.923828125 
 2037 , 59.67578125 
 2038 , 49.814453125 
 2039 , 45.630859375 
 2040 , 25.96875 
 2041 , 10.716796875 
 2042 , 43.31640625 
 2043 , 82.0625 
 2044 , 71.533203125 
 2045 , 70.748046875 
 2046 , 122.57421875 
 2047 , 148.302734375 
 2048 , 115.771484375 
 2049 , 91.66015625 
 2050 , 87.322265625 
 2051 , 56.185546875 
 2052 , 13.779296875 
 2053 , 4.951171875 
 2054 , 20.326171875 
 2055 , 38.677734375 
 2056 , 63.865234375 
 2057 , 91.888671875 
 2058 , 93.69921875 
 2059 , 72.70703125 
 2060 , 75.025390625 
 2061 , 97.853515625 
 2062 , 105.67578125 
 2063 , 102.091796875 
 2064 , 105.849609375 
 2065 , 122.140625 
 2066 , 149.634765625 
 2067 , 177.53125 
 2068 , 189.921875 
 2069 , 169.4921875 
 2070 , 129.3046875 
 2071 , 105.4296875 
 2072 , 98.875 
 2073 , 97.392578125 
 2074 , 118.384765625 
 2075 , 171.173828125 
 2076 , 216.474609375 
 2077 , 222.095703125 
 2078 , 182.626953125 
 2079 , 127.8046875 
 2080 , 114.404296875 
 2081 , 124.5859375 
 2082 , 104.189453125 
 2083 , 56.23046875 
 2084 , 8.8359375 
 2085 , 11.373046875 
 2086 , 66.7890625 
 2087 , 80.548828125 
 2088 , 48.93359375 
 2089 , 74.109375 
 2090 , 127.80078125 
 2091 , 112.5546875 
 2092 , 71.822265625 
 2093 , 75.740234375 
 2094 , 91.828125 
 2095 , 97.384765625 
 2096 , 133.78515625 
 2097 , 198.984375 
 2098 , 236.369140625 
 2099 , 237.7578125 
 2100 , 230.25 
 2101 , 239.201171875 
 2102 , 272.630859375 
 2103 , 288.109375 
 2104 , 266.52734375 
 2105 , 250.671875 
 2106 , 260.716796875 
 2107 , 283.509765625 
 2108 , 294.060546875 
 2109 , 270.162109375 
 2110 , 229.59765625 
 2111 , 193.689453125 
 2112 , 157.93359375 
 2113 , 129.990234375 
 2114 , 141.4375 
 2115 , 169.015625 
 2116 , 145.927734375 
 2117 , 89.658203125 
 2118 , 55.6484375 
 2119 , 65.49609375 
 2120 , 110.25390625 
 2121 , 128.599609375 
 2122 , 104.0625 
 2123 , 92.197265625 
 2124 , 107.390625 
 2125 , 128.154296875 
 2126 , 144.599609375 
 2127 , 154.70703125 
 2128 , 165.595703125 
 2129 , 177.5703125 
 2130 , 172.8984375 
 2131 , 151.783203125 
 2132 , 135.287109375 
 2133 , 119.8515625 
 2134 , 92.859375 
 2135 , 83.4609375 
 2136 , 109.634765625 
 2137 , 117.419921875 
 2138 , 91.798828125 
 2139 , 93.421875 
 2140 , 118.8828125 
 2141 , 111.90625 
 2142 , 79.3125 
 2143 , 57.572265625 
 2144 , 78.203125 
 2145 , 137.591796875 
 2146 , 165.880859375 
 2147 , 153.8125 
 2148 , 162.4375 
 2149 , 181.6875 
 2150 , 160.603515625 
 2151 , 109.501953125 
 2152 , 53.60546875 
 2153 , 10.76171875 
 2154 ,-5.962890625 
 2155 , 9.763671875 
 2156 , 44.03515625 
 2157 , 70.380859375 
 2158 , 84.68359375 
 2159 , 93.033203125 
 2160 , 102.7890625 
 2161 , 116.08203125 
 2162 , 114.22265625 
 2163 , 106.5625 
 2164 , 121.9296875 
 2165 , 126.123046875 
 2166 , 80.125 
 2167 , 55.109375 
 2168 , 94.84375 
 2169 , 130.443359375 
 2170 , 127.525390625 
 2171 , 106.43359375 
 2172 , 106.2421875 
 2173 , 157.494140625 
 2174 , 206.41796875 
 2175 , 208.78125 
 2176 , 200.599609375 
 2177 , 198.53515625 
 2178 , 184.0234375 
 2179 , 164.578125 
 2180 , 160.21484375 
 2181 , 159.978515625 
 2182 , 148.7734375 
 2183 , 128.009765625 
 2184 , 113.939453125 
 2185 , 135.798828125 
 2186 , 180.720703125 
 2187 , 211.658203125 
 2188 , 225.833984375 
 2189 , 224.513671875 
 2190 , 185.5859375 
 2191 , 123.970703125 
 2192 , 107.837890625 
 2193 , 137.08984375 
 2194 , 162.912109375 
 2195 , 165.701171875 
 2196 , 146.716796875 
 2197 , 131.314453125 
 2198 , 129.228515625 
 2199 , 123.5078125 
 2200 , 103.79296875 
 2201 , 71.83984375 
 2202 , 64.33984375 
 2203 , 99.814453125 
 2204 , 114.927734375 
 2205 , 98.771484375 
 2206 , 123.935546875 
 2207 , 175.513671875 
 2208 , 187.708984375 
 2209 , 176.984375 
 2210 , 171.556640625 
 2211 , 156.26953125 
 2212 , 135.90234375 
 2213 , 145.234375 
 2214 , 172.35546875 
 2215 , 179.201171875 
 2216 , 156.68359375 
 2217 , 115.181640625 
 2218 , 89.1328125 
 2219 , 82.33203125 
 2220 , 63.4140625 
 2221 , 52.158203125 
 2222 , 79.544921875 
 2223 , 88.791015625 
 2224 , 54.501953125 
 2225 , 62.345703125 
 2226 , 107.791015625 
 2227 , 94.470703125 
 2228 , 48.640625 
 2229 , 43.65625 
 2230 , 88.044921875 
 2231 , 144.365234375 
 2232 , 125.880859375 
 2233 , 59.98828125 
 2234 , 57.96484375 
 2235 , 86.96484375 
 2236 , 84.951171875 
 2237 , 92.19921875 
 2238 , 120.728515625 
 2239 , 118.560546875 
 2240 , 96.84375 
 2241 , 103.955078125 
 2242 , 137.224609375 
 2243 , 164.15625 
 2244 , 122.482421875 
 2245 , 38.9453125 
 2246 , 33.765625 
 2247 , 71.150390625 
 2248 , 59.861328125 
 2249 , 55.064453125 
 2250 , 92.623046875 
 2251 , 110.005859375 
 2252 , 107.931640625 
 2253 , 136.41015625 
 2254 , 143.390625 
 2255 , 84.9609375 
 2256 , 67.673828125 
 2257 , 127.3203125 
 2258 , 170.35546875 
 2259 , 177.705078125 
 2260 , 180.818359375 
 2261 , 180.263671875 
 2262 , 173.115234375 
 2263 , 167.4140625 
 2264 , 143.1875 
 2265 , 66.923828125 
 2266 , 27.05859375 
 2267 , 104.04296875 
 2268 , 161.765625 
 2269 , 127.939453125 
 2270 , 86.140625 
 2271 , 64.236328125 
 2272 , 49.802734375 
 2273 , 63.658203125 
 2274 , 102.38671875 
 2275 , 93.525390625 
 2276 , 38.6171875 
 2277 , 10.8359375 
 2278 , 15.103515625 
 2279 , 30.814453125 
 2280 , 53.82421875 
 2281 , 67.18359375 
 2282 , 42.748046875 
 2283 , 15.671875 
 2284 , 44.01171875 
 2285 , 58.1328125 
 2286 , 14.623046875 
 2287 ,-4.611328125 
 2288 , 18.283203125 
 2289 , 37.400390625 
 2290 , 59.806640625 
 2291 , 94.228515625 
 2292 , 91.486328125 
 2293 , 45.068359375 
 2294 , 17.21875 
 2295 , 5.658203125 
 2296 ,-12.216796875 
 2297 ,-10.572265625 
 2298 , 22.205078125 
 2299 , 64.064453125 
 2300 , 75.57421875 
 2301 , 29.23828125 
 2302 ,-2.1953125 
 2303 , 28.611328125 
 2304 , 43.94921875 
 2305 , 26.25390625 
 2306 , 30.65625 
 2307 , 66.8984375 
 2308 , 114.642578125 
 2309 , 127.140625 
 2310 , 96.80078125 
 2311 , 76.2890625 
 2312 , 60.513671875 
 2313 , 30.357421875 
 2314 , 43.7421875 
 2315 , 103.427734375 
 2316 , 99.478515625 
 2317 , 38.837890625 
 2318 , 5.470703125 
 2319 , 14.955078125 
 2320 , 46.55078125 
 2321 , 73.0703125 
 2322 , 64.916015625 
 2323 , 9.861328125 
 2324 ,-21.443359375 
 2325 , 17.9609375 
 2326 , 50.39453125 
 2327 , 44.2265625 
 2328 , 24.12890625 
 2329 , 5.43359375 
 2330 , 10 
 2331 , 10 
 2332 , 10 
 2333 , 10 
 2334 , 10 
 2335 , 10 
 2336 , 10 
 2337 , 10 
 2338 , 10 
 2339 , 10 
