11-20-2017,17:06:56
Wavenumber(cm-1),Intensity
 250 , 10 
 251 , 10 
 252 , 10 
 253 , 10 
 254 , 10 
 255 , 71.2734375 
 256 , 40.12890625 
 257 , 16.328125 
 258 , 22.40625 
 259 , 42.51171875 
 260 , 48.99609375 
 261 , 25.3828125 
 262 ,-3.61328125 
 263 ,-18.37109375 
 264 ,-16.8046875 
 265 ,-10.57421875 
 266 ,-11.37109375 
 267 ,-14.34765625 
 268 ,-8.2109375 
 269 , 12.89453125 
 270 , 38.26953125 
 271 , 53.48046875 
 272 , 53.43359375 
 273 , 44.06640625 
 274 , 32.87109375 
 275 , 29.2890625 
 276 , 41.06640625 
 277 , 74.78515625 
 278 , 123.75 
 279 , 177.46875 
 280 , 227.05078125 
 281 , 266.7890625 
 282 , 291.3984375 
 283 , 296.1953125 
 284 , 276.92578125 
 285 , 233.97265625 
 286 , 193.77734375 
 287 , 192.2734375 
 288 , 244.18359375 
 289 , 315.1171875 
 290 , 364.71484375 
 291 , 382.2265625 
 292 , 387.6875 
 293 , 399.59375 
 294 , 413.37109375 
 295 , 413.48828125 
 296 , 391.54296875 
 297 , 359.4375 
 298 , 332.4765625 
 299 , 313.92578125 
 300 , 291.6796875 
 301 , 253.484375 
 302 , 198.8828125 
 303 , 135.265625 
 304 , 73.046875 
 305 , 30.69921875 
 306 , 27.71484375 
 307 , 63.87890625 
 308 , 109.625 
 309 , 135.39453125 
 310 , 138.43359375 
 311 , 133.25390625 
 312 , 131.78125 
 313 , 136.75 
 314 , 148.9453125 
 315 , 171.90625 
 316 , 212.26171875 
 317 , 275.453125 
 318 , 346.57421875 
 319 , 394.125 
 320 , 393 
 321 , 359.359375 
 322 , 324.68359375 
 323 , 312.49609375 
 324 , 325.35546875 
 325 , 361.9921875 
 326 , 411.92578125 
 327 , 456.8671875 
 328 , 481.2890625 
 329 , 488.76953125 
 330 , 490.515625 
 331 , 495.6171875 
 332 , 508.3203125 
 333 , 531.97265625 
 334 , 564.3359375 
 335 , 597.30859375 
 336 , 623.421875 
 337 , 640.97265625 
 338 , 650.57421875 
 339 , 653.0546875 
 340 , 650.22265625 
 341 , 644.0859375 
 342 , 635.84375 
 343 , 625.83203125 
 344 , 614.18359375 
 345 , 599.6640625 
 346 , 580.3046875 
 347 , 553.8984375 
 348 , 517.97265625 
 349 , 470.28125 
 350 , 413.55078125 
 351 , 355.8671875 
 352 , 305.0625 
 353 , 265.21875 
 354 , 238.6640625 
 355 , 226.82421875 
 356 , 228.5625 
 357 , 242.15234375 
 358 , 261.43359375 
 359 , 275.4375 
 360 , 274.9140625 
 361 , 264.4296875 
 362 , 254.5234375 
 363 , 252.48828125 
 364 , 257.61328125 
 365 , 268.05078125 
 366 , 281.31640625 
 367 , 293.94140625 
 368 , 302.8125 
 369 , 308.203125 
 370 , 311.9140625 
 371 , 314.73828125 
 372 , 314.51953125 
 373 , 308.9140625 
 374 , 303.1640625 
 375 , 310.0234375 
 376 , 339.27734375 
 377 , 380.2734375 
 378 , 414.609375 
 379 , 429.25390625 
 380 , 423.66015625 
 381 , 399.421875 
 382 , 364.3203125 
 383 , 331.05859375 
 384 , 311.26953125 
 385 , 311.16796875 
 386 , 335.4453125 
 387 , 379.15234375 
 388 , 417.48828125 
 389 , 425.0078125 
 390 , 404.046875 
 391 , 378.90625 
 392 , 370.52734375 
 393 , 380.99609375 
 394 , 406.38671875 
 395 , 434.1953125 
 396 , 438.5078125 
 397 , 395.49609375 
 398 , 316.97265625 
 399 , 237.5859375 
 400 , 184.29296875 
 401 , 155.7109375 
 402 , 144.36328125 
 403 , 144.84765625 
 404 , 152.98046875 
 405 , 165.21875 
 406 , 184.69921875 
 407 , 217.73046875 
 408 , 264.60546875 
 409 , 309.1484375 
 410 , 333.3125 
 411 , 337.62890625 
 412 , 342.6875 
 413 , 365.80078125 
 414 , 396.58984375 
 415 , 413.66015625 
 416 , 406.140625 
 417 , 385.13671875 
 418 , 363.4921875 
 419 , 344.3203125 
 420 , 325.30078125 
 421 , 306.73046875 
 422 , 297.25390625 
 423 , 305.71875 
 424 , 331.01171875 
 425 , 356.87890625 
 426 , 367.2421875 
 427 , 359.07421875 
 428 , 337.17578125 
 429 , 306.64453125 
 430 , 276.4140625 
 431 , 257.59765625 
 432 , 248.19140625 
 433 , 228.3515625 
 434 , 181.328125 
 435 , 123.0703125 
 436 , 82.37890625 
 437 , 78.9140625 
 438 , 110.13671875 
 439 , 169.828125 
 440 , 246.43359375 
 441 , 326.16796875 
 442 , 394.95703125 
 443 , 434.28125 
 444 , 423.78125 
 445 , 364.953125 
 446 , 296.51953125 
 447 , 257.4609375 
 448 , 250.51171875 
 449 , 255.9765625 
 450 , 258.45703125 
 451 , 259.64453125 
 452 , 265.90625 
 453 , 274.9609375 
 454 , 272.86328125 
 455 , 247.765625 
 456 , 208.1328125 
 457 , 169.62890625 
 458 , 143.68359375 
 459 , 133.1015625 
 460 , 139.48828125 
 461 , 162.08203125 
 462 , 198.76171875 
 463 , 244.46875 
 464 , 282.25390625 
 465 , 292.671875 
 466 , 268.46875 
 467 , 218.74609375 
 468 , 154.30078125 
 469 , 90.7265625 
 470 , 45.66796875 
 471 , 27.37890625 
 472 , 22.44921875 
 473 , 16.046875 
 474 , 12.0546875 
 475 , 30.95703125 
 476 , 85.50390625 
 477 , 148.671875 
 478 , 181.0234375 
 479 , 172.20703125 
 480 , 154.72265625 
 481 , 160.42578125 
 482 , 185.64453125 
 483 , 206.6953125 
 484 , 206.4453125 
 485 , 188.83984375 
 486 , 163.51171875 
 487 , 139.578125 
 488 , 126.7109375 
 489 , 133.125 
 490 , 156.94140625 
 491 , 191.05078125 
 492 , 227.9296875 
 493 , 261.82421875 
 494 , 289.84765625 
 495 , 319.7890625 
 496 , 359.33203125 
 497 , 408.078125 
 498 , 454.046875 
 499 , 489.26171875 
 500 , 515.86328125 
 501 , 536.953125 
 502 , 552.35546875 
 503 , 562.97265625 
 504 , 576.36328125 
 505 , 595.79296875 
 506 , 613.04296875 
 507 , 616.6953125 
 508 , 598.95703125 
 509 , 557.515625 
 510 , 499.48828125 
 511 , 447.671875 
 512 , 422.55078125 
 513 , 426.0625 
 514 , 448.88671875 
 515 , 480.91015625 
 516 , 507.31640625 
 517 , 512.4921875 
 518 , 493.5859375 
 519 , 463.375 
 520 , 434.52734375 
 521 , 410.13671875 
 522 , 389.37890625 
 523 , 374.18359375 
 524 , 371.1640625 
 525 , 386.5390625 
 526 , 419.6171875 
 527 , 463.44921875 
 528 , 508.90625 
 529 , 543.85546875 
 530 , 557.3984375 
 531 , 552.1875 
 532 , 542.5 
 533 , 538.453125 
 534 , 531.9375 
 535 , 512.75390625 
 536 , 481.33203125 
 537 , 448.66796875 
 538 , 422.90625 
 539 , 403.76953125 
 540 , 391.0546875 
 541 , 389.7890625 
 542 , 411.64453125 
 543 , 464.7578125 
 544 , 530.78125 
 545 , 573.59375 
 546 , 570.35546875 
 547 , 540.97265625 
 548 , 515.6875 
 549 , 507.8515625 
 550 , 511.40234375 
 551 , 517.28125 
 552 , 518.5859375 
 553 , 513.44921875 
 554 , 506.015625 
 555 , 506.6015625 
 556 , 524.62109375 
 557 , 563 
 558 , 618.05078125 
 559 , 675.890625 
 560 , 710.53125 
 561 , 703.37109375 
 562 , 667.6015625 
 563 , 625.73046875 
 564 , 589.69921875 
 565 , 557.54296875 
 566 , 531.60546875 
 567 , 517.75390625 
 568 , 521.84375 
 569 , 543.88671875 
 570 , 567.2421875 
 571 , 570.5234375 
 572 , 553.41796875 
 573 , 543.4609375 
 574 , 568.75390625 
 575 , 627.546875 
 576 , 699.34765625 
 577 , 760.89453125 
 578 , 792.9375 
 579 , 782.75 
 580 , 725.1953125 
 581 , 617.34765625 
 582 , 482.41796875 
 583 , 394.3359375 
 584 , 422.91796875 
 585 , 532.20703125 
 586 , 624.58984375 
 587 , 638.05859375 
 588 , 601.25 
 589 , 551.61328125 
 590 , 504.26953125 
 591 , 460.92578125 
 592 , 422.43359375 
 593 , 381.44140625 
 594 , 331.75 
 595 , 279.60546875 
 596 , 239.578125 
 597 , 220.33203125 
 598 , 217.82421875 
 599 , 228.96484375 
 600 , 246.93359375 
 601 , 256.51171875 
 602 , 243.796875 
 603 , 221.67578125 
 604 , 214.7890625 
 605 , 232.54296875 
 606 , 256.1796875 
 607 , 261.25 
 608 , 245.1015625 
 609 , 221.140625 
 610 , 201.65625 
 611 , 191.91796875 
 612 , 198.73828125 
 613 , 218.34765625 
 614 , 236.375 
 615 , 243.4765625 
 616 , 250.0390625 
 617 , 270.53515625 
 618 , 309.0703125 
 619 , 355.296875 
 620 , 396.43359375 
 621 , 434.93359375 
 622 , 487.55859375 
 623 , 555 
 624 , 617.73828125 
 625 , 657.04296875 
 626 , 677.15625 
 627 , 689.5546875 
 628 , 697.046875 
 629 , 693.91015625 
 630 , 676.94921875 
 631 , 652.49609375 
 632 , 625.4375 
 633 , 597.40234375 
 634 , 572.2890625 
 635 , 559.66796875 
 636 , 563.734375 
 637 , 576.78515625 
 638 , 585.55078125 
 639 , 581.64453125 
 640 , 567.97265625 
 641 , 549.90625 
 642 , 526.21484375 
 643 , 496.87890625 
 644 , 471.0703125 
 645 , 460.83984375 
 646 , 465.87890625 
 647 , 477.83984375 
 648 , 486.6640625 
 649 , 483.5703125 
 650 , 462.59375 
 651 , 425.734375 
 652 , 380.578125 
 653 , 335.91796875 
 654 , 298.6640625 
 655 , 272.75390625 
 656 , 261.74609375 
 657 , 268.01171875 
 658 , 287.390625 
 659 , 306.66796875 
 660 , 316.23046875 
 661 , 323.86328125 
 662 , 343.72265625 
 663 , 375.3125 
 664 , 393.77734375 
 665 , 377.2109375 
 666 , 338.4140625 
 667 , 309.18359375 
 668 , 306.27734375 
 669 , 312.53125 
 670 , 305.69140625 
 671 , 284.78515625 
 672 , 264.8515625 
 673 , 258.35546875 
 674 , 260.921875 
 675 , 258.45703125 
 676 , 243.21875 
 677 , 219.40234375 
 678 , 200.12109375 
 679 , 197.2578125 
 680 , 210.62890625 
 681 , 228.9765625 
 682 , 243.078125 
 683 , 257.38671875 
 684 , 286.84375 
 685 , 336.91015625 
 686 , 387.89453125 
 687 , 411.45703125 
 688 , 399.1015625 
 689 , 372.703125 
 690 , 350.86328125 
 691 , 338.2734375 
 692 , 335.515625 
 693 , 342.1640625 
 694 , 346.93359375 
 695 , 337.08203125 
 696 , 319.9140625 
 697 , 317.94140625 
 698 , 351.34375 
 699 , 423.37890625 
 700 , 523.96484375 
 701 , 613.82421875 
 702 , 641.4140625 
 703 , 592.390625 
 704 , 523.91796875 
 705 , 496.3515625 
 706 , 513.85546875 
 707 , 548.44140625 
 708 , 574.63671875 
 709 , 579.84765625 
 710 , 563.64453125 
 711 , 538.7265625 
 712 , 515.33984375 
 713 , 490.35546875 
 714 , 457.328125 
 715 , 422.7421875 
 716 , 394.328125 
 717 , 370.2890625 
 718 , 340.65625 
 719 , 301.21484375 
 720 , 256.09375 
 721 , 215.07421875 
 722 , 185.71484375 
 723 , 169.31640625 
 724 , 165.7578125 
 725 , 177.90625 
 726 , 191.08203125 
 727 , 181.08984375 
 728 , 144.609375 
 729 , 111.90625 
 730 , 110.14453125 
 731 , 126.8671875 
 732 , 136.97265625 
 733 , 131.23046875 
 734 , 118.3828125 
 735 , 105.4921875 
 736 , 105.81640625 
 737 , 138.26953125 
 738 , 204.79296875 
 739 , 281.6015625 
 740 , 338.578125 
 741 , 362.6171875 
 742 , 355.05859375 
 743 , 333.46484375 
 744 , 318.703125 
 745 , 316.54296875 
 746 , 321.51953125 
 747 , 334.14453125 
 748 , 352.51953125 
 749 , 363.29296875 
 750 , 349.66015625 
 751 , 318.37890625 
 752 , 290.7421875 
 753 , 287.703125 
 754 , 320.50390625 
 755 , 377.4140625 
 756 , 415.80859375 
 757 , 401.28125 
 758 , 358.6015625 
 759 , 339.7109375 
 760 , 362.90234375 
 761 , 396.64453125 
 762 , 413.5859375 
 763 , 422.3046875 
 764 , 443.21875 
 765 , 476.6328125 
 766 , 501.7421875 
 767 , 506.41015625 
 768 , 496.62890625 
 769 , 479.11328125 
 770 , 451.05859375 
 771 , 408.46875 
 772 , 359.40625 
 773 , 319.2890625 
 774 , 296.07421875 
 775 , 283.5703125 
 776 , 275.05078125 
 777 , 275.2109375 
 778 , 283.515625 
 779 , 288.6953125 
 780 , 281.28515625 
 781 , 263.6796875 
 782 , 246.28515625 
 783 , 233.6796875 
 784 , 223.6796875 
 785 , 208.3671875 
 786 , 173.2734375 
 787 , 121.359375 
 788 , 62.98046875 
 789 , 9.6640625 
 790 ,-14.796875 
 791 , 18.42578125 
 792 , 104.609375 
 793 , 187.39453125 
 794 , 222.78125 
 795 , 231.015625 
 796 , 245.1640625 
 797 , 273.87109375 
 798 , 297.40234375 
 799 , 311.65234375 
 800 , 324.58203125 
 801 , 338.46484375 
 802 , 346.04296875 
 803 , 343.18359375 
 804 , 340.6640625 
 805 , 350.2890625 
 806 , 373.73046875 
 807 , 397.73828125 
 808 , 407.54296875 
 809 , 398.26171875 
 810 , 373.57421875 
 811 , 338.8984375 
 812 , 309.81640625 
 813 , 305.7734375 
 814 , 331.92578125 
 815 , 375.3828125 
 816 , 424.375 
 817 , 470.86328125 
 818 , 505.47265625 
 819 , 518.14453125 
 820 , 503.546875 
 821 , 465.5859375 
 822 , 418.27734375 
 823 , 374.36328125 
 824 , 337.03125 
 825 , 305.328125 
 826 , 285.29296875 
 827 , 294.66796875 
 828 , 346.09375 
 829 , 418.296875 
 830 , 475.8359375 
 831 , 507.21875 
 832 , 533.58984375 
 833 , 568.56640625 
 834 , 583.8671875 
 835 , 542.26953125 
 836 , 453.66015625 
 837 , 370.7265625 
 838 , 330.53125 
 839 , 324.625 
 840 , 337.6015625 
 841 , 357.4296875 
 842 , 371.16015625 
 843 , 369.05859375 
 844 , 359.5625 
 845 , 355.890625 
 846 , 359.51953125 
 847 , 363.18359375 
 848 , 360.64453125 
 849 , 353.39453125 
 850 , 345.484375 
 851 , 341.953125 
 852 , 346.37109375 
 853 , 353.0234375 
 854 , 349.82421875 
 855 , 333.11328125 
 856 , 315.76953125 
 857 , 310.16015625 
 858 , 313.98828125 
 859 , 318.3515625 
 860 , 319.03515625 
 861 , 317.7421875 
 862 , 317.94921875 
 863 , 330.609375 
 864 , 368.16015625 
 865 , 417.546875 
 866 , 438.47265625 
 867 , 406.12109375 
 868 , 357.01953125 
 869 , 340.34765625 
 870 , 367.82421875 
 871 , 421.09375 
 872 , 483.09375 
 873 , 551.3203125 
 874 , 627.61328125 
 875 , 705.90625 
 876 , 772.77734375 
 877 , 816.88671875 
 878 , 840.55078125 
 879 , 857.6015625 
 880 , 891.21875 
 881 , 959.515625 
 882 , 1050.9140625 
 883 , 1138.546875 
 884 , 1205.0546875 
 885 , 1245.24609375 
 886 , 1252.5390625 
 887 , 1215.07421875 
 888 , 1121.01953125 
 889 , 981.6875 
 890 , 835.01953125 
 891 , 712.33984375 
 892 , 617.7578125 
 893 , 549.2734375 
 894 , 498.97265625 
 895 , 453.625 
 896 , 399.375 
 897 , 319.74609375 
 898 , 204.3203125 
 899 , 89.95703125 
 900 , 31.94921875 
 901 , 39.41796875 
 902 , 66.94140625 
 903 , 77.07421875 
 904 , 69.26953125 
 905 , 50.80078125 
 906 , 31.13671875 
 907 , 21.76953125 
 908 , 27.77734375 
 909 , 41.93359375 
 910 , 55.8828125 
 911 , 71.09375 
 912 , 94.05078125 
 913 , 123.1015625 
 914 , 143.75390625 
 915 , 144.08984375 
 916 , 128.78515625 
 917 , 107.04296875 
 918 , 85.56640625 
 919 , 67.29296875 
 920 , 52.96484375 
 921 , 45.09765625 
 922 , 47.4140625 
 923 , 55.73828125 
 924 , 61.69140625 
 925 , 61.125 
 926 , 56.97265625 
 927 , 53.82421875 
 928 , 53.203125 
 929 , 53.97265625 
 930 , 55.01171875 
 931 , 57.9453125 
 932 , 64.32421875 
 933 , 69.33984375 
 934 , 66.859375 
 935 , 59.21875 
 936 , 51.83203125 
 937 , 45.15234375 
 938 , 35.00390625 
 939 , 20.015625 
 940 , 7.94140625 
 941 , 5.7109375 
 942 , 9.1484375 
 943 , 11.5859375 
 944 , 14.078125 
 945 , 21.78515625 
 946 , 34.1171875 
 947 , 42.8125 
 948 , 42.59375 
 949 , 42.26953125 
 950 , 54.71484375 
 951 , 78.0625 
 952 , 97.75390625 
 953 , 106.74609375 
 954 , 120.23046875 
 955 , 154.890625 
 956 , 199.1484375 
 957 , 225.08203125 
 958 , 220.06640625 
 959 , 196.0703125 
 960 , 165.96484375 
 961 , 134.03125 
 962 , 102.53125 
 963 , 72.59375 
 964 , 46.7890625 
 965 , 26.04296875 
 966 , 9.96484375 
 967 , 0.54296875 
 968 , 4.390625 
 969 , 27.46484375 
 970 , 60.4921875 
 971 , 83.4296875 
 972 , 85.41015625 
 973 , 71.47265625 
 974 , 51.1484375 
 975 , 41.60546875 
 976 , 62.5625 
 977 , 107.7265625 
 978 , 141.07421875 
 979 , 139.359375 
 980 , 122.5390625 
 981 , 115.81640625 
 982 , 122.9296875 
 983 , 137.03515625 
 984 , 150.734375 
 985 , 155.6875 
 986 , 149.5546875 
 987 , 145.83203125 
 988 , 157.8828125 
 989 , 178.3515625 
 990 , 190.54296875 
 991 , 191.12890625 
 992 , 193.2109375 
 993 , 205.94140625 
 994 , 223.57421875 
 995 , 239.33203125 
 996 , 263.36328125 
 997 , 314.7421875 
 998 , 393.1875 
 999 , 469.40234375 
 1000 , 528.0234375 
 1001 , 622.4375 
 1002 , 817.484375 
 1003 , 1093.52734375 
 1004 , 1372.95703125 
 1005 , 1600.1328125 
 1006 , 1760.98046875 
 1007 , 1843.2890625 
 1008 , 1816.19921875 
 1009 , 1645.734375 
 1010 , 1353.26953125 
 1011 , 1003.08203125 
 1012 , 662.68359375 
 1013 , 398.8984375 
 1014 , 258.3359375 
 1015 , 205.63671875 
 1016 , 185.9375 
 1017 , 174.49609375 
 1018 , 166.43359375 
 1019 , 158.35546875 
 1020 , 149.91796875 
 1021 , 141.55859375 
 1022 , 133.91796875 
 1023 , 127.37890625 
 1024 , 123 
 1025 , 122.828125 
 1026 , 123.68359375 
 1027 , 115.0625 
 1028 , 94.0390625 
 1029 , 89.1015625 
 1030 , 132.53515625 
 1031 , 206.94140625 
 1032 , 261.19921875 
 1033 , 274.0703125 
 1034 , 274.6484375 
 1035 , 289.58984375 
 1036 , 317.19140625 
 1037 , 348.51171875 
 1038 , 372.921875 
 1039 , 378.30078125 
 1040 , 361.8046875 
 1041 , 335.48046875 
 1042 , 311.140625 
 1043 , 295.12890625 
 1044 , 292.09375 
 1045 , 298.64453125 
 1046 , 305.77734375 
 1047 , 313.1796875 
 1048 , 334.64453125 
 1049 , 377.703125 
 1050 , 422.1875 
 1051 , 444.48828125 
 1052 , 447.31640625 
 1053 , 447.5546875 
 1054 , 452.8671875 
 1055 , 459.3359375 
 1056 , 464.59375 
 1057 , 472.33203125 
 1058 , 485.7109375 
 1059 , 496.68359375 
 1060 , 492.765625 
 1061 , 477.125 
 1062 , 469.84765625 
 1063 , 481.19140625 
 1064 , 495.015625 
 1065 , 494.31640625 
 1066 , 482.76171875 
 1067 , 471.74609375 
 1068 , 461.39453125 
 1069 , 440.98828125 
 1070 , 403.953125 
 1071 , 353.30078125 
 1072 , 295.9921875 
 1073 , 253.12890625 
 1074 , 248.2109375 
 1075 , 275.33984375 
 1076 , 306.91796875 
 1077 , 325.5859375 
 1078 , 331.68359375 
 1079 , 329.08984375 
 1080 , 330.3984375 
 1081 , 349.3359375 
 1082 , 384.8125 
 1083 , 426.24609375 
 1084 , 462.921875 
 1085 , 484.65234375 
 1086 , 487.37109375 
 1087 , 485.47265625 
 1088 , 495.4609375 
 1089 , 523.23828125 
 1090 , 568.97265625 
 1091 , 616.28515625 
 1092 , 632.59375 
 1093 , 607.3359375 
 1094 , 580.6328125 
 1095 , 586.69921875 
 1096 , 592.34765625 
 1097 , 546.02734375 
 1098 , 458.359375 
 1099 , 386.5546875 
 1100 , 354.5859375 
 1101 , 329.74609375 
 1102 , 288.5078125 
 1103 , 262.51171875 
 1104 , 289.30078125 
 1105 , 338.265625 
 1106 , 343.125 
 1107 , 289.6875 
 1108 , 225.4296875 
 1109 , 187.42578125 
 1110 , 175.98828125 
 1111 , 184.36328125 
 1112 , 199.41015625 
 1113 , 206.046875 
 1114 , 198.0546875 
 1115 , 173.4453125 
 1116 , 132.38671875 
 1117 , 82.2890625 
 1118 , 33.0703125 
 1119 ,-1.94921875 
 1120 ,-10.328125 
 1121 , 0.58203125 
 1122 , 11.97265625 
 1123 , 22.7109375 
 1124 , 55.26171875 
 1125 , 115.96875 
 1126 , 167.09375 
 1127 , 172.2890625 
 1128 , 148.23828125 
 1129 , 130.69921875 
 1130 , 124.8046875 
 1131 , 108.65625 
 1132 , 77.609375 
 1133 , 59.5859375 
 1134 , 73.92578125 
 1135 , 95.14453125 
 1136 , 91.84765625 
 1137 , 72.3515625 
 1138 , 64.05859375 
 1139 , 70.9921875 
 1140 , 73.7734375 
 1141 , 65.41796875 
 1142 , 65.05859375 
 1143 , 89.390625 
 1144 , 132.34375 
 1145 , 181.59375 
 1146 , 217.55078125 
 1147 , 215.2734375 
 1148 , 174.32421875 
 1149 , 128.7890625 
 1150 , 105.1796875 
 1151 , 97.12109375 
 1152 , 93.11328125 
 1153 , 98.0546875 
 1154 , 124.93359375 
 1155 , 163.33984375 
 1156 , 179.26953125 
 1157 , 166.875 
 1158 , 172.57421875 
 1159 , 227.84765625 
 1160 , 294.296875 
 1161 , 325.5390625 
 1162 , 329.5234375 
 1163 , 337.45703125 
 1164 , 356.06640625 
 1165 , 371.9296875 
 1166 , 378.36328125 
 1167 , 374.26171875 
 1168 , 360.203125 
 1169 , 352.64453125 
 1170 , 372.23828125 
 1171 , 421.203125 
 1172 , 491.328125 
 1173 , 566.85546875 
 1174 , 622.62109375 
 1175 , 641.19921875 
 1176 , 625.53515625 
 1177 , 581.7421875 
 1178 , 514.97265625 
 1179 , 432.67578125 
 1180 , 369.79296875 
 1181 , 374.3515625 
 1182 , 445.1875 
 1183 , 527.47265625 
 1184 , 576.83203125 
 1185 , 579.859375 
 1186 , 536.87890625 
 1187 , 483.6796875 
 1188 , 460.37890625 
 1189 , 469.984375 
 1190 , 495.36328125 
 1191 , 518.38671875 
 1192 , 523.36328125 
 1193 , 507.17578125 
 1194 , 483.6171875 
 1195 , 465.609375 
 1196 , 467.2734375 
 1197 , 502.828125 
 1198 , 553.31640625 
 1199 , 579.43359375 
 1200 , 575.9609375 
 1201 , 579.82421875 
 1202 , 605.48828125 
 1203 , 610.75390625 
 1204 , 562.875 
 1205 , 499.1015625 
 1206 , 468.29296875 
 1207 , 468.43359375 
 1208 , 473.53125 
 1209 , 467.93359375 
 1210 , 444.390625 
 1211 , 400.9609375 
 1212 , 354.60546875 
 1213 , 321.046875 
 1214 , 281.2734375 
 1215 , 211.375 
 1216 , 161.38671875 
 1217 , 211.18359375 
 1218 , 336.84375 
 1219 , 434.78515625 
 1220 , 432.40234375 
 1221 , 333.09765625 
 1222 , 168.875 
 1223 , 26.6484375 
 1224 ,-18.734375 
 1225 , 15.4765625 
 1226 , 85.19921875 
 1227 , 155.83984375 
 1228 , 201.2734375 
 1229 , 204.36328125 
 1230 , 158.4140625 
 1231 , 85.73828125 
 1232 , 30.08203125 
 1233 , 24.56640625 
 1234 , 47.84765625 
 1235 , 69.32421875 
 1236 , 82.65234375 
 1237 , 97.1875 
 1238 , 121.953125 
 1239 , 154.6640625 
 1240 , 185.24609375 
 1241 , 207.93359375 
 1242 , 224.0625 
 1243 , 224.91796875 
 1244 , 193.734375 
 1245 , 146.81640625 
 1246 , 126.40625 
 1247 , 164.37890625 
 1248 , 271.05078125 
 1249 , 407.34765625 
 1250 , 485.55859375 
 1251 , 465.3515625 
 1252 , 408.58984375 
 1253 , 373.93359375 
 1254 , 352.9375 
 1255 , 321.18359375 
 1256 , 279.84765625 
 1257 , 246.05859375 
 1258 , 225.58984375 
 1259 , 211.19140625 
 1260 , 192.08984375 
 1261 , 153.265625 
 1262 , 93.79296875 
 1263 , 50.78125 
 1264 , 57 
 1265 , 96.51953125 
 1266 , 143.0390625 
 1267 , 187.51171875 
 1268 , 222.43359375 
 1269 , 232.33203125 
 1270 , 207.9453125 
 1271 , 162.83203125 
 1272 , 126.1015625 
 1273 , 108.0234375 
 1274 , 95.88671875 
 1275 , 87.08203125 
 1276 , 82.76171875 
 1277 , 71.83984375 
 1278 , 57.95703125 
 1279 , 66.97265625 
 1280 , 105.75390625 
 1281 , 147.67578125 
 1282 , 172.69921875 
 1283 , 184.05078125 
 1284 , 190.3359375 
 1285 , 208.57421875 
 1286 , 254.921875 
 1287 , 317.5078125 
 1288 , 371.01171875 
 1289 , 395.203125 
 1290 , 378.65625 
 1291 , 333.77734375 
 1292 , 290.63671875 
 1293 , 262.6484375 
 1294 , 239.46875 
 1295 , 211.12890625 
 1296 , 174.48046875 
 1297 , 132.93359375 
 1298 , 105.640625 
 1299 , 108.40234375 
 1300 , 123.765625 
 1301 , 122.51171875 
 1302 , 100.48046875 
 1303 , 69.515625 
 1304 , 37.16796875 
 1305 , 15.62890625 
 1306 , 20.37890625 
 1307 , 57.3515625 
 1308 , 121.1328125 
 1309 , 182.6875 
 1310 , 211.23828125 
 1311 , 207.20703125 
 1312 , 187.7734375 
 1313 , 167.25390625 
 1314 , 157.08203125 
 1315 , 155.26171875 
 1316 , 144.15234375 
 1317 , 122.93359375 
 1318 , 123.875 
 1319 , 166.5078125 
 1320 , 216.08203125 
 1321 , 234.19921875 
 1322 , 228.99609375 
 1323 , 223.15625 
 1324 , 218.046875 
 1325 , 207.44140625 
 1326 , 192.4921875 
 1327 , 174.3359375 
 1328 , 155.3828125 
 1329 , 148.50390625 
 1330 , 162.37890625 
 1331 , 182.31640625 
 1332 , 194.46484375 
 1333 , 216.36328125 
 1334 , 269.70703125 
 1335 , 335.2890625 
 1336 , 375.05859375 
 1337 , 379.18359375 
 1338 , 362.51171875 
 1339 , 339.546875 
 1340 , 324.2890625 
 1341 , 325.546875 
 1342 , 339.8515625 
 1343 , 362.73828125 
 1344 , 388.8359375 
 1345 , 410.8671875 
 1346 , 428.171875 
 1347 , 445.51171875 
 1348 , 468.49609375 
 1349 , 503.3984375 
 1350 , 544.9375 
 1351 , 573.37890625 
 1352 , 581.1875 
 1353 , 586.57421875 
 1354 , 602.4296875 
 1355 , 612.36328125 
 1356 , 597.609375 
 1357 , 565.0859375 
 1358 , 531.28515625 
 1359 , 505.90234375 
 1360 , 491.02734375 
 1361 , 481.05859375 
 1362 , 472.4140625 
 1363 , 458.59765625 
 1364 , 421.8671875 
 1365 , 372.2578125 
 1366 , 367.53125 
 1367 , 428.11328125 
 1368 , 481.15625 
 1369 , 466.89453125 
 1370 , 417.55859375 
 1371 , 380.13671875 
 1372 , 359.4375 
 1373 , 343.33984375 
 1374 , 331.75390625 
 1375 , 330.6015625 
 1376 , 338.48046875 
 1377 , 355.96484375 
 1378 , 380.91796875 
 1379 , 397.515625 
 1380 , 382.37109375 
 1381 , 307.58203125 
 1382 , 180.609375 
 1383 , 95.5546875 
 1384 , 122.53515625 
 1385 , 189.86328125 
 1386 , 208.93359375 
 1387 , 179.44140625 
 1388 , 134.171875 
 1389 , 87.79296875 
 1390 , 39.09375 
 1391 , 2.203125 
 1392 , 0.9765625 
 1393 , 38.6484375 
 1394 , 99.5390625 
 1395 , 158.1796875 
 1396 , 161.328125 
 1397 , 83.80078125 
 1398 , 6.828125 
 1399 , 9.671875 
 1400 , 53.8125 
 1401 , 71.8203125 
 1402 , 61.2109375 
 1403 , 52.390625 
 1404 , 55.4375 
 1405 , 62.36328125 
 1406 , 67 
 1407 , 72.4921875 
 1408 , 81.19921875 
 1409 , 87.17578125 
 1410 , 87.24609375 
 1411 , 94.77734375 
 1412 , 120.44140625 
 1413 , 142.18359375 
 1414 , 134.52734375 
 1415 , 120.875 
 1416 , 141.23046875 
 1417 , 190.18359375 
 1418 , 234.6796875 
 1419 , 262.1796875 
 1420 , 285.1171875 
 1421 , 308.02734375 
 1422 , 311.39453125 
 1423 , 284.78125 
 1424 , 249.45703125 
 1425 , 223.8671875 
 1426 , 199.21875 
 1427 , 173.5390625 
 1428 , 187.40625 
 1429 , 268.1484375 
 1430 , 353.58984375 
 1431 , 372.98828125 
 1432 , 336.3671875 
 1433 , 282.46484375 
 1434 , 247.74609375 
 1435 , 259.578125 
 1436 , 306.59765625 
 1437 , 358.10546875 
 1438 , 381.83203125 
 1439 , 346.16796875 
 1440 , 270.921875 
 1441 , 231.9765625 
 1442 , 260.0078125 
 1443 , 310.75390625 
 1444 , 350.71875 
 1445 , 382.6328125 
 1446 , 412.0390625 
 1447 , 440.34375 
 1448 , 467.5859375 
 1449 , 495.1484375 
 1450 , 526.9140625 
 1451 , 553.97265625 
 1452 , 558.9375 
 1453 , 571.98828125 
 1454 , 656.9140625 
 1455 , 792.8671875 
 1456 , 883.375 
 1457 , 903.80078125 
 1458 , 919.61328125 
 1459 , 962.1171875 
 1460 , 988.60546875 
 1461 , 966.296875 
 1462 , 915.5625 
 1463 , 860.91015625 
 1464 , 800.828125 
 1465 , 725.89453125 
 1466 , 632.0625 
 1467 , 526.75390625 
 1468 , 441.3125 
 1469 , 402.76171875 
 1470 , 394.890625 
 1471 , 385.4609375 
 1472 , 354.02734375 
 1473 , 292.79296875 
 1474 , 234.0625 
 1475 , 233.34765625 
 1476 , 291.53125 
 1477 , 359.015625 
 1478 , 399.6171875 
 1479 , 393.265625 
 1480 , 342.9765625 
 1481 , 295.21875 
 1482 , 279.66015625 
 1483 , 274.0390625 
 1484 , 259.8828125 
 1485 , 252.234375 
 1486 , 265.27734375 
 1487 , 283.44140625 
 1488 , 286.98828125 
 1489 , 281.57421875 
 1490 , 281.85546875 
 1491 , 297.515625 
 1492 , 331.9765625 
 1493 , 366.5625 
 1494 , 375.44140625 
 1495 , 362.92578125 
 1496 , 351.05859375 
 1497 , 342.40625 
 1498 , 323.8203125 
 1499 , 292.71484375 
 1500 , 259.90625 
 1501 , 239.74609375 
 1502 , 246.77734375 
 1503 , 279.59375 
 1504 , 311.1640625 
 1505 , 324.0859375 
 1506 , 322.7265625 
 1507 , 309.2890625 
 1508 , 287.89453125 
 1509 , 268.05859375 
 1510 , 249.03515625 
 1511 , 216.96484375 
 1512 , 162.4765625 
 1513 , 89.30078125 
 1514 , 22.61328125 
 1515 ,-10.69921875 
 1516 ,-10.9296875 
 1517 , 10.00390625 
 1518 , 53.65234375 
 1519 , 130.9765625 
 1520 , 207.3046875 
 1521 , 202.41796875 
 1522 , 120.0703125 
 1523 , 58.96484375 
 1524 , 67.74609375 
 1525 , 120.76171875 
 1526 , 186.44921875 
 1527 , 230.44140625 
 1528 , 232.94921875 
 1529 , 220.06640625 
 1530 , 221.140625 
 1531 , 233.08984375 
 1532 , 238.7265625 
 1533 , 220.875 
 1534 , 181.38671875 
 1535 , 172.6953125 
 1536 , 237.87109375 
 1537 , 333.58203125 
 1538 , 396.1484375 
 1539 , 400.66796875 
 1540 , 343.22265625 
 1541 , 252.7265625 
 1542 , 175.421875 
 1543 , 130.203125 
 1544 , 112.1796875 
 1545 , 111.015625 
 1546 , 117.390625 
 1547 , 128.12890625 
 1548 , 139.85546875 
 1549 , 142.16796875 
 1550 , 128.44921875 
 1551 , 111.2109375 
 1552 , 116.1953125 
 1553 , 142.16796875 
 1554 , 147.26171875 
 1555 , 122.984375 
 1556 , 133.30078125 
 1557 , 212.45703125 
 1558 , 306.34765625 
 1559 , 358.90234375 
 1560 , 346.65234375 
 1561 , 275.546875 
 1562 , 216.09375 
 1563 , 223.0546875 
 1564 , 257.84765625 
 1565 , 273.64453125 
 1566 , 268.3828125 
 1567 , 250.37890625 
 1568 , 245.16796875 
 1569 , 281.21875 
 1570 , 333.8046875 
 1571 , 358.5390625 
 1572 , 354.3984375 
 1573 , 344.44921875 
 1574 , 346.078125 
 1575 , 367.83203125 
 1576 , 381.12109375 
 1577 , 336.25 
 1578 , 254.171875 
 1579 , 211.3828125 
 1580 , 227.20703125 
 1581 , 265.14453125 
 1582 , 300.609375 
 1583 , 328.01953125 
 1584 , 349.87109375 
 1585 , 370.5625 
 1586 , 388.265625 
 1587 , 399.59375 
 1588 , 407.50390625 
 1589 , 417.32421875 
 1590 , 429.96875 
 1591 , 449.77734375 
 1592 , 477.77734375 
 1593 , 491.85546875 
 1594 , 478.80078125 
 1595 , 468.3046875 
 1596 , 485.28125 
 1597 , 510.73828125 
 1598 , 522.19921875 
 1599 , 524.92578125 
 1600 , 529.4921875 
 1601 , 536.40625 
 1602 , 544.1171875 
 1603 , 546.93359375 
 1604 , 540.89453125 
 1605 , 544.69140625 
 1606 , 578.9609375 
 1607 , 629.8984375 
 1608 , 668.94921875 
 1609 , 667.8046875 
 1610 , 610.77734375 
 1611 , 536.796875 
 1612 , 495.16015625 
 1613 , 482.62890625 
 1614 , 477.27734375 
 1615 , 465.47265625 
 1616 , 438.11328125 
 1617 , 403.47265625 
 1618 , 379.4765625 
 1619 , 361.99609375 
 1620 , 329.5234375 
 1621 , 285.78125 
 1622 , 255.59765625 
 1623 , 233.7265625 
 1624 , 192.61328125 
 1625 , 146.44140625 
 1626 , 141.3515625 
 1627 , 175.69140625 
 1628 , 204.6875 
 1629 , 214.26953125 
 1630 , 223.81640625 
 1631 , 221.265625 
 1632 , 163.9453125 
 1633 , 76.0546875 
 1634 , 47.44921875 
 1635 , 96.45703125 
 1636 , 156.546875 
 1637 , 192.8359375 
 1638 , 223.44140625 
 1639 , 254.28125 
 1640 , 260.94921875 
 1641 , 234.765625 
 1642 , 198.48828125 
 1643 , 169.75 
 1644 , 147.1875 
 1645 , 127.08203125 
 1646 , 116.6640625 
 1647 , 122.8984375 
 1648 , 143.65234375 
 1649 , 176.12890625 
 1650 , 217.01953125 
 1651 , 259.7578125 
 1652 , 292.77734375 
 1653 , 298.82421875 
 1654 , 251.0078125 
 1655 , 159.87109375 
 1656 , 114.63671875 
 1657 , 157.4765625 
 1658 , 212.3203125 
 1659 , 213.0078125 
 1660 , 150.83984375 
 1661 , 55.46875 
 1662 , 10.515625 
 1663 , 52.41796875 
 1664 , 114.08203125 
 1665 , 143.90625 
 1666 , 146.84375 
 1667 , 136.953125 
 1668 , 128.72265625 
 1669 , 128.5859375 
 1670 , 132.734375 
 1671 , 140.73046875 
 1672 , 157.046875 
 1673 , 182.15234375 
 1674 , 207.99609375 
 1675 , 222.859375 
 1676 , 210.05078125 
 1677 , 173.61328125 
 1678 , 166.13671875 
 1679 , 210.48046875 
 1680 , 243.125 
 1681 , 223.15625 
 1682 , 196.11328125 
 1683 , 196.1171875 
 1684 , 194.12109375 
 1685 , 168.1953125 
 1686 , 145.3203125 
 1687 , 146.6171875 
 1688 , 146.078125 
 1689 , 120.07421875 
 1690 , 88.8125 
 1691 , 75.2890625 
 1692 , 69.265625 
 1693 , 58.0078125 
 1694 , 59.51953125 
 1695 , 91.984375 
 1696 , 138.62109375 
 1697 , 175.265625 
 1698 , 190.40234375 
 1699 , 185.53125 
 1700 , 181.64453125 
 1701 , 186.6640625 
 1702 , 174.86328125 
 1703 , 131.57421875 
 1704 , 76.76953125 
 1705 , 33.37890625 
 1706 , 14.5390625 
 1707 , 20.92578125 
 1708 , 37.8359375 
 1709 , 54.3125 
 1710 , 63.69140625 
 1711 , 62.74609375 
 1712 , 60.1171875 
 1713 , 59.48046875 
 1714 , 48.85546875 
 1715 , 25.6953125 
 1716 , 11.88671875 
 1717 , 27.41015625 
 1718 , 79.625 
 1719 , 147.92578125 
 1720 , 164.8984375 
 1721 , 119.109375 
 1722 , 103.0078125 
 1723 , 157.77734375 
 1724 , 228.53125 
 1725 , 268.95703125 
 1726 , 255.91015625 
 1727 , 194.609375 
 1728 , 125.84375 
 1729 , 82.1328125 
 1730 , 88.33203125 
 1731 , 127.54296875 
 1732 , 140.9296875 
 1733 , 99.66015625 
 1734 , 30.861328125 
 1735 ,-15.77734375 
 1736 , 12.810546875 
 1737 , 98.24609375 
 1738 , 158.701171875 
 1739 , 174.84375 
 1740 , 185.3203125 
 1741 , 200.62109375 
 1742 , 214.435546875 
 1743 , 217.888671875 
 1744 , 211.41015625 
 1745 , 194.27734375 
 1746 , 161.837890625 
 1747 , 132.25390625 
 1748 , 143.19921875 
 1749 , 181.525390625 
 1750 , 196.728515625 
 1751 , 186.23828125 
 1752 , 178.4609375 
 1753 , 176.78515625 
 1754 , 171.32421875 
 1755 , 167.04296875 
 1756 , 175.02734375 
 1757 , 200.908203125 
 1758 , 249.30859375 
 1759 , 310.669921875 
 1760 , 363.220703125 
 1761 , 384.025390625 
 1762 , 359.78515625 
 1763 , 318.119140625 
 1764 , 293.216796875 
 1765 , 280.45703125 
 1766 , 266.48828125 
 1767 , 245.947265625 
 1768 , 220.458984375 
 1769 , 210.724609375 
 1770 , 227.359375 
 1771 , 237.201171875 
 1772 , 217.09375 
 1773 , 203.76171875 
 1774 , 225.2265625 
 1775 , 247.38671875 
 1776 , 239.111328125 
 1777 , 211.099609375 
 1778 , 183.662109375 
 1779 , 173.591796875 
 1780 , 185.33203125 
 1781 , 212.923828125 
 1782 , 241.541015625 
 1783 , 234.126953125 
 1784 , 181.259765625 
 1785 , 120.0546875 
 1786 , 82.751953125 
 1787 , 89.37890625 
 1788 , 121.0625 
 1789 , 117.34375 
 1790 , 79.505859375 
 1791 , 75.2890625 
 1792 , 106.392578125 
 1793 , 113.701171875 
 1794 , 95.263671875 
 1795 , 90.640625 
 1796 , 116.1875 
 1797 , 171.21875 
 1798 , 232.060546875 
 1799 , 264.009765625 
 1800 , 270.654296875 
 1801 , 276.20703125 
 1802 , 286.021484375 
 1803 , 292.4140625 
 1804 , 283.54296875 
 1805 , 253.814453125 
 1806 , 210.3359375 
 1807 , 159.755859375 
 1808 , 104.298828125 
 1809 , 51.482421875 
 1810 , 20.69921875 
 1811 , 20.1640625 
 1812 , 33.83203125 
 1813 , 54.95703125 
 1814 , 92.99609375 
 1815 , 145.255859375 
 1816 , 195.111328125 
 1817 , 231.73046875 
 1818 , 244.17578125 
 1819 , 218.56640625 
 1820 , 148.12890625 
 1821 , 72.8984375 
 1822 , 78.126953125 
 1823 , 147.767578125 
 1824 , 170.529296875 
 1825 , 138.638671875 
 1826 , 128.76953125 
 1827 , 149.703125 
 1828 , 163.201171875 
 1829 , 181.71875 
 1830 , 238.484375 
 1831 , 279.37109375 
 1832 , 232.560546875 
 1833 , 163.416015625 
 1834 , 160.478515625 
 1835 , 178.32421875 
 1836 , 157.611328125 
 1837 , 138.955078125 
 1838 , 164.62109375 
 1839 , 208.390625 
 1840 , 241.3125 
 1841 , 261.59375 
 1842 , 270.099609375 
 1843 , 264.365234375 
 1844 , 243.44140625 
 1845 , 211.646484375 
 1846 , 182.2734375 
 1847 , 178.919921875 
 1848 , 212.904296875 
 1849 , 275.9375 
 1850 , 331.0625 
 1851 , 327.12109375 
 1852 , 276.134765625 
 1853 , 225.396484375 
 1854 , 188.904296875 
 1855 , 168.1640625 
 1856 , 158.95703125 
 1857 , 150.146484375 
 1858 , 132.77734375 
 1859 , 107.92578125 
 1860 , 106.458984375 
 1861 , 144.4765625 
 1862 , 171.0546875 
 1863 , 152.505859375 
 1864 , 131.580078125 
 1865 , 139.3125 
 1866 , 160.69140625 
 1867 , 176.8203125 
 1868 , 166.392578125 
 1869 , 130.001953125 
 1870 , 104.619140625 
 1871 , 108.693359375 
 1872 , 128.814453125 
 1873 , 150.21875 
 1874 , 169.11328125 
 1875 , 181.8671875 
 1876 , 177.830078125 
 1877 , 165.740234375 
 1878 , 166.798828125 
 1879 , 175.3984375 
 1880 , 173.91796875 
 1881 , 165.7109375 
 1882 , 159.84765625 
 1883 , 147.888671875 
 1884 , 130.189453125 
 1885 , 140.376953125 
 1886 , 182.64453125 
 1887 , 197.205078125 
 1888 , 165.533203125 
 1889 , 139.07421875 
 1890 , 138.509765625 
 1891 , 146.712890625 
 1892 , 152.341796875 
 1893 , 147.74609375 
 1894 , 135.185546875 
 1895 , 124.232421875 
 1896 , 114.064453125 
 1897 , 100.56640625 
 1898 , 104.263671875 
 1899 , 141.64453125 
 1900 , 162.2578125 
 1901 , 126.2578125 
 1902 , 87.025390625 
 1903 , 85.71484375 
 1904 , 92.845703125 
 1905 , 94.62109375 
 1906 , 120.306640625 
 1907 , 163.61328125 
 1908 , 165.91796875 
 1909 , 127.85546875 
 1910 , 112.55078125 
 1911 , 126.849609375 
 1912 , 133.93359375 
 1913 , 152.240234375 
 1914 , 222.40625 
 1915 , 279.28125 
 1916 , 243.607421875 
 1917 , 190.548828125 
 1918 , 197.3671875 
 1919 , 193.80078125 
 1920 , 132.373046875 
 1921 , 91.8125 
 1922 , 111.6640625 
 1923 , 138.837890625 
 1924 , 153.083984375 
 1925 , 180.109375 
 1926 , 207.583984375 
 1927 , 193.1953125 
 1928 , 156.806640625 
 1929 , 148.5390625 
 1930 , 152.345703125 
 1931 , 133.3671875 
 1932 , 98.470703125 
 1933 , 64.994140625 
 1934 , 47.62109375 
 1935 , 56.380859375 
 1936 , 88.341796875 
 1937 , 130.67578125 
 1938 , 157.33984375 
 1939 , 162.056640625 
 1940 , 169.712890625 
 1941 , 189.60546875 
 1942 , 209.125 
 1943 , 222.70703125 
 1944 , 233.716796875 
 1945 , 254.095703125 
 1946 , 288.40234375 
 1947 , 279.609375 
 1948 , 191.203125 
 1949 , 134.865234375 
 1950 , 188.876953125 
 1951 , 263.787109375 
 1952 , 281.16015625 
 1953 , 225.83203125 
 1954 , 124.283203125 
 1955 , 51.62109375 
 1956 , 39.115234375 
 1957 , 69.255859375 
 1958 , 120.771484375 
 1959 , 173.263671875 
 1960 , 203.287109375 
 1961 , 193.154296875 
 1962 , 160.169921875 
 1963 , 124.724609375 
 1964 , 86.02734375 
 1965 , 51 
 1966 , 44.990234375 
 1967 , 60.21484375 
 1968 , 47.08203125 
 1969 , 17.43359375 
 1970 , 35.103515625 
 1971 , 89.603515625 
 1972 , 130.23828125 
 1973 , 143.6640625 
 1974 , 130.48828125 
 1975 , 116.353515625 
 1976 , 126.171875 
 1977 , 128.88671875 
 1978 , 109.220703125 
 1979 , 125.94921875 
 1980 , 185.998046875 
 1981 , 202.6328125 
 1982 , 164.66796875 
 1983 , 139.873046875 
 1984 , 131.8828125 
 1985 , 106.5546875 
 1986 , 86.9296875 
 1987 , 109.4609375 
 1988 , 149.53125 
 1989 , 172.18359375 
 1990 , 169.388671875 
 1991 , 150.1875 
 1992 , 141.94140625 
 1993 , 159.29296875 
 1994 , 201.54296875 
 1995 , 239.44921875 
 1996 , 223.23046875 
 1997 , 174.69921875 
 1998 , 150.98828125 
 1999 , 156.712890625 
 2000 , 176.396484375 
 2001 , 194.271484375 
 2002 , 200.939453125 
 2003 , 208.32421875 
 2004 , 220.15625 
 2005 , 217.21484375 
 2006 , 199.51171875 
 2007 , 191.03515625 
 2008 , 188.33984375 
 2009 , 171.189453125 
 2010 , 156.482421875 
 2011 , 168.486328125 
 2012 , 184.052734375 
 2013 , 178.7890625 
 2014 , 163.328125 
 2015 , 152.01953125 
 2016 , 152.466796875 
 2017 , 160.759765625 
 2018 , 163.75390625 
 2019 , 162.25390625 
 2020 , 163.890625 
 2021 , 150.306640625 
 2022 , 102.998046875 
 2023 , 60.1015625 
 2024 , 55.1015625 
 2025 , 55.189453125 
 2026 , 33.74609375 
 2027 , 6.87109375 
 2028 , 5.728515625 
 2029 , 63.341796875 
 2030 , 147.126953125 
 2031 , 186.236328125 
 2032 , 171.51171875 
 2033 , 124.4453125 
 2034 , 99.1171875 
 2035 , 128.373046875 
 2036 , 133.70703125 
 2037 , 80.091796875 
 2038 , 52.408203125 
 2039 , 75.189453125 
 2040 , 87.193359375 
 2041 , 72.650390625 
 2042 , 55.8828125 
 2043 , 51.857421875 
 2044 , 67.623046875 
 2045 , 105.998046875 
 2046 , 152.919921875 
 2047 , 151.095703125 
 2048 , 97.1015625 
 2049 , 79.74609375 
 2050 , 100.517578125 
 2051 , 78.390625 
 2052 , 35.568359375 
 2053 , 44.33203125 
 2054 , 94.970703125 
 2055 , 144.98828125 
 2056 , 141.751953125 
 2057 , 79.3125 
 2058 , 49.537109375 
 2059 , 77.87109375 
 2060 , 96.814453125 
 2061 , 104.84375 
 2062 , 145.310546875 
 2063 , 180.41015625 
 2064 , 156.35546875 
 2065 , 119.40625 
 2066 , 119.05078125 
 2067 , 141.2265625 
 2068 , 157.5703125 
 2069 , 138.552734375 
 2070 , 112.291015625 
 2071 , 146.904296875 
 2072 , 200.09765625 
 2073 , 193.767578125 
 2074 , 181.220703125 
 2075 , 218.60546875 
 2076 , 248.654296875 
 2077 , 233.15234375 
 2078 , 199.13671875 
 2079 , 157.51953125 
 2080 , 101.24609375 
 2081 , 72.314453125 
 2082 , 121.986328125 
 2083 , 168.705078125 
 2084 , 126.294921875 
 2085 , 57.283203125 
 2086 , 21.736328125 
 2087 , 12.63671875 
 2088 , 23.333984375 
 2089 , 58.939453125 
 2090 , 94.05078125 
 2091 , 90.578125 
 2092 , 82.93359375 
 2093 , 115.515625 
 2094 , 161.26171875 
 2095 , 189.333984375 
 2096 , 197.62890625 
 2097 , 190.236328125 
 2098 , 172.806640625 
 2099 , 169.033203125 
 2100 , 204.681640625 
 2101 , 233.888671875 
 2102 , 216.681640625 
 2103 , 219.390625 
 2104 , 268.5078125 
 2105 , 285.388671875 
 2106 , 262.1171875 
 2107 , 266.431640625 
 2108 , 281.1796875 
 2109 , 253.4765625 
 2110 , 218.517578125 
 2111 , 215.771484375 
 2112 , 213.287109375 
 2113 , 192.138671875 
 2114 , 173.96875 
 2115 , 164.501953125 
 2116 , 153.021484375 
 2117 , 141.736328125 
 2118 , 135.064453125 
 2119 , 117.626953125 
 2120 , 90.60546875 
 2121 , 107.064453125 
 2122 , 164.693359375 
 2123 , 180.05078125 
 2124 , 155.087890625 
 2125 , 156.58203125 
 2126 , 198.583984375 
 2127 , 259.3984375 
 2128 , 275.205078125 
 2129 , 226.595703125 
 2130 , 199.966796875 
 2131 , 212.96875 
 2132 , 198.12890625 
 2133 , 153.06640625 
 2134 , 114.9921875 
 2135 , 98.52734375 
 2136 , 103.3515625 
 2137 , 109.23828125 
 2138 , 109.2265625 
 2139 , 120.20703125 
 2140 , 126.953125 
 2141 , 94.734375 
 2142 , 68.3359375 
 2143 , 104.2578125 
 2144 , 155.38671875 
 2145 , 184.98828125 
 2146 , 229.396484375 
 2147 , 278.326171875 
 2148 , 266.423828125 
 2149 , 215.880859375 
 2150 , 185.71875 
 2151 , 173.484375 
 2152 , 150.38671875 
 2153 , 78.240234375 
 2154 ,-10.82421875 
 2155 , 5.662109375 
 2156 , 93.453125 
 2157 , 116.115234375 
 2158 , 108.6328125 
 2159 , 140.43359375 
 2160 , 152.380859375 
 2161 , 127.755859375 
 2162 , 149.87890625 
 2163 , 200.646484375 
 2164 , 173.25 
 2165 , 96.798828125 
 2166 , 54.943359375 
 2167 , 65.271484375 
 2168 , 106.359375 
 2169 , 114.013671875 
 2170 , 93.3046875 
 2171 , 121.736328125 
 2172 , 183.53125 
 2173 , 217.728515625 
 2174 , 219.416015625 
 2175 , 205.337890625 
 2176 , 202.150390625 
 2177 , 209.3984375 
 2178 , 194.626953125 
 2179 , 155.841796875 
 2180 , 116.1328125 
 2181 , 119.7890625 
 2182 , 180.525390625 
 2183 , 217.2734375 
 2184 , 209.67578125 
 2185 , 231.44921875 
 2186 , 271.841796875 
 2187 , 272.48046875 
 2188 , 268.265625 
 2189 , 292.314453125 
 2190 , 279.98828125 
 2191 , 207.966796875 
 2192 , 134.39453125 
 2193 , 112.291015625 
 2194 , 169.384765625 
 2195 , 238.03125 
 2196 , 247.044921875 
 2197 , 211.4296875 
 2198 , 173.55078125 
 2199 , 187.37890625 
 2200 , 218.833984375 
 2201 , 189.2265625 
 2202 , 139.470703125 
 2203 , 121.923828125 
 2204 , 102.095703125 
 2205 , 80.7734375 
 2206 , 119.703125 
 2207 , 191.134765625 
 2208 , 218.345703125 
 2209 , 219.06640625 
 2210 , 228.009765625 
 2211 , 238.435546875 
 2212 , 238.265625 
 2213 , 216.7265625 
 2214 , 169.22265625 
 2215 , 103.61328125 
 2216 , 68.97265625 
 2217 , 89.5078125 
 2218 , 102.560546875 
 2219 , 95.177734375 
 2220 , 119.37890625 
 2221 , 142.14453125 
 2222 , 104.484375 
 2223 , 69.7890625 
 2224 , 86.3828125 
 2225 , 98.578125 
 2226 , 84.021484375 
 2227 , 67.24609375 
 2228 , 49.17578125 
 2229 , 28.673828125 
 2230 , 51.474609375 
 2231 , 116.357421875 
 2232 , 122.849609375 
 2233 , 69.935546875 
 2234 , 43.099609375 
 2235 , 60.818359375 
 2236 , 101.65625 
 2237 , 112.76953125 
 2238 , 85.439453125 
 2239 , 81.888671875 
 2240 , 110.236328125 
 2241 , 137.388671875 
 2242 , 154.845703125 
 2243 , 162.740234375 
 2244 , 158.234375 
 2245 , 152.837890625 
 2246 , 170.1171875 
 2247 , 175.841796875 
 2248 , 129.626953125 
 2249 , 99.98828125 
 2250 , 120.943359375 
 2251 , 118.775390625 
 2252 , 90.443359375 
 2253 , 93.345703125 
 2254 , 108.640625 
 2255 , 100.046875 
 2256 , 74.34765625 
 2257 , 53.05859375 
 2258 , 64.20703125 
 2259 , 81.7578125 
 2260 , 62.955078125 
 2261 , 58.740234375 
 2262 , 104.0078125 
 2263 , 137.951171875 
 2264 , 132.66015625 
 2265 , 108.751953125 
 2266 , 103.373046875 
 2267 , 134.998046875 
 2268 , 140.23046875 
 2269 , 95.091796875 
 2270 , 55.697265625 
 2271 , 54.447265625 
 2272 , 95.228515625 
 2273 , 136.76171875 
 2274 , 137.7421875 
 2275 , 95.302734375 
 2276 , 42.875 
 2277 , 31.880859375 
 2278 , 46.021484375 
 2279 , 52.732421875 
 2280 , 62.021484375 
 2281 , 80.515625 
 2282 , 101.7890625 
 2283 , 100.548828125 
 2284 , 56.560546875 
 2285 , 40.06640625 
 2286 , 86.119140625 
 2287 , 110.626953125 
 2288 , 108.625 
 2289 , 146.4296875 
 2290 , 155.17578125 
 2291 , 63.439453125 
 2292 ,-20.064453125 
 2293 ,-27.873046875 
 2294 , 12.439453125 
 2295 , 59.384765625 
 2296 , 77.865234375 
 2297 , 72.1484375 
 2298 , 56.435546875 
 2299 , 55.171875 
 2300 , 73.16015625 
 2301 , 91.013671875 
 2302 , 81.962890625 
 2303 , 40.45703125 
 2304 , 29.166015625 
 2305 , 43.4140625 
 2306 , 15.94140625 
 2307 , 0.15234375 
 2308 , 61.08203125 
 2309 , 129.59765625 
 2310 , 158.0859375 
 2311 , 158.203125 
 2312 , 132.6171875 
 2313 , 84.45703125 
 2314 , 60.73046875 
 2315 , 87.220703125 
 2316 , 133.6171875 
 2317 , 150.33984375 
 2318 , 100.16015625 
 2319 , 31.12109375 
 2320 ,-6.9453125 
 2321 ,-8.99609375 
 2322 , 12.791015625 
 2323 , 37.525390625 
 2324 , 57.642578125 
 2325 , 60.77734375 
 2326 , 33.2265625 
 2327 ,-14.43359375 
 2328 ,-64.525390625 
 2329 ,-48.78515625 
 2330 , 10 
 2331 , 10 
 2332 , 10 
 2333 , 10 
 2334 , 10 
 2335 , 10 
 2336 , 10 
 2337 , 10 
 2338 , 10 
 2339 , 10 
