11-20-2017,17:10:28
Wavenumber(cm-1),Intensity
 250 , 26744.9635768504 
 251 , 26771.518501387 
 252 , 26779.6384149227 
 253 , 26769.9308088299 
 254 , 26763.4386434796 
 255 , 26781.3971046579 
 256 , 26822.2162310779 
 257 , 26867.3287632803 
 258 , 26900.6372113497 
 259 , 26921.5722135326 
 260 , 26934.7896058094 
 261 , 26945.8930682974 
 262 , 26962.659114431 
 263 , 26992.8315991201 
 264 , 27035.567060401 
 265 , 27080.9468710928 
 266 , 27119.7181845301 
 267 , 27151.5925971867 
 268 , 27180.6485840258 
 269 , 27210.302922561 
 270 , 27241.6805733494 
 271 , 27275.4544891262 
 272 , 27313.4468471906 
 273 , 27359.1539835212 
 274 , 27415.5900037567 
 275 , 27478.2297985141 
 276 , 27537.4890106961 
 277 , 27586.0986381728 
 278 , 27628.0374131479 
 279 , 27670.5418788245 
 280 , 27718.041708666 
 281 , 27769.4610655558 
 282 , 27822.9987796108 
 283 , 27875.2572058002 
 284 , 27921.4218530848 
 285 , 27957.264737661 
 286 , 27982.6151666369 
 287 , 27998.9012229574 
 288 , 28009.3524727113 
 289 , 28021.8427788148 
 290 , 28044.79777052 
 291 , 28081.1437299248 
 292 , 28127.5661585055 
 293 , 28180.2628628157 
 294 , 28234.1487316422 
 295 , 28283.4891397051 
 296 , 28322.3846379325 
 297 , 28344.4048890237 
 298 , 28343.2615695681 
 299 , 28324.5064095401 
 300 , 28310.367361474 
 301 , 28322.4535247565 
 302 , 28361.4577160427 
 303 , 28414.9794860128 
 304 , 28470.5791950069 
 305 , 28516.4879683452 
 306 , 28541.2618241834 
 307 , 28545.2223639206 
 308 , 28548.6821018334 
 309 , 28572.6210804436 
 310 , 28619.8001167337 
 311 , 28679.3804020907 
 312 , 28741.3349614655 
 313 , 28801.3308301171 
 314 , 28856.8264757557 
 315 , 28907.1580493496 
 316 , 28955.4003723843 
 317 , 29004.9747351595 
 318 , 29057.5859707869 
 319 , 29113.4613521282 
 320 , 29172.0196812653 
 321 , 29228.2441414515 
 322 , 29275.5338563434 
 323 , 29311.8715887701 
 324 , 29345.6311935533 
 325 , 29386.1632604818 
 326 , 29433.0712097711 
 327 , 29476.5859166685 
 328 , 29508.1259089646 
 329 , 29529.411632745 
 330 , 29546.3230328329 
 331 , 29564.4228888423 
 332 , 29588.4527526089 
 333 , 29622.8690058072 
 334 , 29668.1903993308 
 335 , 29720.8362509282 
 336 , 29776.8702592831 
 337 , 29831.1823325848 
 338 , 29878.1546602031 
 339 , 29913.9886412567 
 340 , 29939.7385500505 
 341 , 29957.2962928266 
 342 , 29969.589864662 
 343 , 29980.6794618471 
 344 , 29993.9743170605 
 345 , 30007.5767268249 
 346 , 30017.1855330376 
 347 , 30020.7945436313 
 348 , 30022.7360565388 
 349 , 30028.3852943294 
 350 , 30042.1027719603 
 351 , 30067.1206676413 
 352 , 30105.8185659225 
 353 , 30154.5784288617 
 354 , 30207.0444614908 
 355 , 30258.8754575148 
 356 , 30311.2842265874 
 357 , 30366.3556724214 
 358 , 30424.26593408 
 359 , 30483.097240975 
 360 , 30541.1004949837 
 361 , 30598.5491383682 
 362 , 30656.6156159726 
 363 , 30715.4989850643 
 364 , 30772.8213355645 
 365 , 30825.9661783892 
 366 , 30876.8660116792 
 367 , 30932.2263527535 
 368 , 30996.6091084 
 369 , 31058.3128809493 
 370 , 31098.8437687125 
 371 , 31111.688547293 
 372 , 31119.8005621274 
 373 , 31149.6446601329 
 374 , 31207.3625307464 
 375 , 31279.3197822785 
 376 , 31351.338720958 
 377 , 31410.9438759227 
 378 , 31446.3551215779 
 379 , 31454.9018375132 
 380 , 31454.0675178849 
 381 , 31463.4268269754 
 382 , 31491.3963551887 
 383 , 31536.6299330218 
 384 , 31596.2117514364 
 385 , 31660.5322070154 
 386 , 31717.7977271732 
 387 , 31763.8640107258 
 388 , 31809.3833942738 
 389 , 31865.8827465483 
 390 , 31932.8439361801 
 391 , 32000.5661496434 
 392 , 32060.9439225906 
 393 , 32114.1809070776 
 394 , 32162.8320929832 
 395 , 32208.727664899 
 396 , 32252.5077523391 
 397 , 32294.7597357375 
 398 , 32336.7395577158 
 399 , 32380.1329389894 
 400 , 32425.3854830687 
 401 , 32468.3195497816 
 402 , 32503.7572989218 
 403 , 32529.5515641309 
 404 , 32547.6607445915 
 405 , 32561.3266395828 
 406 , 32582.5919775796 
 407 , 32628.0976557266 
 408 , 32705.9529712643 
 409 , 32799.1958244068 
 410 , 32886.7482107303 
 411 , 32959.4469801725 
 412 , 33021.0808934885 
 413 , 33075.5944659504 
 414 , 33123.6224140261 
 415 , 33164.4556786702 
 416 , 33199.9727402988 
 417 , 33237.880433564 
 418 , 33286.1530892272 
 419 , 33343.60103838 
 420 , 33401.2751912461 
 421 , 33451.3941075107 
 422 , 33493.1188807648 
 423 , 33527.7607461075 
 424 , 33558.2360495893 
 425 , 33590.1759707846 
 426 , 33628.9328292601 
 427 , 33673.6681178374 
 428 , 33719.5965303344 
 429 , 33761.5254673023 
 430 , 33793.0534661446 
 431 , 33807.7620758711 
 432 , 33808.0508097128 
 433 , 33807.3047097658 
 434 , 33817.6739978526 
 435 , 33836.6393446857 
 436 , 33854.9481082993 
 437 , 33871.2216791029 
 438 , 33903.5126744518 
 439 , 33971.2033900775 
 440 , 34063.344965804 
 441 , 34141.8682869122 
 442 , 34177.0889492457 
 443 , 34186.6976421586 
 444 , 34203.1226496672 
 445 , 34239.8026583219 
 446 , 34278.0358468897 
 447 , 34298.4215967283 
 448 , 34308.0870607503 
 449 , 34330.6055511758 
 450 , 34382.5019025957 
 451 , 34456.1780009427 
 452 , 34539.0207573983 
 453 , 34617.3714789672 
 454 , 34676.3710311799 
 455 , 34704.8046429057 
 456 , 34716.2404837438 
 457 , 34734.3210798858 
 458 , 34769.3271042268 
 459 , 34803.1143735 
 460 , 34816.2130255103 
 461 , 34822.9326182273 
 462 , 34863.231655807 
 463 , 34962.0466537044 
 464 , 35080.4995163021 
 465 , 35164.1969519935 
 466 , 35190.3025844348 
 467 , 35178.7655579197 
 468 , 35152.3677306985 
 469 , 35132.1729083658 
 470 , 35138.3908931604 
 471 , 35181.7468704046 
 472 , 35249.7832073027 
 473 , 35326.6754395107 
 474 , 35398.5503003841 
 475 , 35453.1971233813 
 476 , 35483.4095386889 
 477 , 35504.5574615723 
 478 , 35538.1853181596 
 479 , 35592.3831242074 
 480 , 35655.4382547789 
 481 , 35714.4734108806 
 482 , 35760.2739780452 
 483 , 35785.5220417324 
 484 , 35788.8376928796 
 485 , 35784.0919871475 
 486 , 35787.0526472365 
 487 , 35803.8287630843 
 488 , 35832.0454708578 
 489 , 35870.0223026231 
 490 , 35920.6309384849 
 491 , 35987.9012775659 
 492 , 36067.6228161999 
 493 , 36143.4981842478 
 494 , 36200.1615949638 
 495 , 36238.2988096734 
 496 , 36266.6749076453 
 497 , 36293.5559303439 
 498 , 36325.8218275119 
 499 , 36369.4687714413 
 500 , 36419.1310941755 
 501 , 36459.9873905752 
 502 , 36481.2685589985 
 503 , 36490.7359173526 
 504 , 36500.900278807 
 505 , 36516.1104060111 
 506 , 36529.7588282188 
 507 , 36535.8383023019 
 508 , 36538.5217394425 
 509 , 36546.5563877535 
 510 , 36566.3426922189 
 511 , 36599.1407857815 
 512 , 36644.9862343388 
 513 , 36696.3790594837 
 514 , 36740.3611207356 
 515 , 36767.4946164577 
 516 , 36781.3632745827 
 517 , 36788.5507565951 
 518 , 36798.2813980543 
 519 , 36822.7634208442 
 520 , 36870.863352725 
 521 , 36930.6912667247 
 522 , 36982.8525511871 
 523 , 37017.6524391759 
 524 , 37042.380913633 
 525 , 37065.3034261499 
 526 , 37087.2819674961 
 527 , 37104.911421552 
 528 , 37119.7735451134 
 529 , 37147.2187219659 
 530 , 37203.5940836692 
 531 , 37280.8248714391 
 532 , 37349.4529189929 
 533 , 37386.7616507258 
 534 , 37402.2874258777 
 535 , 37414.0932137783 
 536 , 37433.0831016244 
 537 , 37460.8353435892 
 538 , 37497.6438576538 
 539 , 37539.3069387294 
 540 , 37579.7958114475 
 541 , 37619.1710220903 
 542 , 37669.2637014946 
 543 , 37741.4237576434 
 544 , 37826.8325935141 
 545 , 37904.143421533 
 546 , 37959.5472737494 
 547 , 38001.5081613023 
 548 , 38042.1181971977 
 549 , 38086.5770246369 
 550 , 38133.8980800254 
 551 , 38182.5804054351 
 552 , 38229.8469731296 
 553 , 38272.7442013199 
 554 , 38314.5963089476 
 555 , 38366.7265141549 
 556 , 38438.2812455759 
 557 , 38520.977346572 
 558 , 38599.6604687879 
 559 , 38664.8348085954 
 560 , 38717.2063654491 
 561 , 38758.0841285303 
 562 , 38784.2623229927 
 563 , 38789.9969761649 
 564 , 38775.2249673423 
 565 , 38754.373821304 
 566 , 38743.3855046588 
 567 , 38746.7305163267 
 568 , 38759.9193284263 
 569 , 38779.8901185712 
 570 , 38809.5681249517 
 571 , 38852.8158907832 
 572 , 38903.0966488154 
 573 , 38942.8665168191 
 574 , 38958.7605690744 
 575 , 38961.2289633705 
 576 , 38968.0404173544 
 577 , 38987.7132263116 
 578 , 39015.6538259282 
 579 , 39047.5361116426 
 580 , 39087.9760275198 
 581 , 39145.3172066733 
 582 , 39213.553995625 
 583 , 39259.6104280822 
 584 , 39252.4876575709 
 585 , 39211.811447021 
 586 , 39186.2374349421 
 587 , 39205.4493685438 
 588 , 39250.865165023 
 589 , 39297.3115958008 
 590 , 39331.3909339053 
 591 , 39348.5032078008 
 592 , 39347.4943752072 
 593 , 39337.8954469872 
 594 , 39331.0332645038 
 595 , 39329.6095708994 
 596 , 39328.0963003445 
 597 , 39324.5843645809 
 598 , 39334.2774207964 
 599 , 39376.3121329723 
 600 , 39446.7258929908 
 601 , 39513.7958414266 
 602 , 39550.6851294234 
 603 , 39567.2749624996 
 604 , 39586.0737278434 
 605 , 39618.9766387989 
 606 , 39661.970240832 
 607 , 39709.9416158983 
 608 , 39759.2635430966 
 609 , 39806.9913569374 
 610 , 39853.127122758 
 611 , 39903.1134653814 
 612 , 39962.0451092955 
 613 , 40026.3301096649 
 614 , 40087.6837577466 
 615 , 40142.2254370412 
 616 , 40196.1461489562 
 617 , 40256.2826467147 
 618 , 40320.6761452829 
 619 , 40381.6014621756 
 620 , 40435.3100171652 
 621 , 40489.2581094624 
 622 , 40552.0954010349 
 623 , 40621.5500424358 
 624 , 40686.8246046315 
 625 , 40740.1801661553 
 626 , 40784.7385449815 
 627 , 40825.549441677 
 628 , 40861.4838609672 
 629 , 40885.7600507876 
 630 , 40893.8286509123 
 631 , 40890.7374189821 
 632 , 40883.888178161 
 633 , 40880.5661758132 
 634 , 40887.9333752933 
 635 , 40910.7953030186 
 636 , 40943.1191171779 
 637 , 40975.8171747187 
 638 , 41002.0238750483 
 639 , 41017.5555381895 
 640 , 41021.7875188013 
 641 , 41032.2191389609 
 642 , 41071.8368548033 
 643 , 41140.7644201945 
 644 , 41208.0245808979 
 645 , 41245.4382674387 
 646 , 41255.3907935122 
 647 , 41251.7027642514 
 648 , 41244.8020790899 
 649 , 41239.9481888751 
 650 , 41240.8555721924 
 651 , 41243.6032114639 
 652 , 41241.1866740284 
 653 , 41235.1896726155 
 654 , 41241.5124460327 
 655 , 41274.7349588569 
 656 , 41329.0742316675 
 657 , 41389.392641613 
 658 , 41441.3989089834 
 659 , 41472.4212515814 
 660 , 41472.7617582062 
 661 , 41456.1019302981 
 662 , 41447.6434136279 
 663 , 41460.9226768486 
 664 , 41486.7077409665 
 665 , 41513.795202288 
 666 , 41536.7197749386 
 667 , 41553.0939550401 
 668 , 41566.6256933909 
 669 , 41593.4623668146 
 670 , 41648.9615877828 
 671 , 41726.3384122704 
 672 , 41806.5226682067 
 673 , 41873.9517433228 
 674 , 41920.8509973723 
 675 , 41942.0999378249 
 676 , 41949.0802146496 
 677 , 41962.6382063074 
 678 , 41996.9933575937 
 679 , 42051.5150217404 
 680 , 42122.6899737026 
 681 , 42197.7283079009 
 682 , 42258.4306468875 
 683 , 42296.3504955699 
 684 , 42325.0132664636 
 685 , 42359.2617503434 
 686 , 42396.6509026264 
 687 , 42424.5081666221 
 688 , 42434.3441370091 
 689 , 42427.339371765 
 690 , 42406.9550298957 
 691 , 42386.619894529 
 692 , 42385.5825020083 
 693 , 42411.6915263845 
 694 , 42447.4171684711 
 695 , 42473.582132685 
 696 , 42488.6403636537 
 697 , 42501.2397494569 
 698 , 42519.2515994476 
 699 , 42548.6073613594 
 700 , 42593.2929029458 
 701 , 42640.9387364503 
 702 , 42670.0892839692 
 703 , 42670.3240212389 
 704 , 42654.2587738207 
 705 , 42636.8434333787 
 706 , 42628.2828589957 
 707 , 42636.1843505413 
 708 , 42660.5690359654 
 709 , 42686.6314951793 
 710 , 42700.9005273012 
 711 , 42715.8047752974 
 712 , 42756.5891033654 
 713 , 42826.353187057 
 714 , 42887.4017829636 
 715 , 42903.4448075528 
 716 , 42882.9716742441 
 717 , 42855.2459177899 
 718 , 42837.7339506033 
 719 , 42827.7213108988 
 720 , 42820.3788912751 
 721 , 42809.7433000851 
 722 , 42789.5462967936 
 723 , 42764.2184619416 
 724 , 42754.719385431 
 725 , 42779.8170043787 
 726 , 42835.7760202982 
 727 , 42910.1183298572 
 728 , 42986.6962128752 
 729 , 43044.280296174 
 730 , 43065.7093440189 
 731 , 43058.2018573275 
 732 , 43037.3225118552 
 733 , 43019.6687129985 
 734 , 43023.1083866019 
 735 , 43061.0931208509 
 736 , 43125.6709084308 
 737 , 43202.4134503302 
 738 , 43273.845176458 
 739 , 43319.1722800541 
 740 , 43324.3321895451 
 741 , 43303.3883624324 
 742 , 43277.4527951902 
 743 , 43265.170503763 
 744 , 43282.851858573 
 745 , 43337.3816093307 
 746 , 43403.514183019 
 747 , 43450.544392301 
 748 , 43471.2290651671 
 749 , 43477.3439958309 
 750 , 43480.0988514577 
 751 , 43487.5035483751 
 752 , 43506.2135959033 
 753 , 43532.9925667796 
 754 , 43557.8376069436 
 755 , 43572.9621848187 
 756 , 43576.1531577907 
 757 , 43567.0673688212 
 758 , 43555.8299570214 
 759 , 43558.452673027 
 760 , 43581.9704280355 
 761 , 43615.8189448427 
 762 , 43648.160409423 
 763 , 43672.9612241075 
 764 , 43686.9447702638 
 765 , 43690.5459802039 
 766 , 43690.0492909852 
 767 , 43691.3031030539 
 768 , 43694.4229689387 
 769 , 43697.4562860394 
 770 , 43700.8515972702 
 771 , 43708.1264275485 
 772 , 43721.3070502308 
 773 , 43734.5393904388 
 774 , 43739.7784384227 
 775 , 43731.4280509513 
 776 , 43706.3880167025 
 777 , 43666.5201218595 
 778 , 43631.0169392482 
 779 , 43621.593353134 
 780 , 43638.4440892623 
 781 , 43664.4832059911 
 782 , 43688.1778064214 
 783 , 43714.3979301879 
 784 , 43749.1579634623 
 785 , 43780.5755929842 
 786 , 43785.7071783423 
 787 , 43755.4145696048 
 788 , 43709.2927456355 
 789 , 43671.0375509465 
 790 , 43668.8025197749 
 791 , 43732.261868867 
 792 , 43855.477882538 
 793 , 43977.1722821831 
 794 , 44043.9833326384 
 795 , 44074.2144354162 
 796 , 44110.3105448923 
 797 , 44164.1481529114 
 798 , 44211.8716224313 
 799 , 44234.1069646848 
 800 , 44237.780115101 
 801 , 44236.2550318457 
 802 , 44239.1343994983 
 803 , 44252.748191169 
 804 , 44281.4547131482 
 805 , 44324.2653526527 
 806 , 44377.8090124171 
 807 , 44422.3808445718 
 808 , 44428.0163481848 
 809 , 44386.0641516276 
 810 , 44331.704444682 
 811 , 44302.2021960177 
 812 , 44310.2684649707 
 813 , 44357.1014520037 
 814 , 44427.4521785449 
 815 , 44482.2312305898 
 816 , 44490.1373947159 
 817 , 44468.8294568718 
 818 , 44450.7852461157 
 819 , 44452.7217869024 
 820 , 44475.0531556794 
 821 , 44511.4393861116 
 822 , 44535.1145531332 
 823 , 44517.9391240156 
 824 , 44472.5203742555 
 825 , 44440.9764294528 
 826 , 44446.105644812 
 827 , 44465.0139566735 
 828 , 44471.1763410351 
 829 , 44460.8856770399 
 830 , 44441.7892967956 
 831 , 44420.4260077952 
 832 , 44401.4876968916 
 833 , 44388.4400989355 
 834 , 44379.0862779421 
 835 , 44369.4721763738 
 836 , 44358.5122141116 
 837 , 44348.140657022 
 838 , 44339.4997511566 
 839 , 44330.563518339 
 840 , 44319.3300110384 
 841 , 44312.9611422717 
 842 , 44325.0363038279 
 843 , 44357.830486213 
 844 , 44388.7961400213 
 845 , 44395.4148626443 
 846 , 44380.3002419546 
 847 , 44357.6254222896 
 848 , 44338.8646342909 
 849 , 44331.5995482279 
 850 , 44339.9432306333 
 851 , 44353.2683504514 
 852 , 44357.3842343936 
 853 , 44352.1674065201 
 854 , 44350.3932355589 
 855 , 44358.5792314585 
 856 , 44364.1843146435 
 857 , 44353.3979962306 
 858 , 44333.7280532834 
 859 , 44325.066237798 
 860 , 44336.1018170627 
 861 , 44355.6271112254 
 862 , 44373.9674943221 
 863 , 44402.1152703741 
 864 , 44457.215761531 
 865 , 44520.2301585347 
 866 , 44532.3579815751 
 867 , 44463.364582269 
 868 , 44387.2479598318 
 869 , 44393.0736708561 
 870 , 44480.3854413474 
 871 , 44587.6741644311 
 872 , 44676.4126941034 
 873 , 44756.732716035 
 874 , 44842.0775564411 
 875 , 44928.9391209681 
 876 , 45007.1048749227 
 877 , 45075.4137421957 
 878 , 45143.7422893318 
 879 , 45220.8957680383 
 880 , 45309.1468964946 
 881 , 45408.0456396846 
 882 , 45500.5561899636 
 883 , 45557.5271407651 
 884 , 45561.115183483 
 885 , 45518.201738046 
 886 , 45440.2124652957 
 887 , 45348.1937982884 
 888 , 45266.7109548438 
 889 , 45198.741166707 
 890 , 45120.3580081527 
 891 , 45014.9030223464 
 892 , 44899.6626616316 
 893 , 44798.7515320114 
 894 , 44719.5329326968 
 895 , 44657.174826263 
 896 , 44607.9156469753 
 897 , 44570.795793459 
 898 , 44544.9328622468 
 899 , 44527.6180727522 
 900 , 44515.2817727377 
 901 , 44500.8882636635 
 902 , 44473.3204213427 
 903 , 44426.5627998081 
 904 , 44373.2586497512 
 905 , 44329.7271577475 
 906 , 44307.4170701215 
 907 , 44314.4005004913 
 908 , 44345.3970803997 
 909 , 44370.2883992936 
 910 , 44362.2164755012 
 911 , 44329.2022178884 
 912 , 44291.5766669075 
 913 , 44262.4817148811 
 914 , 44247.6230877515 
 915 , 44249.4529821375 
 916 , 44261.8180908524 
 917 , 44277.2172795748 
 918 , 44290.4301033867 
 919 , 44297.5903834124 
 920 , 44298.976120973 
 921 , 44301.2723969092 
 922 , 44310.426300156 
 923 , 44326.3953345928 
 924 , 44347.0696390245 
 925 , 44364.7362009854 
 926 , 44367.036040041 
 927 , 44349.9392573218 
 928 , 44328.9348368529 
 929 , 44319.3464344667 
 930 , 44315.6771224146 
 931 , 44303.7390308896 
 932 , 44282.1218087415 
 933 , 44264.735406115 
 934 , 44261.9075249271 
 935 , 44268.751152245 
 936 , 44277.2252810846 
 937 , 44280.0750003641 
 938 , 44270.5748041825 
 939 , 44244.9231015542 
 940 , 44204.1944377923 
 941 , 44154.5110988472 
 942 , 44124.4945709074 
 943 , 44147.2711021341 
 944 , 44213.9140580044 
 945 , 44279.5966296947 
 946 , 44311.6398912488 
 947 , 44307.9623995566 
 948 , 44273.4003770031 
 949 , 44231.064077021 
 950 , 44210.958429313 
 951 , 44218.1070056267 
 952 , 44229.136845587 
 953 , 44231.013826744 
 954 , 44247.6809726818 
 955 , 44305.2619296908 
 956 , 44381.429857332 
 957 , 44427.1858587464 
 958 , 44421.9610748357 
 959 , 44387.4280174302 
 960 , 44344.9638898498 
 961 , 44300.7828754764 
 962 , 44256.9421426745 
 963 , 44212.1951812849 
 964 , 44162.9846908039 
 965 , 44111.6614010043 
 966 , 44071.6620857973 
 967 , 44055.2500475897 
 968 , 44062.0264052384 
 969 , 44087.0939995935 
 970 , 44119.8367551898 
 971 , 44144.6085096868 
 972 , 44152.9991704502 
 973 , 44153.6554561379 
 974 , 44156.354542002 
 975 , 44162.467246227 
 976 , 44169.8453795692 
 977 , 44174.2711094369 
 978 , 44169.3470841496 
 979 , 44154.2366173695 
 980 , 44143.8609725244 
 981 , 44153.116476552 
 982 , 44174.5369921956 
 983 , 44190.1116238888 
 984 , 44194.4222661392 
 985 , 44197.7513951002 
 986 , 44208.9044249109 
 987 , 44228.6540661219 
 988 , 44255.7820542907 
 989 , 44285.6712139817 
 990 , 44311.8751543514 
 991 , 44331.8080487845 
 992 , 44348.3526594619 
 993 , 44364.8953368797 
 994 , 44385.1664328837 
 995 , 44413.1334350602 
 996 , 44454.5238790948 
 997 , 44515.9774629105 
 998 , 44592.2777279559 
 999 , 44659.7042974325 
 1000 , 44707.1325726535 
 1001 , 44782.3779125366 
 1002 , 44942.7420058441 
 1003 , 45172.505132631 
 1004 , 45406.2815089486 
 1005 , 45594.1132284873 
 1006 , 45713.5407116994 
 1007 , 45744.9830668873 
 1008 , 45669.9791165077 
 1009 , 45474.1514292583 
 1010 , 45194.3673422008 
 1011 , 44904.1617219273 
 1012 , 44653.4433282324 
 1013 , 44449.2071538111 
 1014 , 44293.2675123702 
 1015 , 44183.5764450034 
 1016 , 44116.6556808609 
 1017 , 44084.6488451507 
 1018 , 44076.4264134907 
 1019 , 44077.7753964481 
 1020 , 44069.1112460824 
 1021 , 44037.4524782943 
 1022 , 44003.3443337228 
 1023 , 43994.9946546102 
 1024 , 44010.4464159922 
 1025 , 44025.5760917326 
 1026 , 44026.3025369229 
 1027 , 44017.2021833968 
 1028 , 44004.1979882219 
 1029 , 43990.657072425 
 1030 , 43979.2344950905 
 1031 , 43972.8358857202 
 1032 , 43974.5624460462 
 1033 , 43988.7459194894 
 1034 , 44021.8001902621 
 1035 , 44073.904717473 
 1036 , 44117.349911826 
 1037 , 44120.1077737527 
 1038 , 44090.3443783783 
 1039 , 44063.1503554136 
 1040 , 44054.9358574502 
 1041 , 44051.6552843938 
 1042 , 44040.3494788426 
 1043 , 44023.1295371313 
 1044 , 44005.3192931958 
 1045 , 43986.3541433626 
 1046 , 43962.1723214407 
 1047 , 43936.8087935321 
 1048 , 43926.0608528391 
 1049 , 43938.8215956264 
 1050 , 43956.3224456928 
 1051 , 43956.8060149884 
 1052 , 43948.2922594459 
 1053 , 43954.7601545537 
 1054 , 43980.0192871946 
 1055 , 44001.8882130091 
 1056 , 44005.7325683641 
 1057 , 44005.1448771126 
 1058 , 44015.8732950497 
 1059 , 44027.997069303 
 1060 , 44019.9660647265 
 1061 , 43988.5883708313 
 1062 , 43950.9754738542 
 1063 , 43919.2655668507 
 1064 , 43890.1484750421 
 1065 , 43858.5784047386 
 1066 , 43824.1270968194 
 1067 , 43788.1384489013 
 1068 , 43750.3843055397 
 1069 , 43709.1875920927 
 1070 , 43664.5619435679 
 1071 , 43620.1946200752 
 1072 , 43578.8396987193 
 1073 , 43535.9935722137 
 1074 , 43485.873955918 
 1075 , 43438.2697261206 
 1076 , 43414.5400309641 
 1077 , 43421.1527585248 
 1078 , 43438.9616533773 
 1079 , 43450.6488434387 
 1080 , 43456.1970300329 
 1081 , 43459.4099197135 
 1082 , 43458.464392564 
 1083 , 43448.2918381584 
 1084 , 43428.7234208746 
 1085 , 43406.134530214 
 1086 , 43385.5533119909 
 1087 , 43366.545429743 
 1088 , 43348.4709588561 
 1089 , 43336.9572022156 
 1090 , 43339.8980913206 
 1091 , 43351.0381636452 
 1092 , 43349.7856862893 
 1093 , 43322.6857888972 
 1094 , 43273.7727700387 
 1095 , 43209.5415284699 
 1096 , 43136.8811120102 
 1097 , 43062.6797045359 
 1098 , 42991.8837196118 
 1099 , 42927.9249614004 
 1100 , 42871.0892828892 
 1101 , 42816.567119425 
 1102 , 42760.8955970658 
 1103 , 42707.4642923432 
 1104 , 42660.9378148676 
 1105 , 42622.81477001 
 1106 , 42592.6511176265 
 1107 , 42563.2794918725 
 1108 , 42519.6760571059 
 1109 , 42456.8246367584 
 1110 , 42396.6650612805 
 1111 , 42360.9904956067 
 1112 , 42344.5831078833 
 1113 , 42332.4016063885 
 1114 , 42315.2674949974 
 1115 , 42288.9092802452 
 1116 , 42254.5141893526 
 1117 , 42222.5617001962 
 1118 , 42202.3947730978 
 1119 , 42195.1606963041 
 1120 , 42199.0419133644 
 1121 , 42203.1817893242 
 1122 , 42192.054116671 
 1123 , 42161.8301126537 
 1124 , 42122.4817244281 
 1125 , 42081.3106248807 
 1126 , 42036.9023669331 
 1127 , 41988.3665539421 
 1128 , 41945.6923538012 
 1129 , 41921.6144930124 
 1130 , 41911.2653483083 
 1131 , 41896.3013075916 
 1132 , 41867.3401199905 
 1133 , 41829.9416040949 
 1134 , 41788.1616495071 
 1135 , 41736.0614878237 
 1136 , 41668.1213974389 
 1137 , 41600.1779169208 
 1138 , 41557.3365509925 
 1139 , 41536.8760662695 
 1140 , 41507.8778231717 
 1141 , 41458.7229852583 
 1142 , 41421.0574015234 
 1143 , 41420.9225148865 
 1144 , 41432.7388420713 
 1145 , 41419.5631128067 
 1146 , 41385.351344135 
 1147 , 41358.9427341209 
 1148 , 41343.4357657929 
 1149 , 41308.7597832587 
 1150 , 41242.0916336389 
 1151 , 41181.9469851741 
 1152 , 41164.5065317005 
 1153 , 41162.7527897114 
 1154 , 41130.1965712953 
 1155 , 41072.6509206918 
 1156 , 41035.0962788583 
 1157 , 41035.5571850877 
 1158 , 41049.6053402311 
 1159 , 41056.0040196934 
 1160 , 41054.9810594572 
 1161 , 41049.1965963425 
 1162 , 41028.3872101262 
 1163 , 40978.0421028525 
 1164 , 40907.7791432756 
 1165 , 40848.0732185041 
 1166 , 40811.06203556 
 1167 , 40775.8323005844 
 1168 , 40728.6993608419 
 1169 , 40694.2691518502 
 1170 , 40700.0004198541 
 1171 , 40726.2230883228 
 1172 , 40731.9613138884 
 1173 , 40706.9671520657 
 1174 , 40670.526521785 
 1175 , 40635.1251061396 
 1176 , 40598.1432001625 
 1177 , 40556.4090940652 
 1178 , 40511.1918326858 
 1179 , 40464.9527666782 
 1180 , 40421.006551897 
 1181 , 40383.0598236178 
 1182 , 40353.7529114802 
 1183 , 40334.5967658442 
 1184 , 40320.2163274596 
 1185 , 40291.831152778 
 1186 , 40236.7581316144 
 1187 , 40173.2906058466 
 1188 , 40125.8416817718 
 1189 , 40103.7383212403 
 1190 , 40107.3366291901 
 1191 , 40110.66740115 
 1192 , 40061.7660626294 
 1193 , 39951.1327811696 
 1194 , 39853.661006505 
 1195 , 39830.4650396794 
 1196 , 39850.4376319352 
 1197 , 39864.2612129059 
 1198 , 39860.2373821641 
 1199 , 39845.2061322898 
 1200 , 39820.2007769762 
 1201 , 39780.6123730745 
 1202 , 39726.4089002126 
 1203 , 39666.2952498321 
 1204 , 39608.2227676464 
 1205 , 39554.0524905315 
 1206 , 39505.3296132803 
 1207 , 39471.6671677637 
 1208 , 39465.2272237912 
 1209 , 39477.3844929993 
 1210 , 39481.5348352771 
 1211 , 39460.101757015 
 1212 , 39411.1992176568 
 1213 , 39336.4397393281 
 1214 , 39243.9572530644 
 1215 , 39144.9901217716 
 1216 , 39062.5193982037 
 1217 , 39022.7889871091 
 1218 , 39031.5178038571 
 1219 , 39078.3528211172 
 1220 , 39127.0850597606 
 1221 , 39106.0894212673 
 1222 , 38979.3023492191 
 1223 , 38811.4283218962 
 1224 , 38674.5937361797 
 1225 , 38593.6147034705 
 1226 , 38575.0237099384 
 1227 , 38594.2375440823 
 1228 , 38607.960362967 
 1229 , 38593.0462942208 
 1230 , 38549.6517538231 
 1231 , 38480.4369143324 
 1232 , 38390.6571481184 
 1233 , 38292.5080592206 
 1234 , 38225.0391829988 
 1235 , 38225.3190457061 
 1236 , 38258.5542178748 
 1237 , 38257.9469865418 
 1238 , 38214.7519535183 
 1239 , 38171.8323913881 
 1240 , 38153.9968642614 
 1241 , 38154.202090942 
 1242 , 38157.1146731459 
 1243 , 38131.2039642018 
 1244 , 38051.8883863196 
 1245 , 37952.4065032059 
 1246 , 37882.9836753629 
 1247 , 37847.7245758216 
 1248 , 37820.6168290452 
 1249 , 37789.7254216862 
 1250 , 37760.3045237074 
 1251 , 37733.4804056979 
 1252 , 37699.5670004181 
 1253 , 37650.9871753988 
 1254 , 37593.9934776029 
 1255 , 37538.7596643912 
 1256 , 37499.2341691356 
 1257 , 37489.2831431441 
 1258 , 37491.9597652475 
 1259 , 37465.373244936 
 1260 , 37397.1780975155 
 1261 , 37318.9811638619 
 1262 , 37256.6782397607 
 1263 , 37212.3257991882 
 1264 , 37183.0275759643 
 1265 , 37160.4071768103 
 1266 , 37135.809098546 
 1267 , 37113.7591118183 
 1268 , 37105.1229785375 
 1269 , 37100.5452017121 
 1270 , 37071.4935870208 
 1271 , 37014.1434401392 
 1272 , 36967.0910004772 
 1273 , 36953.6039256619 
 1274 , 36939.4496138324 
 1275 , 36890.0674092639 
 1276 , 36827.6897601041 
 1277 , 36790.606143766 
 1278 , 36780.6980303772 
 1279 , 36777.9121681979 
 1280 , 36766.5326981229 
 1281 , 36735.7693283818 
 1282 , 36683.7833639649 
 1283 , 36624.2277082913 
 1284 , 36574.8554014627 
 1285 , 36561.2886066543 
 1286 , 36599.3965802975 
 1287 , 36640.3460695405 
 1288 , 36619.0818986131 
 1289 , 36545.1640349154 
 1290 , 36472.5595740663 
 1291 , 36410.5817866394 
 1292 , 36321.6539155576 
 1293 , 36201.8446158386 
 1294 , 36110.2232807841 
 1295 , 36088.1167919752 
 1296 , 36103.1669585115 
 1297 , 36111.7846567657 
 1298 , 36085.6159495934 
 1299 , 36006.1850924392 
 1300 , 35903.0667709836 
 1301 , 35832.1076820686 
 1302 , 35807.500085444 
 1303 , 35802.5752652834 
 1304 , 35797.3206584016 
 1305 , 35785.2227083828 
 1306 , 35758.1720052953 
 1307 , 35700.3137438532 
 1308 , 35603.9694744998 
 1309 , 35507.1983119108 
 1310 , 35455.4529809041 
 1311 , 35438.767245249 
 1312 , 35420.0991334373 
 1313 , 35387.845798767 
 1314 , 35352.1601912425 
 1315 , 35321.9176037457 
 1316 , 35303.2425361425 
 1317 , 35295.1952330312 
 1318 , 35281.1533029434 
 1319 , 35248.425532127 
 1320 , 35208.2067212095 
 1321 , 35174.30426965 
 1322 , 35138.5249906853 
 1323 , 35085.290820549 
 1324 , 35021.9015080453 
 1325 , 34970.6043391647 
 1326 , 34932.2716380518 
 1327 , 34884.1010301281 
 1328 , 34822.845146223 
 1329 , 34782.1300808184 
 1330 , 34782.924940911 
 1331 , 34797.9871554217 
 1332 , 34793.4610599047 
 1333 , 34746.3214524813 
 1334 , 34643.046012246 
 1335 , 34523.3627464721 
 1336 , 34451.4386326123 
 1337 , 34443.815359921 
 1338 , 34477.4524410567 
 1339 , 34515.1549456123 
 1340 , 34503.1450520658 
 1341 , 34419.5925000726 
 1342 , 34310.7433095161 
 1343 , 34221.6227162473 
 1344 , 34164.8286658523 
 1345 , 34142.5486616672 
 1346 , 34136.7759692704 
 1347 , 34124.7427439067 
 1348 , 34106.2702434597 
 1349 , 34093.0318722416 
 1350 , 34080.1130935942 
 1351 , 34048.087593514 
 1352 , 33988.4261335908 
 1353 , 33908.2466461834 
 1354 , 33822.4679575613 
 1355 , 33760.3379216383 
 1356 , 33738.132320178 
 1357 , 33720.8014306417 
 1358 , 33668.963308769 
 1359 , 33581.6661288958 
 1360 , 33472.3622798849 
 1361 , 33362.7148926879 
 1362 , 33277.9663691139 
 1363 , 33225.8492955319 
 1364 , 33199.0694620568 
 1365 , 33191.3895004021 
 1366 , 33198.5192865088 
 1367 , 33206.2555436339 
 1368 , 33180.2070826767 
 1369 , 33100.2838074384 
 1370 , 32999.278087558 
 1371 , 32913.7479804798 
 1372 , 32846.4225914928 
 1373 , 32790.577305268 
 1374 , 32749.8871802897 
 1375 , 32731.3918474777 
 1376 , 32716.3067511656 
 1377 , 32667.5957897138 
 1378 , 32582.8045743514 
 1379 , 32498.7631819576 
 1380 , 32434.9825911262 
 1381 , 32378.0804864275 
 1382 , 32315.7856632959 
 1383 , 32246.9270591806 
 1384 , 32174.8427145062 
 1385 , 32113.9368998658 
 1386 , 32077.6823796174 
 1387 , 32055.7764147072 
 1388 , 32029.1606784009 
 1389 , 31984.8905747732 
 1390 , 31914.4065830563 
 1391 , 31822.8129979216 
 1392 , 31727.1064763735 
 1393 , 31641.4020100205 
 1394 , 31575.5166116517 
 1395 , 31533.6577969206 
 1396 , 31509.8548337662 
 1397 , 31494.9695882143 
 1398 , 31474.0494877296 
 1399 , 31435.8463509973 
 1400 , 31390.0389138289 
 1401 , 31349.7872788497 
 1402 , 31312.6157051209 
 1403 , 31269.9466114564 
 1404 , 31217.9715058528 
 1405 , 31156.6250812902 
 1406 , 31100.7786854758 
 1407 , 31077.9290443164 
 1408 , 31088.8654966462 
 1409 , 31099.460646189 
 1410 , 31087.3118906844 
 1411 , 31056.2404890367 
 1412 , 31013.0415214798 
 1413 , 30964.7905354449 
 1414 , 30920.1292384589 
 1415 , 30893.9473528687 
 1416 , 30897.0195379629 
 1417 , 30904.6063983246 
 1418 , 30882.0954141986 
 1419 , 30830.6683429295 
 1420 , 30770.5921243068 
 1421 , 30708.6281720384 
 1422 , 30640.8183107207 
 1423 , 30568.1117276871 
 1424 , 30497.2993019832 
 1425 , 30435.3858434187 
 1426 , 30389.1927622514 
 1427 , 30358.4464969866 
 1428 , 30326.8520559275 
 1429 , 30283.9151012145 
 1430 , 30245.4186277328 
 1431 , 30223.9615957745 
 1432 , 30190.8858249618 
 1433 , 30113.625915091 
 1434 , 30020.1089144446 
 1435 , 29960.0372645727 
 1436 , 29934.7270862937 
 1437 , 29916.5304907552 
 1438 , 29890.5035065955 
 1439 , 29853.1301467363 
 1440 , 29808.7255485812 
 1441 , 29770.2769793313 
 1442 , 29743.018678066 
 1443 , 29718.767040856 
 1444 , 29691.4724973507 
 1445 , 29662.7285118278 
 1446 , 29634.5945572054 
 1447 , 29607.2386267384 
 1448 , 29579.989652662 
 1449 , 29550.0650232179 
 1450 , 29513.8496375255 
 1451 , 29466.2315957647 
 1452 , 29405.0126804282 
 1453 , 29362.0467481652 
 1454 , 29383.9382352084 
 1455 , 29453.1332072912 
 1456 , 29504.3861196543 
 1457 , 29508.3538218155 
 1458 , 29474.0319472168 
 1459 , 29410.403262889 
 1460 , 29324.0520141944 
 1461 , 29230.3702402296 
 1462 , 29161.6655251095 
 1463 , 29129.4197475395 
 1464 , 29086.5137959284 
 1465 , 28994.6084185558 
 1466 , 28880.0367376565 
 1467 , 28777.6328470476 
 1468 , 28692.7609050339 
 1469 , 28621.3446092588 
 1470 , 28557.1716480972 
 1471 , 28494.0418239035 
 1472 , 28434.8524058628 
 1473 , 28386.805019452 
 1474 , 28343.9684766044 
 1475 , 28291.1575211615 
 1476 , 28230.727874281 
 1477 , 28182.4409390505 
 1478 , 28150.1938681317 
 1479 , 28116.1085896463 
 1480 , 28072.2969966335 
 1481 , 28030.7657465852 
 1482 , 27997.6250911978 
 1483 , 27960.8382770262 
 1484 , 27910.4018008668 
 1485 , 27850.4190806144 
 1486 , 27788.9108470531 
 1487 , 27738.9203388903 
 1488 , 27710.9001774271 
 1489 , 27693.4438297447 
 1490 , 27670.2721344406 
 1491 , 27646.0854749916 
 1492 , 27633.5250735781 
 1493 , 27626.8447083725 
 1494 , 27609.8734131062 
 1495 , 27576.5200751 
 1496 , 27528.7520474345 
 1497 , 27471.1937676 
 1498 , 27410.8598712397 
 1499 , 27353.0252694346 
 1500 , 27300.573515865 
 1501 , 27253.4741813279 
 1502 , 27207.2175386929 
 1503 , 27160.8825438093 
 1504 , 27121.9330071167 
 1505 , 27093.9967528117 
 1506 , 27067.4347346447 
 1507 , 27031.859051782 
 1508 , 26982.1029165245 
 1509 , 26917.0443226539 
 1510 , 26848.8962232031 
 1511 , 26791.1986228507 
 1512 , 26742.3563707886 
 1513 , 26695.6305576714 
 1514 , 26648.2017033874 
 1515 , 26599.4288013592 
 1516 , 26551.9390283437 
 1517 , 26510.2851784013 
 1518 , 26478.5458090463 
 1519 , 26459.7294564539 
 1520 , 26442.5944652443 
 1521 , 26403.3307483522 
 1522 , 26342.141017777 
 1523 , 26287.4590986987 
 1524 , 26252.9235031476 
 1525 , 26228.4936097421 
 1526 , 26201.5862262677 
 1527 , 26158.4263818046 
 1528 , 26097.586688519 
 1529 , 26045.4405593082 
 1530 , 26018.9230248707 
 1531 , 25998.1706286041 
 1532 , 25965.2044783567 
 1533 , 25930.9220932186 
 1534 , 25907.2047864779 
 1535 , 25882.4637451988 
 1536 , 25843.4929048433 
 1537 , 25803.8321961155 
 1538 , 25782.7759778762 
 1539 , 25775.6862810717 
 1540 , 25768.1396292001 
 1541 , 25749.1955182754 
 1542 , 25710.5739872712 
 1543 , 25653.3750317784 
 1544 , 25585.0522738778 
 1545 , 25519.3299832474 
 1546 , 25473.9103817797 
 1547 , 25451.6597578002 
 1548 , 25441.7194585734 
 1549 , 25433.7785779051 
 1550 , 25418.8402739138 
 1551 , 25393.7986611868 
 1552 , 25363.2646173165 
 1553 , 25334.6043312217 
 1554 , 25318.6142428426 
 1555 , 25317.65754516 
 1556 , 25317.671129523 
 1557 , 25306.6671565723 
 1558 , 25281.4290122167 
 1559 , 25243.6239777887 
 1560 , 25204.8740217144 
 1561 , 25173.5027620951 
 1562 , 25141.7170694143 
 1563 , 25101.556614307 
 1564 , 25057.1637270505 
 1565 , 25013.8177969638 
 1566 , 24968.2758291455 
 1567 , 24917.7066385436 
 1568 , 24875.6314514534 
 1569 , 24857.6933521696 
 1570 , 24855.3045198299 
 1571 , 24851.5365485237 
 1572 , 24843.1221825264 
 1573 , 24832.7196843207 
 1574 , 24815.8113886077 
 1575 , 24784.698696306 
 1576 , 24742.6795717038 
 1577 , 24699.8084673077 
 1578 , 24658.4315616747 
 1579 , 24615.2403364144 
 1580 , 24572.7155008689 
 1581 , 24538.1795063247 
 1582 , 24510.4291717303 
 1583 , 24479.6055742199 
 1584 , 24438.8136214021 
 1585 , 24385.3162979392 
 1586 , 24328.4636802884 
 1587 , 24292.9092922421 
 1588 , 24286.4078297496 
 1589 , 24289.8160560548 
 1590 , 24287.0627631169 
 1591 , 24271.1543026161 
 1592 , 24239.6967829321 
 1593 , 24197.5277925484 
 1594 , 24151.298316956 
 1595 , 24109.8183647738 
 1596 , 24077.0320045921 
 1597 , 24043.9020221236 
 1598 , 24003.4582293715 
 1599 , 23960.4061996598 
 1600 , 23921.505567237 
 1601 , 23893.4448725255 
 1602 , 23878.959172397 
 1603 , 23866.2469221752 
 1604 , 23844.5593502028 
 1605 , 23821.5548638034 
 1606 , 23805.4048876851 
 1607 , 23784.0205812929 
 1608 , 23743.923276923 
 1609 , 23695.9820714381 
 1610 , 23656.4293904582 
 1611 , 23625.3766145743 
 1612 , 23596.5017886289 
 1613 , 23560.3516819208 
 1614 , 23508.3192085609 
 1615 , 23447.8794508396 
 1616 , 23392.3589376697 
 1617 , 23342.5093324838 
 1618 , 23292.4063730083 
 1619 , 23232.9653493969 
 1620 , 23155.5382189559 
 1621 , 23074.4785122528 
 1622 , 23015.511501978 
 1623 , 22973.9221110578 
 1624 , 22926.8460014019 
 1625 , 22878.8040359875 
 1626 , 22852.6517200637 
 1627 , 22848.1701674456 
 1628 , 22846.9450842984 
 1629 , 22831.0220424368 
 1630 , 22784.6717094394 
 1631 , 22719.8878909321 
 1632 , 22672.0701126936 
 1633 , 22642.8270679421 
 1634 , 22601.5474365086 
 1635 , 22550.5892551331 
 1636 , 22526.5492887266 
 1637 , 22528.4420279679 
 1638 , 22512.9341047368 
 1639 , 22470.5533545 
 1640 , 22433.6288903584 
 1641 , 22406.3362943019 
 1642 , 22355.2421048718 
 1643 , 22277.4601979914 
 1644 , 22213.3946747884 
 1645 , 22179.0108618976 
 1646 , 22151.8393822259 
 1647 , 22118.4018491922 
 1648 , 22082.8463124626 
 1649 , 22048.9178111872 
 1650 , 22017.4500561522 
 1651 , 21985.771085406 
 1652 , 21945.9996959317 
 1653 , 21900.3932407333 
 1654 , 21869.2898578847 
 1655 , 21857.5785186874 
 1656 , 21839.3184509078 
 1657 , 21798.9646794488 
 1658 , 21746.4344589582 
 1659 , 21692.405744979 
 1660 , 21643.5767528577 
 1661 , 21602.9789601448 
 1662 , 21567.1962451184 
 1663 , 21536.3984648073 
 1664 , 21519.8221684501 
 1665 , 21521.7359157851 
 1666 , 21533.2479986976 
 1667 , 21538.5317860591 
 1668 , 21510.2846727268 
 1669 , 21442.6630605265 
 1670 , 21381.9734365742 
 1671 , 21357.1935461978 
 1672 , 21340.3205870857 
 1673 , 21304.8695937143 
 1674 , 21247.1331340338 
 1675 , 21175.8085695282 
 1676 , 21121.5081799086 
 1677 , 21098.5457342726 
 1678 , 21073.4352130166 
 1679 , 21024.2566877665 
 1680 , 20975.5142447469 
 1681 , 20944.6002300208 
 1682 , 20913.4788261664 
 1683 , 20869.6285708056 
 1684 , 20828.0869732989 
 1685 , 20799.1811146325 
 1686 , 20770.5918884244 
 1687 , 20733.4856420291 
 1688 , 20696.7052008735 
 1689 , 20665.2814709016 
 1690 , 20627.7339056625 
 1691 , 20578.5270392956 
 1692 , 20533.4313070855 
 1693 , 20503.3330936092 
 1694 , 20478.8070813414 
 1695 , 20451.1617999274 
 1696 , 20421.1534398427 
 1697 , 20391.400077593 
 1698 , 20365.5669521095 
 1699 , 20344.7371965756 
 1700 , 20323.4689443762 
 1701 , 20299.4697201769 
 1702 , 20280.0304009218 
 1703 , 20266.1491203171 
 1704 , 20241.3013379357 
 1705 , 20197.2423305255 
 1706 , 20149.6957137647 
 1707 , 20112.0312905006 
 1708 , 20085.3896477375 
 1709 , 20065.6218368897 
 1710 , 20040.8319265748 
 1711 , 20003.3476721306 
 1712 , 19956.1759217293 
 1713 , 19906.4431266591 
 1714 , 19866.7673892453 
 1715 , 19842.5230882818 
 1716 , 19824.0949200719 
 1717 , 19802.6169610989 
 1718 , 19773.7608156104 
 1719 , 19741.9446172185 
 1720 , 19725.8030622851 
 1721 , 19725.3212808721 
 1722 , 19707.1717225498 
 1723 , 19658.0328597309 
 1724 , 19601.531063203 
 1725 , 19557.8718418402 
 1726 , 19536.7446559378 
 1727 , 19533.1827598725 
 1728 , 19522.5656173133 
 1729 , 19489.4936529703 
 1730 , 19433.6699728791 
 1731 , 19370.9221365845 
 1732 , 19335.4879506785 
 1733 , 19328.1988387119 
 1734 , 19308.8118534703 
 1735 , 19267.7920555481 
 1736 , 19232.9150670022 
 1737 , 19215.0856188324 
 1738 , 19204.6935861167 
 1739 , 19186.8921000642 
 1740 , 19144.0635193833 
 1741 , 19088.8026146623 
 1742 , 19059.7087902567 
 1743 , 19051.4585556149 
 1744 , 19021.7970126122 
 1745 , 18964.8136784054 
 1746 , 18904.2577536567 
 1747 , 18852.8420965407 
 1748 , 18814.6856826881 
 1749 , 18797.9495119038 
 1750 , 18811.1183647821 
 1751 , 18832.8416454665 
 1752 , 18825.3647180518 
 1753 , 18777.2149749794 
 1754 , 18696.1212158714 
 1755 , 18623.5372729258 
 1756 , 18609.0852878254 
 1757 , 18624.0174144064 
 1758 , 18611.0808040596 
 1759 , 18581.9587134009 
 1760 , 18571.1831273806 
 1761 , 18564.7250325102 
 1762 , 18536.329281379 
 1763 , 18500.3779082831 
 1764 , 18478.3081031972 
 1765 , 18453.5376295853 
 1766 , 18407.8176069961 
 1767 , 18370.3755692212 
 1768 , 18369.2396190923 
 1769 , 18373.3644732754 
 1770 , 18348.8339525616 
 1771 , 18304.4371993917 
 1772 , 18258.1323250673 
 1773 , 18226.8270314112 
 1774 , 18219.3311521 
 1775 , 18222.5910088714 
 1776 , 18224.1683259342 
 1777 , 18222.2885090501 
 1778 , 18213.1727921575 
 1779 , 18185.4072194453 
 1780 , 18140.2873324987 
 1781 , 18104.798418581 
 1782 , 18085.4987340515 
 1783 , 18050.5974592735 
 1784 , 17995.5355910489 
 1785 , 17960.3239022257 
 1786 , 17955.6210833358 
 1787 , 17950.1761846415 
 1788 , 17929.4218574965 
 1789 , 17900.7069603043 
 1790 , 17868.4329622327 
 1791 , 17833.3593467507 
 1792 , 17804.4618774007 
 1793 , 17796.387729351 
 1794 , 17800.673098821 
 1795 , 17793.3377515839 
 1796 , 17775.1211106488 
 1797 , 17761.1758881959 
 1798 , 17746.731285694 
 1799 , 17718.3861039181 
 1800 , 17685.3532920744 
 1801 , 17664.8514529568 
 1802 , 17653.5733639414 
 1803 , 17640.7771923773 
 1804 , 17621.9550517124 
 1805 , 17596.3549877086 
 1806 , 17570.5978109269 
 1807 , 17548.9992369967 
 1808 , 17518.0907424187 
 1809 , 17466.7412875811 
 1810 , 17406.151272571 
 1811 , 17356.1644234394 
 1812 , 17347.6562857103 
 1813 , 17385.1500893502 
 1814 , 17408.0971334961 
 1815 , 17387.6033097356 
 1816 , 17373.513141529 
 1817 , 17382.4602514161 
 1818 , 17363.2029907661 
 1819 , 17307.9434599187 
 1820 , 17275.4466053891 
 1821 , 17278.1181226362 
 1822 , 17270.9434915098 
 1823 , 17242.3566463279 
 1824 , 17215.4269090977 
 1825 , 17200.369142322 
 1826 , 17195.0536052323 
 1827 , 17187.6121880304 
 1828 , 17162.1914734987 
 1829 , 17125.5946369089 
 1830 , 17095.608997975 
 1831 , 17076.800203583 
 1832 , 17065.6283822855 
 1833 , 17046.6377571319 
 1834 , 17006.9727036196 
 1835 , 16968.0819300649 
 1836 , 16953.8686659663 
 1837 , 16957.2670810134 
 1838 , 16961.1726697996 
 1839 , 16940.7306591416 
 1840 , 16888.373249638 
 1841 , 16843.4041515157 
 1842 , 16825.5830606813 
 1843 , 16801.0430648319 
 1844 , 16761.0050611165 
 1845 , 16747.3166180299 
 1846 , 16764.8106583866 
 1847 , 16764.6372275805 
 1848 , 16740.5047231051 
 1849 , 16733.530488118 
 1850 , 16740.5489868432 
 1851 , 16720.8254487306 
 1852 , 16675.3242133229 
 1853 , 16633.0189475998 
 1854 , 16600.3380710466 
 1855 , 16571.9145858131 
 1856 , 16552.0361877168 
 1857 , 16545.3335378833 
 1858 , 16533.2737492676 
 1859 , 16498.1258029909 
 1860 , 16461.7992438912 
 1861 , 16445.7938464427 
 1862 , 16433.105265269 
 1863 , 16408.8210658961 
 1864 , 16385.0941070076 
 1865 , 16371.494618863 
 1866 , 16363.1738498227 
 1867 , 16352.6156552777 
 1868 , 16331.1279953891 
 1869 , 16299.8113052331 
 1870 , 16271.5684381527 
 1871 , 16240.9325980321 
 1872 , 16186.1814637637 
 1873 , 16131.5090819833 
 1874 , 16131.2777193456 
 1875 , 16166.7200441295 
 1876 , 16179.1962801343 
 1877 , 16156.5947906703 
 1878 , 16112.0994962743 
 1879 , 16075.0333404386 
 1880 , 16070.1425156443 
 1881 , 16076.0409737399 
 1882 , 16066.8498768173 
 1883 , 16044.0669832728 
 1884 , 16017.4272555613 
 1885 , 16002.9464756317 
 1886 , 16001.34960676 
 1887 , 15983.010004507 
 1888 , 15941.3052156853 
 1889 , 15907.0653203038 
 1890 , 15887.1484720829 
 1891 , 15859.5136798041 
 1892 , 15822.0589159365 
 1893 , 15789.9053158132 
 1894 , 15764.3043368592 
 1895 , 15737.8915483033 
 1896 , 15710.2440225588 
 1897 , 15684.696013198 
 1898 , 15666.0276792128 
 1899 , 15656.1667124685 
 1900 , 15642.389595948 
 1901 , 15614.9269019774 
 1902 , 15585.908271333 
 1903 , 15566.4840089616 
 1904 , 15555.4327359748 
 1905 , 15546.522626159 
 1906 , 15528.1040283477 
 1907 , 15496.3327774219 
 1908 , 15458.3710461798 
 1909 , 15426.1219586919 
 1910 , 15413.2929681262 
 1911 , 15404.8041058369 
 1912 , 15371.3707061 
 1913 , 15346.4369112492 
 1914 , 15381.8135755786 
 1915 , 15428.7657775913 
 1916 , 15417.6379574948 
 1917 , 15364.2416345064 
 1918 , 15303.8797682576 
 1919 , 15256.5285289591 
 1920 , 15228.7594014277 
 1921 , 15203.4658772641 
 1922 , 15174.9559444259 
 1923 , 15161.6118300573 
 1924 , 15158.7033932691 
 1925 , 15132.1913753871 
 1926 , 15086.1256555293 
 1927 , 15057.7441818515 
 1928 , 15049.1152555992 
 1929 , 15040.5568769861 
 1930 , 15031.0432661361 
 1931 , 15026.1865368876 
 1932 , 15018.0731665825 
 1933 , 14998.8348493481 
 1934 , 14978.1655737245 
 1935 , 14960.3945813624 
 1936 , 14925.0233391573 
 1937 , 14874.6601848485 
 1938 , 14861.4813584844 
 1939 , 14895.2701023845 
 1940 , 14923.2114480682 
 1941 , 14920.3922090958 
 1942 , 14893.5473889929 
 1943 , 14856.5060684526 
 1944 , 14825.3258391265 
 1945 , 14801.3333692754 
 1946 , 14780.282209839 
 1947 , 14767.1719722613 
 1948 , 14764.6399024546 
 1949 , 14754.778022815 
 1950 , 14725.8156840079 
 1951 , 14693.5718150377 
 1952 , 14665.3179887345 
 1953 , 14626.2559847956 
 1954 , 14583.4200885252 
 1955 , 14571.5635396747 
 1956 , 14584.4444133967 
 1957 , 14581.5288728482 
 1958 , 14558.5578668148 
 1959 , 14532.517925062 
 1960 , 14506.9171256833 
 1961 , 14480.3600861486 
 1962 , 14456.0536513019 
 1963 , 14435.5107827913 
 1964 , 14410.990254835 
 1965 , 14380.6561946404 
 1966 , 14358.4545443899 
 1967 , 14351.4707293968 
 1968 , 14353.9741653622 
 1969 , 14355.4444222409 
 1970 , 14342.8336041555 
 1971 , 14318.9744010286 
 1972 , 14296.4667202507 
 1973 , 14278.2401622207 
 1974 , 14263.6406663662 
 1975 , 14257.2892113213 
 1976 , 14257.8700997784 
 1977 , 14239.3550870687 
 1978 , 14189.8444132735 
 1979 , 14138.6619330318 
 1980 , 14106.8589694786 
 1981 , 14095.3183872443 
 1982 , 14099.244375406 
 1983 , 14108.8055313332 
 1984 , 14102.1144292595 
 1985 , 14055.9531693932 
 1986 , 13997.6706705518 
 1987 , 13968.253638999 
 1988 , 13963.84849856 
 1989 , 13967.0839425129 
 1990 , 13960.1495141958 
 1991 , 13935.424322528 
 1992 , 13905.7779435261 
 1993 , 13887.6145816707 
 1994 , 13897.0253827865 
 1995 , 13916.3752354197 
 1996 , 13902.9154724938 
 1997 , 13865.7804631544 
 1998 , 13841.2589826658 
 1999 , 13838.3638532472 
 2000 , 13851.1931624513 
 2001 , 13857.5162699455 
 2002 , 13843.466979835 
 2003 , 13825.9923525935 
 2004 , 13813.0624760141 
 2005 , 13790.856052383 
 2006 , 13757.8512012471 
 2007 , 13726.809666617 
 2008 , 13696.4133155474 
 2009 , 13658.3574918645 
 2010 , 13631.1881149716 
 2011 , 13635.3698769588 
 2012 , 13642.2431342572 
 2013 , 13626.145241585 
 2014 , 13611.1427891358 
 2015 , 13612.5376100895 
 2016 , 13613.4455435475 
 2017 , 13600.4805328174 
 2018 , 13569.485685368 
 2019 , 13531.4157975847 
 2020 , 13506.0542458185 
 2021 , 13492.5353606253 
 2022 , 13479.6795930674 
 2023 , 13456.8391857007 
 2024 , 13421.767637366 
 2025 , 13396.9443211287 
 2026 , 13390.8413630521 
 2027 , 13377.4136347587 
 2028 , 13353.6233586446 
 2029 , 13346.6067166624 
 2030 , 13350.2004699431 
 2031 , 13334.7167938345 
 2032 , 13301.3200988056 
 2033 , 13265.5220621718 
 2034 , 13237.2025555785 
 2035 , 13220.2935596768 
 2036 , 13206.5558447628 
 2037 , 13190.4218876379 
 2038 , 13174.9585367338 
 2039 , 13162.1406354374 
 2040 , 13151.0937358111 
 2041 , 13132.7486927724 
 2042 , 13096.7133320354 
 2043 , 13065.0226894688 
 2044 , 13062.458126528 
 2045 , 13063.9911560222 
 2046 , 13048.7514162709 
 2047 , 13039.5699575661 
 2048 , 13040.8482121458 
 2049 , 13019.3531015305 
 2050 , 12972.5474881203 
 2051 , 12929.0467703373 
 2052 , 12898.9765105903 
 2053 , 12881.3831250246 
 2054 , 12880.4692480814 
 2055 , 12896.1567052188 
 2056 , 12907.1551654156 
 2057 , 12893.117654211 
 2058 , 12845.6149721779 
 2059 , 12786.9074006616 
 2060 , 12770.8489088531 
 2061 , 12782.7232717026 
 2062 , 12763.707628127 
 2063 , 12731.8740495505 
 2064 , 12726.4479284919 
 2065 , 12720.5639886445 
 2066 , 12688.2587472172 
 2067 , 12650.8133952036 
 2068 , 12626.2893196122 
 2069 , 12616.5158116114 
 2070 , 12613.0560422478 
 2071 , 12601.1362927687 
 2072 , 12583.3993140093 
 2073 , 12569.0388703989 
 2074 , 12550.4802979186 
 2075 , 12520.1202062156 
 2076 , 12486.2415062207 
 2077 , 12458.2636293891 
 2078 , 12442.0306308267 
 2079 , 12429.6236192336 
 2080 , 12401.6827354073 
 2081 , 12364.7200431318 
 2082 , 12337.7131868884 
 2083 , 12317.1426956119 
 2084 , 12294.3188354592 
 2085 , 12270.2671266067 
 2086 , 12249.9774854461 
 2087 , 12241.6668493482 
 2088 , 12240.6763317378 
 2089 , 12229.3518011991 
 2090 , 12207.2601856413 
 2091 , 12184.7707307812 
 2092 , 12167.1041181555 
 2093 , 12155.8166348257 
 2094 , 12146.9620236707 
 2095 , 12136.2175560474 
 2096 , 12120.8373414903 
 2097 , 12102.0754996659 
 2098 , 12085.6490769578 
 2099 , 12080.3223400673 
 2100 , 12091.5669375657 
 2101 , 12094.4773650005 
 2102 , 12066.7701461145 
 2103 , 12030.3405142868 
 2104 , 12002.9497909611 
 2105 , 11979.2884411656 
 2106 , 11959.4345922852 
 2107 , 11950.1560374276 
 2108 , 11942.9780979317 
 2109 , 11922.9006616012 
 2110 , 11890.6595264869 
 2111 , 11854.6966364815 
 2112 , 11830.1281659186 
 2113 , 11822.8616327379 
 2114 , 11821.8288032441 
 2115 , 11813.9173855662 
 2116 , 11787.763768463 
 2117 , 11752.0523627117 
 2118 , 11722.5367602965 
 2119 , 11698.15531434 
 2120 , 11673.8138807793 
 2121 , 11646.8284746078 
 2122 , 11623.5647724046 
 2123 , 11621.0225661069 
 2124 , 11634.6701991791 
 2125 , 11642.8404023564 
 2126 , 11627.6530942702 
 2127 , 11584.2726407812 
 2128 , 11549.5307457866 
 2129 , 11542.8829565113 
 2130 , 11530.4333600123 
 2131 , 11504.8983593097 
 2132 , 11492.884401376 
 2133 , 11486.5804213172 
 2134 , 11460.1023852413 
 2135 , 11414.0018595473 
 2136 , 11363.3685194942 
 2137 , 11338.1702022949 
 2138 , 11345.9393971885 
 2139 , 11356.0630609963 
 2140 , 11343.0490956303 
 2141 , 11294.9913545237 
 2142 , 11250.2006348106 
 2143 , 11251.8447091908 
 2144 , 11269.7887370194 
 2145 , 11269.8908150302 
 2146 , 11247.1309243245 
 2147 , 11209.0894999402 
 2148 , 11173.4584944569 
 2149 , 11157.8367619113 
 2150 , 11171.2482056809 
 2151 , 11179.8161799572 
 2152 , 11152.9942186752 
 2153 , 11106.303914625 
 2154 , 11059.932873784 
 2155 , 11029.1517225741 
 2156 , 11016.9934978771 
 2157 , 11016.9347282105 
 2158 , 11020.1030087517 
 2159 , 11017.5880205578 
 2160 , 11003.3756547035 
 2161 , 10980.7703032606 
 2162 , 10967.0439197617 
 2163 , 10957.3574583994 
 2164 , 10928.9060411188 
 2165 , 10892.8262006932 
 2166 , 10872.6720391092 
 2167 , 10871.631778773 
 2168 , 10875.3056901646 
 2169 , 10845.7672595671 
 2170 , 10792.7502196907 
 2171 , 10774.7353415991 
 2172 , 10786.6542024584 
 2173 , 10791.6455877024 
 2174 , 10784.7091463451 
 2175 , 10767.6234007017 
 2176 , 10736.0814544068 
 2177 , 10700.973450914 
 2178 , 10689.9471946708 
 2179 , 10696.8017358121 
 2180 , 10696.2227413117 
 2181 , 10682.062173069 
 2182 , 10658.9210938266 
 2183 , 10642.1592071026 
 2184 , 10636.6801334132 
 2185 , 10631.5517552577 
 2186 , 10619.6913476442 
 2187 , 10598.963382267 
 2188 , 10575.7173312378 
 2189 , 10554.7030254402 
 2190 , 10528.3411817928 
 2191 , 10498.9883413945 
 2192 , 10484.1235170558 
 2193 , 10479.5731490133 
 2194 , 10467.961311109 
 2195 , 10451.8162480196 
 2196 , 10437.7982347439 
 2197 , 10423.4092322303 
 2198 , 10408.7421861752 
 2199 , 10398.7029680712 
 2200 , 10383.6364830852 
 2201 , 10349.6542982286 
 2202 , 10321.8312994157 
 2203 , 10320.8110673095 
 2204 , 10316.2738399104 
 2205 , 10292.2951072303 
 2206 , 10264.1528643202 
 2207 , 10241.8929244077 
 2208 , 10228.859956016 
 2209 , 10220.4456557491 
 2210 , 10207.9964306958 
 2211 , 10179.8022294371 
 2212 , 10138.684074857 
 2213 , 10105.0734954775 
 2214 , 10078.612860983 
 2215 , 10048.4296172238 
 2216 , 10023.6404653627 
 2217 , 10009.8272609182 
 2218 , 9989.60933501487 
 2219 , 9964.63524639166 
 2220 , 9960.40937622679 
 2221 , 9978.08048354314 
 2222 , 9999.03487355073 
 2223 , 9984.50614263363 
 2224 , 9927.17497760472 
 2225 , 9894.37203134071 
 2226 , 9898.86254573957 
 2227 , 9892.36646332344 
 2228 , 9868.16744312824 
 2229 , 9841.08179039804 
 2230 , 9821.22714798665 
 2231 , 9808.67059182546 
 2232 , 9788.58800868991 
 2233 , 9760.78483458045 
 2234 , 9737.04842603896 
 2235 , 9714.10777467604 
 2236 , 9685.36961464606 
 2237 , 9654.42690516418 
 2238 , 9631.6147308122 
 2239 , 9631.84970858046 
 2240 , 9638.23723317467 
 2241 , 9617.99715384557 
 2242 , 9577.53734763427 
 2243 , 9536.14290284001 
 2244 , 9511.16643217917 
 2245 , 9501.02225287669 
 2246 , 9484.69198281682 
 2247 , 9462.52069664168 
 2248 , 9445.52281527664 
 2249 , 9436.30929709885 
 2250 , 9431.25621703025 
 2251 , 9419.69360276826 
 2252 , 9399.21931310032 
 2253 , 9375.94741820309 
 2254 , 9358.90021748633 
 2255 , 9352.46674394928 
 2256 , 9344.03955612813 
 2257 , 9328.7367567872 
 2258 , 9315.33944383046 
 2259 , 9295.35924553285 
 2260 , 9255.30911375431 
 2261 , 9216.68154747871 
 2262 , 9195.60017495791 
 2263 , 9174.69725731924 
 2264 , 9152.30843946177 
 2265 , 9144.09394682549 
 2266 , 9143.52412462776 
 2267 , 9136.45519766807 
 2268 , 9119.76093647463 
 2269 , 9097.74377145426 
 2270 , 9081.65047156996 
 2271 , 9073.46762981873 
 2272 , 9067.01729559889 
 2273 , 9049.97935306631 
 2274 , 9019.80527862675 
 2275 , 8998.57635061998 
 2276 , 8986.11303779748 
 2277 , 8960.17661398765 
 2278 , 8929.52112904173 
 2279 , 8910.09705642925 
 2280 , 8892.2499625072 
 2281 , 8872.42279146658 
 2282 , 8861.81494258657 
 2283 , 8853.19022858408 
 2284 , 8833.98145237093 
 2285 , 8828.80713862566 
 2286 , 8843.70930244392 
 2287 , 8827.47617751015 
 2288 , 8780.92527316951 
 2289 , 8752.7705081229 
 2290 , 8744.42008156151 
 2291 , 8738.49190075501 
 2292 , 8723.47813473576 
 2293 , 8699.45889216106 
 2294 , 8678.03763096283 
 2295 , 8653.80047669941 
 2296 , 8617.32054764139 
 2297 , 8583.56159332852 
 2298 , 8568.6066158423 
 2299 , 8577.98619772826 
 2300 , 8581.97160843194 
 2301 , 8540.58028449799 
 2302 , 8498.97605852816 
 2303 , 8494.13172168683 
 2304 , 8483.56979904477 
 2305 , 8458.34371167365 
 2306 , 8447.55377677974 
 2307 , 8440.11582159662 
 2308 , 8421.00376490368 
 2309 , 8415.93225867688 
 2310 , 8415.84598737543 
 2311 , 8367.73384587459 
 2312 , 8303.2467607641 
 2313 , 8281.00812016462 
 2314 , 8276.67826067984 
 2315 , 8266.00032740476 
 2316 , 8255.32758416908 
 2317 , 8252.15857017617 
 2318 , 8257.49019605876 
 2319 , 8246.81339062378 
 2320 , 8211.63053857381 
 2321 , 8186.82365691314 
 2322 , 8175.29752918244 
 2323 , 8154.19539505341 
 2324 , 8134.07589964518 
 2325 , 8126.47016219349 
 2326 , 8116.13751621245 
 2327 , 8093.01513346403 
 2328 , 8058.57907783254 
 2329 , 8031.68426291666 
 2330 , 8024.04112473744 
 2331 , 8007.56578652586 
 2332 , 7980.84711005652 
 2333 , 7977.09641837523 
 2334 , 7984.43985412848 
 2335 , 7974.25466724098 
 2336 , 7943.36145699579 
 2337 , 7907.22406574228 
 2338 , 7895.70186696801 
 2339 , 7899.33743306416 
