11-20-2017,17:10:46
Wavenumber(cm-1),Intensity
 250 , 10 
 251 , 10 
 252 , 10 
 253 , 10 
 254 , 10 
 255 ,-25.42578125 
 256 , 14.80859375 
 257 , 66.26953125 
 258 , 97.5625 
 259 , 97.96484375 
 260 , 69.5703125 
 261 , 26.77734375 
 262 ,-8.34765625 
 263 ,-21.390625 
 264 ,-13.4921875 
 265 , 0.46484375 
 266 , 7.140625 
 267 , 6.95703125 
 268 , 2.890625 
 269 , 0.6953125 
 270 ,-0.1796875 
 271 ,-2.34375 
 272 ,-2.859375 
 273 , 6.36328125 
 274 , 32.88671875 
 275 , 70.98046875 
 276 , 106.1796875 
 277 , 127.13671875 
 278 , 140.03515625 
 279 , 156.89453125 
 280 , 183.9921875 
 281 , 218.7578125 
 282 , 257.94921875 
 283 , 295.83984375 
 284 , 324.45703125 
 285 , 337.56640625 
 286 , 337.32421875 
 287 , 328.62890625 
 288 , 315.3359375 
 289 , 304.38671875 
 290 , 303.9375 
 291 , 318.08984375 
 292 , 343.43359375 
 293 , 375.1875 
 294 , 404.3828125 
 295 , 420.63671875 
 296 , 415.32421875 
 297 , 381.96875 
 298 , 314.4140625 
 299 , 222.7265625 
 300 , 141.26171875 
 301 , 102.97265625 
 302 , 106.9375 
 303 , 131.6015625 
 304 , 157.33984375 
 305 , 169.62109375 
 306 , 154.6640625 
 307 , 111.390625 
 308 , 64.45703125 
 309 , 40.5390625 
 310 , 46.60546875 
 311 , 72.15234375 
 312 , 105.70703125 
 313 , 138.41796875 
 314 , 163.21875 
 315 , 178.96484375 
 316 , 193.828125 
 317 , 216.37109375 
 318 , 249.48046875 
 319 , 292.1484375 
 320 , 341.42578125 
 321 , 385.14453125 
 322 , 408.25 
 323 , 406.8671875 
 324 , 399.2734375 
 325 , 405.37109375 
 326 , 426.37109375 
 327 , 446.671875 
 328 , 452.625 
 329 , 446.94140625 
 330 , 438.77734375 
 331 , 436.1171875 
 332 , 444.28515625 
 333 , 468.0546875 
 334 , 506.58203125 
 335 , 553.0703125 
 336 , 600.6328125 
 337 , 643.03515625 
 338 , 674.1171875 
 339 , 689.5703125 
 340 , 690.4453125 
 341 , 678.7734375 
 342 , 657.96484375 
 343 , 633.00390625 
 344 , 608.14453125 
 345 , 581.47265625 
 346 , 548.19140625 
 347 , 505.51171875 
 348 , 456.59375 
 349 , 405.71875 
 350 , 358.55859375 
 351 , 322.0859375 
 352 , 301.953125 
 353 , 293.46875 
 354 , 287.296875 
 355 , 277.40234375 
 356 , 266.796875 
 357 , 259.875 
 358 , 258.16796875 
 359 , 260.12890625 
 360 , 264.10546875 
 361 , 268.68359375 
 362 , 272.4453125 
 363 , 274.0859375 
 364 , 273.27734375 
 365 , 270.15234375 
 366 , 269.28125 
 367 , 279.47265625 
 368 , 306.36328125 
 369 , 333.24609375 
 370 , 334.3125 
 371 , 300.63671875 
 372 , 264.1953125 
 373 , 261.578125 
 374 , 300.234375 
 375 , 359.45703125 
 376 , 417.8203125 
 377 , 456.203125 
 378 , 456.3984375 
 379 , 414.1328125 
 380 , 356.3046875 
 381 , 313.0625 
 382 , 296.8984375 
 383 , 304.36328125 
 384 , 329.9296875 
 385 , 360.76953125 
 386 , 382.1328125 
 387 , 389.265625 
 388 , 395.26171875 
 389 , 413.859375 
 390 , 443.52734375 
 391 , 472.06640625 
 392 , 489.4765625 
 393 , 495.17578125 
 394 , 490.73046875 
 395 , 477.2890625 
 396 , 455.9453125 
 397 , 428.03515625 
 398 , 396.15625 
 399 , 363.9140625 
 400 , 333.36328125 
 401 , 301.67578125 
 402 , 265.39453125 
 403 , 224.01171875 
 404 , 179.515625 
 405 , 135.09765625 
 406 , 105.73828125 
 407 , 112.18359375 
 408 , 163.3984375 
 409 , 234.95703125 
 410 , 297.484375 
 411 , 338.3984375 
 412 , 363.26171875 
 413 , 377.82421875 
 414 , 383.66015625 
 415 , 380.875 
 416 , 372.64453125 
 417 , 367.5234375 
 418 , 373.5390625 
 419 , 388.6484375 
 420 , 405.25 
 421 , 417.578125 
 422 , 424.31640625 
 423 , 423.24609375 
 424 , 414.87109375 
 425 , 405.93359375 
 426 , 403.4296875 
 427 , 405.2265625 
 428 , 402.9296875 
 429 , 388 
 430 , 354.91015625 
 431 , 300.96484375 
 432 , 234.87109375 
 433 , 177.85546875 
 434 , 148.7421875 
 435 , 143.484375 
 436 , 145.43359375 
 437 , 148.546875 
 438 , 173.3984375 
 439 , 242.33203125 
 440 , 337.51171875 
 441 , 407.74609375 
 442 , 413.99609375 
 443 , 381.01171875 
 444 , 352.515625 
 445 , 346.140625 
 446 , 336.02734375 
 447 , 295.56640625 
 448 , 234.40234375 
 449 , 184.4453125 
 450 , 168.0546875 
 451 , 177.51171875 
 452 , 200.40234375 
 453 , 222.40234375 
 454 , 225.140625 
 455 , 194.56640625 
 456 , 149.0078125 
 457 , 118.69140625 
 458 , 115.71875 
 459 , 114.0625 
 460 , 86.0859375 
 461 , 49.79296875 
 462 , 58.15234375 
 463 , 143.98046875 
 464 , 254.78515625 
 465 , 317.6875 
 466 , 302.23828125 
 467 , 235.13671875 
 468 , 146.6875 
 469 , 64.6875 
 470 , 15.4296875 
 471 , 12.52734375 
 472 , 40.0078125 
 473 , 78.4140625 
 474 , 111.19921875 
 475 , 125.0625 
 476 , 113.5234375 
 477 , 98.2734375 
 478 , 106.84375 
 479 , 148.7734375 
 480 , 207.27734375 
 481 , 264.0234375 
 482 , 304.5859375 
 483 , 314.73828125 
 484 , 288.015625 
 485 , 241.640625 
 486 , 198.39453125 
 487 , 168.625 
 488 , 152.875 
 489 , 152.9375 
 490 , 174.671875 
 491 , 222.5546875 
 492 , 290.2265625 
 493 , 357.99609375 
 494 , 408.8046875 
 495 , 444.21484375 
 496 , 469.5625 
 497 , 488.63671875 
 498 , 509.9296875 
 499 , 546.9375 
 500 , 596.7578125 
 501 , 635.25390625 
 502 , 640.84375 
 503 , 621.1640625 
 504 , 598.015625 
 505 , 582.62890625 
 506 , 566.30078125 
 507 , 537.98828125 
 508 , 501.5625 
 509 , 471.4140625 
 510 , 459.4453125 
 511 , 467.3125 
 512 , 491.65625 
 513 , 519.62890625 
 514 , 533.81640625 
 515 , 522.24609375 
 516 , 489.7890625 
 517 , 444.97265625 
 518 , 399.86328125 
 519 , 371.75 
 520 , 374.27734375 
 521 , 393.91015625 
 522 , 406.93359375 
 523 , 402.16015625 
 524 , 390.09765625 
 525 , 382.23828125 
 526 , 379.89453125 
 527 , 376.2421875 
 528 , 370.171875 
 529 , 379.1484375 
 530 , 423.0703125 
 531 , 490.33203125 
 532 , 541.6484375 
 533 , 546.42578125 
 534 , 516.96484375 
 535 , 479.3984375 
 536 , 450.76171875 
 537 , 433.0234375 
 538 , 424.09765625 
 539 , 417.15625 
 540 , 407.08984375 
 541 , 397.44140625 
 542 , 405.03125 
 543 , 443.828125 
 544 , 501.62890625 
 545 , 548.609375 
 546 , 563.9765625 
 547 , 557.58984375 
 548 , 548.00390625 
 549 , 544.984375 
 550 , 546.03125 
 551 , 545.36328125 
 552 , 537.29296875 
 553 , 520.73828125 
 554 , 503.390625 
 555 , 502.49609375 
 556 , 532.0625 
 557 , 583.12890625 
 558 , 633.78125 
 559 , 668.13671875 
 560 , 687.4453125 
 561 , 699.47265625 
 562 , 705.390625 
 563 , 693.96484375 
 564 , 657.109375 
 565 , 608.4765625 
 566 , 570.55859375 
 567 , 552.078125 
 568 , 548.18359375 
 569 , 554.3671875 
 570 , 572.859375 
 571 , 605.0703125 
 572 , 639.36328125 
 573 , 656.02734375 
 574 , 645.80078125 
 575 , 626.8984375 
 576 , 616.4921875 
 577 , 617.52734375 
 578 , 620.96484375 
 579 , 623.62890625 
 580 , 633.62109375 
 581 , 662.3828125 
 582 , 703.03125 
 583 , 715.77734375 
 584 , 664.765625 
 585 , 576.95703125 
 586 , 513.76171875 
 587 , 512.20703125 
 588 , 548.0703125 
 589 , 585.23046875 
 590 , 601.78125 
 591 , 589.7421875 
 592 , 547.7109375 
 593 , 488.23828125 
 594 , 428.50390625 
 595 , 375.37890625 
 596 , 322.390625 
 597 , 264.28125 
 598 , 217.6875 
 599 , 208.83984375 
 600 , 236.91015625 
 601 , 264.78515625 
 602 , 258.32421875 
 603 , 228.515625 
 604 , 204.53515625 
 605 , 203.625 
 606 , 219.71484375 
 607 , 238.4765625 
 608 , 247.46484375 
 609 , 241.7109375 
 610 , 223.40234375 
 611 , 202.92578125 
 612 , 193.8828125 
 613 , 199.40234375 
 614 , 211.9765625 
 615 , 226.015625 
 616 , 248.78125 
 617 , 290.7265625 
 618 , 351.8203125 
 619 , 417.30078125 
 620 , 470.41015625 
 621 , 511.140625 
 622 , 554.6953125 
 623 , 606.33203125 
 624 , 655.75390625 
 625 , 690.55859375 
 626 , 711.63671875 
 627 , 725.34375 
 628 , 731.578125 
 629 , 723.7109375 
 630 , 698.07421875 
 631 , 661.7890625 
 632 , 620.89453125 
 633 , 579.79296875 
 634 , 546.98046875 
 635 , 534.97265625 
 636 , 542.6015625 
 637 , 554.34375 
 638 , 552.31640625 
 639 , 527.55078125 
 640 , 486.3984375 
 641 , 457.1171875 
 642 , 466.90625 
 643 , 511.6328125 
 644 , 552.4296875 
 645 , 558.4140625 
 646 , 535.1328125 
 647 , 498.25 
 648 , 457.171875 
 649 , 415.77734375 
 650 , 377.78125 
 651 , 338.3671875 
 652 , 291.58984375 
 653 , 243.42578125 
 654 , 215.7109375 
 655 , 225.71484375 
 656 , 266.27734375 
 657 , 318.00390625 
 658 , 361.41015625 
 659 , 379.578125 
 660 , 361.703125 
 661 , 324.75 
 662 , 297.14453125 
 663 , 291.75390625 
 664 , 295.31640625 
 665 , 294.28125 
 666 , 282.375 
 667 , 258.0078125 
 668 , 227.8984375 
 669 , 212.4765625 
 670 , 227.73046875 
 671 , 263.10546875 
 672 , 297.75 
 673 , 319.61328125 
 674 , 324.24609375 
 675 , 301.44140625 
 676 , 257.3671875 
 677 , 215.8984375 
 678 , 202.07421875 
 679 , 222.28515625 
 680 , 268.13671875 
 681 , 316.7734375 
 682 , 345.5546875 
 683 , 351.83984375 
 684 , 357.15234375 
 685 , 375.3984375 
 686 , 397.50390625 
 687 , 407.046875 
 688 , 398.62109375 
 689 , 377.29296875 
 690 , 344.296875 
 691 , 309.734375 
 692 , 293.01953125 
 693 , 304.6328125 
 694 , 326.2734375 
 695 , 335.7109375 
 696 , 329.9296875 
 697 , 320.79296875 
 698 , 324.30078125 
 699 , 353.3984375 
 700 , 410.05078125 
 701 , 474.16015625 
 702 , 517.27734375 
 703 , 526.46875 
 704 , 515.27734375 
 705 , 500.44140625 
 706 , 493.53125 
 707 , 501.16015625 
 708 , 518.0703125 
 709 , 523.4765625 
 710 , 507.85546875 
 711 , 494.84375 
 712 , 515.2421875 
 713 , 563.81640625 
 714 , 590.6640625 
 715 , 561.765625 
 716 , 499.078125 
 717 , 439.9765625 
 718 , 396.94140625 
 719 , 360.12890625 
 720 , 324.86328125 
 721 , 288.01171875 
 722 , 242.62109375 
 723 , 188.76171875 
 724 , 145.70703125 
 725 , 136.625 
 726 , 161.76171875 
 727 , 209.08203125 
 728 , 259.16796875 
 729 , 287.08984375 
 730 , 274.421875 
 731 , 230.48828125 
 732 , 174.34765625 
 733 , 126.796875 
 734 , 109.1015625 
 735 , 133.16015625 
 736 , 185.98828125 
 737 , 251.78515625 
 738 , 316.47265625 
 739 , 360.3984375 
 740 , 361.26953125 
 741 , 325.42578125 
 742 , 276.26953125 
 743 , 244.22265625 
 744 , 254.21875 
 745 , 307.7734375 
 746 , 368.22265625 
 747 , 401.4375 
 748 , 407.234375 
 749 , 403.15234375 
 750 , 393.80859375 
 751 , 378.30078125 
 752 , 365.18359375 
 753 , 361.23828125 
 754 , 362.5703125 
 755 , 357.16015625 
 756 , 337.62109375 
 757 , 305.609375 
 758 , 279.2421875 
 759 , 279.7109375 
 760 , 309.52734375 
 761 , 351.10546875 
 762 , 391.21484375 
 763 , 426.5234375 
 764 , 453.67578125 
 765 , 466.50390625 
 766 , 465.28125 
 767 , 458.18359375 
 768 , 451.48828125 
 769 , 444.84765625 
 770 , 432.4140625 
 771 , 412.4453125 
 772 , 393.3984375 
 773 , 380.08203125 
 774 , 366.82421875 
 775 , 338.26953125 
 776 , 283.328125 
 777 , 210.76953125 
 778 , 152.96484375 
 779 , 135.390625 
 780 , 148.6875 
 781 , 165.85546875 
 782 , 176.9609375 
 783 , 192.609375 
 784 , 219.25 
 785 , 241.50390625 
 786 , 224.70703125 
 787 , 164.15234375 
 788 , 84.4140625 
 789 , 12.80078125 
 790 ,-20.05078125 
 791 , 17.015625 
 792 , 116.75390625 
 793 , 212.359375 
 794 , 251.6328125 
 795 , 262.984375 
 796 , 291.46875 
 797 , 345.1484375 
 798 , 384.89453125 
 799 , 392.48828125 
 800 , 384.2421875 
 801 , 375.96484375 
 802 , 367.53515625 
 803 , 356.4375 
 804 , 354.734375 
 805 , 374.6875 
 806 , 416.92578125 
 807 , 453.46875 
 808 , 446.28515625 
 809 , 386.71484375 
 810 , 314.5 
 811 , 271.0078125 
 812 , 271.078125 
 813 , 316.6171875 
 814 , 390.04296875 
 815 , 448.28515625 
 816 , 458.65625 
 817 , 441.85546875 
 818 , 432.04296875 
 819 , 441.49609375 
 820 , 465.3359375 
 821 , 498.70703125 
 822 , 518.70703125 
 823 , 498.8125 
 824 , 451.83203125 
 825 , 421.8359375 
 826 , 434.6875 
 827 , 468.65625 
 828 , 495.09765625 
 829 , 505.8359375 
 830 , 505.40234375 
 831 , 500.65625 
 832 , 497.24609375 
 833 , 496.640625 
 834 , 491.90625 
 835 , 476.77734375 
 836 , 455.05078125 
 837 , 434.3984375 
 838 , 416.6484375 
 839 , 397.39453125 
 840 , 374.3671875 
 841 , 358.97265625 
 842 , 368.8203125 
 843 , 403.25 
 844 , 433.03125 
 845 , 433.4140625 
 846 , 411.77734375 
 847 , 386.7578125 
 848 , 368.80859375 
 849 , 362.98828125 
 850 , 372.86328125 
 851 , 388.31640625 
 852 , 394.671875 
 853 , 389.69140625 
 854 , 384.7109375 
 855 , 388.0390625 
 856 , 389.98828125 
 857 , 377.59375 
 858 , 356.8359375 
 859 , 346.65234375 
 860 , 355.9921875 
 861 , 373.57421875 
 862 , 389.72265625 
 863 , 416.4296875 
 864 , 471.84375 
 865 , 535.16015625 
 866 , 543.609375 
 867 , 462.86328125 
 868 , 366.7109375 
 869 , 347.52734375 
 870 , 410.70703125 
 871 , 497.87890625 
 872 , 567.82421875 
 873 , 626.92578125 
 874 , 689.37890625 
 875 , 757.96484375 
 876 , 826.5 
 877 , 886.6875 
 878 , 938.9921875 
 879 , 993.39453125 
 880 , 1062.7109375 
 881 , 1153.296875 
 882 , 1243.6484375 
 883 , 1298.5078125 
 884 , 1299.90234375 
 885 , 1258.453125 
 886 , 1187.05859375 
 887 , 1104.6015625 
 888 , 1033.6953125 
 889 , 976.921875 
 890 , 909.69140625 
 891 , 813.546875 
 892 , 703.8125 
 893 , 603.53125 
 894 , 520.3359375 
 895 , 449.75 
 896 , 389.515625 
 897 , 340.625 
 898 , 303.40234375 
 899 , 274.84375 
 900 , 251.0078125 
 901 , 225.9921875 
 902 , 186.35546875 
 903 , 128.1796875 
 904 , 66.30078125 
 905 , 18.9453125 
 906 ,-1.859375 
 907 , 12.0234375 
 908 , 55.71484375 
 909 , 98.67578125 
 910 , 111.70703125 
 911 , 98.0703125 
 912 , 73.38671875 
 913 , 55.4453125 
 914 , 52.59375 
 915 , 67.4609375 
 916 , 90.421875 
 917 , 112.09375 
 918 , 130.2421875 
 919 , 144.0234375 
 920 , 151.98046875 
 921 , 156.6640625 
 922 , 163.58203125 
 923 , 177.5546875 
 924 , 200.33984375 
 925 , 221.7734375 
 926 , 225.48046875 
 927 , 207.76953125 
 928 , 188.3359375 
 929 , 183.96875 
 930 , 183.7578125 
 931 , 168.18359375 
 932 , 139.296875 
 933 , 117.98046875 
 934 , 116.33984375 
 935 , 124.9609375 
 936 , 132.50390625 
 937 , 136.4765625 
 938 , 130.1015625 
 939 , 108.98046875 
 940 , 71.890625 
 941 , 22.296875 
 942 ,-12.24609375 
 943 , 0.83984375 
 944 , 56.203125 
 945 , 113.2109375 
 946 , 139.80078125 
 947 , 131.703125 
 948 , 91.125 
 949 , 49.08984375 
 950 , 39.97265625 
 951 , 65.4921875 
 952 , 96.61328125 
 953 , 116.44140625 
 954 , 148.08203125 
 955 , 217.21875 
 956 , 302.23828125 
 957 , 354.8046875 
 958 , 353.58203125 
 959 , 319.0078125 
 960 , 272.76171875 
 961 , 223.86328125 
 962 , 177.3046875 
 963 , 134.4921875 
 964 , 94.1875 
 965 , 57.0703125 
 966 , 31.62890625 
 967 , 27.47265625 
 968 , 46.87890625 
 969 , 87.44140625 
 970 , 134.96484375 
 971 , 167.83203125 
 972 , 176.39453125 
 973 , 173.51171875 
 974 , 172.22265625 
 975 , 173.5234375 
 976 , 174.484375 
 977 , 172.91015625 
 978 , 165.88671875 
 979 , 153.328125 
 980 , 147.31640625 
 981 , 159.796875 
 982 , 180.765625 
 983 , 189.79296875 
 984 , 180 
 985 , 161.03125 
 986 , 143.5625 
 987 , 134.34765625 
 988 , 137.0859375 
 989 , 145.4921875 
 990 , 149.81640625 
 991 , 148.0625 
 992 , 146.69140625 
 993 , 150.5234375 
 994 , 160.28515625 
 995 , 177.3203125 
 996 , 209.39453125 
 997 , 266.73828125 
 998 , 345.7734375 
 999 , 422.66796875 
 1000 , 485.67578125 
 1001 , 580.9375 
 1002 , 764.2265625 
 1003 , 1019.57421875 
 1004 , 1281.55859375 
 1005 , 1496.12109375 
 1006 , 1632.59765625 
 1007 , 1667.6015625 
 1008 , 1590.71484375 
 1009 , 1396.1640625 
 1010 , 1119.859375 
 1011 , 830.55859375 
 1012 , 579.95703125 
 1013 , 383.8828125 
 1014 , 248.46484375 
 1015 , 162.95703125 
 1016 , 114.21484375 
 1017 , 93.84375 
 1018 , 94.3671875 
 1019 , 103.44921875 
 1020 , 101.28515625 
 1021 , 75.359375 
 1022 , 49.11328125 
 1023 , 53.77734375 
 1024 , 87.9296875 
 1025 , 126.6171875 
 1026 , 151.42578125 
 1027 , 158.296875 
 1028 , 148.0625 
 1029 , 130.08984375 
 1030 , 114.31640625 
 1031 , 104.53125 
 1032 , 101.60546875 
 1033 , 110.8046875 
 1034 , 143.29296875 
 1035 , 202.3671875 
 1036 , 257.95703125 
 1037 , 274.9609375 
 1038 , 260.87890625 
 1039 , 251.359375 
 1040 , 263.015625 
 1041 , 281.625 
 1042 , 293.2890625 
 1043 , 297.1328125 
 1044 , 295.83203125 
 1045 , 291.296875 
 1046 , 284.18359375 
 1047 , 279.01171875 
 1048 , 287.359375 
 1049 , 314.80859375 
 1050 , 342.24609375 
 1051 , 348.25390625 
 1052 , 342.5 
 1053 , 351.12109375 
 1054 , 378.48046875 
 1055 , 401.3828125 
 1056 , 405.4375 
 1057 , 407.63671875 
 1058 , 426.984375 
 1059 , 453.3359375 
 1060 , 463.70703125 
 1061 , 455.59765625 
 1062 , 448.76171875 
 1063 , 455.79296875 
 1064 , 468.8828125 
 1065 , 478.02734375 
 1066 , 478.74609375 
 1067 , 468.85546875 
 1068 , 447.57421875 
 1069 , 415.09375 
 1070 , 373.3828125 
 1071 , 328.1640625 
 1072 , 284.4921875 
 1073 , 241.4609375 
 1074 , 196.89453125 
 1075 , 159.859375 
 1076 , 148.140625 
 1077 , 167.5546875 
 1078 , 202.8046875 
 1079 , 238.34375 
 1080 , 266.984375 
 1081 , 284.59765625 
 1082 , 293.91015625 
 1083 , 301.09375 
 1084 , 310.03125 
 1085 , 322.17578125 
 1086 , 337.5390625 
 1087 , 352.046875 
 1088 , 362.9140625 
 1089 , 382.74609375 
 1090 , 429.6796875 
 1091 , 491.05859375 
 1092 , 523.375 
 1093 , 504.62890625 
 1094 , 463.8046875 
 1095 , 429.8671875 
 1096 , 395.671875 
 1097 , 344.0078125 
 1098 , 285.09375 
 1099 , 249.62890625 
 1100 , 247.88671875 
 1101 , 255.44140625 
 1102 , 250.875 
 1103 , 237.06640625 
 1104 , 222.3125 
 1105 , 210.40234375 
 1106 , 202.42578125 
 1107 , 193.23046875 
 1108 , 170.34765625 
 1109 , 130.52734375 
 1110 , 95.1796875 
 1111 , 85.16015625 
 1112 , 94.30078125 
 1113 , 106.58203125 
 1114 , 111.99609375 
 1115 , 105.58984375 
 1116 , 87.19921875 
 1117 , 64.65625 
 1118 , 46.671875 
 1119 , 43.1953125 
 1120 , 62.40234375 
 1121 , 87.4453125 
 1122 , 87.125 
 1123 , 59.08984375 
 1124 , 36.5859375 
 1125 , 40.28515625 
 1126 , 45.921875 
 1127 , 28.15234375 
 1128 , 7.1796875 
 1129 , 19.1640625 
 1130 , 60.078125 
 1131 , 91.890625 
 1132 , 95.69140625 
 1133 , 89.80078125 
 1134 , 87.0625 
 1135 , 78.05078125 
 1136 , 49.484375 
 1137 , 14.5859375 
 1138 , 0.80078125 
 1139 , 8.89453125 
 1140 , 13.80859375 
 1141 , 6.1796875 
 1142 , 10.13671875 
 1143 , 44.3671875 
 1144 , 84.453125 
 1145 , 100.32421875 
 1146 , 93.6796875 
 1147 , 85.5546875 
 1148 , 81.1796875 
 1149 , 65.76953125 
 1150 , 36.8828125 
 1151 , 19.96484375 
 1152 , 36.03125 
 1153 , 67.4296875 
 1154 , 87.87890625 
 1155 , 99.59375 
 1156 , 120.0390625 
 1157 , 152.625 
 1158 , 187.1328125 
 1159 , 216.30859375 
 1160 , 237.57421875 
 1161 , 246.75 
 1162 , 234.22265625 
 1163 , 190.78515625 
 1164 , 135.79296875 
 1165 , 114.40234375 
 1166 , 143.21875 
 1167 , 180.44921875 
 1168 , 192.4453125 
 1169 , 208.9765625 
 1170 , 270.32421875 
 1171 , 361.4140625 
 1172 , 440.3515625 
 1173 , 491.20703125 
 1174 , 520.99609375 
 1175 , 533.89453125 
 1176 , 531.62890625 
 1177 , 517.0546875 
 1178 , 494.19921875 
 1179 , 467.28515625 
 1180 , 445.30859375 
 1181 , 440.4375 
 1182 , 455.43359375 
 1183 , 479.421875 
 1184 , 497.75390625 
 1185 , 495.15234375 
 1186 , 464.5546875 
 1187 , 427.2578125 
 1188 , 409.2109375 
 1189 , 418.18359375 
 1190 , 450.76953125 
 1191 , 481.61328125 
 1192 , 466.828125 
 1193 , 401.9296875 
 1194 , 353.0390625 
 1195 , 371.421875 
 1196 , 429.42578125 
 1197 , 486.40234375 
 1198 , 524.9453125 
 1199 , 534.5 
 1200 , 514.71875 
 1201 , 484.515625 
 1202 , 460.47265625 
 1203 , 440.78125 
 1204 , 419.8125 
 1205 , 398.515625 
 1206 , 382.27734375 
 1207 , 380.8359375 
 1208 , 403.4765625 
 1209 , 436.2734375 
 1210 , 444.55859375 
 1211 , 412.64453125 
 1212 , 367.6953125 
 1213 , 337.09375 
 1214 , 310.69921875 
 1215 , 268.0546875 
 1216 , 226.53515625 
 1217 , 224.12890625 
 1218 , 269.078125 
 1219 , 341.87109375 
 1220 , 403.16796875 
 1221 , 396.43359375 
 1222 , 300.72265625 
 1223 , 177.015625 
 1224 , 87.62109375 
 1225 , 50.16796875 
 1226 , 66.765625 
 1227 , 110.54296875 
 1228 , 139.40234375 
 1229 , 138.98046875 
 1230 , 119.12109375 
 1231 , 95.3125 
 1232 , 60.5 
 1233 , 10.52734375 
 1234 ,-19.1875 
 1235 , 10.125 
 1236 , 71.4921875 
 1237 , 112.078125 
 1238 , 127.3046875 
 1239 , 144.8984375 
 1240 , 178.5234375 
 1241 , 245.296875 
 1242 , 344.296875 
 1243 , 416.92578125 
 1244 , 399.05078125 
 1245 , 330.75 
 1246 , 299.22265625 
 1247 , 319.70703125 
 1248 , 347.59765625 
 1249 , 358.7109375 
 1250 , 363.27734375 
 1251 , 368.5703125 
 1252 , 367.0625 
 1253 , 351.8671875 
 1254 , 323.7734375 
 1255 , 284.66015625 
 1256 , 250.82421875 
 1257 , 247.640625 
 1258 , 263.1484375 
 1259 , 251.56640625 
 1260 , 198.5 
 1261 , 136.86328125 
 1262 , 93.4296875 
 1263 , 69.60546875 
 1264 , 62.09765625 
 1265 , 67.03125 
 1266 , 83.171875 
 1267 , 111.12109375 
 1268 , 144.45703125 
 1269 , 166.94921875 
 1270 , 166.93359375 
 1271 , 152.6796875 
 1272 , 143.2421875 
 1273 , 139.48046875 
 1274 , 122.84765625 
 1275 , 89.8515625 
 1276 , 63.9453125 
 1277 , 61.08984375 
 1278 , 77.453125 
 1279 , 111.0234375 
 1280 , 155.68359375 
 1281 , 187.5546875 
 1282 , 191.76953125 
 1283 , 179.8359375 
 1284 , 170.9375 
 1285 , 198.7734375 
 1286 , 288.4140625 
 1287 , 385.26953125 
 1288 , 410.328125 
 1289 , 373.11328125 
 1290 , 340.73828125 
 1291 , 326.23046875 
 1292 , 278.546875 
 1293 , 184.6015625 
 1294 , 110.796875 
 1295 , 106.84375 
 1296 , 144.75390625 
 1297 , 185.21484375 
 1298 , 194.59375 
 1299 , 141.6640625 
 1300 , 57.52734375 
 1301 , 14.2109375 
 1302 , 31.59375 
 1303 , 69.68359375 
 1304 , 98.72265625 
 1305 , 122.46875 
 1306 , 144.9375 
 1307 , 144.74609375 
 1308 , 102.82421875 
 1309 , 56.32421875 
 1310 , 54.47265625 
 1311 , 85.53125 
 1312 , 108.59375 
 1313 , 111.453125 
 1314 , 106.51171875 
 1315 , 106.19921875 
 1316 , 124.58203125 
 1317 , 166.890625 
 1318 , 209.61328125 
 1319 , 230.1796875 
 1320 , 239.72265625 
 1321 , 256.2890625 
 1322 , 268.03515625 
 1323 , 249.8046875 
 1324 , 209.40234375 
 1325 , 183.203125 
 1326 , 179.6015625 
 1327 , 167.3828125 
 1328 , 137.4921875 
 1329 , 132.24609375 
 1330 , 181.69921875 
 1331 , 256.28125 
 1332 , 316.37890625 
 1333 , 332.625 
 1334 , 284.921875 
 1335 , 215.140625 
 1336 , 194.7265625 
 1337 , 241.7734375 
 1338 , 331 
 1339 , 421.54296875 
 1340 , 455.24609375 
 1341 , 410.80859375 
 1342 , 343.8671875 
 1343 , 307.609375 
 1344 , 311.78515625 
 1345 , 350.96875 
 1346 , 401.75 
 1347 , 440.1171875 
 1348 , 469.36328125 
 1349 , 507.84765625 
 1350 , 551.5234375 
 1351 , 572.171875 
 1352 , 556.390625 
 1353 , 520.66015625 
 1354 , 490.8046875 
 1355 , 494.34765625 
 1356 , 539.08203125 
 1357 , 583.56640625 
 1358 , 587.41796875 
 1359 , 548.796875 
 1360 , 476.7734375 
 1361 , 396.9453125 
 1362 , 349.140625 
 1363 , 346.9140625 
 1364 , 371.77734375 
 1365 , 408.51953125 
 1366 , 458.62890625 
 1367 , 513.25390625 
 1368 , 528.8828125 
 1369 , 476.05078125 
 1370 , 397.92578125 
 1371 , 347.2109375 
 1372 , 327.46875 
 1373 , 323.2265625 
 1374 , 332.18359375 
 1375 , 357.36328125 
 1376 , 377.015625 
 1377 , 359.625 
 1378 , 311.9140625 
 1379 , 273.37890625 
 1380 , 261.140625 
 1381 , 258.109375 
 1382 , 249.41015625 
 1383 , 228.02734375 
 1384 , 190.3828125 
 1385 , 155.1640625 
 1386 , 146.3671875 
 1387 , 158.9453125 
 1388 , 176.7265625 
 1389 , 187.05078125 
 1390 , 176.39453125 
 1391 , 144.90625 
 1392 , 101.58984375 
 1393 , 55.02734375 
 1394 , 22.80859375 
 1395 , 17.640625 
 1396 , 31.640625 
 1397 , 50.5546875 
 1398 , 61.65625 
 1399 , 60.91015625 
 1400 , 58.19140625 
 1401 , 60.7734375 
 1402 , 59.66796875 
 1403 , 52.796875 
 1404 , 39.52734375 
 1405 , 13.05859375 
 1406 ,-12.40625 
 1407 , 1.75390625 
 1408 , 61.31640625 
 1409 , 120.89453125 
 1410 , 149.19921875 
 1411 , 158.640625 
 1412 , 165.34765625 
 1413 , 174.2421875 
 1414 , 180.08203125 
 1415 , 202.625 
 1416 , 271.08984375 
 1417 , 355.8203125 
 1418 , 398.09375 
 1419 , 394.91015625 
 1420 , 387.15234375 
 1421 , 389.9765625 
 1422 , 380.0390625 
 1423 , 344.34765625 
 1424 , 303.625 
 1425 , 280.48046875 
 1426 , 277.56640625 
 1427 , 284.51171875 
 1428 , 287.0859375 
 1429 , 284.71484375 
 1430 , 297.328125 
 1431 , 332.87109375 
 1432 , 353.265625 
 1433 , 321.1015625 
 1434 , 270.859375 
 1435 , 258.48046875 
 1436 , 281.78125 
 1437 , 308.30859375 
 1438 , 322.78125 
 1439 , 325.36328125 
 1440 , 324.82421875 
 1441 , 335.25 
 1442 , 360.24609375 
 1443 , 390.15234375 
 1444 , 418.94921875 
 1445 , 447.6484375 
 1446 , 476.5546875 
 1447 , 503.54296875 
 1448 , 525.65625 
 1449 , 542.03515625 
 1450 , 554.828125 
 1451 , 555.55078125 
 1452 , 528.76171875 
 1453 , 513.09765625 
 1454 , 584.109375 
 1455 , 727.98046875 
 1456 , 850.76953125 
 1457 , 907.8515625 
 1458 , 922.1953125 
 1459 , 915.22265625 
 1460 , 881.578125 
 1461 , 823.7890625 
 1462 , 786.64453125 
 1463 , 794.65625 
 1464 , 786.30078125 
 1465 , 707.078125 
 1466 , 595.91015625 
 1467 , 508.7109375 
 1468 , 454.54296875 
 1469 , 422.05859375 
 1470 , 398.328125 
 1471 , 372.55078125 
 1472 , 348.69921875 
 1473 , 341.05078125 
 1474 , 344.046875 
 1475 , 332.99609375 
 1476 , 307.32421875 
 1477 , 295.578125 
 1478 , 305.1484375 
 1479 , 309.125 
 1480 , 293.2109375 
 1481 , 274.4296875 
 1482 , 263.71875 
 1483 , 247.7578125 
 1484 , 215.84375 
 1485 , 175.1640625 
 1486 , 137.45703125 
 1487 , 119.828125 
 1488 , 134.80078125 
 1489 , 166.28515625 
 1490 , 192.3515625 
 1491 , 217.70703125 
 1492 , 255.51953125 
 1493 , 297.11328125 
 1494 , 325.578125 
 1495 , 335.59375 
 1496 , 326.1875 
 1497 , 300.51171875 
 1498 , 269.7421875 
 1499 , 243.70703125 
 1500 , 228.96875 
 1501 , 227.15625 
 1502 , 228.0390625 
 1503 , 225.05859375 
 1504 , 229.77734375 
 1505 , 250.83203125 
 1506 , 270.0390625 
 1507 , 263.6796875 
 1508 , 226.96484375 
 1509 , 169.34375 
 1510 , 111.4296875 
 1511 , 68.37109375 
 1512 , 38.90234375 
 1513 , 20.8203125 
 1514 , 13.02734375 
 1515 , 7.734375 
 1516 , 3.00390625 
 1517 , 3.6953125 
 1518 , 15.8515625 
 1519 , 47.2421875 
 1520 , 85.078125 
 1521 , 95.390625 
 1522 , 76.9765625 
 1523 , 68.8203125 
 1524 , 89.69140625 
 1525 , 123.93359375 
 1526 , 152.36328125 
 1527 , 150.38671875 
 1528 , 110.734375 
 1529 , 78.18359375 
 1530 , 89.53125 
 1531 , 116.14453125 
 1532 , 124.03515625 
 1533 , 130.1328125 
 1534 , 160.30078125 
 1535 , 196.6484375 
 1536 , 208.8671875 
 1537 , 209.234375 
 1538 , 224.26171875 
 1539 , 247.98046875 
 1540 , 262.02734375 
 1541 , 255.18359375 
 1542 , 223.53515625 
 1543 , 172.640625 
 1544 , 108.59375 
 1545 , 47.59765625 
 1546 , 16.9765625 
 1547 , 21.55078125 
 1548 , 39.56640625 
 1549 , 52.42578125 
 1550 , 57.2890625 
 1551 , 60.5703125 
 1552 , 68.34765625 
 1553 , 87.24609375 
 1554 , 127.83984375 
 1555 , 188.7734375 
 1556 , 248.140625 
 1557 , 288.08984375 
 1558 , 302.59765625 
 1559 , 292.77734375 
 1560 , 279.46875 
 1561 , 281.48046875 
 1562 , 286.953125 
 1563 , 278.671875 
 1564 , 263.359375 
 1565 , 254.671875 
 1566 , 246.89453125 
 1567 , 227.93359375 
 1568 , 214.45703125 
 1569 , 232.46875 
 1570 , 270.64453125 
 1571 , 302.0390625 
 1572 , 322.16796875 
 1573 , 339.78515625 
 1574 , 351.734375 
 1575 , 346.765625 
 1576 , 328.21484375 
 1577 , 307.21875 
 1578 , 285.8359375 
 1579 , 263.78515625 
 1580 , 248.109375 
 1581 , 247.0078125 
 1582 , 256.8125 
 1583 , 266.6484375 
 1584 , 269.2265625 
 1585 , 255.875 
 1586 , 235.265625 
 1587 , 245.44140625 
 1588 , 300.39453125 
 1589 , 367.60546875 
 1590 , 418.45703125 
 1591 , 449.21484375 
 1592 , 465.59765625 
 1593 , 470.91796875 
 1594 , 466.6328125 
 1595 , 467.62890625 
 1596 , 485.67578125 
 1597 , 503.06640625 
 1598 , 499.89453125 
 1599 , 481.45703125 
 1600 , 461.1796875 
 1601 , 453.3203125 
 1602 , 466.5546875 
 1603 , 484.28125 
 1604 , 488.8125 
 1605 , 493.56640625 
 1606 , 515.83203125 
 1607 , 536.98828125 
 1608 , 530.7890625 
 1609 , 511.3046875 
 1610 , 505.12890625 
 1611 , 512.625 
 1612 , 521.734375 
 1613 , 517.41015625 
 1614 , 488.34765625 
 1615 , 446.71875 
 1616 , 412.1171875 
 1617 , 387.453125 
 1618 , 369.2890625 
 1619 , 344.0390625 
 1620 , 288.73828125 
 1621 , 219.87890625 
 1622 , 182.17578125 
 1623 , 172.1875 
 1624 , 152.296875 
 1625 , 128.234375 
 1626 , 139.56640625 
 1627 , 187.7890625 
 1628 , 237.15625 
 1629 , 254.94140625 
 1630 , 222.30078125 
 1631 , 163.2578125 
 1632 , 133.5625 
 1633 , 137.2109375 
 1634 , 131.2109375 
 1635 , 120.34765625 
 1636 , 150.68359375 
 1637 , 212.3671875 
 1638 , 246.27734375 
 1639 , 245.9296875 
 1640 , 256.16796875 
 1641 , 277.046875 
 1642 , 258.96875 
 1643 , 199.80859375 
 1644 , 155.08203125 
 1645 , 142.38671875 
 1646 , 132.73046875 
 1647 , 114.27734375 
 1648 , 98.390625 
 1649 , 93.88671875 
 1650 , 101.83203125 
 1651 , 116.4921875 
 1652 , 122.48046875 
 1653 , 119.29296875 
 1654 , 132.3359375 
 1655 , 163.71484375 
 1656 , 178.91796875 
 1657 , 162.66796875 
 1658 , 128.4375 
 1659 , 87.33984375 
 1660 , 52.1328125 
 1661 , 32.1953125 
 1662 , 20.09765625 
 1663 , 11.9609375 
 1664 , 24.3515625 
 1665 , 68.70703125 
 1666 , 134.67578125 
 1667 , 199.796875 
 1668 , 217.49609375 
 1669 , 173.00390625 
 1670 , 139.8359375 
 1671 , 166.5234375 
 1672 , 208.140625 
 1673 , 220.70703125 
 1674 , 197.03125 
 1675 , 150.34375 
 1676 , 130.9453125 
 1677 , 163.7265625 
 1678 , 192.94921875 
 1679 , 179.69140625 
 1680 , 163.2109375 
 1681 , 173.1796875 
 1682 , 181.1796875 
 1683 , 167.01171875 
 1684 , 153.32421875 
 1685 , 154.92578125 
 1686 , 155.6484375 
 1687 , 147.01953125 
 1688 , 139.328125 
 1689 , 132.734375 
 1690 , 113.55859375 
 1691 , 83.203125 
 1692 , 63.50390625 
 1693 , 62.3203125 
 1694 , 68.9921875 
 1695 , 80.1796875 
 1696 , 94.109375 
 1697 , 105.5390625 
 1698 , 117.75 
 1699 , 133.09765625 
 1700 , 141.59375 
 1701 , 137.98046875 
 1702 , 136.1328125 
 1703 , 141.3203125 
 1704 , 131.23046875 
 1705 , 96.72265625 
 1706 , 61.5703125 
 1707 , 43.44921875 
 1708 , 45.6640625 
 1709 , 65.7265625 
 1710 , 80.01953125 
 1711 , 72.078125 
 1712 , 46.4453125 
 1713 , 15.55078125 
 1714 ,-0.13671875 
 1715 , 7.75 
 1716 , 26.3359375 
 1717 , 44.80078125 
 1718 , 56.9296875 
 1719 , 69.54296875 
 1720 , 109.48828125 
 1721 , 174.4609375 
 1722 , 205.44140625 
 1723 , 178.16796875 
 1724 , 134.84375 
 1725 , 112.953125 
 1726 , 130.40234375 
 1727 , 178.72265625 
 1728 , 212.27734375 
 1729 , 201.41015625 
 1730 , 149.171875 
 1731 , 85.8671875 
 1732 , 65.115234375 
 1733 , 85.740234375 
 1734 , 90.943359375 
 1735 , 73.841796875 
 1736 , 72.072265625 
 1737 , 94.982421875 
 1738 , 131.087890625 
 1739 , 160.35546875 
 1740 , 150.6640625 
 1741 , 120.57421875 
 1742 , 134.68359375 
 1743 , 183.712890625 
 1744 , 197.24609375 
 1745 , 164.8515625 
 1746 , 121.19140625 
 1747 , 85.712890625 
 1748 , 72.65234375 
 1749 , 100.591796875 
 1750 , 181.08203125 
 1751 , 274.693359375 
 1752 , 316.224609375 
 1753 , 286.224609375 
 1754 , 198.6875 
 1755 , 125.40625 
 1756 , 151.32421875 
 1757 , 228.21484375 
 1758 , 262.234375 
 1759 , 273.517578125 
 1760 , 314.3828125 
 1761 , 355.669921875 
 1762 , 350.9921875 
 1763 , 325.34765625 
 1764 , 316.333984375 
 1765 , 297.693359375 
 1766 , 242.736328125 
 1767 , 206.767578125 
 1768 , 241.52734375 
 1769 , 290.634765625 
 1770 , 289.482421875 
 1771 , 251.138671875 
 1772 , 206.892578125 
 1773 , 188.298828125 
 1774 , 213.408203125 
 1775 , 257.32421875 
 1776 , 294.6953125 
 1777 , 325.4921875 
 1778 , 347.783203125 
 1779 , 336.896484375 
 1780 , 288.841796875 
 1781 , 256.37890625 
 1782 , 258.525390625 
 1783 , 238.34765625 
 1784 , 184.67578125 
 1785 , 165.794921875 
 1786 , 198.35546875 
 1787 , 225.1484375 
 1788 , 218.197265625 
 1789 , 187.17578125 
 1790 , 140.04296875 
 1791 , 88.302734375 
 1792 , 56.791015625 
 1793 , 73.771484375 
 1794 , 124.171875 
 1795 , 162.5 
 1796 , 187.5703125 
 1797 , 225.177734375 
 1798 , 263.34375 
 1799 , 271.09375 
 1800 , 262.482421875 
 1801 , 272.34375 
 1802 , 293.984375 
 1803 , 302.345703125 
 1804 , 290.4296875 
 1805 , 264.38671875 
 1806 , 240.7578125 
 1807 , 223.171875 
 1808 , 190.8203125 
 1809 , 127.9375 
 1810 , 51.63671875 
 1811 ,-8.1796875 
 1812 , 7.458984375 
 1813 , 113.845703125 
 1814 , 197.26953125 
 1815 , 197.8515625 
 1816 , 209.416015625 
 1817 , 265.76171875 
 1818 , 271.48828125 
 1819 , 204.462890625 
 1820 , 173.71484375 
 1821 , 206.5234375 
 1822 , 223.78515625 
 1823 , 205.53515625 
 1824 , 191.884765625 
 1825 , 201.380859375 
 1826 , 234.103515625 
 1827 , 268.759765625 
 1828 , 269.763671875 
 1829 , 245.513671875 
 1830 , 229.443359375 
 1831 , 231.693359375 
 1832 , 247.916015625 
 1833 , 250.7421875 
 1834 , 216.2734375 
 1835 , 184.732421875 
 1836 , 202.052734375 
 1837 , 255.419921875 
 1838 , 312.08203125 
 1839 , 324.6796875 
 1840 , 277.228515625 
 1841 , 240.013671875 
 1842 , 247.927734375 
 1843 , 237.60546875 
 1844 , 192.349609375 
 1845 , 191.560546875 
 1846 , 247.703125 
 1847 , 274.99609375 
 1848 , 263.322265625 
 1849 , 283.14453125 
 1850 , 326.076171875 
 1851 , 321.912109375 
 1852 , 272.462890625 
 1853 , 222.197265625 
 1854 , 182.08984375 
 1855 , 152.7109375 
 1856 , 146.396484375 
 1857 , 169.09375 
 1858 , 186.880859375 
 1859 , 169.447265625 
 1860 , 154.013671875 
 1861 , 173.98046875 
 1862 , 197.52734375 
 1863 , 199.314453125 
 1864 , 201.009765625 
 1865 , 218.998046875 
 1866 , 246.849609375 
 1867 , 272.458984375 
 1868 , 273.755859375 
 1869 , 249.13671875 
 1870 , 231.55859375 
 1871 , 215.330078125 
 1872 , 148.759765625 
 1873 , 72.724609375 
 1874 , 100.48046875 
 1875 , 200.591796875 
 1876 , 253.595703125 
 1877 , 235.822265625 
 1878 , 181.16796875 
 1879 , 143.220703125 
 1880 , 158.857421875 
 1881 , 189.69140625 
 1882 , 195.619140625 
 1883 , 182.689453125 
 1884 , 169.458984375 
 1885 , 184.162109375 
 1886 , 225.732421875 
 1887 , 236.330078125 
 1888 , 201.41015625 
 1889 , 177.697265625 
 1890 , 179.056640625 
 1891 , 169.498046875 
 1892 , 147.705078125 
 1893 , 138.578125 
 1894 , 142.3828125 
 1895 , 145.953125 
 1896 , 146.474609375 
 1897 , 145.396484375 
 1898 , 151.20703125 
 1899 , 170.439453125 
 1900 , 180.357421875 
 1901 , 162.78515625 
 1902 , 141.169921875 
 1903 , 137.44140625 
 1904 , 151.216796875 
 1905 , 172.9375 
 1906 , 182.490234375 
 1907 , 172.291015625 
 1908 , 149.62109375 
 1909 , 133.9296875 
 1910 , 156.458984375 
 1911 , 187.6484375 
 1912 , 160.701171875 
 1913 , 139.76953125 
 1914 , 236.90625 
 1915 , 361.46484375 
 1916 , 374.0078125 
 1917 , 306.298828125 
 1918 , 231.4375 
 1919 , 185.814453125 
 1920 , 177.24609375 
 1921 , 169.75 
 1922 , 151.189453125 
 1923 , 160.994140625 
 1924 , 193.376953125 
 1925 , 181.00390625 
 1926 , 130.291015625 
 1927 , 114.05859375 
 1928 , 133.65625 
 1929 , 143.59375 
 1930 , 143.681640625 
 1931 , 155.193359375 
 1932 , 166.0234375 
 1933 , 159.0703125 
 1934 , 152.599609375 
 1935 , 155.0625 
 1936 , 124.982421875 
 1937 , 64.802734375 
 1938 , 73.109375 
 1939 , 169.34375 
 1940 , 258.63671875 
 1941 , 295.83984375 
 1942 , 287.251953125 
 1943 , 255.001953125 
 1944 , 229.724609375 
 1945 , 214.052734375 
 1946 , 200.26171875 
 1947 , 201.361328125 
 1948 , 226.962890625 
 1949 , 241.599609375 
 1950 , 219.798828125 
 1951 , 192.689453125 
 1952 , 174.154296875 
 1953 , 129.470703125 
 1954 , 70.861328125 
 1955 , 77.6953125 
 1956 , 143.15625 
 1957 , 180.26171875 
 1958 , 175.494140625 
 1959 , 161.51953125 
 1960 , 144.4921875 
 1961 , 120.685546875 
 1962 , 96.908203125 
 1963 , 78.01953125 
 1964 , 53.869140625 
 1965 , 24.712890625 
 1966 , 12.921875 
 1967 , 29.138671875 
 1968 , 68.83203125 
 1969 , 113.009765625 
 1970 , 126.197265625 
 1971 , 114.40234375 
 1972 , 115.904296875 
 1973 , 132.85546875 
 1974 , 147.427734375 
 1975 , 173.0859375 
 1976 , 220.578125 
 1977 , 231.49609375 
 1978 , 171.5625 
 1979 , 105.197265625 
 1980 , 81.396484375 
 1981 , 100.220703125 
 1982 , 149.638671875 
 1983 , 208.638671875 
 1984 , 233.90625 
 1985 , 181.07421875 
 1986 , 104.759765625 
 1987 , 85.76953125 
 1988 , 115.0859375 
 1989 , 156.9765625 
 1990 , 178.80859375 
 1991 , 166.88671875 
 1992 , 139.201171875 
 1993 , 123.99609375 
 1994 , 160.3125 
 1995 , 218.0703125 
 1996 , 211.919921875 
 1997 , 159.986328125 
 1998 , 135.287109375 
 1999 , 157.267578125 
 2000 , 215.478515625 
 2001 , 262.4453125 
 2002 , 267.048828125 
 2003 , 267.17578125 
 2004 , 281.759765625 
 2005 , 277.6640625 
 2006 , 248.23046875 
 2007 , 221.244140625 
 2008 , 194.7265625 
 2009 , 150.1875 
 2010 , 123.638671875 
 2011 , 156.068359375 
 2012 , 192.298828125 
 2013 , 183.76171875 
 2014 , 180.171875 
 2015 , 211.8828125 
 2016 , 240.267578125 
 2017 , 236.048828125 
 2018 , 194.427734375 
 2019 , 138.984375 
 2020 , 108.189453125 
 2021 , 102.08984375 
 2022 , 102.072265625 
 2023 , 87.89453125 
 2024 , 53.71875 
 2025 , 38.3828125 
 2026 , 55.806640625 
 2027 , 63.72265625 
 2028 , 59.79296875 
 2029 , 87.216796875 
 2030 , 132.142578125 
 2031 , 145.173828125 
 2032 , 121.52734375 
 2033 , 75.73828125 
 2034 , 37.453125 
 2035 , 31.73828125 
 2036 , 36.3125 
 2037 , 33.73046875 
 2038 , 40.86328125 
 2039 , 60.6484375 
 2040 , 77.28125 
 2041 , 69.53125 
 2042 , 27.2109375 
 2043 ,-2.859375 
 2044 , 26.57421875 
 2045 , 68.212890625 
 2046 , 82.830078125 
 2047 , 111.52734375 
 2048 , 158.296875 
 2049 , 153.69921875 
 2050 , 95.73046875 
 2051 , 43.162109375 
 2052 , 16.9765625 
 2053 , 14.400390625 
 2054 , 45.380859375 
 2055 , 112.048828125 
 2056 , 170.80859375 
 2057 , 179.626953125 
 2058 , 121.716796875 
 2059 , 42.3515625 
 2060 , 50.51953125 
 2061 , 116.560546875 
 2062 , 121.431640625 
 2063 , 100.98046875 
 2064 , 133.998046875 
 2065 , 168.025390625 
 2066 , 151.48828125 
 2067 , 122.271484375 
 2068 , 113.953125 
 2069 , 134.189453125 
 2070 , 167.24609375 
 2071 , 180.69921875 
 2072 , 181.47265625 
 2073 , 192.009765625 
 2074 , 194.4921875 
 2075 , 169.984375 
 2076 , 138.30078125 
 2077 , 120.515625 
 2078 , 124.50390625 
 2079 , 131.326171875 
 2080 , 101.83203125 
 2081 , 54.609375 
 2082 , 35.71875 
 2083 , 32.630859375 
 2084 , 20.474609375 
 2085 , 11.689453125 
 2086 , 21.53515625 
 2087 , 48.791015625 
 2088 , 79.060546875 
 2089 , 93.091796875 
 2090 , 89.91796875 
 2091 , 78.29296875 
 2092 , 78.318359375 
 2093 , 106.51953125 
 2094 , 140.13671875 
 2095 , 157.5625 
 2096 , 162.376953125 
 2097 , 160.431640625 
 2098 , 155.412109375 
 2099 , 170.533203125 
 2100 , 231.484375 
 2101 , 288.46875 
 2102 , 289.97265625 
 2103 , 271.486328125 
 2104 , 264.16015625 
 2105 , 262.380859375 
 2106 , 266.30859375 
 2107 , 282.302734375 
 2108 , 295.580078125 
 2109 , 284.009765625 
 2110 , 246.806640625 
 2111 , 196.607421875 
 2112 , 167.00390625 
 2113 , 172.568359375 
 2114 , 190.09765625 
 2115 , 194.142578125 
 2116 , 164.822265625 
 2117 , 118.404296875 
 2118 , 83.994140625 
 2119 , 64.525390625 
 2120 , 53.8671875 
 2121 , 40.5859375 
 2122 , 35.3984375 
 2123 , 78.939453125 
 2124 , 162.1953125 
 2125 , 235.39453125 
 2126 , 256.345703125 
 2127 , 211.583984375 
 2128 , 181.453125 
 2129 , 209.029296875 
 2130 , 219.69921875 
 2131 , 198.4375 
 2132 , 206.51953125 
 2133 , 227.029296875 
 2134 , 201.48046875 
 2135 , 131.501953125 
 2136 , 51.57421875 
 2137 , 29.013671875 
 2138 , 82.72265625 
 2139 , 148.697265625 
 2140 , 169.8984375 
 2141 , 115.111328125 
 2142 , 63.19140625 
 2143 , 105.58984375 
 2144 , 178.68359375 
 2145 , 212.162109375 
 2146 , 200.794921875 
 2147 , 161.328125 
 2148 , 126.560546875 
 2149 , 133.07421875 
 2150 , 201.85546875 
 2151 , 252.0859375 
 2152 , 212.212890625 
 2153 , 126.12109375 
 2154 , 43.685546875 
 2155 ,-2.541015625 
 2156 ,-3.650390625 
 2157 , 30.556640625 
 2158 , 77.0390625 
 2159 , 110.623046875 
 2160 , 118.828125 
 2161 , 109.099609375 
 2162 , 121.17578125 
 2163 , 145.115234375 
 2164 , 127.013671875 
 2165 , 88.3671875 
 2166 , 78.9296875 
 2167 , 108.0546875 
 2168 , 148.630859375 
 2169 , 123.88671875 
 2170 , 54.638671875 
 2171 , 61.896484375 
 2172 , 133.548828125 
 2173 , 190.001953125 
 2174 , 216.76171875 
 2175 , 215.623046875 
 2176 , 181.037109375 
 2177 , 137.5 
 2178 , 141.880859375 
 2179 , 179.986328125 
 2180 , 198.1015625 
 2181 , 186.203125 
 2182 , 157.669921875 
 2183 , 147.7734375 
 2184 , 168.53515625 
 2185 , 196.9140625 
 2186 , 215.771484375 
 2187 , 216.736328125 
 2188 , 207.73046875 
 2189 , 196.533203125 
 2190 , 173.677734375 
 2191 , 146.7109375 
 2192 , 149.248046875 
 2193 , 176.04296875 
 2194 , 196.099609375 
 2195 , 208.173828125 
 2196 , 219.365234375 
 2197 , 225.984375 
 2198 , 228.646484375 
 2199 , 235.275390625 
 2200 , 224.03125 
 2201 , 166.24609375 
 2202 , 123.783203125 
 2203 , 147.048828125 
 2204 , 166.75390625 
 2205 , 147.6875 
 2206 , 127.201171875 
 2207 , 126.494140625 
 2208 , 149.76171875 
 2209 , 187.03515625 
 2210 , 217.8203125 
 2211 , 209.416015625 
 2212 , 164.88671875 
 2213 , 131.208984375 
 2214 , 108.0390625 
 2215 , 71.208984375 
 2216 , 45.396484375 
 2217 , 46.103515625 
 2218 , 33.2109375 
 2219 , 8.73046875 
 2220 , 28.69140625 
 2221 , 98.15625 
 2222 , 178.02734375 
 2223 , 178.521484375 
 2224 , 82.927734375 
 2225 , 48.376953125 
 2226 , 103.2265625 
 2227 , 132.82421875 
 2228 , 123.48046875 
 2229 , 110.9765625 
 2230 , 113.830078125 
 2231 , 129.71484375 
 2232 , 126.87109375 
 2233 , 108.03125 
 2234 , 103.21484375 
 2235 , 104.41796875 
 2236 , 95.0234375 
 2237 , 82.17578125 
 2238 , 84.92578125 
 2239 , 130.015625 
 2240 , 183.099609375 
 2241 , 177.41015625 
 2242 , 125.876953125 
 2243 , 70.607421875 
 2244 , 53.10546875 
 2245 , 69.63671875 
 2246 , 69.82421875 
 2247 , 53.482421875 
 2248 , 47.654296875 
 2249 , 66.185546875 
 2250 , 101.47265625 
 2251 , 118.73828125 
 2252 , 110.66796875 
 2253 , 94.724609375 
 2254 , 89.12890625 
 2255 , 103.2265625 
 2256 , 114.80078125 
 2257 , 117.275390625 
 2258 , 132.001953125 
 2259 , 136.259765625 
 2260 , 93.96875 
 2261 , 51.576171875 
 2262 , 45.662109375 
 2263 , 37.755859375 
 2264 , 24.533203125 
 2265 , 42.271484375 
 2266 , 76.494140625 
 2267 , 94.298828125 
 2268 , 86.669921875 
 2269 , 65.638671875 
 2270 , 62.97265625 
 2271 , 83.16796875 
 2272 , 109.900390625 
 2273 , 116.384765625 
 2274 , 93.859375 
 2275 , 83.666015625 
 2276 , 86.7578125 
 2277 , 59.37890625 
 2278 , 21.021484375 
 2279 , 9.126953125 
 2280 , 8.697265625 
 2281 , 10.904296875 
 2282 , 33.671875 
 2283 , 57.3125 
 2284 , 52.2890625 
 2285 , 77.486328125 
 2286 , 148.638671875 
 2287 , 145.951171875 
 2288 , 70.806640625 
 2289 , 38.83203125 
 2290 , 56.623046875 
 2291 , 83.7734375 
 2292 , 91.169921875 
 2293 , 76.517578125 
 2294 , 71.54296875 
 2295 , 62.130859375 
 2296 , 21.904296875 
 2297 ,-12.107421875 
 2298 ,-2.060546875 
 2299 , 68.5390625 
 2300 , 123.8828125 
 2301 , 62.662109375 
 2302 , 0.451171875 
 2303 , 27.84375 
 2304 , 41.541015625 
 2305 , 24.470703125 
 2306 , 52.810546875 
 2307 , 93.673828125 
 2308 , 104.0234375 
 2309 , 146.78515625 
 2310 , 198.263671875 
 2311 , 124.630859375 
 2312 , 6.919921875 
 2313 ,-7.1328125 
 2314 , 19.404296875 
 2315 , 25.9140625 
 2316 , 30.767578125 
 2317 , 52.41015625 
 2318 , 94.185546875 
 2319 , 95.15234375 
 2320 , 38.3359375 
 2321 , 13.892578125 
 2322 , 26.169921875 
 2323 , 14.5703125 
 2324 , 11.552734375 
 2325 , 42.40234375 
 2326 , 63.66015625 
 2327 , 54.330078125 
 2328 , 18.4375 
 2329 ,-10.455078125 
 2330 , 10 
 2331 , 10 
 2332 , 10 
 2333 , 10 
 2334 , 10 
 2335 , 10 
 2336 , 10 
 2337 , 10 
 2338 , 10 
 2339 , 10 
