11-20-2017,17:12:33
Wavenumber(cm-1),Intensity
 250 , 10 
 251 , 10 
 252 , 10 
 253 , 10 
 254 , 10 
 255 ,-2.4609375 
 256 , 37.5625 
 257 , 73.1796875 
 258 , 83.8203125 
 259 , 72.9765625 
 260 , 53.83203125 
 261 , 38.37890625 
 262 , 23.96875 
 263 , 4.140625 
 264 ,-17.69921875 
 265 ,-30.01953125 
 266 ,-22.8671875 
 267 ,-2.41796875 
 268 , 17.1328125 
 269 , 23.46875 
 270 , 20.359375 
 271 , 15.28125 
 272 , 14.96875 
 273 , 14.8125 
 274 , 8.32421875 
 275 , 2.3984375 
 276 , 15.48828125 
 277 , 60.6484375 
 278 , 124.7421875 
 279 , 187.140625 
 280 , 231.4609375 
 281 , 250.81640625 
 282 , 241.68359375 
 283 , 215.0078125 
 284 , 197.234375 
 285 , 211.31640625 
 286 , 251.40625 
 287 , 299.7734375 
 288 , 340.93359375 
 289 , 371.08984375 
 290 , 389.15625 
 291 , 395.671875 
 292 , 390.3359375 
 293 , 372.84765625 
 294 , 347.26171875 
 295 , 320.43359375 
 296 , 298.72265625 
 297 , 283.43359375 
 298 , 274.265625 
 299 , 266.828125 
 300 , 252.4765625 
 301 , 222.97265625 
 302 , 179.14453125 
 303 , 128.046875 
 304 , 78.234375 
 305 , 40.703125 
 306 , 25.60546875 
 307 , 30.5390625 
 308 , 36.68359375 
 309 , 26.04296875 
 310 , 7.44921875 
 311 , 6.94921875 
 312 , 42.87890625 
 313 , 98.24609375 
 314 , 145.96875 
 315 , 174.70703125 
 316 , 201.6640625 
 317 , 246.3515625 
 318 , 306.58984375 
 319 , 361.6328125 
 320 , 393.49609375 
 321 , 402.640625 
 322 , 396.66015625 
 323 , 385.24609375 
 324 , 379.96484375 
 325 , 391.48828125 
 326 , 415.1171875 
 327 , 432.515625 
 328 , 429.3671875 
 329 , 420.74609375 
 330 , 433.42578125 
 331 , 479.3828125 
 332 , 534.05078125 
 333 , 568.29296875 
 334 , 576.47265625 
 335 , 577.36328125 
 336 , 587.9765625 
 337 , 604.01171875 
 338 , 611.71484375 
 339 , 603.78125 
 340 , 590.484375 
 341 , 584.6015625 
 342 , 585.890625 
 343 , 580.03515625 
 344 , 554.4609375 
 345 , 514.89453125 
 346 , 475.171875 
 347 , 444.3359375 
 348 , 418.46484375 
 349 , 391.70703125 
 350 , 364.11328125 
 351 , 342.08984375 
 352 , 331.078125 
 353 , 327.15625 
 354 , 322.16796875 
 355 , 311.07421875 
 356 , 297.3125 
 357 , 285.51171875 
 358 , 274.16015625 
 359 , 255.06640625 
 360 , 223.01953125 
 361 , 196.4140625 
 362 , 203.90625 
 363 , 256.796875 
 364 , 321.453125 
 365 , 358.34375 
 366 , 354.88671875 
 367 , 326.21875 
 368 , 288.09765625 
 369 , 252.78125 
 370 , 231.15234375 
 371 , 229.21875 
 372 , 240.734375 
 373 , 257.68359375 
 374 , 275.734375 
 375 , 294.265625 
 376 , 313.28125 
 377 , 335.55859375 
 378 , 364.91015625 
 379 , 399.65625 
 380 , 426.63671875 
 381 , 432.12109375 
 382 , 417.09375 
 383 , 394.8828125 
 384 , 377.890625 
 385 , 372.56640625 
 386 , 383.6796875 
 387 , 408.984375 
 388 , 431.51171875 
 389 , 433.6875 
 390 , 417.5546875 
 391 , 400.88671875 
 392 , 397.4140625 
 393 , 399.68359375 
 394 , 393.875 
 395 , 372.15234375 
 396 , 337.07421875 
 397 , 292.83203125 
 398 , 249.90234375 
 399 , 222.91015625 
 400 , 220.67578125 
 401 , 231.3046875 
 402 , 238.84375 
 403 , 239.2265625 
 404 , 242.88671875 
 405 , 259.203125 
 406 , 281.65625 
 407 , 295.12890625 
 408 , 291.7109375 
 409 , 285.68359375 
 410 , 295.18359375 
 411 , 325.52734375 
 412 , 368.1328125 
 413 , 413.36328125 
 414 , 449.51953125 
 415 , 464.28125 
 416 , 450.74609375 
 417 , 412.625 
 418 , 355.21484375 
 419 , 297.5859375 
 420 , 273.02734375 
 421 , 305.8203125 
 422 , 369.3046875 
 423 , 419.51171875 
 424 , 431.88671875 
 425 , 416.16796875 
 426 , 385.6484375 
 427 , 351.5390625 
 428 , 323.24609375 
 429 , 305.4453125 
 430 , 289.37109375 
 431 , 265.27734375 
 432 , 231.1328125 
 433 , 192.9453125 
 434 , 157.49609375 
 435 , 134.61328125 
 436 , 133.48828125 
 437 , 157.14453125 
 438 , 193.72265625 
 439 , 229.40234375 
 440 , 256.48046875 
 441 , 275.1875 
 442 , 286.43359375 
 443 , 290.19921875 
 444 , 285.51953125 
 445 , 274.77734375 
 446 , 266.4375 
 447 , 268.33203125 
 448 , 273.90234375 
 449 , 267.76171875 
 450 , 240.3046875 
 451 , 203.28515625 
 452 , 173.85546875 
 453 , 159.55859375 
 454 , 155.28515625 
 455 , 155.90625 
 456 , 162.94921875 
 457 , 179.64453125 
 458 , 204.82421875 
 459 , 228.42578125 
 460 , 240.05859375 
 461 , 240.1171875 
 462 , 237.76171875 
 463 , 240.71484375 
 464 , 251.1484375 
 465 , 269.765625 
 466 , 287.8359375 
 467 , 285.03125 
 468 , 240.046875 
 469 , 165.1015625 
 470 , 85.1484375 
 471 , 23.01953125 
 472 ,-2.74609375 
 473 , 24.24609375 
 474 , 88.44921875 
 475 , 147.25390625 
 476 , 169.046875 
 477 , 173.29296875 
 478 , 190.52734375 
 479 , 230.98828125 
 480 , 265.88671875 
 481 , 268.99609375 
 482 , 249.28125 
 483 , 232.1015625 
 484 , 231.09765625 
 485 , 232.359375 
 486 , 221.1796875 
 487 , 202.75390625 
 488 , 200.69921875 
 489 , 232.76953125 
 490 , 283.8828125 
 491 , 327.5546875 
 492 , 348.890625 
 493 , 352.3046875 
 494 , 346.39453125 
 495 , 351.10546875 
 496 , 386.83203125 
 497 , 457.1484375 
 498 , 531.9453125 
 499 , 582.203125 
 500 , 600.72265625 
 501 , 591.33984375 
 502 , 558.15625 
 503 , 519.51171875 
 504 , 503.30859375 
 505 , 521.078125 
 506 , 557.109375 
 507 , 591.05078125 
 508 , 602.86328125 
 509 , 576.35546875 
 510 , 512.55078125 
 511 , 445.19921875 
 512 , 407.19921875 
 513 , 400.16015625 
 514 , 405.14453125 
 515 , 407.17578125 
 516 , 404.33984375 
 517 , 397.43359375 
 518 , 387.53515625 
 519 , 377.16796875 
 520 , 368.9921875 
 521 , 361.7890625 
 522 , 352.58203125 
 523 , 341.3671875 
 524 , 333.28515625 
 525 , 333.27734375 
 526 , 340.74609375 
 527 , 349.75 
 528 , 356.82421875 
 529 , 367.89453125 
 530 , 390.9375 
 531 , 424.98828125 
 532 , 461.08203125 
 533 , 491.45703125 
 534 , 516.10546875 
 535 , 539.3125 
 536 , 558.64453125 
 537 , 559.86328125 
 538 , 529.984375 
 539 , 484.63671875 
 540 , 454.5234375 
 541 , 454.578125 
 542 , 466.171875 
 543 , 467.37890625 
 544 , 460.93359375 
 545 , 463.49609375 
 546 , 482.1171875 
 547 , 499.58984375 
 548 , 499.1640625 
 549 , 488.21484375 
 550 , 491.57421875 
 551 , 523.68359375 
 552 , 563.328125 
 553 , 584.31640625 
 554 , 576.1953125 
 555 , 547.1015625 
 556 , 508.80078125 
 557 , 490.83984375 
 558 , 525.625 
 559 , 612.59765625 
 560 , 697.94140625 
 561 , 732.59375 
 562 , 716.9375 
 563 , 671.02734375 
 564 , 609.35546875 
 565 , 544.30859375 
 566 , 493.3515625 
 567 , 465.86328125 
 568 , 462.25 
 569 , 479.30078125 
 570 , 505.54296875 
 571 , 526.3671875 
 572 , 537.7265625 
 573 , 552.0859375 
 574 , 583.328125 
 575 , 623.54296875 
 576 , 649.40625 
 577 , 649.7109375 
 578 , 637.921875 
 579 , 631.9453125 
 580 , 633.734375 
 581 , 637.1171875 
 582 , 636.7421875 
 583 , 630.28515625 
 584 , 617.140625 
 585 , 599.8671875 
 586 , 581.52734375 
 587 , 564.9140625 
 588 , 552.37890625 
 589 , 542.47265625 
 590 , 527.24609375 
 591 , 496.99609375 
 592 , 448.56640625 
 593 , 394.390625 
 594 , 351.62109375 
 595 , 325.73828125 
 596 , 307.8125 
 597 , 287.609375 
 598 , 265.05078125 
 599 , 246.91015625 
 600 , 235.55859375 
 601 , 224.34375 
 602 , 205.4765625 
 603 , 183.6953125 
 604 , 170.6171875 
 605 , 175.1328125 
 606 , 196.92578125 
 607 , 227.671875 
 608 , 251.06640625 
 609 , 253.609375 
 610 , 232.56640625 
 611 , 200.3828125 
 612 , 173.4765625 
 613 , 160.1875 
 614 , 159.78515625 
 615 , 169.609375 
 616 , 190.64453125 
 617 , 226.22265625 
 618 , 275.8203125 
 619 , 329.07421875 
 620 , 373.69140625 
 621 , 412.6953125 
 622 , 463.46875 
 623 , 538.046875 
 624 , 637.01171875 
 625 , 745.8984375 
 626 , 819.28125 
 627 , 810.984375 
 628 , 727.50390625 
 629 , 622.734375 
 630 , 543.6171875 
 631 , 501.8515625 
 632 , 496.6328125 
 633 , 516.3515625 
 634 , 543.36328125 
 635 , 567.16796875 
 636 , 581.7734375 
 637 , 573.1328125 
 638 , 538.0859375 
 639 , 497.59765625 
 640 , 478.625 
 641 , 479.75 
 642 , 483.28125 
 643 , 478.12109375 
 644 , 469.2890625 
 645 , 466.08984375 
 646 , 472.421875 
 647 , 486.8203125 
 648 , 500.89453125 
 649 , 499.4765625 
 650 , 470.57421875 
 651 , 417.71484375 
 652 , 353.015625 
 653 , 291.40234375 
 654 , 248.67578125 
 655 , 235.4765625 
 656 , 242.1015625 
 657 , 248.76953125 
 658 , 245.51171875 
 659 , 242.6875 
 660 , 253.33203125 
 661 , 275.859375 
 662 , 299.41796875 
 663 , 315.078125 
 664 , 321.51953125 
 665 , 319.48828125 
 666 , 304.5078125 
 667 , 270.24609375 
 668 , 224.34375 
 669 , 200.1015625 
 670 , 225.44921875 
 671 , 277.046875 
 672 , 307.47265625 
 673 , 297.4609375 
 674 , 277.4921875 
 675 , 273.5 
 676 , 281.42578125 
 677 , 287.90234375 
 678 , 293.6796875 
 679 , 311.21484375 
 680 , 342.35546875 
 681 , 369.4609375 
 682 , 371.63671875 
 683 , 348.98046875 
 684 , 329.3984375 
 685 , 333.47265625 
 686 , 350.81640625 
 687 , 358.609375 
 688 , 349.24609375 
 689 , 336.01171875 
 690 , 328.1640625 
 691 , 322.953125 
 692 , 314.4609375 
 693 , 304.25390625 
 694 , 302.2265625 
 695 , 316.33203125 
 696 , 343.1640625 
 697 , 376.296875 
 698 , 414.90625 
 699 , 459.35546875 
 700 , 502.28515625 
 701 , 535.203125 
 702 , 552.7265625 
 703 , 555.01171875 
 704 , 548.23046875 
 705 , 539.42578125 
 706 , 532.4140625 
 707 , 527.265625 
 708 , 515.6796875 
 709 , 480.09375 
 710 , 414.71484375 
 711 , 349.38671875 
 712 , 323.07421875 
 713 , 341.75 
 714 , 370.8984375 
 715 , 387.59765625 
 716 , 395.66796875 
 717 , 401.7265625 
 718 , 395.94140625 
 719 , 359.11328125 
 720 , 283.5234375 
 721 , 201.33984375 
 722 , 156.796875 
 723 , 159.16796875 
 724 , 171.6171875 
 725 , 164.69921875 
 726 , 144.27734375 
 727 , 126.33203125 
 728 , 115.3515625 
 729 , 104.26171875 
 730 , 88.83203125 
 731 , 75.94140625 
 732 , 76.1796875 
 733 , 90.73828125 
 734 , 107.59765625 
 735 , 113.53125 
 736 , 111.65234375 
 737 , 113.9921875 
 738 , 128.67578125 
 739 , 152.65234375 
 740 , 174.94140625 
 741 , 190.16796875 
 742 , 203.43359375 
 743 , 225.796875 
 744 , 262.66015625 
 745 , 305.5859375 
 746 , 338.0703125 
 747 , 350.9375 
 748 , 350.6328125 
 749 , 347.18359375 
 750 , 339.16015625 
 751 , 322.77734375 
 752 , 303.85546875 
 753 , 290.265625 
 754 , 282.40234375 
 755 , 275.48046875 
 756 , 274.6171875 
 757 , 291 
 758 , 320.0625 
 759 , 342.66015625 
 760 , 346.57421875 
 761 , 348.6875 
 762 , 370.171875 
 763 , 401.0859375 
 764 , 413.015625 
 765 , 394.06640625 
 766 , 368.84765625 
 767 , 367.41796875 
 768 , 390.37890625 
 769 , 421.8203125 
 770 , 440.4453125 
 771 , 428.46875 
 772 , 383.5234375 
 773 , 327.19921875 
 774 , 278.6484375 
 775 , 236.94140625 
 776 , 193.96875 
 777 , 155.171875 
 778 , 132.14453125 
 779 , 127.875 
 780 , 132.16015625 
 781 , 134.62890625 
 782 , 136.43359375 
 783 , 145.28125 
 784 , 164.27734375 
 785 , 175.30859375 
 786 , 153.65234375 
 787 , 97.21484375 
 788 , 36.07421875 
 789 , 0.46484375 
 790 , 2.3203125 
 791 , 45.09765625 
 792 , 115.17578125 
 793 , 174.13671875 
 794 , 196.08984375 
 795 , 208.3359375 
 796 , 251.0859375 
 797 , 312.88671875 
 798 , 335.2890625 
 799 , 288.5390625 
 800 , 221.9140625 
 801 , 193.671875 
 802 , 203.3359375 
 803 , 210.8984375 
 804 , 202.9296875 
 805 , 207.265625 
 806 , 246.7734375 
 807 , 301.41015625 
 808 , 331.46484375 
 809 , 321.90625 
 810 , 297.53515625 
 811 , 284.53515625 
 812 , 287.52734375 
 813 , 300.95703125 
 814 , 320.328125 
 815 , 345.3671875 
 816 , 376.14453125 
 817 , 404.1171875 
 818 , 416.0625 
 819 , 408.19140625 
 820 , 391.515625 
 821 , 378.99609375 
 822 , 368.43359375 
 823 , 352.828125 
 824 , 338.58203125 
 825 , 344.3515625 
 826 , 377.71484375 
 827 , 416.05078125 
 828 , 432.96484375 
 829 , 426.8828125 
 830 , 410.8828125 
 831 , 397.203125 
 832 , 392.13671875 
 833 , 397.91796875 
 834 , 410.15625 
 835 , 424.9921875 
 836 , 435.7109375 
 837 , 426.3359375 
 838 , 386.48828125 
 839 , 339.28125 
 840 , 315.30078125 
 841 , 321.2109375 
 842 , 343.625 
 843 , 364.421875 
 844 , 366.6640625 
 845 , 340.6953125 
 846 , 302.72265625 
 847 , 277.33203125 
 848 , 271.40234375 
 849 , 272.67578125 
 850 , 271.40234375 
 851 , 268.33203125 
 852 , 265.84765625 
 853 , 262.72265625 
 854 , 256.37109375 
 855 , 249.01171875 
 856 , 248.96484375 
 857 , 262.36328125 
 858 , 280.99609375 
 859 , 290.20703125 
 860 , 286.91015625 
 861 , 286.1171875 
 862 , 302.2890625 
 863 , 336.6484375 
 864 , 384.90234375 
 865 , 429.66796875 
 866 , 439.9296875 
 867 , 398.6875 
 868 , 342.859375 
 869 , 320.54296875 
 870 , 345.46484375 
 871 , 403.55859375 
 872 , 475.6796875 
 873 , 543.6171875 
 874 , 596.05859375 
 875 , 642.61328125 
 876 , 697.0234375 
 877 , 756.65625 
 878 , 809.51953125 
 879 , 852.91796875 
 880 , 892.06640625 
 881 , 929.22265625 
 882 , 966.140625 
 883 , 1010.328125 
 884 , 1062.91015625 
 885 , 1102.94140625 
 886 , 1106.390625 
 887 , 1062.10546875 
 888 , 966.6640625 
 889 , 839.35546875 
 890 , 725.69140625 
 891 , 657.5078125 
 892 , 612.5 
 893 , 557.98828125 
 894 , 484.7109375 
 895 , 399.640625 
 896 , 312.3671875 
 897 , 235.7890625 
 898 , 180.29296875 
 899 , 141.171875 
 900 , 108.24609375 
 901 , 77.62890625 
 902 , 52.54296875 
 903 , 35.9140625 
 904 , 26.51953125 
 905 , 21.99609375 
 906 , 21.53515625 
 907 , 25.88671875 
 908 , 34.71875 
 909 , 45.2421875 
 910 , 54.16796875 
 911 , 64.78125 
 912 , 83.99609375 
 913 , 108.640625 
 914 , 121 
 915 , 109.453125 
 916 , 89.3515625 
 917 , 80.44140625 
 918 , 81.27734375 
 919 , 76.4765625 
 920 , 61.25 
 921 , 52.3671875 
 922 , 65.34765625 
 923 , 89.4453125 
 924 , 105.1484375 
 925 , 107.1875 
 926 , 105.6015625 
 927 , 108.0625 
 928 , 109.9140625 
 929 , 104.21484375 
 930 , 95.23046875 
 931 , 94.43359375 
 932 , 104.01171875 
 933 , 109.40234375 
 934 , 97.1796875 
 935 , 71.90234375 
 936 , 43.953125 
 937 , 21.3046875 
 938 , 8.1796875 
 939 , 3.87109375 
 940 , 4.3671875 
 941 , 7.36328125 
 942 , 17.1953125 
 943 , 39.890625 
 944 , 68.5859375 
 945 , 83.61328125 
 946 , 73.9140625 
 947 , 52.19140625 
 948 , 34.5546875 
 949 , 28.62890625 
 950 , 37.19140625 
 951 , 58.62890625 
 952 , 90.23046875 
 953 , 129.77734375 
 954 , 173.75 
 955 , 217.75390625 
 956 , 250.2734375 
 957 , 255.28125 
 958 , 229.90234375 
 959 , 192.1484375 
 960 , 159.265625 
 961 , 134.49609375 
 962 , 116.7578125 
 963 , 100.84765625 
 964 , 78.58984375 
 965 , 47.65625 
 966 , 20.5703125 
 967 , 10.328125 
 968 , 15.75 
 969 , 29.34765625 
 970 , 42.265625 
 971 , 47.171875 
 972 , 43.625 
 973 , 41.36328125 
 974 , 49.4453125 
 975 , 69.6953125 
 976 , 101.53515625 
 977 , 135.4453125 
 978 , 150.99609375 
 979 , 138.90625 
 980 , 126.1875 
 981 , 142.26953125 
 982 , 181.58203125 
 983 , 221.63671875 
 984 , 247.15234375 
 985 , 251.578125 
 986 , 234.58984375 
 987 , 210.54296875 
 988 , 193.84765625 
 989 , 181.52734375 
 990 , 162.92578125 
 991 , 137.51953125 
 992 , 116.77734375 
 993 , 109.7265625 
 994 , 117.1640625 
 995 , 138.49609375 
 996 , 169.171875 
 997 , 201.04296875 
 998 , 238.88671875 
 999 , 308.875 
 1000 , 432.4609375 
 1001 , 604.4140625 
 1002 , 812.76171875 
 1003 , 1044.26953125 
 1004 , 1284.15625 
 1005 , 1498.5859375 
 1006 , 1624.2890625 
 1007 , 1615.6015625 
 1008 , 1508.96875 
 1009 , 1358.34375 
 1010 , 1171.5625 
 1011 , 926.51953125 
 1012 , 639.28515625 
 1013 , 389.57421875 
 1014 , 242.296875 
 1015 , 174.4453125 
 1016 , 141.2265625 
 1017 , 121.171875 
 1018 , 107.7578125 
 1019 , 95.2421875 
 1020 , 79.796875 
 1021 , 60.546875 
 1022 , 47.71875 
 1023 , 52.99609375 
 1024 , 67.18359375 
 1025 , 66.43359375 
 1026 , 46.88671875 
 1027 , 42.52734375 
 1028 , 80.78515625 
 1029 , 135.078125 
 1030 , 164.75390625 
 1031 , 164.24609375 
 1032 , 154.390625 
 1033 , 149.82421875 
 1034 , 152.18359375 
 1035 , 161.8046875 
 1036 , 181.80078125 
 1037 , 215.37109375 
 1038 , 250.703125 
 1039 , 265.6484375 
 1040 , 256.9140625 
 1041 , 251.5078125 
 1042 , 269.40625 
 1043 , 292.5078125 
 1044 , 296.37109375 
 1045 , 287.76171875 
 1046 , 291.68359375 
 1047 , 316.01171875 
 1048 , 344.9375 
 1049 , 365.45703125 
 1050 , 379.78125 
 1051 , 392.9140625 
 1052 , 405.60546875 
 1053 , 416.0625 
 1054 , 421.63671875 
 1055 , 418.96875 
 1056 , 408.31640625 
 1057 , 400.08203125 
 1058 , 405.34765625 
 1059 , 427.1328125 
 1060 , 464.3671875 
 1061 , 500.5 
 1062 , 501.5703125 
 1063 , 454.5 
 1064 , 403.20703125 
 1065 , 392.58984375 
 1066 , 413.1328125 
 1067 , 434.1484375 
 1068 , 440.3203125 
 1069 , 430.30859375 
 1070 , 405.80078125 
 1071 , 373.76953125 
 1072 , 341.375 
 1073 , 313.10546875 
 1074 , 292.265625 
 1075 , 279.08203125 
 1076 , 271.84375 
 1077 , 270.48046875 
 1078 , 277.296875 
 1079 , 294.08984375 
 1080 , 320.6953125 
 1081 , 355.97265625 
 1082 , 390.46484375 
 1083 , 409.42578125 
 1084 , 408.890625 
 1085 , 399.7890625 
 1086 , 393.92578125 
 1087 , 402.3046875 
 1088 , 434.0546875 
 1089 , 484.86328125 
 1090 , 543.7734375 
 1091 , 592.96484375 
 1092 , 608.1875 
 1093 , 580.6953125 
 1094 , 536.80078125 
 1095 , 501.2890625 
 1096 , 466.61328125 
 1097 , 416.1875 
 1098 , 358.4296875 
 1099 , 320.390625 
 1100 , 313.49609375 
 1101 , 322.33203125 
 1102 , 331.46484375 
 1103 , 335.296875 
 1104 , 330.27734375 
 1105 , 308.97265625 
 1106 , 262.36328125 
 1107 , 198.71875 
 1108 , 146.64453125 
 1109 , 125.71875 
 1110 , 129.19140625 
 1111 , 146.47265625 
 1112 , 169.59765625 
 1113 , 191.53125 
 1114 , 203.20703125 
 1115 , 195.0546875 
 1116 , 163.99609375 
 1117 , 118.8515625 
 1118 , 71.125 
 1119 , 29.296875 
 1120 , 0.49609375 
 1121 ,-9.40625 
 1122 , 3.5390625 
 1123 , 31.66015625 
 1124 , 55.87109375 
 1125 , 66.10546875 
 1126 , 70.71484375 
 1127 , 80.18359375 
 1128 , 104.23828125 
 1129 , 149.98828125 
 1130 , 199.9140625 
 1131 , 216.07421875 
 1132 , 190.140625 
 1133 , 165.54296875 
 1134 , 173.2109375 
 1135 , 179.3203125 
 1136 , 142.04296875 
 1137 , 77.11328125 
 1138 , 27.65234375 
 1139 , 9.01953125 
 1140 , 8.64453125 
 1141 , 17.82421875 
 1142 , 36.6875 
 1143 , 65.1953125 
 1144 , 101.5859375 
 1145 , 143.41015625 
 1146 , 176.67578125 
 1147 , 179.29296875 
 1148 , 149.3515625 
 1149 , 114.40625 
 1150 , 98.4296875 
 1151 , 104.3671875 
 1152 , 128.06640625 
 1153 , 157.7421875 
 1154 , 182.42578125 
 1155 , 192.015625 
 1156 , 171.6484375 
 1157 , 130.5625 
 1158 , 122.53125 
 1159 , 181.703125 
 1160 , 259.98046875 
 1161 , 299.23828125 
 1162 , 297.7109375 
 1163 , 278.77734375 
 1164 , 260.6328125 
 1165 , 257.84375 
 1166 , 274.43359375 
 1167 , 289.42578125 
 1168 , 287.15234375 
 1169 , 291.640625 
 1170 , 332.71484375 
 1171 , 392.01953125 
 1172 , 428.37890625 
 1173 , 436.8359375 
 1174 , 445.32421875 
 1175 , 464.578125 
 1176 , 474.51171875 
 1177 , 458.29296875 
 1178 , 421.50390625 
 1179 , 375.97265625 
 1180 , 344.359375 
 1181 , 354.93359375 
 1182 , 411.88671875 
 1183 , 491.12890625 
 1184 , 555.38671875 
 1185 , 549.34375 
 1186 , 445.1484375 
 1187 , 329.80859375 
 1188 , 306.02734375 
 1189 , 362.421875 
 1190 , 428.71484375 
 1191 , 463.3125 
 1192 , 457.08984375 
 1193 , 417.8671875 
 1194 , 376.78515625 
 1195 , 359.5703125 
 1196 , 371.4375 
 1197 , 413.92578125 
 1198 , 471.0078125 
 1199 , 513.71875 
 1200 , 530.37890625 
 1201 , 535.00390625 
 1202 , 537.625 
 1203 , 527.10546875 
 1204 , 492.609375 
 1205 , 445.3828125 
 1206 , 402.89453125 
 1207 , 374.890625 
 1208 , 365.83984375 
 1209 , 367.515625 
 1210 , 360.04296875 
 1211 , 332.13671875 
 1212 , 297.21484375 
 1213 , 271.7265625 
 1214 , 250.52734375 
 1215 , 219.17578125 
 1216 , 184.1484375 
 1217 , 166.97265625 
 1218 , 183.77734375 
 1219 , 241.62109375 
 1220 , 306.89453125 
 1221 , 300.89453125 
 1222 , 191.53515625 
 1223 , 65.1015625 
 1224 , 6.49609375 
 1225 , 10.08984375 
 1226 , 43.203125 
 1227 , 88.19140625 
 1228 , 138.34375 
 1229 , 180.15625 
 1230 , 194.80078125 
 1231 , 175.66796875 
 1232 , 128.09375 
 1233 , 61.66796875 
 1234 , 11.06640625 
 1235 , 13.3671875 
 1236 , 58.7734375 
 1237 , 119.23828125 
 1238 , 174.32421875 
 1239 , 200.70703125 
 1240 , 192.7890625 
 1241 , 189.00390625 
 1242 , 221.0234375 
 1243 , 259.8359375 
 1244 , 263.1171875 
 1245 , 242.9921875 
 1246 , 242.5859375 
 1247 , 271.23046875 
 1248 , 303.578125 
 1249 , 320.56640625 
 1250 , 319.765625 
 1251 , 305.453125 
 1252 , 290.078125 
 1253 , 284.4296875 
 1254 , 286.36328125 
 1255 , 287.02734375 
 1256 , 270.109375 
 1257 , 222.0390625 
 1258 , 159.5625 
 1259 , 120.7109375 
 1260 , 116.05859375 
 1261 , 115.66796875 
 1262 , 99.7109375 
 1263 , 83.45703125 
 1264 , 84.578125 
 1265 , 107.15625 
 1266 , 151.6796875 
 1267 , 199.7734375 
 1268 , 216.6796875 
 1269 , 194.359375 
 1270 , 163.6640625 
 1271 , 149.0078125 
 1272 , 141.8671875 
 1273 , 127.06640625 
 1274 , 114.5 
 1275 , 127.33203125 
 1276 , 145.6328125 
 1277 , 132.9609375 
 1278 , 82.5078125 
 1279 , 20.5859375 
 1280 ,-13.390625 
 1281 , 19.8125 
 1282 , 116.43359375 
 1283 , 201.73828125 
 1284 , 222.81640625 
 1285 , 218.08984375 
 1286 , 234.90234375 
 1287 , 276.30859375 
 1288 , 317.4609375 
 1289 , 346.22265625 
 1290 , 361.25 
 1291 , 358.8984375 
 1292 , 326.81640625 
 1293 , 265.078125 
 1294 , 204.30078125 
 1295 , 168.21484375 
 1296 , 148.44921875 
 1297 , 134.34765625 
 1298 , 123.984375 
 1299 , 113.53125 
 1300 , 101.87109375 
 1301 , 95.609375 
 1302 , 98.8671875 
 1303 , 105.171875 
 1304 , 106.9296875 
 1305 , 107.5390625 
 1306 , 114.3203125 
 1307 , 126.12109375 
 1308 , 136.42578125 
 1309 , 141.65625 
 1310 , 141.09375 
 1311 , 135.16015625 
 1312 , 125.49609375 
 1313 , 112.89453125 
 1314 , 97.42578125 
 1315 , 82.74609375 
 1316 , 80.125 
 1317 , 98.203125 
 1318 , 130.74609375 
 1319 , 167.46875 
 1320 , 203.421875 
 1321 , 237.81640625 
 1322 , 270.27734375 
 1323 , 296.60546875 
 1324 , 301.8984375 
 1325 , 271.35546875 
 1326 , 216.9453125 
 1327 , 172.19921875 
 1328 , 154.734375 
 1329 , 159.515625 
 1330 , 181.51171875 
 1331 , 215.13671875 
 1332 , 253.43359375 
 1333 , 288.4921875 
 1334 , 312.265625 
 1335 , 326.4375 
 1336 , 337.80859375 
 1337 , 344.21484375 
 1338 , 337.53125 
 1339 , 319.51171875 
 1340 , 305.8203125 
 1341 , 308.65625 
 1342 , 329.609375 
 1343 , 363.62890625 
 1344 , 385.1328125 
 1345 , 370.90625 
 1346 , 351.33203125 
 1347 , 372.9296875 
 1348 , 427.23828125 
 1349 , 476.50390625 
 1350 , 504.99609375 
 1351 , 512.62109375 
 1352 , 502.59765625 
 1353 , 489.671875 
 1354 , 487.86328125 
 1355 , 494.8671875 
 1356 , 503.28515625 
 1357 , 514.69921875 
 1358 , 533.02734375 
 1359 , 536.9921875 
 1360 , 496.7421875 
 1361 , 426.5625 
 1362 , 370.078125 
 1363 , 344.5546875 
 1364 , 335.58984375 
 1365 , 331.86328125 
 1366 , 337.8125 
 1367 , 353.4765625 
 1368 , 357.16015625 
 1369 , 333.2578125 
 1370 , 307.55859375 
 1371 , 310.09375 
 1372 , 327.7578125 
 1373 , 332.03125 
 1374 , 319.3984375 
 1375 , 299.10546875 
 1376 , 277.55078125 
 1377 , 265.65234375 
 1378 , 263.27734375 
 1379 , 247.94921875 
 1380 , 207.203125 
 1381 , 154.05859375 
 1382 , 107.04296875 
 1383 , 86.12109375 
 1384 , 100.51953125 
 1385 , 127.11328125 
 1386 , 141.78125 
 1387 , 141.390625 
 1388 , 131.671875 
 1389 , 123.5078125 
 1390 , 126.9765625 
 1391 , 144.046875 
 1392 , 166.17578125 
 1393 , 180.05859375 
 1394 , 171.8046875 
 1395 , 138.31640625 
 1396 , 89.19921875 
 1397 , 34.5546875 
 1398 ,-2.6796875 
 1399 ,-1.69921875 
 1400 , 19.1640625 
 1401 , 29.37109375 
 1402 , 34.18359375 
 1403 , 57.60546875 
 1404 , 86.0078125 
 1405 , 81.69921875 
 1406 , 44.9765625 
 1407 , 14.46875 
 1408 , 17.625 
 1409 , 57.390625 
 1410 , 112.828125 
 1411 , 130.6796875 
 1412 , 88.4765625 
 1413 , 40.16015625 
 1414 , 34.5078125 
 1415 , 81.33984375 
 1416 , 182.8046875 
 1417 , 290.421875 
 1418 , 331.578125 
 1419 , 301.734375 
 1420 , 247.5234375 
 1421 , 212.03515625 
 1422 , 217.1953125 
 1423 , 244.59765625 
 1424 , 250.7734375 
 1425 , 224.2734375 
 1426 , 187.78515625 
 1427 , 158.46875 
 1428 , 153.9921875 
 1429 , 188.83984375 
 1430 , 242.0703125 
 1431 , 285.18359375 
 1432 , 319.0859375 
 1433 , 354.37890625 
 1434 , 376.7265625 
 1435 , 359.57421875 
 1436 , 310.64453125 
 1437 , 262.34375 
 1438 , 232.98828125 
 1439 , 228.265625 
 1440 , 244.5859375 
 1441 , 264.19140625 
 1442 , 279.390625 
 1443 , 304.35546875 
 1444 , 347.390625 
 1445 , 394.84765625 
 1446 , 431.4765625 
 1447 , 449.6953125 
 1448 , 447.22265625 
 1449 , 442.5703125 
 1450 , 458.7734375 
 1451 , 483.97265625 
 1452 , 488.9453125 
 1453 , 488.546875 
 1454 , 531.65625 
 1455 , 629.73046875 
 1456 , 752.5078125 
 1457 , 862.15625 
 1458 , 927.96484375 
 1459 , 939.01171875 
 1460 , 892.5859375 
 1461 , 802.7421875 
 1462 , 736.30859375 
 1463 , 733.48046875 
 1464 , 730.10546875 
 1465 , 663.84375 
 1466 , 556.4453125 
 1467 , 450.4609375 
 1468 , 372.88671875 
 1469 , 335.7421875 
 1470 , 316.95703125 
 1471 , 285.26953125 
 1472 , 251.03515625 
 1473 , 248.87890625 
 1474 , 275.1953125 
 1475 , 293.4453125 
 1476 , 293.03515625 
 1477 , 294.71484375 
 1478 , 312.06640625 
 1479 , 342.5703125 
 1480 , 365.65234375 
 1481 , 336.3046875 
 1482 , 242.71875 
 1483 , 152.52734375 
 1484 , 119.33203125 
 1485 , 118.0859375 
 1486 , 119.48828125 
 1487 , 140.23828125 
 1488 , 198.296875 
 1489 , 255.96484375 
 1490 , 265.54296875 
 1491 , 247.2734375 
 1492 , 246.7265625 
 1493 , 262.390625 
 1494 , 269.7265625 
 1495 , 267.4453125 
 1496 , 267.66796875 
 1497 , 273.48046875 
 1498 , 282.375 
 1499 , 290.30078125 
 1500 , 290.74609375 
 1501 , 284.5546875 
 1502 , 281.01953125 
 1503 , 283.015625 
 1504 , 285.8515625 
 1505 , 287.7578125 
 1506 , 285.89453125 
 1507 , 272.90625 
 1508 , 247.453125 
 1509 , 216.1015625 
 1510 , 183.046875 
 1511 , 147.09375 
 1512 , 106.05859375 
 1513 , 65.42578125 
 1514 , 32.515625 
 1515 , 9.98828125 
 1516 , 2.4375 
 1517 , 17.6171875 
 1518 , 51.51953125 
 1519 , 92.10546875 
 1520 , 119.859375 
 1521 , 107.109375 
 1522 , 67 
 1523 , 63.59765625 
 1524 , 119.47265625 
 1525 , 196.6328125 
 1526 , 255.89453125 
 1527 , 262.31640625 
 1528 , 204.4296875 
 1529 , 133.29296875 
 1530 , 100.015625 
 1531 , 109.5859375 
 1532 , 148.41796875 
 1533 , 193.6015625 
 1534 , 231.2421875 
 1535 , 265.02734375 
 1536 , 295.11328125 
 1537 , 315.77734375 
 1538 , 322.95703125 
 1539 , 309.12890625 
 1540 , 268.01171875 
 1541 , 212.375 
 1542 , 160.41015625 
 1543 , 115.2421875 
 1544 , 61.8359375 
 1545 , 10.40234375 
 1546 ,-6.22265625 
 1547 , 21.9609375 
 1548 , 78.21484375 
 1549 , 126.93359375 
 1550 , 124.82421875 
 1551 , 79.265625 
 1552 , 52.49609375 
 1553 , 73.8984375 
 1554 , 106.015625 
 1555 , 131.484375 
 1556 , 180.6484375 
 1557 , 259.81640625 
 1558 , 306.4453125 
 1559 , 281.34765625 
 1560 , 239.84765625 
 1561 , 234.31640625 
 1562 , 243.26953125 
 1563 , 236.37109375 
 1564 , 226.703125 
 1565 , 233.51171875 
 1566 , 232.046875 
 1567 , 193.3203125 
 1568 , 168.2890625 
 1569 , 224.2421875 
 1570 , 318.7421875 
 1571 , 370.1953125 
 1572 , 371.3828125 
 1573 , 352.69921875 
 1574 , 325.41796875 
 1575 , 288.7421875 
 1576 , 257.9296875 
 1577 , 255.3203125 
 1578 , 267.86328125 
 1579 , 261.4921875 
 1580 , 241.16015625 
 1581 , 240.9921875 
 1582 , 269.109375 
 1583 , 310.68359375 
 1584 , 348.109375 
 1585 , 356.44921875 
 1586 , 339.40234375 
 1587 , 344.8984375 
 1588 , 391.6875 
 1589 , 443.08203125 
 1590 , 470.71875 
 1591 , 479.19921875 
 1592 , 481.5234375 
 1593 , 485.49609375 
 1594 , 490.5703125 
 1595 , 494.890625 
 1596 , 501.46484375 
 1597 , 510.07421875 
 1598 , 512.66796875 
 1599 , 497.125 
 1600 , 462.27734375 
 1601 , 434.49609375 
 1602 , 437.8515625 
 1603 , 463.15234375 
 1604 , 494.4453125 
 1605 , 530.1328125 
 1606 , 571.21875 
 1607 , 598.41015625 
 1608 , 590.875 
 1609 , 574.4765625 
 1610 , 584.046875 
 1611 , 595.3515625 
 1612 , 568.296875 
 1613 , 518.1328125 
 1614 , 478.51953125 
 1615 , 435.1484375 
 1616 , 356.62109375 
 1617 , 263.859375 
 1618 , 203.8046875 
 1619 , 189.98046875 
 1620 , 209.6640625 
 1621 , 242.537109375 
 1622 , 271.744140625 
 1623 , 284.103515625 
 1624 , 265.8515625 
 1625 , 230.525390625 
 1626 , 213.53515625 
 1627 , 217.103515625 
 1628 , 211.70703125 
 1629 , 188.40625 
 1630 , 163.61328125 
 1631 , 143.62890625 
 1632 , 121.615234375 
 1633 , 105.310546875 
 1634 , 118.216796875 
 1635 , 153.001953125 
 1636 , 162.927734375 
 1637 , 142.859375 
 1638 , 147.63671875 
 1639 , 191.009765625 
 1640 , 222.853515625 
 1641 , 218.126953125 
 1642 , 197.16796875 
 1643 , 185.841796875 
 1644 , 204.044921875 
 1645 , 240.455078125 
 1646 , 252.556640625 
 1647 , 231.294921875 
 1648 , 213.333984375 
 1649 , 207.037109375 
 1650 , 170.59375 
 1651 , 101.359375 
 1652 , 68.412109375 
 1653 , 106.591796875 
 1654 , 178.744140625 
 1655 , 242.728515625 
 1656 , 270.005859375 
 1657 , 254.9140625 
 1658 , 218.080078125 
 1659 , 171.685546875 
 1660 , 117.369140625 
 1661 , 63.984375 
 1662 , 28.181640625 
 1663 , 16.9140625 
 1664 , 23.16015625 
 1665 , 44.943359375 
 1666 , 90.236328125 
 1667 , 148.4765625 
 1668 , 161.966796875 
 1669 , 107.779296875 
 1670 , 64.740234375 
 1671 , 86.005859375 
 1672 , 125.841796875 
 1673 , 144.88671875 
 1674 , 155.263671875 
 1675 , 163.931640625 
 1676 , 147.88671875 
 1677 , 107.1953125 
 1678 , 105.548828125 
 1679 , 173.078125 
 1680 , 237.685546875 
 1681 , 242.453125 
 1682 , 204.6640625 
 1683 , 152.564453125 
 1684 , 112.5234375 
 1685 , 97.697265625 
 1686 , 94.01953125 
 1687 , 91.54296875 
 1688 , 89.486328125 
 1689 , 82.353515625 
 1690 , 67.14453125 
 1691 , 52.970703125 
 1692 , 56.81640625 
 1693 , 79.724609375 
 1694 , 102.7109375 
 1695 , 124.037109375 
 1696 , 169.802734375 
 1697 , 235.30859375 
 1698 , 247.123046875 
 1699 , 173.435546875 
 1700 , 100.05859375 
 1701 , 88.81640625 
 1702 , 107.939453125 
 1703 , 120.12109375 
 1704 , 104.8046875 
 1705 , 62.33203125 
 1706 , 30.1015625 
 1707 , 26 
 1708 , 22.830078125 
 1709 , 10.91015625 
 1710 , 15.33203125 
 1711 , 43.138671875 
 1712 , 49.435546875 
 1713 , 17.416015625 
 1714 ,-4.6484375 
 1715 , 11.765625 
 1716 , 46.775390625 
 1717 , 78.634765625 
 1718 , 89.4765625 
 1719 , 78.23828125 
 1720 , 70.5859375 
 1721 , 88.845703125 
 1722 , 134.99609375 
 1723 , 190.591796875 
 1724 , 207.373046875 
 1725 , 178.111328125 
 1726 , 159.1328125 
 1727 , 173.384765625 
 1728 , 186.61328125 
 1729 , 172.751953125 
 1730 , 129.322265625 
 1731 , 73.16796875 
 1732 , 36.27734375 
 1733 , 24.83984375 
 1734 , 23.39453125 
 1735 , 27.537109375 
 1736 , 32.626953125 
 1737 , 36.921875 
 1738 , 53.1640625 
 1739 , 80.00390625 
 1740 , 95.6484375 
 1741 , 98.45703125 
 1742 , 107.486328125 
 1743 , 126.830078125 
 1744 , 147.86328125 
 1745 , 156.283203125 
 1746 , 132.533203125 
 1747 , 101.849609375 
 1748 , 123.828125 
 1749 , 180.59375 
 1750 , 200.77734375 
 1751 , 185.40234375 
 1752 , 179.25 
 1753 , 171.8828125 
 1754 , 130.216796875 
 1755 , 113.048828125 
 1756 , 206.21875 
 1757 , 323.587890625 
 1758 , 324.333984375 
 1759 , 255.001953125 
 1760 , 222.560546875 
 1761 , 222.732421875 
 1762 , 216.97265625 
 1763 , 209.634765625 
 1764 , 216.494140625 
 1765 , 235.638671875 
 1766 , 258.634765625 
 1767 , 264.939453125 
 1768 , 237.419921875 
 1769 , 186.708984375 
 1770 , 133.576171875 
 1771 , 118.966796875 
 1772 , 164.869140625 
 1773 , 217.107421875 
 1774 , 232.51171875 
 1775 , 235.1015625 
 1776 , 245.12109375 
 1777 , 252.984375 
 1778 , 252.515625 
 1779 , 244.517578125 
 1780 , 228.404296875 
 1781 , 210.8515625 
 1782 , 205.4453125 
 1783 , 226.146484375 
 1784 , 258.46484375 
 1785 , 249.6328125 
 1786 , 189.7890625 
 1787 , 128.173828125 
 1788 , 94.490234375 
 1789 , 90.07421875 
 1790 , 101.64453125 
 1791 , 110.158203125 
 1792 , 114.51953125 
 1793 , 123.875 
 1794 , 137.16796875 
 1795 , 146.11328125 
 1796 , 165.921875 
 1797 , 222.310546875 
 1798 , 280.20703125 
 1799 , 278.4765625 
 1800 , 248.212890625 
 1801 , 256.705078125 
 1802 , 280.7578125 
 1803 , 269.060546875 
 1804 , 249.7578125 
 1805 , 265.974609375 
 1806 , 277.2421875 
 1807 , 236.38671875 
 1808 , 174.017578125 
 1809 , 128.650390625 
 1810 , 82.130859375 
 1811 , 22.890625 
 1812 , 2.1796875 
 1813 , 52.716796875 
 1814 , 126 
 1815 , 173.326171875 
 1816 , 181.986328125 
 1817 , 169.658203125 
 1818 , 183.57421875 
 1819 , 220.814453125 
 1820 , 211.287109375 
 1821 , 153.822265625 
 1822 , 125.228515625 
 1823 , 142.228515625 
 1824 , 160.12109375 
 1825 , 164.33984375 
 1826 , 168.556640625 
 1827 , 173.513671875 
 1828 , 168.615234375 
 1829 , 165.927734375 
 1830 , 187.404296875 
 1831 , 209.052734375 
 1832 , 193.71484375 
 1833 , 152.2890625 
 1834 , 114.08984375 
 1835 , 114.48828125 
 1836 , 172.263671875 
 1837 , 229.734375 
 1838 , 232.88671875 
 1839 , 200.345703125 
 1840 , 167.7578125 
 1841 , 178.05859375 
 1842 , 236.171875 
 1843 , 268.06640625 
 1844 , 237.7421875 
 1845 , 188.701171875 
 1846 , 158.21484375 
 1847 , 163.947265625 
 1848 , 195.294921875 
 1849 , 210.845703125 
 1850 , 205.21875 
 1851 , 207.84375 
 1852 , 208.94140625 
 1853 , 170 
 1854 , 108.908203125 
 1855 , 76.705078125 
 1856 , 78.2890625 
 1857 , 93.265625 
 1858 , 101.984375 
 1859 , 94.552734375 
 1860 , 92.56640625 
 1861 , 115.16796875 
 1862 , 154.134765625 
 1863 , 192.119140625 
 1864 , 196.685546875 
 1865 , 156.3359375 
 1866 , 111.509765625 
 1867 , 92.99609375 
 1868 , 99.7578125 
 1869 , 121.201171875 
 1870 , 146.78125 
 1871 , 168.705078125 
 1872 , 172.22265625 
 1873 , 148.998046875 
 1874 , 107.919921875 
 1875 , 76.17578125 
 1876 , 78.396484375 
 1877 , 100.001953125 
 1878 , 118.990234375 
 1879 , 138.296875 
 1880 , 160.6640625 
 1881 , 176.033203125 
 1882 , 177.623046875 
 1883 , 165.162109375 
 1884 , 149.669921875 
 1885 , 169.126953125 
 1886 , 226.173828125 
 1887 , 250.11328125 
 1888 , 214.388671875 
 1889 , 168.388671875 
 1890 , 139.224609375 
 1891 , 125.203125 
 1892 , 134.55078125 
 1893 , 177.830078125 
 1894 , 218.83984375 
 1895 , 202.802734375 
 1896 , 160.865234375 
 1897 , 150.650390625 
 1898 , 143.353515625 
 1899 , 101.2421875 
 1900 , 78.82421875 
 1901 , 119.259765625 
 1902 , 152.283203125 
 1903 , 136.42578125 
 1904 , 149.1953125 
 1905 , 217.0234375 
 1906 , 249.78125 
 1907 , 214.59375 
 1908 , 164.197265625 
 1909 , 138.14453125 
 1910 , 159.244140625 
 1911 , 204.974609375 
 1912 , 219.826171875 
 1913 , 203.0234375 
 1914 , 189.328125 
 1915 , 198.970703125 
 1916 , 232.431640625 
 1917 , 253.416015625 
 1918 , 229.947265625 
 1919 , 165.65625 
 1920 , 93.603515625 
 1921 , 102.041015625 
 1922 , 197.783203125 
 1923 , 242.75 
 1924 , 199.75 
 1925 , 166.193359375 
 1926 , 169.087890625 
 1927 , 168.53515625 
 1928 , 156.740234375 
 1929 , 145.298828125 
 1930 , 143.9609375 
 1931 , 159.443359375 
 1932 , 159.712890625 
 1933 , 115.087890625 
 1934 , 65.2109375 
 1935 , 54.0859375 
 1936 , 91.51953125 
 1937 , 155.646484375 
 1938 , 178.033203125 
 1939 , 148.056640625 
 1940 , 140.197265625 
 1941 , 178.365234375 
 1942 , 226.853515625 
 1943 , 249.490234375 
 1944 , 223.283203125 
 1945 , 204.466796875 
 1946 , 262.697265625 
 1947 , 329.474609375 
 1948 , 318.62890625 
 1949 , 248.154296875 
 1950 , 164.6640625 
 1951 , 129.88671875 
 1952 , 163.615234375 
 1953 , 204.466796875 
 1954 , 216.529296875 
 1955 , 212.697265625 
 1956 , 201.69140625 
 1957 , 179.90625 
 1958 , 153.966796875 
 1959 , 137.416015625 
 1960 , 128.197265625 
 1961 , 117.37109375 
 1962 , 97.330078125 
 1963 , 69.09765625 
 1964 , 59.01953125 
 1965 , 73.3984375 
 1966 , 62.8046875 
 1967 , 22.66796875 
 1968 , 25.154296875 
 1969 , 71.06640625 
 1970 , 85.4375 
 1971 , 84.48828125 
 1972 , 141.22265625 
 1973 , 205.537109375 
 1974 , 188.82421875 
 1975 , 146.27734375 
 1976 , 152.6875 
 1977 , 172.5 
 1978 , 166.806640625 
 1979 , 153.279296875 
 1980 , 146.142578125 
 1981 , 137.248046875 
 1982 , 120.564453125 
 1983 , 96.064453125 
 1984 , 78.287109375 
 1985 , 88.365234375 
 1986 , 118.84765625 
 1987 , 147.638671875 
 1988 , 146.611328125 
 1989 , 104.732421875 
 1990 , 70.98828125 
 1991 , 76.486328125 
 1992 , 89.74609375 
 1993 , 97.6171875 
 1994 , 124.791015625 
 1995 , 159.65625 
 1996 , 157.55859375 
 1997 , 119.5 
 1998 , 76.40625 
 1999 , 68.830078125 
 2000 , 126.630859375 
 2001 , 220.697265625 
 2002 , 306.939453125 
 2003 , 345.8984375 
 2004 , 333.314453125 
 2005 , 314.9609375 
 2006 , 303.93359375 
 2007 , 277.138671875 
 2008 , 225.48046875 
 2009 , 157.05078125 
 2010 , 134.630859375 
 2011 , 211.185546875 
 2012 , 276.126953125 
 2013 , 234.8984375 
 2014 , 174.869140625 
 2015 , 160.736328125 
 2016 , 155.28125 
 2017 , 143.009765625 
 2018 , 147.16015625 
 2019 , 153.1875 
 2020 , 121.587890625 
 2021 , 74.220703125 
 2022 , 54.359375 
 2023 , 52.962890625 
 2024 , 50.427734375 
 2025 , 44.384765625 
 2026 , 44.171875 
 2027 , 78.908203125 
 2028 , 128.9375 
 2029 , 114.060546875 
 2030 , 63.97265625 
 2031 , 84.912109375 
 2032 , 141.453125 
 2033 , 145.53515625 
 2034 , 127.58984375 
 2035 , 135.41015625 
 2036 , 143.126953125 
 2037 , 131.224609375 
 2038 , 124.830078125 
 2039 , 131.271484375 
 2040 , 131.728515625 
 2041 , 106.412109375 
 2042 , 47.890625 
 2043 ,-0.39453125 
 2044 , 8.31640625 
 2045 , 49.236328125 
 2046 , 92.720703125 
 2047 , 141.359375 
 2048 , 188.39453125 
 2049 , 206.57421875 
 2050 , 190.94140625 
 2051 , 155.548828125 
 2052 , 120.271484375 
 2053 , 102.818359375 
 2054 , 93.50390625 
 2055 , 80.36328125 
 2056 , 75.439453125 
 2057 , 92.587890625 
 2058 , 138.9140625 
 2059 , 196.87109375 
 2060 , 222.1875 
 2061 , 216.94140625 
 2062 , 216.1015625 
 2063 , 222.173828125 
 2064 , 219.41015625 
 2065 , 182.12890625 
 2066 , 112.349609375 
 2067 , 84.662109375 
 2068 , 116.8671875 
 2069 , 129.970703125 
 2070 , 104.3828125 
 2071 , 78.685546875 
 2072 , 68.494140625 
 2073 , 75.544921875 
 2074 , 96.095703125 
 2075 , 126.349609375 
 2076 , 171.1171875 
 2077 , 214.861328125 
 2078 , 209.5390625 
 2079 , 145.24609375 
 2080 , 58.091796875 
 2081 , 3.361328125 
 2082 , 28.162109375 
 2083 , 65.306640625 
 2084 , 44.853515625 
 2085 , 29.705078125 
 2086 , 68.65234375 
 2087 , 127.06640625 
 2088 , 161.869140625 
 2089 , 138.482421875 
 2090 , 95.892578125 
 2091 , 102.345703125 
 2092 , 140.572265625 
 2093 , 166.3203125 
 2094 , 140.716796875 
 2095 , 73.943359375 
 2096 , 69.984375 
 2097 , 149.630859375 
 2098 , 230.82421875 
 2099 , 268.609375 
 2100 , 256.896484375 
 2101 , 242.951171875 
 2102 , 263.93359375 
 2103 , 264.525390625 
 2104 , 224.89453125 
 2105 , 222.017578125 
 2106 , 257.962890625 
 2107 , 253.560546875 
 2108 , 230.876953125 
 2109 , 256.6796875 
 2110 , 285.58984375 
 2111 , 260.0078125 
 2112 , 201.56640625 
 2113 , 146.2421875 
 2114 , 127.34765625 
 2115 , 138.3046875 
 2116 , 139.86328125 
 2117 , 128.380859375 
 2118 , 118.296875 
 2119 , 120.109375 
 2120 , 133.44140625 
 2121 , 131.9921875 
 2122 , 106.236328125 
 2123 , 77.55859375 
 2124 , 81.814453125 
 2125 , 151.47265625 
 2126 , 226.9609375 
 2127 , 238.03515625 
 2128 , 229.01171875 
 2129 , 237.083984375 
 2130 , 230.9453125 
 2131 , 198.57421875 
 2132 , 159.455078125 
 2133 , 134.576171875 
 2134 , 136.7265625 
 2135 , 135.892578125 
 2136 , 107.625 
 2137 , 84.236328125 
 2138 , 79.91015625 
 2139 , 67.80859375 
 2140 , 61.431640625 
 2141 , 103.205078125 
 2142 , 167.458984375 
 2143 , 204.37109375 
 2144 , 198.220703125 
 2145 , 164.865234375 
 2146 , 165.62890625 
 2147 , 189.16015625 
 2148 , 149.83984375 
 2149 , 117.08203125 
 2150 , 204.064453125 
 2151 , 263.576171875 
 2152 , 163.35546875 
 2153 , 40.9140625 
 2154 ,-4.748046875 
 2155 , 6.662109375 
 2156 , 37.7109375 
 2157 , 50.2109375 
 2158 , 49.587890625 
 2159 , 57.23046875 
 2160 , 85.486328125 
 2161 , 130.974609375 
 2162 , 157.490234375 
 2163 , 166.27734375 
 2164 , 190.275390625 
 2165 , 207.00390625 
 2166 , 181.28125 
 2167 , 141.41015625 
 2168 , 111.962890625 
 2169 , 77.75390625 
 2170 , 56.6328125 
 2171 , 99.4453125 
 2172 , 168.607421875 
 2173 , 191.650390625 
 2174 , 182.150390625 
 2175 , 180.125 
 2176 , 224.6015625 
 2177 , 282.98046875 
 2178 , 248.521484375 
 2179 , 167.85546875 
 2180 , 159.205078125 
 2181 , 174.4921875 
 2182 , 156.5234375 
 2183 , 166.66015625 
 2184 , 209.109375 
 2185 , 196.162109375 
 2186 , 157.615234375 
 2187 , 184.37890625 
 2188 , 217.650390625 
 2189 , 193.396484375 
 2190 , 179.21875 
 2191 , 192.548828125 
 2192 , 158.4609375 
 2193 , 105.494140625 
 2194 , 118.890625 
 2195 , 149.126953125 
 2196 , 136.798828125 
 2197 , 132.234375 
 2198 , 152.78515625 
 2199 , 147.56640625 
 2200 , 125.705078125 
 2201 , 133.66015625 
 2202 , 158.505859375 
 2203 , 176.03125 
 2204 , 192.640625 
 2205 , 206.689453125 
 2206 , 199.02734375 
 2207 , 170.541015625 
 2208 , 140.25390625 
 2209 , 140.970703125 
 2210 , 185.484375 
 2211 , 224.044921875 
 2212 , 229.912109375 
 2213 , 217.142578125 
 2214 , 185.037109375 
 2215 , 130.029296875 
 2216 , 91.0078125 
 2217 , 97.623046875 
 2218 , 126.1640625 
 2219 , 136.734375 
 2220 , 89.099609375 
 2221 , 42.3671875 
 2222 , 77.517578125 
 2223 , 112.83984375 
 2224 , 85.130859375 
 2225 , 61.51171875 
 2226 , 68.4296875 
 2227 , 78.12890625 
 2228 , 89.087890625 
 2229 , 107.28125 
 2230 , 115.845703125 
 2231 , 116.7890625 
 2232 , 149.115234375 
 2233 , 174.234375 
 2234 , 106.09765625 
 2235 , 28.767578125 
 2236 , 49.9921875 
 2237 , 117.609375 
 2238 , 160.51953125 
 2239 , 128.421875 
 2240 , 50.1171875 
 2241 , 3.353515625 
 2242 , 42.234375 
 2243 , 157.7265625 
 2244 , 207.33984375 
 2245 , 153.748046875 
 2246 , 98.892578125 
 2247 , 76.470703125 
 2248 , 79.91015625 
 2249 , 101.2265625 
 2250 , 119.236328125 
 2251 , 95.05859375 
 2252 , 65.2578125 
 2253 , 114.021484375 
 2254 , 189.712890625 
 2255 , 215.333984375 
 2256 , 208.951171875 
 2257 , 197.72265625 
 2258 , 196.072265625 
 2259 , 191.169921875 
 2260 , 162.59375 
 2261 , 136.017578125 
 2262 , 133.3203125 
 2263 , 136.830078125 
 2264 , 130.197265625 
 2265 , 105.322265625 
 2266 , 61.09765625 
 2267 , 16.005859375 
 2268 , 43.43359375 
 2269 , 144.125 
 2270 , 200.69921875 
 2271 , 165.072265625 
 2272 , 63.423828125 
 2273 , 5.234375 
 2274 , 52.044921875 
 2275 , 109.396484375 
 2276 , 122.669921875 
 2277 , 97.044921875 
 2278 , 55.572265625 
 2279 , 27.51171875 
 2280 , 32.013671875 
 2281 , 57.404296875 
 2282 , 62.205078125 
 2283 , 49.294921875 
 2284 , 43.009765625 
 2285 , 36.73046875 
 2286 , 22.646484375 
 2287 , 8.001953125 
 2288 ,-0.244140625 
 2289 , 4.98828125 
 2290 , 37.734375 
 2291 , 89.341796875 
 2292 , 85.103515625 
 2293 , 27.12890625 
 2294 , 15.4765625 
 2295 , 42.19140625 
 2296 , 50.173828125 
 2297 , 40.556640625 
 2298 , 26.25 
 2299 , 19.50390625 
 2300 , 12.48828125 
 2301 ,-8.716796875 
 2302 ,-19.439453125 
 2303 , 3.453125 
 2304 , 56.328125 
 2305 , 106.158203125 
 2306 , 102.748046875 
 2307 , 87.26953125 
 2308 , 105.958984375 
 2309 , 85.318359375 
 2310 , 21.123046875 
 2311 , 20.337890625 
 2312 , 68.05859375 
 2313 , 87.185546875 
 2314 , 77.2578125 
 2315 , 52.34765625 
 2316 , 19.34375 
 2317 ,-2.564453125 
 2318 , 9.28515625 
 2319 , 37.8828125 
 2320 , 57.86328125 
 2321 , 58.85546875 
 2322 , 38.56640625 
 2323 , 6.986328125 
 2324 ,-2.54296875 
 2325 , 22.876953125 
 2326 , 54.939453125 
 2327 , 64.021484375 
 2328 , 32.8359375 
 2329 ,-19.068359375 
 2330 , 10 
 2331 , 10 
 2332 , 10 
 2333 , 10 
 2334 , 10 
 2335 , 10 
 2336 , 10 
 2337 , 10 
 2338 , 10 
 2339 , 10 
