11-20-2017,17:12:19
Wavenumber(cm-1),Intensity
 250 , 24913.9343515575 
 251 , 24926.1831973487 
 252 , 24929.0364435474 
 253 , 24930.9659918725 
 254 , 24941.8849755246 
 255 , 24970.8489687935 
 256 , 25012.9196441963 
 257 , 25052.7500384493 
 258 , 25077.988488324 
 259 , 25093.8071519483 
 260 , 25111.2512418132 
 261 , 25136.6231173041 
 262 , 25165.2975560355 
 263 , 25191.3631730899 
 264 , 25215.1690387309 
 265 , 25243.6803369563 
 266 , 25282.8997160742 
 267 , 25328.4084322127 
 268 , 25370.7116733425 
 269 , 25403.7055494725 
 270 , 25432.6458477493 
 271 , 25465.035491137 
 272 , 25503.0232718816 
 273 , 25540.9582321235 
 274 , 25573.3939748329 
 275 , 25604.9506703016 
 276 , 25647.0037355647 
 277 , 25707.583889278 
 278 , 25778.5214402213 
 279 , 25846.9457767164 
 280 , 25902.9498198016 
 281 , 25942.4395769183 
 282 , 25962.5640874393 
 283 , 25971.0923274645 
 284 , 25985.2182960804 
 285 , 26019.3807181978 
 286 , 26068.3446458652 
 287 , 26119.1499869537 
 288 , 26162.6561981762 
 289 , 26199.6381914825 
 290 , 26232.3933908015 
 291 , 26261.5441086754 
 292 , 26285.8117042436 
 293 , 26304.2947868215 
 294 , 26320.1848595038 
 295 , 26338.7451680471 
 296 , 26363.7507274976 
 297 , 26393.978191252 
 298 , 26427.1387291515 
 299 , 26459.5964291615 
 300 , 26485.8180704743 
 301 , 26500.7334402268 
 302 , 26506.0341210483 
 303 , 26507.6444738293 
 304 , 26511.3162988059 
 305 , 26521.8161675453 
 306 , 26543.5942332247 
 307 , 26576.3485406757 
 308 , 26611.702823785 
 309 , 26641.3588215359 
 310 , 26669.3448539648 
 311 , 26708.8903395207 
 312 , 26769.5821987833 
 313 , 26841.6770740679 
 314 , 26909.460977763 
 315 , 26965.5829597196 
 316 , 27019.35301895 
 317 , 27081.3566507579 
 318 , 27149.7474650716 
 319 , 27211.9774593398 
 320 , 27257.4849582388 
 321 , 27289.3365698538 
 322 , 27315.5227279509 
 323 , 27342.895401481 
 324 , 27375.7115896832 
 325 , 27417.5105730508 
 326 , 27464.1003046412 
 327 , 27503.8545574122 
 328 , 27527.7250217957 
 329 , 27545.5895866472 
 330 , 27574.9446537078 
 331 , 27623.993809853 
 332 , 27677.6749868038 
 333 , 27717.9713135913 
 334 , 27742.1700824696 
 335 , 27763.4916168629 
 336 , 27793.7246418854 
 337 , 27829.1045255939 
 338 , 27859.1047271605 
 339 , 27878.0015854098 
 340 , 27892.9429284815 
 341 , 27912.8848967407 
 342 , 27938.3152164636 
 343 , 27960.4676306959 
 344 , 27971.5680182841 
 345 , 27974.7924788533 
 346 , 27978.2798662556 
 347 , 27987.8818646709 
 348 , 28003.0981166937 
 349 , 28022.4217290742 
 350 , 28046.4466669091 
 351 , 28078.1030122663 
 352 , 28119.7253953546 
 353 , 28168.2260787514 
 354 , 28218.0422634976 
 355 , 28265.5049375824 
 356 , 28312.164679509 
 357 , 28360.3068967067 
 358 , 28408.1062254955 
 359 , 28449.2277974229 
 360 , 28479.5184612512 
 361 , 28512.524823035 
 362 , 28569.652989137 
 363 , 28659.6567009454 
 364 , 28757.8397943421 
 365 , 28834.8398504069 
 366 , 28880.9189951009 
 367 , 28906.9303836529 
 368 , 28924.2213615327 
 369 , 28940.8413917405 
 370 , 28963.4470714161 
 371 , 28995.8376352176 
 372 , 29034.8100290783 
 373 , 29076.2035997223 
 374 , 29117.9892961749 
 375 , 29160.2122894451 
 376 , 29203.3367913339 
 377 , 29249.8904290055 
 378 , 29303.1694975928 
 379 , 29362.3540404713 
 380 , 29417.5123819922 
 381 , 29458.0929586457 
 382 , 29484.5430134039 
 383 , 29506.9331980914 
 384 , 29534.6179695899 
 385 , 29571.3337002709 
 386 , 29618.8954173207 
 387 , 29675.0096181457 
 388 , 29729.4397448645 
 389 , 29771.8669403761 
 390 , 29804.1475965356 
 391 , 29837.4200844769 
 392 , 29880.1817887467 
 393 , 29927.8526446657 
 394 , 29972.1888891214 
 395 , 30008.6921505603 
 396 , 30039.012635006 
 397 , 30065.7362242982 
 398 , 30095.6664183208 
 399 , 30138.3180231097 
 400 , 30199.0214944215 
 401 , 30267.4305671655 
 402 , 30329.7822132928 
 403 , 30381.509978428 
 404 , 30430.5057385433 
 405 , 30484.3256513722 
 406 , 30539.6787647988 
 407 , 30587.6020184511 
 408 , 30624.0332730702 
 409 , 30659.3901106772 
 410 , 30706.3859894219 
 411 , 30768.6713990813 
 412 , 30840.0450297757 
 413 , 30913.5354065631 
 414 , 30980.3371660082 
 415 , 31030.9129259267 
 416 , 31059.9155264656 
 417 , 31071.4263669795 
 418 , 31071.2773720077 
 419 , 31073.334037689 
 420 , 31098.2641152209 
 421 , 31160.2135813706 
 422 , 31240.2204700662 
 423 , 31309.3454624807 
 424 , 31352.2596290178 
 425 , 31376.6667871707 
 426 , 31392.398429548 
 427 , 31408.1640032278 
 428 , 31431.9573749606 
 429 , 31468.1057565432 
 430 , 31508.0770947356 
 431 , 31540.6840472314 
 432 , 31560.8073819995 
 433 , 31570.8875938252 
 434 , 31574.3742114335 
 435 , 31578.7968957531 
 436 , 31593.5517039856 
 437 , 31623.6559488809 
 438 , 31663.3458025143 
 439 , 31705.4167146059 
 440 , 31746.1673145994 
 441 , 31785.0285598357 
 442 , 31821.5675010205 
 443 , 31855.4818049676 
 444 , 31886.5423665887 
 445 , 31916.9760503972 
 446 , 31953.1652179878 
 447 , 32000.9433713651 
 448 , 32055.6700511384 
 449 , 32106.2116357189 
 450 , 32145.5022661657 
 451 , 32180.2496371532 
 452 , 32219.7834942373 
 453 , 32266.8124975648 
 454 , 32316.44374476 
 455 , 32364.2142504876 
 456 , 32411.328887586 
 457 , 32461.2958839755 
 458 , 32514.4566743871 
 459 , 32564.4164704927 
 460 , 32604.4584390864 
 461 , 32635.7553949179 
 462 , 32665.4708167219 
 463 , 32699.833857631 
 464 , 32740.6579647709 
 465 , 32788.46810444 
 466 , 32836.7580393134 
 467 , 32869.488481745 
 468 , 32872.7267338205 
 469 , 32854.8648839809 
 470 , 32835.0191441297 
 471 , 32830.7109052368 
 472 , 32855.3944925719 
 473 , 32920.5120689406 
 474 , 33012.9400866098 
 475 , 33098.6227504841 
 476 , 33151.5482814786 
 477 , 33185.4367487455 
 478 , 33224.9821569682 
 479 , 33276.8297424901 
 480 , 33321.0596856321 
 481 , 33338.7620532367 
 482 , 33338.2953719411 
 483 , 33342.0213781839 
 484 , 33363.441962104 
 485 , 33392.9470390177 
 486 , 33418.0598364374 
 487 , 33441.0806669505 
 488 , 33477.2897451365 
 489 , 33537.3247024525 
 490 , 33608.2777668166 
 491 , 33670.5985642378 
 492 , 33713.5041374556 
 493 , 33739.0722084692 
 494 , 33751.6330392581 
 495 , 33765.9128071308 
 496 , 33801.8369671256 
 497 , 33867.1379677232 
 498 , 33939.2982609503 
 499 , 33992.2503939003 
 500 , 34017.5533500359 
 501 , 34021.4354750113 
 502 , 34012.2988118386 
 503 , 34005.9181927129 
 504 , 34019.7362558285 
 505 , 34058.6519801402 
 506 , 34110.7265824163 
 507 , 34162.7176427006 
 508 , 34200.4755921521 
 509 , 34209.5098657755 
 510 , 34188.0233713183 
 511 , 34161.7663209876 
 512 , 34158.3301222157 
 513 , 34181.1204194578 
 514 , 34216.0241534416 
 515 , 34251.3612881156 
 516 , 34285.5495681161 
 517 , 34319.2665210311 
 518 , 34353.308861184 
 519 , 34388.6079805077 
 520 , 34425.6277818701 
 521 , 34462.0183596311 
 522 , 34494.4250902142 
 523 , 34521.8844686573 
 524 , 34547.6176609933 
 525 , 34574.8826958187 
 526 , 34603.0704907061 
 527 , 34629.3428238166 
 528 , 34653.2882020237 
 529 , 34681.200317869 
 530 , 34720.127175729 
 531 , 34770.1478220476 
 532 , 34825.2393977559 
 533 , 34880.3525691389 
 534 , 34935.5356045542 
 535 , 34992.0762060328 
 536 , 35045.8976820682 
 537 , 35085.9352835315 
 538 , 35103.8089915737 
 539 , 35112.6710292483 
 540 , 35134.5620349266 
 541 , 35178.6508741231 
 542 , 35229.1928791837 
 543 , 35269.3725264703 
 544 , 35301.9614052076 
 545 , 35341.8984640233 
 546 , 35397.122294407 
 547 , 35454.863533057 
 548 , 35499.6367885663 
 549 , 35534.9004451643 
 550 , 35581.1155170365 
 551 , 35652.5666852794 
 552 , 35734.1964902229 
 553 , 35803.3279623181 
 554 , 35849.0746465016 
 555 , 35875.5733890135 
 556 , 35890.2417736173 
 557 , 35915.4036660087 
 558 , 35979.0381276218 
 559 , 36083.7435267829 
 560 , 36186.4749522817 
 561 , 36243.5224333681 
 562 , 36251.2408008794 
 563 , 36228.62776175 
 564 , 36193.2239766218 
 565 , 36158.2211415233 
 566 , 36135.6802631739 
 567 , 36130.7627752769 
 568 , 36143.2409472868 
 569 , 36171.058010159 
 570 , 36206.0980466854 
 571 , 36239.2167815106 
 572 , 36269.7577050862 
 573 , 36306.0481548658 
 574 , 36353.7171210052 
 575 , 36402.5600407481 
 576 , 36437.6225658223 
 577 , 36455.6281365065 
 578 , 36469.8502709212 
 579 , 36492.9957634177 
 580 , 36524.8621233864 
 581 , 36559.684066284 
 582 , 36592.6911421594 
 583 , 36621.0291752181 
 584 , 36642.3120774124 
 585 , 36656.7063539973 
 586 , 36665.8457012484 
 587 , 36671.7073578067 
 588 , 36677.0832222695 
 589 , 36684.5430022974 
 590 , 36691.6865806705 
 591 , 36692.4018602541 
 592 , 36684.132456662 
 593 , 36676.3625318627 
 594 , 36680.6001013259 
 595 , 36698.6382746472 
 596 , 36723.0004908074 
 597 , 36747.5885134622 
 598 , 36773.8828363858 
 599 , 36805.2763288495 
 600 , 36840.5337146795 
 601 , 36872.8576793694 
 602 , 36896.9176649457 
 603 , 36917.4822193889 
 604 , 36942.7907494379 
 605 , 36978.0442157947 
 606 , 37023.8893107143 
 607 , 37079.6906328452 
 608 , 37138.2388687117 
 609 , 37189.4923930262 
 610 , 37229.4918624205 
 611 , 37265.5416012689 
 612 , 37305.4429383761 
 613 , 37350.3101338421 
 614 , 37397.63454626 
 615 , 37445.9508085463 
 616 , 37496.2357089577 
 617 , 37549.5269328701 
 618 , 37603.5908800376 
 619 , 37654.0524166351 
 620 , 37700.2026994181 
 621 , 37751.5111975721 
 622 , 37818.7287387589 
 623 , 37905.7012171494 
 624 , 38010.8822302105 
 625 , 38124.6821051809 
 626 , 38211.3903595852 
 627 , 38232.1000971422 
 628 , 38191.1347458393 
 629 , 38132.3682352934 
 630 , 38093.7696933152 
 631 , 38084.3602338429 
 632 , 38105.7350576155 
 633 , 38151.5484626975 
 634 , 38207.0568950478 
 635 , 38258.0635754611 
 636 , 38294.7510718672 
 637 , 38308.9598184251 
 638 , 38305.6652427459 
 639 , 38305.6940131477 
 640 , 38326.2578845199 
 641 , 38360.2506979021 
 642 , 38392.699453903 
 643 , 38417.5154682978 
 644 , 38440.7008843902 
 645 , 38468.3236866006 
 646 , 38501.5890355457 
 647 , 38539.799928819 
 648 , 38578.1313267255 
 649 , 38605.5127880206 
 650 , 38612.2249401308 
 651 , 38601.3707012704 
 652 , 38581.4403584553 
 653 , 38561.8623153314 
 654 , 38553.5963296433 
 655 , 38565.5347640888 
 656 , 38589.7291483756 
 657 , 38610.5852440018 
 658 , 38621.8034387501 
 659 , 38633.9608258726 
 660 , 38657.8595518989 
 661 , 38691.3788084592 
 662 , 38726.0026370404 
 663 , 38756.3742301746 
 664 , 38783.3488914527 
 665 , 38807.9468885014 
 666 , 38826.2662270437 
 667 , 38831.8745463656 
 668 , 38829.3980542969 
 669 , 38846.1824956476 
 670 , 38907.8100312574 
 671 , 38996.3494000257 
 672 , 39069.8037770558 
 673 , 39106.6180081286 
 674 , 39129.532952411 
 675 , 39164.6144707864 
 676 , 39214.066062617 
 677 , 39266.3823427518 
 678 , 39315.0874484953 
 679 , 39365.1484001861 
 680 , 39421.7107030875 
 681 , 39476.0670954837 
 682 , 39511.4164318875 
 683 , 39522.094464089 
 684 , 39527.5817361109 
 685 , 39548.4154920813 
 686 , 39580.664751117 
 687 , 39605.9337125154 
 688 , 39614.0389640849 
 689 , 39613.6163765637 
 690 , 39615.0320213134 
 691 , 39620.1184033683 
 692 , 39625.6935712538 
 693 , 39631.8160401131 
 694 , 39645.854121549 
 695 , 39675.2266520179 
 696 , 39718.0065141727 
 697 , 39766.8648037549 
 698 , 39815.2127641081 
 699 , 39858.1973720845 
 700 , 39891.395646491 
 701 , 39912.3602296996 
 702 , 39919.7657085542 
 703 , 39914.7047974361 
 704 , 39903.2473885259 
 705 , 39891.7510336793 
 706 , 39883.5733221666 
 707 , 39880.430273684 
 708 , 39879.3282361677 
 709 , 39868.0694276394 
 710 , 39836.7403782214 
 711 , 39803.8406172617 
 712 , 39801.9721623203 
 713 , 39843.6752784221 
 714 , 39904.4985363931 
 715 , 39958.5031209242 
 716 , 39998.9341046852 
 717 , 40027.9365943931 
 718 , 40042.6200388376 
 719 , 40031.4792725351 
 720 , 39986.9304255573 
 721 , 39934.6901988309 
 722 , 39914.2538700881 
 723 , 39938.0729360381 
 724 , 39976.7422816948 
 725 , 40002.027136385 
 726 , 40015.3535696106 
 727 , 40029.4013845229 
 728 , 40049.374794933 
 729 , 40070.040984051 
 730 , 40087.1171530498 
 731 , 40105.7678127975 
 732 , 40134.1220416208 
 733 , 40171.265853583 
 734 , 40205.0796461285 
 735 , 40226.0643112165 
 736 , 40240.5138363521 
 737 , 40259.1297068898 
 738 , 40284.8521143892 
 739 , 40312.1660694819 
 740 , 40336.8725192581 
 741 , 40361.8773904684 
 742 , 40391.7589532191 
 743 , 40428.2158934588 
 744 , 40470.2228162261 
 745 , 40515.218420505 
 746 , 40555.7224533295 
 747 , 40583.6512130337 
 748 , 40598.276424739 
 749 , 40604.8325222414 
 750 , 40608.5670028215 
 751 , 40614.2714653449 
 752 , 40626.1899767629 
 753 , 40642.6810531131 
 754 , 40658.0876309215 
 755 , 40671.025032584 
 756 , 40690.435008908 
 757 , 40724.8586474485 
 758 , 40764.1028954304 
 759 , 40787.4227107443 
 760 , 40788.0357288344 
 761 , 40786.565053316 
 762 , 40802.6945194618 
 763 , 40824.5365065732 
 764 , 40825.8562441009 
 765 , 40801.4415998738 
 766 , 40779.4755296528 
 767 , 40785.983952766 
 768 , 40816.2617575917 
 769 , 40854.2259085859 
 770 , 40885.769293743 
 771 , 40899.3309880012 
 772 , 40887.3233878364 
 773 , 40859.9039220868 
 774 , 40832.0666335504 
 775 , 40810.9838437694 
 776 , 40795.8568343738 
 777 , 40785.9423697403 
 778 , 40781.9763603206 
 779 , 40784.9075025905 
 780 , 40793.8080564044 
 781 , 40806.2447858616 
 782 , 40821.0873937132 
 783 , 40840.8586761257 
 784 , 40867.5340140711 
 785 , 40890.20010608 
 786 , 40890.0062675655 
 787 , 40862.3448872361 
 788 , 40832.1439206574 
 789 , 40825.9826899168 
 790 , 40854.8269136434 
 791 , 40922.0009345566 
 792 , 41015.8310870002 
 793 , 41101.413953428 
 794 , 41150.2243834413 
 795 , 41181.0714788192 
 796 , 41228.1879614124 
 797 , 41289.4654737468 
 798 , 41320.3325129106 
 799 , 41290.7257139792 
 800 , 41238.9601485082 
 801 , 41218.1870759502 
 802 , 41237.3303149011 
 803 , 41266.8653835936 
 804 , 41287.6794194873 
 805 , 41314.2268152241 
 806 , 41364.2860669841 
 807 , 41425.212308597 
 808 , 41465.0971074456 
 809 , 41469.3230484301 
 810 , 41459.1922888781 
 811 , 41457.7467395357 
 812 , 41468.1423810807 
 813 , 41484.5288725453 
 814 , 41503.8963860902 
 815 , 41527.4337591386 
 816 , 41554.7940508634 
 817 , 41576.1762693316 
 818 , 41579.3428523377 
 819 , 41565.4869401921 
 820 , 41549.6889307964 
 821 , 41542.5324449986 
 822 , 41537.1168270488 
 823 , 41523.9896715226 
 824 , 41509.6850848115 
 825 , 41512.2946903527 
 826 , 41537.413287799 
 827 , 41561.4672346909 
 828 , 41560.0162580913 
 829 , 41535.3335756404 
 830 , 41502.9414519207 
 831 , 41474.4327064117 
 832 , 41455.160021724 
 833 , 41449.1631469062 
 834 , 41456.3629296271 
 835 , 41474.9669610582 
 836 , 41494.2770248023 
 837 , 41494.2249537735 
 838 , 41464.4098534428 
 839 , 41428.6729073595 
 840 , 41416.1137672662 
 841 , 41429.6622931235 
 842 , 41453.7550453771 
 843 , 41473.9214454797 
 844 , 41478.9079567337 
 845 , 41460.4356103559 
 846 , 41429.7793622047 
 847 , 41406.9964818596 
 848 , 41400.0911256369 
 849 , 41400.0102104228 
 850 , 41398.1983870447 
 851 , 41394.3762651433 
 852 , 41390.5951884715 
 853 , 41387.5419021787 
 854 , 41384.6525720493 
 855 , 41382.731341706 
 856 , 41386.5841506188 
 857 , 41400.6880949536 
 858 , 41418.9352561463 
 859 , 41429.1139118186 
 860 , 41428.4322930821 
 861 , 41430.7334193024 
 862 , 41449.3792166697 
 863 , 41485.1234304511 
 864 , 41533.7375138711 
 865 , 41579.3829412652 
 866 , 41593.474530608 
 867 , 41562.1731093924 
 868 , 41524.0888208078 
 869 , 41525.9030805778 
 870 , 41575.4166529632 
 871 , 41653.8517984487 
 872 , 41743.7912404288 
 873 , 41831.5956163825 
 874 , 41906.2327521737 
 875 , 41971.1240193761 
 876 , 42035.4771957402 
 877 , 42103.1377556293 
 878 , 42171.4053779244 
 879 , 42236.9089200912 
 880 , 42295.2425867703 
 881 , 42342.4129216522 
 882 , 42383.5724981311 
 883 , 42430.5269024735 
 884 , 42483.965694488 
 885 , 42520.5326840351 
 886 , 42516.0541258737 
 887 , 42462.3377482973 
 888 , 42358.6096657064 
 889 , 42223.9629171837 
 890 , 42102.1983671886 
 891 , 42025.1846591893 
 892 , 41973.6845077915 
 893 , 41917.8644191721 
 894 , 41848.7522641024 
 895 , 41772.5823818805 
 896 , 41697.2292342467 
 897 , 41633.2629087498 
 898 , 41589.6100341184 
 899 , 41561.919200473 
 900 , 41540.5602431571 
 901 , 41521.6063533175 
 902 , 41507.8715840961 
 903 , 41501.2216171372 
 904 , 41498.851867912 
 905 , 41497.1482278587 
 906 , 41495.0622313171 
 907 , 41493.24543062 
 908 , 41491.0673073823 
 909 , 41485.4434831358 
 910 , 41474.6379752747 
 911 , 41466.3444611894 
 912 , 41471.0366038535 
 913 , 41483.9035359653 
 914 , 41484.3703745253 
 915 , 41461.0517288327 
 916 , 41431.8611714449 
 917 , 41417.5425828176 
 918 , 41413.948683317 
 919 , 41403.1509498017 
 920 , 41382.0857576974 
 921 , 41370.996059013 
 922 , 41385.555512553 
 923 , 41410.8977159549 
 924 , 41424.4454346056 
 925 , 41423.0991150348 
 926 , 41420.0037899629 
 927 , 41422.2432788539 
 928 , 41421.7874322804 
 929 , 41410.8267900481 
 930 , 41398.3381301197 
 931 , 41400.111983229 
 932 , 41415.3616647517 
 933 , 41423.4467151772 
 934 , 41409.5497232914 
 935 , 41382.5777544148 
 936 , 41355.7624191934 
 937 , 41334.5198968762 
 938 , 41319.3872910021 
 939 , 41310.3757025955 
 940 , 41306.7404194909 
 941 , 41308.7752357046 
 942 , 41322.2243695347 
 943 , 41353.579096242 
 944 , 41393.0792842474 
 945 , 41417.1177831646 
 946 , 41413.2386662956 
 947 , 41395.6580633046 
 948 , 41380.5872108655 
 949 , 41372.1586481902 
 950 , 41369.4323220376 
 951 , 41372.8997771091 
 952 , 41384.698925978 
 953 , 41406.0263986173 
 954 , 41434.8704865146 
 955 , 41467.678733066 
 956 , 41491.9949415371 
 957 , 41490.6427249224 
 958 , 41461.1433511024 
 959 , 41422.7076703236 
 960 , 41392.3432147571 
 961 , 41370.8030256081 
 962 , 41354.3614268849 
 963 , 41335.4485753833 
 964 , 41303.831076468 
 965 , 41258.781572938 
 966 , 41217.3674277476 
 967 , 41195.0106231778 
 968 , 41188.0750034207 
 969 , 41186.8368005183 
 970 , 41185.6966998505 
 971 , 41182.7196724485 
 972 , 41178.427306513 
 973 , 41178.7048042661 
 974 , 41189.6072408301 
 975 , 41213.3085536354 
 976 , 41249.9498839418 
 977 , 41288.2310464588 
 978 , 41304.7251327896 
 979 , 41289.5570046951 
 980 , 41272.1709379983 
 981 , 41284.483284271 
 982 , 41323.2777823739 
 983 , 41368.3895057309 
 984 , 41406.0288102474 
 985 , 41430.4527909284 
 986 , 41439.6650309631 
 987 , 41442.2940326239 
 988 , 41447.9961239435 
 989 , 41455.3292366363 
 990 , 41456.7473898847 
 991 , 41451.1551695358 
 992 , 41446.6424391937 
 993 , 41450.8984398647 
 994 , 41467.5241366982 
 995 , 41498.422630359 
 996 , 41537.1672253306 
 997 , 41572.3328466782 
 998 , 41607.1187506646 
 999 , 41667.6423122116 
 1000 , 41775.8631499102 
 1001 , 41928.2385874435 
 1002 , 42114.4041961585 
 1003 , 42321.4076662576 
 1004 , 42534.3272286232 
 1005 , 42723.0915272929 
 1006 , 42832.2744903234 
 1007 , 42819.8769760519 
 1008 , 42714.5871229527 
 1009 , 42562.0821897792 
 1010 , 42371.2271656955 
 1011 , 42124.7174077708 
 1012 , 41837.0006998494 
 1013 , 41579.3018810378 
 1014 , 41412.3319398696 
 1015 , 41321.2731972624 
 1016 , 41270.4510911762 
 1017 , 41238.9636474109 
 1018 , 41216.867395385 
 1019 , 41196.6363006939 
 1020 , 41174.6031523938 
 1021 , 41149.4105423758 
 1022 , 41128.6458979576 
 1023 , 41121.1956745609 
 1024 , 41117.4069529288 
 1025 , 41094.1983363727 
 1026 , 41051.7609287289 
 1027 , 41031.9541912422 
 1028 , 41066.8814157329 
 1029 , 41124.5321777538 
 1030 , 41157.6018546708 
 1031 , 41159.7016763722 
 1032 , 41153.6690887523 
 1033 , 41153.2390007479 
 1034 , 41155.6073357391 
 1035 , 41158.1873768251 
 1036 , 41166.2885864203 
 1037 , 41185.9698963638 
 1038 , 41206.0280669725 
 1039 , 41203.8698188289 
 1040 , 41176.0033166288 
 1041 , 41149.5937108447 
 1042 , 41145.4449794301 
 1043 , 41148.2462666821 
 1044 , 41136.0934065295 
 1045 , 41113.4228808271 
 1046 , 41100.7786047 
 1047 , 41105.5945598325 
 1048 , 41116.0321522562 
 1049 , 41122.2397808791 
 1050 , 41126.7043590967 
 1051 , 41134.0709793623 
 1052 , 41143.5661023889 
 1053 , 41151.4293149629 
 1054 , 41154.468306989 
 1055 , 41150.2588427796 
 1056 , 41138.8018852112 
 1057 , 41127.3530677472 
 1058 , 41123.945908029 
 1059 , 41131.8042385328 
 1060 , 41151.21362458 
 1061 , 41164.9579520116 
 1062 , 41136.6033210506 
 1063 , 41052.7176203466 
 1064 , 40961.4502717598 
 1065 , 40912.220751291 
 1066 , 40899.2148062533 
 1067 , 40895.1095051723 
 1068 , 40885.1472935581 
 1069 , 40866.2696998007 
 1070 , 40838.3372507473 
 1071 , 40806.4272022332 
 1072 , 40775.529684639 
 1073 , 40746.7572977722 
 1074 , 40720.0358448296 
 1075 , 40696.2787995189 
 1076 , 40677.1320441929 
 1077 , 40663.1510731117 
 1078 , 40653.0206077593 
 1079 , 40646.8447503802 
 1080 , 40651.1712227327 
 1081 , 40672.2711795449 
 1082 , 40696.4428287053 
 1083 , 40698.4658149011 
 1084 , 40670.5772423839 
 1085 , 40628.3333539179 
 1086 , 40588.2024394988 
 1087 , 40564.5533466961 
 1088 , 40568.4641770753 
 1089 , 40589.1256734443 
 1090 , 40606.0883540207 
 1091 , 40607.5992908054 
 1092 , 40590.7895350303 
 1093 , 40554.8532387155 
 1094 , 40502.7327604969 
 1095 , 40438.2131576898 
 1096 , 40366.8634005862 
 1097 , 40294.6779842848 
 1098 , 40225.1306846085 
 1099 , 40159.7938802164 
 1100 , 40100.7117503717 
 1101 , 40050.7790681243 
 1102 , 40011.286287518 
 1103 , 39977.1828084893 
 1104 , 39941.6456855302 
 1105 , 39895.2384794272 
 1106 , 39827.6277213158 
 1107 , 39745.0799684917 
 1108 , 39673.363915181 
 1109 , 39630.1475156555 
 1110 , 39609.3417495261 
 1111 , 39601.4989248911 
 1112 , 39599.7134829096 
 1113 , 39597.905250332 
 1114 , 39587.7960432899 
 1115 , 39559.3957354752 
 1116 , 39511.1690904703 
 1117 , 39456.4589222835 
 1118 , 39406.9927368664 
 1119 , 39362.1837274383 
 1120 , 39319.8303234211 
 1121 , 39291.4586764546 
 1122 , 39295.3846047338 
 1123 , 39322.6900889013 
 1124 , 39332.4108063264 
 1125 , 39302.5592171011 
 1126 , 39263.5769310774 
 1127 , 39248.1138990231 
 1128 , 39254.4801415406 
 1129 , 39268.4299938158 
 1130 , 39272.6679491884 
 1131 , 39247.8507070737 
 1132 , 39194.2406465344 
 1133 , 39143.6455491835 
 1134 , 39116.6035529725 
 1135 , 39084.1652056658 
 1136 , 39012.7507602711 
 1137 , 38919.63304407 
 1138 , 38845.7223719273 
 1139 , 38802.7003010178 
 1140 , 38772.4553004315 
 1141 , 38744.2008274445 
 1142 , 38725.3654637128 
 1143 , 38723.2399548454 
 1144 , 38733.7391584643 
 1145 , 38749.0740400477 
 1146 , 38757.0888122438 
 1147 , 38743.213055434 
 1148 , 38704.5723770655 
 1149 , 38653.2082586098 
 1150 , 38602.8265910136 
 1151 , 38568.9875876309 
 1152 , 38562.2661965675 
 1153 , 38562.0978811079 
 1154 , 38538.1927166368 
 1155 , 38484.1150274875 
 1156 , 38411.701846594 
 1157 , 38343.7198294906 
 1158 , 38318.8536206214 
 1159 , 38356.982280862 
 1160 , 38413.9051028314 
 1161 , 38439.4388990017 
 1162 , 38431.0264977805 
 1163 , 38406.1771782224 
 1164 , 38373.9383702881 
 1165 , 38335.8849486468 
 1166 , 38292.1828605778 
 1167 , 38240.9880875766 
 1168 , 38184.8581133773 
 1169 , 38143.0877675748 
 1170 , 38133.7415724186 
 1171 , 38134.323098894 
 1172 , 38104.6449530571 
 1173 , 38044.7509627135 
 1174 , 37993.1850376606 
 1175 , 37968.1043324258 
 1176 , 37946.1904704022 
 1177 , 37905.7673250317 
 1178 , 37849.7986097979 
 1179 , 37788.1183295589 
 1180 , 37737.5043301126 
 1181 , 37717.6209210384 
 1182 , 37732.422384687 
 1183 , 37769.9336398515 
 1184 , 37802.5924066681 
 1185 , 37773.641300566 
 1186 , 37650.9507553731 
 1187 , 37515.7775909127 
 1188 , 37465.8998020365 
 1189 , 37492.1421792123 
 1190 , 37530.7567293818 
 1191 , 37540.4238132623 
 1192 , 37502.9808793096 
 1193 , 37421.0091103611 
 1194 , 37335.2767240457 
 1195 , 37281.8754930377 
 1196 , 37261.3019626716 
 1197 , 37265.031459755 
 1198 , 37282.3121767081 
 1199 , 37301.372624914 
 1200 , 37312.4418395409 
 1201 , 37307.6972372724 
 1202 , 37281.8525397035 
 1203 , 37234.0926562472 
 1204 , 37166.6525299799 
 1205 , 37091.1132400642 
 1206 , 37020.6981272231 
 1207 , 36965.0213047245 
 1208 , 36931.4439727397 
 1209 , 36916.4336966705 
 1210 , 36906.9803500553 
 1211 , 36889.8421040596 
 1212 , 36851.9180001601 
 1213 , 36786.0541303539 
 1214 , 36703.9173590221 
 1215 , 36620.4803389819 
 1216 , 36548.0191706132 
 1217 , 36497.8721725165 
 1218 , 36483.348521675 
 1219 , 36518.2837430237 
 1220 , 36572.4316022883 
 1221 , 36554.1779210624 
 1222 , 36418.0054492824 
 1223 , 36252.0408246186 
 1224 , 36148.9653960241 
 1225 , 36110.9273305967 
 1226 , 36111.3982994025 
 1227 , 36134.4331187192 
 1228 , 36170.3634362666 
 1229 , 36199.7158116937 
 1230 , 36191.8254549891 
 1231 , 36130.8832703149 
 1232 , 36033.545386064 
 1233 , 35923.9524847632 
 1234 , 35840.0225073693 
 1235 , 35816.7194094465 
 1236 , 35836.3091756846 
 1237 , 35856.3428668572 
 1238 , 35853.4898271069 
 1239 , 35821.7436835703 
 1240 , 35765.1102929848 
 1241 , 35702.6768954577 
 1242 , 35648.3183405344 
 1243 , 35596.2892306188 
 1244 , 35539.6893133209 
 1245 , 35486.0836841058 
 1246 , 35447.1980520978 
 1247 , 35422.145066108 
 1248 , 35401.7210717606 
 1249 , 35378.0433593738 
 1250 , 35344.9892954767 
 1251 , 35301.317729235 
 1252 , 35255.8946040206 
 1253 , 35217.4669572184 
 1254 , 35189.2097063754 
 1255 , 35170.8867070602 
 1256 , 35146.6106137149 
 1257 , 35095.0690946221 
 1258 , 35026.0451344768 
 1259 , 34974.6234849328 
 1260 , 34951.3166793473 
 1261 , 34929.8928321026 
 1262 , 34893.4112672198 
 1263 , 34856.6162718607 
 1264 , 34835.8337869497 
 1265 , 34830.3041373026 
 1266 , 34833.3887665621 
 1267 , 34831.9651202291 
 1268 , 34809.9768439296 
 1269 , 34765.267518268 
 1270 , 34709.0885828872 
 1271 , 34653.3217509079 
 1272 , 34609.9904122804 
 1273 , 34586.2974343604 
 1274 , 34575.0743084078 
 1275 , 34565.9724962204 
 1276 , 34545.7695545895 
 1277 , 34501.376557773 
 1278 , 34431.6919532778 
 1279 , 34343.6845064254 
 1280 , 34263.8693688404 
 1281 , 34238.5001978175 
 1282 , 34274.3430360127 
 1283 , 34306.4186415668 
 1284 , 34287.1979654708 
 1285 , 34247.026692997 
 1286 , 34224.5803588665 
 1287 , 34218.9923449853 
 1288 , 34215.7328696642 
 1289 , 34204.6118376431 
 1290 , 34178.2123694845 
 1291 , 34131.018445079 
 1292 , 34059.5824156943 
 1293 , 33971.5323019644 
 1294 , 33893.7913557491 
 1295 , 33844.5903717063 
 1296 , 33809.6438450738 
 1297 , 33771.6447797962 
 1298 , 33730.6048799611 
 1299 , 33691.9538805914 
 1300 , 33656.1996021299 
 1301 , 33621.0796385185 
 1302 , 33586.9268205538 
 1303 , 33556.5892784113 
 1304 , 33529.5055037288 
 1305 , 33499.437573358 
 1306 , 33461.9686481366 
 1307 , 33419.0939058989 
 1308 , 33373.6092137775 
 1309 , 33326.917944959 
 1310 , 33279.9981348146 
 1311 , 33233.7712815517 
 1312 , 33189.078711618 
 1313 , 33145.8714144689 
 1314 , 33103.3898824653 
 1315 , 33062.8794032743 
 1316 , 33028.3811036311 
 1317 , 33002.3589780235 
 1318 , 32983.205270056 
 1319 , 32968.5511418654 
 1320 , 32955.2651221207 
 1321 , 32940.6795416348 
 1322 , 32926.5650746392 
 1323 , 32915.3539121396 
 1324 , 32894.3651948059 
 1325 , 32841.5040288459 
 1326 , 32761.2354694021 
 1327 , 32687.3596601772 
 1328 , 32639.6863129311 
 1329 , 32610.501347244 
 1330 , 32590.3950990871 
 1331 , 32573.2761758881 
 1332 , 32553.8152170653 
 1333 , 32527.4651686263 
 1334 , 32490.8211482982 
 1335 , 32448.2778443587 
 1336 , 32407.7000793576 
 1337 , 32368.1714277623 
 1338 , 32321.7565894546 
 1339 , 32268.3894917339 
 1340 , 32218.4292745597 
 1341 , 32179.1285694028 
 1342 , 32149.9150194319 
 1343 , 32125.4730003343 
 1344 , 32087.735773409 
 1345 , 32023.3329017169 
 1346 , 31960.5623601658 
 1347 , 31937.3849720639 
 1348 , 31943.5799161194 
 1349 , 31942.8958453958 
 1350 , 31920.5282014414 
 1351 , 31880.8871811149 
 1352 , 31829.4528034473 
 1353 , 31772.2616778193 
 1354 , 31714.5588616348 
 1355 , 31659.8026351137 
 1356 , 31610.8508924522 
 1357 , 31569.283933455 
 1358 , 31533.5787042487 
 1359 , 31486.1539421036 
 1360 , 31407.1036712122 
 1361 , 31308.5805088592 
 1362 , 31219.5986265335 
 1363 , 31151.2956699823 
 1364 , 31099.3420569922 
 1365 , 31060.3768041821 
 1366 , 31032.9266138547 
 1367 , 31010.7064826928 
 1368 , 30977.5048116573 
 1369 , 30924.5158444091 
 1370 , 30870.1192421263 
 1371 , 30832.3008285147 
 1372 , 30799.8316174527 
 1373 , 30754.6959460142 
 1374 , 30699.2989565631 
 1375 , 30645.653331224 
 1376 , 30598.5181293119 
 1377 , 30556.9085645796 
 1378 , 30513.0845994364 
 1379 , 30451.970942612 
 1380 , 30368.1932657902 
 1381 , 30273.4821833653 
 1382 , 30183.3003357543 
 1383 , 30118.4832306534 
 1384 , 30092.4231960651 
 1385 , 30084.9795076757 
 1386 , 30070.2968664682 
 1387 , 30040.0865622563 
 1388 , 29993.6685308217 
 1389 , 29937.7256114631 
 1390 , 29883.0537651944 
 1391 , 29835.8254465812 
 1392 , 29797.9103454073 
 1393 , 29763.9488493691 
 1394 , 29719.4901278756 
 1395 , 29657.2370530479 
 1396 , 29584.7176689663 
 1397 , 29512.4568861568 
 1398 , 29454.7987505214 
 1399 , 29421.4908156067 
 1400 , 29398.9907347374 
 1401 , 29370.6653305805 
 1402 , 29342.6379359853 
 1403 , 29328.2052099768 
 1404 , 29315.0016981732 
 1405 , 29276.336627272 
 1406 , 29214.6610694621 
 1407 , 29158.4548701547 
 1408 , 29126.5498009913 
 1409 , 29123.9612267323 
 1410 , 29136.2835945201 
 1411 , 29114.5645718207 
 1412 , 29033.2845867664 
 1413 , 28941.7151314529 
 1414 , 28890.9280447292 
 1415 , 28887.009966405 
 1416 , 28919.7169872945 
 1417 , 28949.2524577982 
 1418 , 28929.299340625 
 1419 , 28859.5967513769 
 1420 , 28765.7853009695 
 1421 , 28677.3501173603 
 1422 , 28625.3698101811 
 1423 , 28605.5708521429 
 1424 , 28574.3429608401 
 1425 , 28512.3828011317 
 1426 , 28442.2385781853 
 1427 , 28384.96702232 
 1428 , 28349.8468252097 
 1429 , 28338.8705028543 
 1430 , 28335.4254475948 
 1431 , 28322.9507377459 
 1432 , 28303.4908337023 
 1433 , 28282.4313158413 
 1434 , 28249.1239638725 
 1435 , 28188.2206007653 
 1436 , 28108.8271591695 
 1437 , 28034.3582439151 
 1438 , 27976.3080666386 
 1439 , 27935.6422518805 
 1440 , 27907.1168284003 
 1441 , 27878.6983510842 
 1442 , 27846.6819789763 
 1443 , 27821.5280404776 
 1444 , 27808.3765574714 
 1445 , 27797.3332559005 
 1446 , 27778.2879499539 
 1447 , 27747.102379209 
 1448 , 27703.5705021762 
 1449 , 27660.0427887157 
 1450 , 27629.3340021661 
 1451 , 27603.5769643366 
 1452 , 27569.311412118 
 1453 , 27539.971203365 
 1454 , 27542.4192774215 
 1455 , 27579.0104778378 
 1456 , 27632.9372565791 
 1457 , 27679.6619824971 
 1458 , 27687.5200300068 
 1459 , 27641.1967073861 
 1460 , 27548.7596029448 
 1461 , 27433.679997974 
 1462 , 27345.1801706992 
 1463 , 27307.0782262615 
 1464 , 27270.2429571452 
 1465 , 27190.1700174599 
 1466 , 27080.3498969994 
 1467 , 26965.9846060153 
 1468 , 26866.1577973626 
 1469 , 26794.2085434831 
 1470 , 26736.7293842405 
 1471 , 26671.9386958342 
 1472 , 26607.5703615283 
 1473 , 26566.3928123916 
 1474 , 26544.0057122016 
 1475 , 26516.0600916329 
 1476 , 26477.2074391151 
 1477 , 26441.4953178815 
 1478 , 26417.5674580545 
 1479 , 26405.6788629141 
 1480 , 26393.0478883912 
 1481 , 26345.3531692178 
 1482 , 26251.892514854 
 1483 , 26161.2885805368 
 1484 , 26111.6472686921 
 1485 , 26083.0302834125 
 1486 , 26052.8475780585 
 1487 , 26033.8124678125 
 1488 , 26040.3369723523 
 1489 , 26044.9041137914 
 1490 , 26012.1389724099 
 1491 , 25958.2793384467 
 1492 , 25919.8695248646 
 1493 , 25896.4084659148 
 1494 , 25866.2693557088 
 1495 , 25826.4788401625 
 1496 , 25788.4728001133 
 1497 , 25756.6487685342 
 1498 , 25727.9651166929 
 1499 , 25697.5935662685 
 1500 , 25658.9267254057 
 1501 , 25611.4780985048 
 1502 , 25564.9130259455 
 1503 , 25524.9892586265 
 1504 , 25487.3101744645 
 1505 , 25448.0983656045 
 1506 , 25408.7225090152 
 1507 , 25370.3416625246 
 1508 , 25330.3234450513 
 1509 , 25285.9209246549 
 1510 , 25237.7157028295 
 1511 , 25186.8136152356 
 1512 , 25131.7049959553 
 1513 , 25070.6218459882 
 1514 , 25007.4734607348 
 1515 , 24948.9096224476 
 1516 , 24901.9776005972 
 1517 , 24873.2698147886 
 1518 , 24859.4595775974 
 1519 , 24849.5093691447 
 1520 , 24827.4613482442 
 1521 , 24773.9019637818 
 1522 , 24699.7032363891 
 1523 , 24650.5878408685 
 1524 , 24643.805271061 
 1525 , 24652.6694668401 
 1526 , 24650.195404179 
 1527 , 24615.0727268111 
 1528 , 24542.6865426397 
 1529 , 24464.3354483782 
 1530 , 24407.7010579241 
 1531 , 24376.8403025188 
 1532 , 24367.8554723158 
 1533 , 24363.2995360008 
 1534 , 24347.2232548158 
 1535 , 24323.3140597858 
 1536 , 24299.3629045538 
 1537 , 24275.9886534668 
 1538 , 24250.8655401098 
 1539 , 24218.323513386 
 1540 , 24172.5138481723 
 1541 , 24118.5705357981 
 1542 , 24066.3488177629 
 1543 , 24014.2938291132 
 1544 , 23954.7386753921 
 1545 , 23897.0389776891 
 1546 , 23862.9052684749 
 1547 , 23859.0758721463 
 1548 , 23877.6944970622 
 1549 , 23896.3281736782 
 1550 , 23877.9539364587 
 1551 , 23820.7214692875 
 1552 , 23769.7265921354 
 1553 , 23745.9108363783 
 1554 , 23727.269785931 
 1555 , 23704.7802341367 
 1556 , 23700.8617829121 
 1557 , 23720.2612176699 
 1558 , 23720.1154888586 
 1559 , 23674.0837152073 
 1560 , 23618.061836089 
 1561 , 23584.0249913351 
 1562 , 23557.4213490037 
 1563 , 23520.9108948038 
 1564 , 23483.0874948912 
 1565 , 23453.3544627862 
 1566 , 23415.2231965086 
 1567 , 23353.8610954394 
 1568 , 23306.3928810606 
 1569 , 23317.0792319436 
 1570 , 23355.8512361716 
 1571 , 23368.0020158704 
 1572 , 23348.4324138692 
 1573 , 23314.9557036539 
 1574 , 23273.1352539148 
 1575 , 23222.4828905794 
 1576 , 23174.4128917634 
 1577 , 23146.4966621479 
 1578 , 23130.6118301136 
 1579 , 23100.4551975948 
 1580 , 23057.2425421137 
 1581 , 23025.9693196148 
 1582 , 23013.4074571262 
 1583 , 23007.1104519896 
 1584 , 22993.2157214554 
 1585 , 22957.6987778594 
 1586 , 22906.3455152969 
 1587 , 22870.6650127072 
 1588 , 22861.7464586011 
 1589 , 22857.4657696386 
 1590 , 22841.7337084866 
 1591 , 22813.488952185 
 1592 , 22775.6211940301 
 1593 , 22735.8320441181 
 1594 , 22699.0570991766 
 1595 , 22662.8813925156 
 1596 , 22625.6038480261 
 1597 , 22589.8017383066 
 1598 , 22556.052901588 
 1599 , 22517.3146224133 
 1600 , 22470.6926636991 
 1601 , 22431.1916071632 
 1602 , 22412.0225618177 
 1603 , 22406.3730431152 
 1604 , 22404.5734386621 
 1605 , 22404.3115610746 
 1606 , 22403.071963808 
 1607 , 22388.3145448538 
 1608 , 22349.9498325906 
 1609 , 22306.6197948714 
 1610 , 22280.116451364 
 1611 , 22254.1979595106 
 1612 , 22203.8574733306 
 1613 , 22139.7797041912 
 1614 , 22083.2060863794 
 1615 , 22024.0755071468 
 1616 , 21941.9556971721 
 1617 , 21849.6593157347 
 1618 , 21774.7738761991 
 1619 , 21726.0446898626 
 1620 , 21701.0136258915 
 1621 , 21689.4880370112 
 1622 , 21676.9676506515 
 1623 , 21652.5447086253 
 1624 , 21608.972791375 
 1625 , 21555.8733826785 
 1626 , 21513.5921623935 
 1627 , 21482.4889008408 
 1628 , 21447.9309598589 
 1629 , 21407.2984111937 
 1630 , 21368.0173681649 
 1631 , 21330.7153993681 
 1632 , 21290.040514044 
 1633 , 21250.1416476398 
 1634 , 21223.8364380543 
 1635 , 21205.5760038969 
 1636 , 21171.313381494 
 1637 , 21122.9617288976 
 1638 , 21091.3080562877 
 1639 , 21080.1732435069 
 1640 , 21060.2393534461 
 1641 , 21019.3118750405 
 1642 , 20969.1634064194 
 1643 , 20924.9286223629 
 1644 , 20903.7658133335 
 1645 , 20902.8088408976 
 1646 , 20891.1856952327 
 1647 , 20857.5757501795 
 1648 , 20822.5269712344 
 1649 , 20789.6150296225 
 1650 , 20732.2347191554 
 1651 , 20649.7439225105 
 1652 , 20588.1240633274 
 1653 , 20571.8648358207 
 1654 , 20581.0641328816 
 1655 , 20592.2734669095 
 1656 , 20583.6513698748 
 1657 , 20546.1051397866 
 1658 , 20494.049756405 
 1659 , 20438.6183700831 
 1660 , 20379.5690504616 
 1661 , 20319.7732733752 
 1662 , 20270.9883850104 
 1663 , 20240.0579433452 
 1664 , 20221.3601687805 
 1665 , 20210.9007089643 
 1666 , 20211.4861842712 
 1667 , 20214.9015797903 
 1668 , 20186.6898558888 
 1669 , 20115.6853044359 
 1670 , 20051.5255197328 
 1671 , 20026.1837071955 
 1672 , 20011.1094357055 
 1673 , 19982.6456613656 
 1674 , 19949.0545326357 
 1675 , 19915.0405926618 
 1676 , 19865.6062529816 
 1677 , 19799.8569046155 
 1678 , 19758.4981601633 
 1679 , 19762.1345778086 
 1680 , 19766.1126669552 
 1681 , 19734.4027439589 
 1682 , 19677.3812932486 
 1683 , 19612.4851109225 
 1684 , 19556.9476014483 
 1685 , 19519.9915460344 
 1686 , 19490.7033641454 
 1687 , 19459.5563769244 
 1688 , 19428.4241862864 
 1689 , 19398.5685008787 
 1690 , 19365.255910519 
 1691 , 19328.0478646084 
 1692 , 19299.5843270467 
 1693 , 19286.2039612162 
 1694 , 19273.5817171389 
 1695 , 19254.396614518 
 1696 , 19246.2803341279 
 1697 , 19251.7947312317 
 1698 , 19227.862856097 
 1699 , 19154.9337884962 
 1700 , 19085.781795659 
 1701 , 19058.7039084806 
 1702 , 19053.321106883 
 1703 , 19044.9386320747 
 1704 , 19018.2596630712 
 1705 , 18971.0119566562 
 1706 , 18927.0603002018 
 1707 , 18899.7335503726 
 1708 , 18871.7699661836 
 1709 , 18834.5827028533 
 1710 , 18806.3161741575 
 1711 , 18792.6349509669 
 1712 , 18766.8736658119 
 1713 , 18718.6132777179 
 1714 , 18677.2036916368 
 1715 , 18660.169240457 
 1716 , 18653.6715443687 
 1717 , 18642.470397197 
 1718 , 18615.308507875 
 1719 , 18571.8995328431 
 1720 , 18530.364960242 
 1721 , 18504.5895157903 
 1722 , 18498.0438276986 
 1723 , 18500.4954995412 
 1724 , 18481.8412971053 
 1725 , 18435.9422541236 
 1726 , 18395.3863965948 
 1727 , 18373.894880119 
 1728 , 18353.4144390048 
 1729 , 18320.5095552355 
 1730 , 18271.7272136137 
 1731 , 18215.055680101 
 1732 , 18171.8360121238 
 1733 , 18147.164038765 
 1734 , 18125.5640063909 
 1735 , 18099.2692500982 
 1736 , 18070.81001482 
 1737 , 18044.2848328355 
 1738 , 18024.502399099 
 1739 , 18007.7572607227 
 1740 , 17982.3627659294 
 1741 , 17948.9436816879 
 1742 , 17919.4683446613 
 1743 , 17896.4805209569 
 1744 , 17873.795905327 
 1745 , 17843.1721348871 
 1746 , 17796.6098708121 
 1747 , 17750.1485060808 
 1748 , 17734.440024764 
 1749 , 17736.6482991098 
 1750 , 17717.2606146496 
 1751 , 17678.3574702969 
 1752 , 17645.666758166 
 1753 , 17612.8101939724 
 1754 , 17560.3410242211 
 1755 , 17522.1992137246 
 1756 , 17548.4515660204 
 1757 , 17588.6499414663 
 1758 , 17558.8681406951 
 1759 , 17486.047912748 
 1760 , 17435.7798325796 
 1761 , 17408.0427891804 
 1762 , 17380.9739574867 
 1763 , 17357.1239327585 
 1764 , 17345.4920999009 
 1765 , 17343.4685238995 
 1766 , 17343.3812912926 
 1767 , 17331.384681393 
 1768 , 17296.399158258 
 1769 , 17245.5342832678 
 1770 , 17193.2838878122 
 1771 , 17164.129760081 
 1772 , 17170.6655143605 
 1773 , 17181.1585722773 
 1774 , 17169.8069328658 
 1775 , 17151.2971972397 
 1776 , 17138.9219752975 
 1777 , 17125.5903461292 
 1778 , 17105.277758888 
 1779 , 17080.8261190591 
 1780 , 17055.2182910844 
 1781 , 17029.5587942212 
 1782 , 17007.595380966 
 1783 , 16997.5521925408 
 1784 , 16992.8322218966 
 1785 , 16965.0789467379 
 1786 , 16910.033858424 
 1787 , 16856.4122303441 
 1788 , 16822.004799856 
 1789 , 16809.3094740439 
 1790 , 16810.7950826629 
 1791 , 16810.3893065335 
 1792 , 16802.7371987378 
 1793 , 16791.7858483751 
 1794 , 16776.9734938729 
 1795 , 16755.1917260713 
 1796 , 16736.2946040636 
 1797 , 16735.3086691629 
 1798 , 16734.3598367604 
 1799 , 16702.9650266879 
 1800 , 16659.8340169758 
 1801 , 16640.5272435456 
 1802 , 16632.3668123797 
 1803 , 16609.8026535664 
 1804 , 16587.9453136158 
 1805 , 16586.899313703 
 1806 , 16582.6117747753 
 1807 , 16548.8030500674 
 1808 , 16502.1899239709 
 1809 , 16461.8017666085 
 1810 , 16419.0689371908 
 1811 , 16370.5637829023 
 1812 , 16342.7900144042 
 1813 , 16350.4495675874 
 1814 , 16369.0874485437 
 1815 , 16375.7081366395 
 1816 , 16361.0970731795 
 1817 , 16332.1630189483 
 1818 , 16318.8584492955 
 1819 , 16322.2663856702 
 1820 , 16302.226542902 
 1821 , 16255.5882917192 
 1822 , 16223.7780478652 
 1823 , 16215.6471941902 
 1824 , 16207.1385919111 
 1825 , 16190.1806717576 
 1826 , 16170.3164209207 
 1827 , 16147.8823872355 
 1828 , 16120.5741569953 
 1829 , 16097.0608525063 
 1830 , 16088.8149225959 
 1831 , 16081.6763801681 
 1832 , 16054.1433252101 
 1833 , 16011.8693114561 
 1834 , 15971.2170418746 
 1835 , 15950.9664867147 
 1836 , 15960.1668444137 
 1837 , 15967.1525171304 
 1838 , 15943.1799999675 
 1839 , 15899.5065490503 
 1840 , 15856.6907309467 
 1841 , 15838.967296679 
 1842 , 15849.6632046587 
 1843 , 15849.0740712352 
 1844 , 15817.8950430611 
 1845 , 15778.5162517756 
 1846 , 15749.412798487 
 1847 , 15738.2226313989 
 1848 , 15738.4141521802 
 1849 , 15730.0050712756 
 1850 , 15711.4129855036 
 1851 , 15696.2680235157 
 1852 , 15679.1977590324 
 1853 , 15643.7791159513 
 1854 , 15600.1850671113 
 1855 , 15570.8119343465 
 1856 , 15556.0491589018 
 1857 , 15546.1392226313 
 1858 , 15530.3127703236 
 1859 , 15501.9816143119 
 1860 , 15474.4701054535 
 1861 , 15461.3478380021 
 1862 , 15458.3672837679 
 1863 , 15454.9844821162 
 1864 , 15434.1170456593 
 1865 , 15390.3046190674 
 1866 , 15344.1030455435 
 1867 , 15311.158621267 
 1868 , 15293.8509397503 
 1869 , 15288.2769422648 
 1870 , 15284.2367639468 
 1871 , 15275.2859443081 
 1872 , 15259.1555969803 
 1873 , 15233.5192602496 
 1874 , 15197.1436325133 
 1875 , 15162.8641991313 
 1876 , 15148.9802285166 
 1877 , 15148.1667777755 
 1878 , 15143.93894121 
 1879 , 15138.4340357462 
 1880 , 15137.8405000456 
 1881 , 15135.9980748239 
 1882 , 15125.131988476 
 1883 , 15103.4527257914 
 1884 , 15076.6751737264 
 1885 , 15065.9748596284 
 1886 , 15073.9711258312 
 1887 , 15064.0832375553 
 1888 , 15023.2264594824 
 1889 , 14978.3059754308 
 1890 , 14943.2838601662 
 1891 , 14914.5515789429 
 1892 , 14895.1301425678 
 1893 , 14892.3609703578 
 1894 , 14888.0424488331 
 1895 , 14852.8019727541 
 1896 , 14804.2326430686 
 1897 , 14775.2690283053 
 1898 , 14750.9053421666 
 1899 , 14709.7818809277 
 1900 , 14680.0303112884 
 1901 , 14684.2369127848 
 1902 , 14685.0549237232 
 1903 , 14660.2302076798 
 1904 , 14649.6998586189 
 1905 , 14666.2461316569 
 1906 , 14661.3733560736 
 1907 , 14617.9578803208 
 1908 , 14566.9199421316 
 1909 , 14530.6168361829 
 1910 , 14518.4691254495 
 1911 , 14519.0405108354 
 1912 , 14508.6157322027 
 1913 , 14486.655888272 
 1914 , 14464.9248833524 
 1915 , 14452.8368418158 
 1916 , 14453.724235293 
 1917 , 14447.7714554642 
 1918 , 14415.515518567 
 1919 , 14359.8051014898 
 1920 , 14300.3123135791 
 1921 , 14284.6115169916 
 1922 , 14316.770960118 
 1923 , 14322.8156508102 
 1924 , 14281.834170936 
 1925 , 14245.4953591175 
 1926 , 14228.4621737444 
 1927 , 14209.4026105879 
 1928 , 14185.5832861022 
 1929 , 14166.7523327244 
 1930 , 14157.0850569027 
 1931 , 14154.9498979601 
 1932 , 14142.1822463951 
 1933 , 14104.3391142134 
 1934 , 14062.2019168008 
 1935 , 14038.5525919232 
 1936 , 14039.3770823744 
 1937 , 14054.5455683 
 1938 , 14049.6848545961 
 1939 , 14019.1125091933 
 1940 , 13997.9051042182 
 1941 , 13996.9425506758 
 1942 , 14000.9558143707 
 1943 , 13993.4823716969 
 1944 , 13962.9132796002 
 1945 , 13938.2565035627 
 1946 , 13955.187006018 
 1947 , 13976.7647948287 
 1948 , 13956.3762813266 
 1949 , 13903.6888371963 
 1950 , 13844.0165982178 
 1951 , 13808.9334153264 
 1952 , 13808.7054704147 
 1953 , 13814.6010347121 
 1954 , 13808.8740834388 
 1955 , 13792.4384110257 
 1956 , 13767.2188813155 
 1957 , 13735.3472930274 
 1958 , 13702.7328789051 
 1959 , 13676.4966476035 
 1960 , 13655.9100327681 
 1961 , 13636.8662393309 
 1962 , 13615.2032088569 
 1963 , 13590.5205183775 
 1964 , 13573.9392382201 
 1965 , 13566.8241714827 
 1966 , 13546.1861450066 
 1967 , 13511.2424089091 
 1968 , 13495.7557043228 
 1969 , 13499.3738186077 
 1970 , 13488.5142900792 
 1971 , 13471.2539240356 
 1972 , 13478.3232351204 
 1973 , 13485.8084567273 
 1974 , 13456.5230456704 
 1975 , 13416.5534597937 
 1976 , 13397.6096984171 
 1977 , 13385.046986556 
 1978 , 13364.2278578235 
 1979 , 13340.901773291 
 1980 , 13318.6893693402 
 1981 , 13294.289151374 
 1982 , 13265.9121491367 
 1983 , 13234.3543929094 
 1984 , 13207.0206836281 
 1985 , 13193.8634922336 
 1986 , 13190.7599228964 
 1987 , 13186.6354768407 
 1988 , 13167.9877347068 
 1989 , 13129.9456884011 
 1990 , 13096.004466675 
 1991 , 13081.1698458358 
 1992 , 13073.0837257306 
 1993 , 13067.1528009439 
 1994 , 13072.4509206369 
 1995 , 13080.8019154027 
 1996 , 13069.9701577234 
 1997 , 13040.4517598573 
 1998 , 13007.3309037657 
 1999 , 12990.3250592982 
 2000 , 13003.904140386 
 2001 , 13034.9771843948 
 2002 , 13062.9994103936 
 2003 , 13066.0713683095 
 2004 , 13040.5954985556 
 2005 , 13012.3467111222 
 2006 , 12989.6197688898 
 2007 , 12959.6540673203 
 2008 , 12917.5843085368 
 2009 , 12868.4165454132 
 2010 , 12844.099072831 
 2011 , 12871.1148670418 
 2012 , 12893.0362139357 
 2013 , 12861.1887499336 
 2014 , 12818.5955569175 
 2015 , 12797.7999008002 
 2016 , 12782.4803016872 
 2017 , 12766.0791517637 
 2018 , 12758.6146687665 
 2019 , 12751.9706521773 
 2020 , 12726.7573150005 
 2021 , 12693.106806703 
 2022 , 12671.0138467435 
 2023 , 12655.4887882974 
 2024 , 12637.3163077941 
 2025 , 12618.1276984996 
 2026 , 12604.0256304967 
 2027 , 12605.0289793624 
 2028 , 12609.4964095905 
 2029 , 12582.4778170211 
 2030 , 12539.6324567173 
 2031 , 12529.3869482975 
 2032 , 12537.2832225592 
 2033 , 12527.1205424447 
 2034 , 12509.4718654455 
 2035 , 12500.1061022502 
 2036 , 12488.8294545087 
 2037 , 12468.8778087609 
 2038 , 12447.8131976582 
 2039 , 12429.4976094756 
 2040 , 12411.4939216017 
 2041 , 12385.2371827609 
 2042 , 12342.0032948106 
 2043 , 12302.2243250474 
 2044 , 12290.351795646 
 2045 , 12292.6788086529 
 2046 , 12293.1260791144 
 2047 , 12295.2312082259 
 2048 , 12297.9463676148 
 2049 , 12288.8081116158 
 2050 , 12264.169118122 
 2051 , 12230.2128241098 
 2052 , 12196.6740269057 
 2053 , 12172.7131556752 
 2054 , 12152.8775267552 
 2055 , 12130.2145325724 
 2056 , 12110.8918797011 
 2057 , 12102.1160896571 
 2058 , 12107.1930038254 
 2059 , 12117.3367423292 
 2060 , 12110.9013772923 
 2061 , 12088.9028352342 
 2062 , 12068.3461684528 
 2063 , 12050.8304139381 
 2064 , 12029.113633549 
 2065 , 11989.6066947858 
 2066 , 11932.6856230908 
 2067 , 11897.4183927556 
 2068 , 11893.9775018044 
 2069 , 11881.9319579433 
 2070 , 11851.0534484404 
 2071 , 11821.1675791115 
 2072 , 11799.2156336868 
 2073 , 11784.3866813284 
 2074 , 11775.8845675892 
 2075 , 11773.3512435809 
 2076 , 11777.5127064959 
 2077 , 11780.6504464592 
 2078 , 11761.0307529552 
 2079 , 11715.0997086771 
 2080 , 11660.0797066707 
 2081 , 11620.4293490864 
 2082 , 11615.878844863 
 2083 , 11616.1439667763 
 2084 , 11590.5090898912 
 2085 , 11564.7568023864 
 2086 , 11560.2364806756 
 2087 , 11568.784950586 
 2088 , 11571.139598495 
 2089 , 11543.0526899718 
 2090 , 11503.405155885 
 2091 , 11490.8969680466 
 2092 , 11492.9506490131 
 2093 , 11482.1536157524 
 2094 , 11446.5131310694 
 2095 , 11396.6937460251 
 2096 , 11378.4171900769 
 2097 , 11400.1316442117 
 2098 , 11426.1459589551 
 2099 , 11432.6834699865 
 2100 , 11410.3761364281 
 2101 , 11380.9846487811 
 2102 , 11364.5209644651 
 2103 , 11339.0680440272 
 2104 , 11297.9117261952 
 2105 , 11275.3203843099 
 2106 , 11272.2345846502 
 2107 , 11254.4890615658 
 2108 , 11231.2453475545 
 2109 , 11230.0455824336 
 2110 , 11230.3304866716 
 2111 , 11207.0205105276 
 2112 , 11169.6066155616 
 2113 , 11134.2274231662 
 2114 , 11116.673221608 
 2115 , 11112.8637106405 
 2116 , 11102.3464170335 
 2117 , 11084.2730919466 
 2118 , 11067.3200618753 
 2119 , 11054.1578779181 
 2120 , 11042.5363428196 
 2121 , 11022.5607827223 
 2122 , 10990.9522295481 
 2123 , 10955.7650322088 
 2124 , 10933.7862744015 
 2125 , 10942.0826481267 
 2126 , 10954.3218842806 
 2127 , 10938.7598097586 
 2128 , 10915.347294674 
 2129 , 10900.8636967484 
 2130 , 10881.7367698227 
 2131 , 10852.1045907971 
 2132 , 10819.0585331036 
 2133 , 10792.6024786129 
 2134 , 10780.1866853536 
 2135 , 10767.5030293436 
 2136 , 10742.0696639424 
 2137 , 10717.5329732962 
 2138 , 10699.3132928714 
 2139 , 10674.3030594647 
 2140 , 10649.9657394008 
 2141 , 10648.5623712347 
 2142 , 10659.3803581995 
 2143 , 10659.6882488299 
 2144 , 10641.7396604233 
 2145 , 10611.7736800708 
 2146 , 10595.9245702955 
 2147 , 10588.5762783344 
 2148 , 10552.1682634371 
 2149 , 10518.9004799177 
 2150 , 10542.4307434114 
 2151 , 10556.9915873294 
 2152 , 10502.8435322656 
 2153 , 10439.8530952141 
 2154 , 10411.2001844328 
 2155 , 10408.0379058951 
 2156 , 10411.7055522546 
 2157 , 10402.547915959 
 2158 , 10384.975735837 
 2159 , 10371.529161292 
 2160 , 10368.371194012 
 2161 , 10371.9983131518 
 2162 , 10365.4168531446 
 2163 , 10349.8959933366 
 2164 , 10341.9886636843 
 2165 , 10332.4272570615 
 2166 , 10305.5308720424 
 2167 , 10273.4348949002 
 2168 , 10245.7034840215 
 2169 , 10212.8262770161 
 2170 , 10183.1103441669 
 2171 , 10182.5819913337 
 2172 , 10194.4857198847 
 2173 , 10185.2964091237 
 2174 , 10162.8060681034 
 2175 , 10146.2123667549 
 2176 , 10151.6417166076 
 2177 , 10163.8782558925 
 2178 , 10135.7848520279 
 2179 , 10088.9560140351 
 2180 , 10076.6044291684 
 2181 , 10075.2915165016 
 2182 , 10057.4877896604 
 2183 , 10050.498427659 
 2184 , 10055.6893385244 
 2185 , 10032.662909686 
 2186 , 9995.74717474395 
 2187 , 9987.90746551403 
 2188 , 9984.89468872417 
 2189 , 9958.77424299337 
 2190 , 9937.17635465154 
 2191 , 9926.98754033891 
 2192 , 9896.33287582689 
 2193 , 9856.50954781974 
 2194 , 9843.00194868723 
 2195 , 9836.23559895416 
 2196 , 9812.60774116513 
 2197 , 9794.08986973125 
 2198 , 9788.31726952161 
 2199 , 9773.58375712196 
 2200 , 9754.20138801398 
 2201 , 9750.19430066337 
 2202 , 9753.10068275496 
 2203 , 9750.03316820768 
 2204 , 9744.74449905842 
 2205 , 9736.42691890502 
 2206 , 9714.98335427043 
 2207 , 9681.32760442365 
 2208 , 9645.44251200748 
 2209 , 9621.95987145655 
 2210 , 9617.04549561282 
 2211 , 9611.10357456247 
 2212 , 9593.53220380343 
 2213 , 9570.1325599437 
 2214 , 9540.49901958821 
 2215 , 9502.84446742056 
 2216 , 9472.77839062473 
 2217 , 9462.23398921779 
 2218 , 9461.09398951799 
 2219 , 9452.31841499946 
 2220 , 9418.61810553725 
 2221 , 9385.25565111163 
 2222 , 9387.01917439639 
 2223 , 9388.61437767667 
 2224 , 9362.0524711458 
 2225 , 9334.84195790888 
 2226 , 9319.05277639082 
 2227 , 9304.69525586733 
 2228 , 9290.43174026174 
 2229 , 9277.93306845113 
 2230 , 9261.59910518555 
 2231 , 9243.36251954078 
 2232 , 9239.60244739913 
 2233 , 9231.99257928212 
 2234 , 9181.48243841323 
 2235 , 9125.29618519303 
 2236 , 9110.92377774056 
 2237 , 9116.39491587639 
 2238 , 9112.25805405642 
 2239 , 9079.79893376951 
 2240 , 9029.8335391993 
 2241 , 8992.65934830248 
 2242 , 8992.47219912512 
 2243 , 9026.10376874171 
 2244 , 9031.11021044304 
 2245 , 8991.47574764206 
 2246 , 8952.18977185095 
 2247 , 8928.48714596447 
 2248 , 8916.28381370615 
 2249 , 8909.21811104311 
 2250 , 8897.83821948771 
 2251 , 8869.48434706431 
 2252 , 8840.62743347383 
 2253 , 8846.11066688898 
 2254 , 8864.80586226588 
 2255 , 8863.99293894886 
 2256 , 8848.56859955991 
 2257 , 8828.26148039255 
 2258 , 8808.90827421446 
 2259 , 8786.19230308191 
 2260 , 8753.20559506465 
 2261 , 8722.4504319016 
 2262 , 8703.74578355209 
 2263 , 8688.63793021727 
 2264 , 8669.94532494855 
 2265 , 8644.44196715589 
 2266 , 8611.34475057324 
 2267 , 8578.37405807314 
 2268 , 8577.13649707457 
 2269 , 8607.53880848595 
 2270 , 8617.40864521173 
 2271 , 8586.48084255267 
 2272 , 8526.66534273959 
 2273 , 8483.44914473677 
 2274 , 8483.90630245869 
 2275 , 8492.29272231155 
 2276 , 8484.98459214828 
 2277 , 8460.67555862786 
 2278 , 8429.57382035995 
 2279 , 8404.39653143455 
 2280 , 8389.68603407436 
 2281 , 8380.84052993515 
 2282 , 8363.79455372281 
 2283 , 8340.57373264223 
 2284 , 8321.72073434787 
 2285 , 8304.3706364297 
 2286 , 8284.60119084575 
 2287 , 8264.54684825721 
 2288 , 8247.22083119379 
 2289 , 8235.95267835139 
 2290 , 8235.29439162612 
 2291 , 8241.00211459038 
 2292 , 8223.48208517158 
 2293 , 8183.53296782578 
 2294 , 8161.33606732583 
 2295 , 8153.93719317344 
 2296 , 8138.22711340892 
 2297 , 8115.3741580854 
 2298 , 8091.47978876906 
 2299 , 8070.4150522228 
 2300 , 8050.15611707503 
 2301 , 8026.60491770328 
 2302 , 8007.80016441506 
 2303 , 8002.144398833 
 2304 , 8009.19477816585 
 2305 , 8013.56153348548 
 2306 , 7992.23035149802 
 2307 , 7965.29487569488 
 2308 , 7953.56375089733 
 2309 , 7925.65986588756 
 2310 , 7881.30984686032 
 2311 , 7865.42172551183 
 2312 , 7869.69770557921 
 2313 , 7862.85140470883 
 2314 , 7845.71111057714 
 2315 , 7824.02084623808 
 2316 , 7799.81258740568 
 2317 , 7780.68274023977 
 2318 , 7775.06312371486 
 2319 , 7775.8233501041 
 2320 , 7772.88778450826 
 2321 , 7759.79127405733 
 2322 , 7736.8530483749 
 2323 , 7710.30806425971 
 2324 , 7689.25246389669 
 2325 , 7679.26919947314 
 2326 , 7675.20326359702 
 2327 , 7665.54544904384 
 2328 , 7637.09106769251 
 2329 , 7599.68399390657 
 2330 , 7574.25291801106 
 2331 , 7582.84756019978 
 2332 , 7604.96055739001 
 2333 , 7578.94583442564 
 2334 , 7526.00662920322 
 2335 , 7496.47805938644 
 2336 , 7491.15284811749 
 2337 , 7493.60613528077 
 2338 , 7480.66132813111 
 2339 , 7457.30189480433 
