11-20-2017,17:14:12
Wavenumber(cm-1),Intensity
 250 , 10 
 251 , 10 
 252 , 10 
 253 , 10 
 254 , 10 
 255 ,-64.73046875 
 256 ,-14.3984375 
 257 , 57.81640625 
 258 , 106.80859375 
 259 , 117 
 260 , 88.76171875 
 261 , 35.1015625 
 262 ,-16.09375 
 263 ,-48.87109375 
 264 ,-56.93359375 
 265 ,-33.90625 
 266 , 24.48046875 
 267 , 101.28515625 
 268 , 164.9609375 
 269 , 191.3828125 
 270 , 175.88671875 
 271 , 124.109375 
 272 , 55.4609375 
 273 , 0.30859375 
 274 ,-8.21875 
 275 , 23.55859375 
 276 , 64.0625 
 277 , 88.2734375 
 278 , 106.796875 
 279 , 139.4609375 
 280 , 194.0859375 
 281 , 251.8515625 
 282 , 287.44921875 
 283 , 299.53515625 
 284 , 306.26953125 
 285 , 323.61328125 
 286 , 345.5625 
 287 , 356.62890625 
 288 , 346.20703125 
 289 , 321.41796875 
 290 , 293.08984375 
 291 , 274.3828125 
 292 , 278.40625 
 293 , 313.734375 
 294 , 354.6484375 
 295 , 358.7890625 
 296 , 301.3828125 
 297 , 212.68359375 
 298 , 133.328125 
 299 , 84.20703125 
 300 , 60.00390625 
 301 , 53.27734375 
 302 , 55.26171875 
 303 , 56.87890625 
 304 , 52.92578125 
 305 , 50.546875 
 306 , 59.24609375 
 307 , 79.89453125 
 308 , 102.640625 
 309 , 118.296875 
 310 , 129.13671875 
 311 , 143.32421875 
 312 , 166.66015625 
 313 , 197.52734375 
 314 , 232.90234375 
 315 , 268.80859375 
 316 , 297.1796875 
 317 , 309.8984375 
 318 , 312.4296875 
 319 , 322.703125 
 320 , 354.203125 
 321 , 393.1796875 
 322 , 416.5 
 323 , 411.4140625 
 324 , 385.78125 
 325 , 349.84375 
 326 , 315.72265625 
 327 , 298.37890625 
 328 , 309.94140625 
 329 , 342.953125 
 330 , 381.96875 
 331 , 417.265625 
 332 , 453.78125 
 333 , 498.4296875 
 334 , 550.07421875 
 335 , 599.1171875 
 336 , 636.54296875 
 337 , 659.5390625 
 338 , 667.85546875 
 339 , 662.3203125 
 340 , 647.1328125 
 341 , 627.0859375 
 342 , 606.0859375 
 343 , 587.140625 
 344 , 572.046875 
 345 , 553.7578125 
 346 , 521.15625 
 347 , 470.75390625 
 348 , 420.33984375 
 349 , 390.67578125 
 350 , 383.83984375 
 351 , 381.01953125 
 352 , 365.32421875 
 353 , 342.12109375 
 354 , 326.83203125 
 355 , 329.00390625 
 356 , 342.04296875 
 357 , 356.76171875 
 358 , 366.6953125 
 359 , 368.26953125 
 360 , 358.23828125 
 361 , 334.15234375 
 362 , 293.80859375 
 363 , 242.53515625 
 364 , 205.8671875 
 365 , 211.3828125 
 366 , 255.921875 
 367 , 303.953125 
 368 , 322.9140625 
 369 , 310.6953125 
 370 , 278.0078125 
 371 , 239.1328125 
 372 , 216.57421875 
 373 , 232.6640625 
 374 , 280.60546875 
 375 , 325.58984375 
 376 , 338.27734375 
 377 , 329.78125 
 378 , 326.54296875 
 379 , 341.9375 
 380 , 361.05859375 
 381 , 366.0703125 
 382 , 351.359375 
 383 , 321.4765625 
 384 , 282.52734375 
 385 , 248.10546875 
 386 , 234.58984375 
 387 , 248.515625 
 388 , 276.30859375 
 389 , 302.328125 
 390 , 318.31640625 
 391 , 322.5 
 392 , 315.39453125 
 393 , 305.80859375 
 394 , 304.23828125 
 395 , 310.34375 
 396 , 306.77734375 
 397 , 276.94140625 
 398 , 228.609375 
 399 , 185.2265625 
 400 , 164.40625 
 401 , 162.29296875 
 402 , 170.5625 
 403 , 183.30078125 
 404 , 196.37890625 
 405 , 206.1953125 
 406 , 214.78515625 
 407 , 226.765625 
 408 , 244.69140625 
 409 , 265.984375 
 410 , 287.60546875 
 411 , 309.32421875 
 412 , 333.86328125 
 413 , 362.69140625 
 414 , 388.3125 
 415 , 399.7890625 
 416 , 392.96875 
 417 , 377.30859375 
 418 , 362.98828125 
 419 , 351.6171875 
 420 , 340.28515625 
 421 , 327.31640625 
 422 , 312.69921875 
 423 , 294.8984375 
 424 , 274.23046875 
 425 , 255.75 
 426 , 244.86328125 
 427 , 241.25 
 428 , 240.515625 
 429 , 236.18359375 
 430 , 217.765625 
 431 , 176.07421875 
 432 , 117.60546875 
 433 , 66.75390625 
 434 , 45.05859375 
 435 , 45.0546875 
 436 , 44.0078125 
 437 , 32.08203125 
 438 , 31.70703125 
 439 , 68.53515625 
 440 , 139.82421875 
 441 , 219.796875 
 442 , 286.109375 
 443 , 334.87890625 
 444 , 367.2890625 
 445 , 382.5703125 
 446 , 377.04296875 
 447 , 347.6875 
 448 , 300.62890625 
 449 , 247.56640625 
 450 , 197.5546875 
 451 , 152.79296875 
 452 , 115.46484375 
 453 , 88.49609375 
 454 , 73.98828125 
 455 , 72.53515625 
 456 , 77.23828125 
 457 , 77.2109375 
 458 , 69.2421875 
 459 , 66.6484375 
 460 , 83.5078125 
 461 , 114.203125 
 462 , 138.60546875 
 463 , 141.578125 
 464 , 129.44921875 
 465 , 114.05078125 
 466 , 102.28125 
 467 , 94.26171875 
 468 , 89.640625 
 469 , 88.4140625 
 470 , 90.5859375 
 471 , 94.88671875 
 472 , 98.015625 
 473 , 97.1328125 
 474 , 90.46484375 
 475 , 77.82421875 
 476 , 62.05078125 
 477 , 57.2890625 
 478 , 78.94140625 
 479 , 126.4609375 
 480 , 176.02734375 
 481 , 204.6171875 
 482 , 211.96484375 
 483 , 207.74609375 
 484 , 199.7109375 
 485 , 193.9140625 
 486 , 197.859375 
 487 , 208.7109375 
 488 , 215.578125 
 489 , 212.046875 
 490 , 210.21484375 
 491 , 225.03125 
 492 , 257.56640625 
 493 , 290.90234375 
 494 , 309.9296875 
 495 , 315.49609375 
 496 , 311.23828125 
 497 , 299.77734375 
 498 , 289.12890625 
 499 , 292.984375 
 500 , 324.6875 
 501 , 390.265625 
 502 , 482.66015625 
 503 , 554.23828125 
 504 , 554.12109375 
 505 , 485.828125 
 506 , 420.2578125 
 507 , 419.13671875 
 508 , 462.12109375 
 509 , 495.6875 
 510 , 491.71484375 
 511 , 472.79296875 
 512 , 463.55859375 
 513 , 464.8515625 
 514 , 462.39453125 
 515 , 447.36328125 
 516 , 429 
 517 , 419.79296875 
 518 , 417.5625 
 519 , 404.76953125 
 520 , 368.40234375 
 521 , 322.69140625 
 522 , 291.21875 
 523 , 285.7578125 
 524 , 297.54296875 
 525 , 315.99609375 
 526 , 334.546875 
 527 , 346.796875 
 528 , 349.45703125 
 529 , 350.2265625 
 530 , 359.0859375 
 531 , 375.93359375 
 532 , 391.73828125 
 533 , 399.21875 
 534 , 401.3359375 
 535 , 406.0859375 
 536 , 416.87890625 
 537 , 428.140625 
 538 , 432.12109375 
 539 , 424.94140625 
 540 , 407.734375 
 541 , 386.98828125 
 542 , 376.140625 
 543 , 385.9140625 
 544 , 408.41015625 
 545 , 422.875 
 546 , 416.4375 
 547 , 403.0546875 
 548 , 404.0078125 
 549 , 423.02734375 
 550 , 444.11328125 
 551 , 451.2890625 
 552 , 442.95703125 
 553 , 425.609375 
 554 , 410.4609375 
 555 , 413.41015625 
 556 , 446.73828125 
 557 , 499.66796875 
 558 , 548.66796875 
 559 , 577.41796875 
 560 , 588.3515625 
 561 , 590.56640625 
 562 , 590.34375 
 563 , 584.234375 
 564 , 566.1796875 
 565 , 536.09375 
 566 , 501.1015625 
 567 , 473.43359375 
 568 , 466.66796875 
 569 , 487.3046875 
 570 , 520.25 
 571 , 544.4296875 
 572 , 552.625 
 573 , 557.65234375 
 574 , 574.703125 
 575 , 601.2265625 
 576 , 620.4765625 
 577 , 621.28515625 
 578 , 607.98046875 
 579 , 590.23046875 
 580 , 573.37109375 
 581 , 559.62890625 
 582 , 552.06640625 
 583 , 556.86328125 
 584 , 579.95703125 
 585 , 610.828125 
 586 , 628.359375 
 587 , 623.05859375 
 588 , 614.9375 
 589 , 622.89453125 
 590 , 632.27734375 
 591 , 606.52734375 
 592 , 525.95703125 
 593 , 422 
 594 , 337.34765625 
 595 , 287.7890625 
 596 , 260.265625 
 597 , 240.6171875 
 598 , 227.94921875 
 599 , 228.984375 
 600 , 242.6875 
 601 , 255.06640625 
 602 , 251.38671875 
 603 , 232.890625 
 604 , 208.98046875 
 605 , 191.34765625 
 606 , 189.9296875 
 607 , 206.08984375 
 608 , 224.76953125 
 609 , 229.98828125 
 610 , 218.05078125 
 611 , 203.26171875 
 612 , 203.2734375 
 613 , 218.890625 
 614 , 237.2265625 
 615 , 248.98828125 
 616 , 260.98828125 
 617 , 283.984375 
 618 , 323.984375 
 619 , 376.640625 
 620 , 429.2734375 
 621 , 466.9921875 
 622 , 487.7109375 
 623 , 506.17578125 
 624 , 542.89453125 
 625 , 603.6171875 
 626 , 662.55078125 
 627 , 691.21875 
 628 , 679.59375 
 629 , 633.84375 
 630 , 565.19921875 
 631 , 500.99609375 
 632 , 468.234375 
 633 , 474.15234375 
 634 , 510.49609375 
 635 , 571.0625 
 636 , 633.171875 
 637 , 660.37109375 
 638 , 635.48828125 
 639 , 575.51953125 
 640 , 507.89453125 
 641 , 451.88671875 
 642 , 416.77734375 
 643 , 402.6484375 
 644 , 404.2265625 
 645 , 418.8671875 
 646 , 437.6484375 
 647 , 446.26953125 
 648 , 437.7578125 
 649 , 419.91796875 
 650 , 401.84375 
 651 , 383.47265625 
 652 , 363.0078125 
 653 , 338.65625 
 654 , 304.9453125 
 655 , 257.26953125 
 656 , 219.86328125 
 657 , 228.9140625 
 658 , 289.0078125 
 659 , 350.18359375 
 660 , 365.37109375 
 661 , 339.953125 
 662 , 303.1875 
 663 , 273.65234375 
 664 , 252.74609375 
 665 , 241.5234375 
 666 , 239.78515625 
 667 , 247.41015625 
 668 , 262.15625 
 669 , 274.55859375 
 670 , 272.83203125 
 671 , 259.91015625 
 672 , 250.8828125 
 673 , 255.83203125 
 674 , 263.55078125 
 675 , 253.8203125 
 676 , 220.7890625 
 677 , 174.640625 
 678 , 134.06640625 
 679 , 116.68359375 
 680 , 128.0234375 
 681 , 155.74609375 
 682 , 185.0234375 
 683 , 213.2734375 
 684 , 246.3671875 
 685 , 283.03515625 
 686 , 318.921875 
 687 , 353.59765625 
 688 , 389.015625 
 689 , 419.01171875 
 690 , 431.40234375 
 691 , 421.75 
 692 , 394.0859375 
 693 , 359.171875 
 694 , 334.1328125 
 695 , 333.0625 
 696 , 350.69140625 
 697 , 374.04296875 
 698 , 398.63671875 
 699 , 427.51171875 
 700 , 456.91015625 
 701 , 482.6953125 
 702 , 504.1875 
 703 , 521.66796875 
 704 , 531.90625 
 705 , 532.29296875 
 706 , 525.421875 
 707 , 514.63671875 
 708 , 496.984375 
 709 , 464.13671875 
 710 , 417.765625 
 711 , 376.9375 
 712 , 360.8515625 
 713 , 367.50390625 
 714 , 375.95703125 
 715 , 377.265625 
 716 , 375.37109375 
 717 , 370.57421875 
 718 , 351.09375 
 719 , 302.96875 
 720 , 224.13671875 
 721 , 150.53125 
 722 , 129.21484375 
 723 , 164.359375 
 724 , 201.7265625 
 725 , 196.96484375 
 726 , 162.84765625 
 727 , 130.54296875 
 728 , 114.09765625 
 729 , 108.25 
 730 , 107.8984375 
 731 , 107.65234375 
 732 , 102.515625 
 733 , 94.703125 
 734 , 93.8125 
 735 , 103.8203125 
 736 , 118.203125 
 737 , 131.91796875 
 738 , 149.92578125 
 739 , 181.2265625 
 740 , 222.53125 
 741 , 255.203125 
 742 , 266.5859375 
 743 , 266.91796875 
 744 , 276.8125 
 745 , 300.3515625 
 746 , 322.09375 
 747 , 331.2734375 
 748 , 330.21875 
 749 , 322.8359375 
 750 , 304.74609375 
 751 , 278.21484375 
 752 , 256.140625 
 753 , 246.53515625 
 754 , 245.23828125 
 755 , 243.05859375 
 756 , 241.07421875 
 757 , 247.359375 
 758 , 263.015625 
 759 , 279.52734375 
 760 , 289.109375 
 761 , 300.74609375 
 762 , 327.9375 
 763 , 365.515625 
 764 , 395.42578125 
 765 , 402.21484375 
 766 , 384.69140625 
 767 , 351.2734375 
 768 , 317.578125 
 769 , 296.05859375 
 770 , 282.6328125 
 771 , 262.52734375 
 772 , 233.5 
 773 , 208.703125 
 774 , 196.7109375 
 775 , 190.89453125 
 776 , 182.296875 
 777 , 174.90625 
 778 , 176.3125 
 779 , 185 
 780 , 188.82421875 
 781 , 177.41796875 
 782 , 153.32421875 
 783 , 129.6328125 
 784 , 114.1875 
 785 , 99.328125 
 786 , 71.8828125 
 787 , 33.86328125 
 788 , 8.20703125 
 789 , 15.2578125 
 790 , 47.6875 
 791 , 85.26171875 
 792 , 112.87109375 
 793 , 125.57421875 
 794 , 126.7578125 
 795 , 136.1171875 
 796 , 170.86328125 
 797 , 219.953125 
 798 , 253.29296875 
 799 , 257.53515625 
 800 , 247.9296875 
 801 , 238.01953125 
 802 , 220.75390625 
 803 , 182.51171875 
 804 , 131.91015625 
 805 , 103.61328125 
 806 , 124.73828125 
 807 , 180.8828125 
 808 , 238.73046875 
 809 , 277.3671875 
 810 , 290.828125 
 811 , 276.734375 
 812 , 250.359375 
 813 , 234.265625 
 814 , 237.06640625 
 815 , 249.59375 
 816 , 264.234375 
 817 , 279.4765625 
 818 , 293.3984375 
 819 , 302.94140625 
 820 , 308.94921875 
 821 , 314.85546875 
 822 , 313.07421875 
 823 , 292.57421875 
 824 , 261.65625 
 825 , 245.19140625 
 826 , 258.53515625 
 827 , 290.3203125 
 828 , 324.51953125 
 829 , 358.23046875 
 830 , 397.28125 
 831 , 440.33984375 
 832 , 470.515625 
 833 , 471.41796875 
 834 , 448.62890625 
 835 , 417.5859375 
 836 , 387.6171875 
 837 , 355.3828125 
 838 , 317.5078125 
 839 , 285.66015625 
 840 , 275.6171875 
 841 , 286.2109375 
 842 , 301.20703125 
 843 , 306.64453125 
 844 , 304.734375 
 845 , 302.79296875 
 846 , 302.703125 
 847 , 300.671875 
 848 , 291.09765625 
 849 , 271.62109375 
 850 , 246.23828125 
 851 , 239.4140625 
 852 , 278.078125 
 853 , 344.234375 
 854 , 380.6953125 
 855 , 354.890625 
 856 , 300.3203125 
 857 , 257.671875 
 858 , 242.0234375 
 859 , 255.1953125 
 860 , 290.64453125 
 861 , 325.28125 
 862 , 339.20703125 
 863 , 341.38671875 
 864 , 350.3046875 
 865 , 366.7109375 
 866 , 372.59375 
 867 , 356.5625 
 868 , 336.75 
 869 , 338.20703125 
 870 , 363.07421875 
 871 , 393.6171875 
 872 , 417.09765625 
 873 , 441.6328125 
 874 , 480.41796875 
 875 , 540.59765625 
 876 , 622.3125 
 877 , 707.47265625 
 878 , 766.24609375 
 879 , 786.546875 
 880 , 796.43359375 
 881 , 826.8359375 
 882 , 884.4921875 
 883 , 964.42578125 
 884 , 1051.171875 
 885 , 1099.32421875 
 886 , 1067.0078125 
 887 , 978.52734375 
 888 , 887.3203125 
 889 , 818.70703125 
 890 , 760.76953125 
 891 , 700.66015625 
 892 , 634.671875 
 893 , 562.2578125 
 894 , 486.19140625 
 895 , 410.75 
 896 , 337.78125 
 897 , 262.60546875 
 898 , 182.17578125 
 899 , 114.17578125 
 900 , 84.3203125 
 901 , 89.75 
 902 , 93.62890625 
 903 , 69.97265625 
 904 , 35.63671875 
 905 , 14.69921875 
 906 , 10.859375 
 907 , 14.8359375 
 908 , 21.55859375 
 909 , 33.96484375 
 910 , 53.65625 
 911 , 77.1640625 
 912 , 100.90625 
 913 , 122.17578125 
 914 , 135.05078125 
 915 , 134.05078125 
 916 , 122.375 
 917 , 106.46484375 
 918 , 93.17578125 
 919 , 87.29296875 
 920 , 85.46484375 
 921 , 76.58984375 
 922 , 58.3125 
 923 , 60.0703125 
 924 , 115 
 925 , 197.26953125 
 926 , 235.40625 
 927 , 195.08984375 
 928 , 124.92578125 
 929 , 77.25 
 930 , 63.3828125 
 931 , 79.18359375 
 932 , 113.578125 
 933 , 141.44140625 
 934 , 142.4453125 
 935 , 125.5390625 
 936 , 106.77734375 
 937 , 92.94921875 
 938 , 82.62109375 
 939 , 74.19921875 
 940 , 66.765625 
 941 , 57.8203125 
 942 , 44.46875 
 943 , 22.70703125 
 944 , 0.578125 
 945 ,-6.02734375 
 946 , 9.6015625 
 947 , 37.21484375 
 948 , 66.1640625 
 949 , 91.1796875 
 950 , 106.89453125 
 951 , 116.81640625 
 952 , 138.375 
 953 , 177.51171875 
 954 , 210.453125 
 955 , 211.6015625 
 956 , 193.06640625 
 957 , 186.75 
 958 , 200.26171875 
 959 , 207.0703125 
 960 , 187.03515625 
 961 , 153.5859375 
 962 , 127.23046875 
 963 , 112.91015625 
 964 , 104.390625 
 965 , 94.015625 
 966 , 75.82421875 
 967 , 49.23828125 
 968 , 33.3671875 
 969 , 50.87890625 
 970 , 97.26953125 
 971 , 146.7421875 
 972 , 181.953125 
 973 , 201.38671875 
 974 , 205.55859375 
 975 , 200.33984375 
 976 , 194.5234375 
 977 , 192.0625 
 978 , 190.3125 
 979 , 181.79296875 
 980 , 150.27734375 
 981 , 84.62890625 
 982 , 23.54296875 
 983 , 28.140625 
 984 , 98.203125 
 985 , 157.078125 
 986 , 150.078125 
 987 , 105.74609375 
 988 , 65.546875 
 989 , 43.08984375 
 990 , 38.203125 
 991 , 47.80859375 
 992 , 62.625 
 993 , 75.859375 
 994 , 95.66015625 
 995 , 132.76171875 
 996 , 177.8125 
 997 , 208.08203125 
 998 , 229.46484375 
 999 , 293.9609375 
 1000 , 439.61328125 
 1001 , 630.48828125 
 1002 , 815.92578125 
 1003 , 998.54296875 
 1004 , 1216.28515625 
 1005 , 1461.3359375 
 1006 , 1650.30078125 
 1007 , 1709.65234375 
 1008 , 1633.67578125 
 1009 , 1435.5703125 
 1010 , 1154.16796875 
 1011 , 849.5390625 
 1012 , 573.984375 
 1013 , 361.0078125 
 1014 , 231.578125 
 1015 , 167.87109375 
 1016 , 143.35546875 
 1017 , 139.1875 
 1018 , 139.96484375 
 1019 , 134.17578125 
 1020 , 118.328125 
 1021 , 92.234375 
 1022 , 65.47265625 
 1023 , 49.5078125 
 1024 , 46.546875 
 1025 , 52.50390625 
 1026 , 63.76171875 
 1027 , 79.6484375 
 1028 , 100.73046875 
 1029 , 125.640625 
 1030 , 151.1328125 
 1031 , 173.35546875 
 1032 , 189.4296875 
 1033 , 201.4140625 
 1034 , 218.2265625 
 1035 , 244.68359375 
 1036 , 268.03125 
 1037 , 272.921875 
 1038 , 264.54296875 
 1039 , 261.2890625 
 1040 , 266.484375 
 1041 , 259.2734375 
 1042 , 224.765625 
 1043 , 181.19140625 
 1044 , 153.91015625 
 1045 , 151.8984375 
 1046 , 173.015625 
 1047 , 208.21484375 
 1048 , 240.06640625 
 1049 , 259.2421875 
 1050 , 286 
 1051 , 342.97265625 
 1052 , 414.0703125 
 1053 , 462.2578125 
 1054 , 473.82421875 
 1055 , 465.42578125 
 1056 , 452.9609375 
 1057 , 443.05078125 
 1058 , 439.5625 
 1059 , 440.55859375 
 1060 , 441.53515625 
 1061 , 434.3671875 
 1062 , 406.5859375 
 1063 , 357.078125 
 1064 , 315.5625 
 1065 , 311.68359375 
 1066 , 341.0390625 
 1067 , 385.35546875 
 1068 , 423.30859375 
 1069 , 430.58203125 
 1070 , 397.51171875 
 1071 , 345.56640625 
 1072 , 297.18359375 
 1073 , 259.453125 
 1074 , 233.95703125 
 1075 , 215.56640625 
 1076 , 194.640625 
 1077 , 175.6796875 
 1078 , 186.765625 
 1079 , 243.9921875 
 1080 , 307.16015625 
 1081 , 327.7421875 
 1082 , 316.171875 
 1083 , 316.85546875 
 1084 , 344.78125 
 1085 , 376.0078125 
 1086 , 390.703125 
 1087 , 389.55859375 
 1088 , 377.8125 
 1089 , 365.26953125 
 1090 , 363.0703125 
 1091 , 369.6015625 
 1092 , 370.828125 
 1093 , 363.10546875 
 1094 , 366.8359375 
 1095 , 396.79296875 
 1096 , 420.734375 
 1097 , 394.57421875 
 1098 , 331.29296875 
 1099 , 286.66796875 
 1100 , 284 
 1101 , 291.25 
 1102 , 280.06640625 
 1103 , 256.24609375 
 1104 , 232.6328125 
 1105 , 211.28515625 
 1106 , 188.34375 
 1107 , 161.44921875 
 1108 , 130.046875 
 1109 , 97.890625 
 1110 , 79.37109375 
 1111 , 86.88671875 
 1112 , 110.03515625 
 1113 , 130.265625 
 1114 , 142.50390625 
 1115 , 152.546875 
 1116 , 161.98828125 
 1117 , 163.65625 
 1118 , 146.65234375 
 1119 , 110.28515625 
 1120 , 55.9375 
 1121 , 5.8984375 
 1122 ,-8.109375 
 1123 , 14.5390625 
 1124 , 41.15625 
 1125 , 50.20703125 
 1126 , 48.76953125 
 1127 , 45.6953125 
 1128 , 47.61328125 
 1129 , 65.68359375 
 1130 , 92.12890625 
 1131 , 107.3828125 
 1132 , 102.03515625 
 1133 , 87.1875 
 1134 , 75.2109375 
 1135 , 71.796875 
 1136 , 79.64453125 
 1137 , 93.875 
 1138 , 106.51953125 
 1139 , 112.76953125 
 1140 , 111.5390625 
 1141 , 103.40234375 
 1142 , 90.33984375 
 1143 , 74.171875 
 1144 , 58.98046875 
 1145 , 50.30859375 
 1146 , 45.5703125 
 1147 , 37.9765625 
 1148 , 24.5859375 
 1149 , 11.08203125 
 1150 , 5.83203125 
 1151 , 16.17578125 
 1152 , 45.07421875 
 1153 , 83.140625 
 1154 , 120.140625 
 1155 , 147.94921875 
 1156 , 154.05859375 
 1157 , 140.71875 
 1158 , 137.4375 
 1159 , 166.96484375 
 1160 , 213.859375 
 1161 , 255.13671875 
 1162 , 279.93359375 
 1163 , 284.1796875 
 1164 , 274.7109375 
 1165 , 268.80859375 
 1166 , 275.5390625 
 1167 , 282.3359375 
 1168 , 277.390625 
 1169 , 270.609375 
 1170 , 278.83984375 
 1171 , 313.640625 
 1172 , 381.90234375 
 1173 , 467.8203125 
 1174 , 531.7109375 
 1175 , 549.15234375 
 1176 , 531.1796875 
 1177 , 491.984375 
 1178 , 438.2265625 
 1179 , 375.74609375 
 1180 , 324.328125 
 1181 , 310.79296875 
 1182 , 335.234375 
 1183 , 367.09765625 
 1184 , 385.1015625 
 1185 , 394.12890625 
 1186 , 402.9296875 
 1187 , 418.55078125 
 1188 , 445.1171875 
 1189 , 468.6953125 
 1190 , 466.17578125 
 1191 , 438 
 1192 , 411.15234375 
 1193 , 403.3125 
 1194 , 405.06640625 
 1195 , 406.41015625 
 1196 , 418.83203125 
 1197 , 458.359375 
 1198 , 505.21875 
 1199 , 518.57421875 
 1200 , 496.36328125 
 1201 , 482.484375 
 1202 , 496.8515625 
 1203 , 500.6484375 
 1204 , 461.09375 
 1205 , 402.921875 
 1206 , 362.5703125 
 1207 , 349.69140625 
 1208 , 359.86328125 
 1209 , 376.69921875 
 1210 , 372.9609375 
 1211 , 337.75390625 
 1212 , 297.3984375 
 1213 , 276.96875 
 1214 , 262.984375 
 1215 , 232.484375 
 1216 , 202.85546875 
 1217 , 211.765625 
 1218 , 254.46484375 
 1219 , 289.96484375 
 1220 , 292.42578125 
 1221 , 267.015625 
 1222 , 227.66015625 
 1223 , 191.25390625 
 1224 , 169.32421875 
 1225 , 159.828125 
 1226 , 158.1015625 
 1227 , 160.50390625 
 1228 , 165.5859375 
 1229 , 169.42578125 
 1230 , 157.625 
 1231 , 128.69921875 
 1232 , 79.2578125 
 1233 , 13.82421875 
 1234 ,-15.703125 
 1235 , 43.75390625 
 1236 , 147.3828125 
 1237 , 209.5234375 
 1238 , 214.8359375 
 1239 , 200.796875 
 1240 , 188.02734375 
 1241 , 193.5625 
 1242 , 223.703125 
 1243 , 252.796875 
 1244 , 246.52734375 
 1245 , 222.3984375 
 1246 , 228.3984375 
 1247 , 282.6015625 
 1248 , 370.7578125 
 1249 , 454.39453125 
 1250 , 475.796875 
 1251 , 417.546875 
 1252 , 345.96484375 
 1253 , 321.09765625 
 1254 , 332.66015625 
 1255 , 350.8046875 
 1256 , 348.046875 
 1257 , 304.27734375 
 1258 , 232.20703125 
 1259 , 164.6484375 
 1260 , 116.91796875 
 1261 , 73.55859375 
 1262 , 27.68359375 
 1263 , 1.23828125 
 1264 , 13.37890625 
 1265 , 50.4609375 
 1266 , 92.30859375 
 1267 , 131.07421875 
 1268 , 158.51171875 
 1269 , 162.3984375 
 1270 , 142.92578125 
 1271 , 112.2109375 
 1272 , 86.37109375 
 1273 , 68.921875 
 1274 , 59.765625 
 1275 , 68.04296875 
 1276 , 85.71875 
 1277 , 87.21875 
 1278 , 63.140625 
 1279 , 27.60546875 
 1280 , 8.68359375 
 1281 , 35.98828125 
 1282 , 112.35546875 
 1283 , 200.4921875 
 1284 , 267.82421875 
 1285 , 309.14453125 
 1286 , 328.2265625 
 1287 , 338.11328125 
 1288 , 349.71484375 
 1289 , 359.921875 
 1290 , 361.1953125 
 1291 , 346.46484375 
 1292 , 302.95703125 
 1293 , 232.33203125 
 1294 , 168.9453125 
 1295 , 138.33203125 
 1296 , 127.23828125 
 1297 , 119.51953125 
 1298 , 111.49609375 
 1299 , 99.55859375 
 1300 , 89.30859375 
 1301 , 97.2421875 
 1302 , 123.66015625 
 1303 , 145.03125 
 1304 , 144.60546875 
 1305 , 130.21484375 
 1306 , 114.42578125 
 1307 , 100.45703125 
 1308 , 86.72265625 
 1309 , 77.9609375 
 1310 , 82.23046875 
 1311 , 104.125 
 1312 , 145.66015625 
 1313 , 183.0234375 
 1314 , 171.34375 
 1315 , 108.16796875 
 1316 , 53.21484375 
 1317 , 48.28125 
 1318 , 76.05859375 
 1319 , 112.45703125 
 1320 , 152.1640625 
 1321 , 195.53515625 
 1322 , 231.74609375 
 1323 , 243.62890625 
 1324 , 233.59765625 
 1325 , 223.4921875 
 1326 , 224.08203125 
 1327 , 225.703125 
 1328 , 218.47265625 
 1329 , 201.66796875 
 1330 , 184.96484375 
 1331 , 198.43359375 
 1332 , 261.1796875 
 1333 , 323.4453125 
 1334 , 322.44921875 
 1335 , 278.3125 
 1336 , 251.8046875 
 1337 , 256.5625 
 1338 , 268.50390625 
 1339 , 275.1953125 
 1340 , 281.6796875 
 1341 , 293.09765625 
 1342 , 310.8125 
 1343 , 335.0625 
 1344 , 361.2890625 
 1345 , 381.94921875 
 1346 , 393.375 
 1347 , 396.48046875 
 1348 , 396.296875 
 1349 , 400.6171875 
 1350 , 411.6796875 
 1351 , 422.6484375 
 1352 , 429.19921875 
 1353 , 438.48828125 
 1354 , 457.18359375 
 1355 , 476.43359375 
 1356 , 484.1875 
 1357 , 483.671875 
 1358 , 483.0078125 
 1359 , 472.25390625 
 1360 , 433.65625 
 1361 , 375.80078125 
 1362 , 327.27734375 
 1363 , 302.671875 
 1364 , 295.7578125 
 1365 , 303.82421875 
 1366 , 339.67578125 
 1367 , 397.3046875 
 1368 , 420.0234375 
 1369 , 369.96875 
 1370 , 302.06640625 
 1371 , 278.37109375 
 1372 , 280.890625 
 1373 , 267.515625 
 1374 , 246.15234375 
 1375 , 247.65625 
 1376 , 267.80078125 
 1377 , 283.25390625 
 1378 , 283.51171875 
 1379 , 263.39453125 
 1380 , 218.00390625 
 1381 , 148.59765625 
 1382 , 72.109375 
 1383 , 38.3046875 
 1384 , 79.40625 
 1385 , 147.78515625 
 1386 , 183.4375 
 1387 , 170.1953125 
 1388 , 110.7109375 
 1389 , 38.859375 
 1390 , 1.83984375 
 1391 , 9.66796875 
 1392 , 36.9296875 
 1393 , 66.52734375 
 1394 , 103.22265625 
 1395 , 142.62890625 
 1396 , 149.79296875 
 1397 , 105.875 
 1398 , 50.53125 
 1399 , 27.45703125 
 1400 , 26.80859375 
 1401 , 21.140625 
 1402 , 10.12109375 
 1403 , 9.93359375 
 1404 , 20.79296875 
 1405 , 27.2421875 
 1406 , 24.02734375 
 1407 , 21.4609375 
 1408 , 26.8984375 
 1409 , 36.8828125 
 1410 , 47.34375 
 1411 , 63.95703125 
 1412 , 94.12890625 
 1413 , 128.22265625 
 1414 , 151.89453125 
 1415 , 180.15625 
 1416 , 237.75390625 
 1417 , 297.49609375 
 1418 , 307.33203125 
 1419 , 279.265625 
 1420 , 271.12109375 
 1421 , 291.48828125 
 1422 , 293.70703125 
 1423 , 259.1484375 
 1424 , 221.734375 
 1425 , 208.30078125 
 1426 , 211.2734375 
 1427 , 217.23828125 
 1428 , 226.51171875 
 1429 , 244.5703125 
 1430 , 263.09765625 
 1431 , 268.484375 
 1432 , 265.40234375 
 1433 , 266.3515625 
 1434 , 269.828125 
 1435 , 265.4296875 
 1436 , 259.73828125 
 1437 , 272.58984375 
 1438 , 297.01171875 
 1439 , 303.6640625 
 1440 , 282.36328125 
 1441 , 242.953125 
 1442 , 214.4296875 
 1443 , 259.03125 
 1444 , 389.2421875 
 1445 , 493.125 
 1446 , 485.7109375 
 1447 , 428.53515625 
 1448 , 397.12109375 
 1449 , 398.10546875 
 1450 , 422.51171875 
 1451 , 464.796875 
 1452 , 513.75 
 1453 , 563.203125 
 1454 , 620.67578125 
 1455 , 682.125 
 1456 , 723.09765625 
 1457 , 741.26953125 
 1458 , 770.53125 
 1459 , 821.60546875 
 1460 , 851.6015625 
 1461 , 831.9921875 
 1462 , 791.21484375 
 1463 , 757.00390625 
 1464 , 719.0546875 
 1465 , 661.078125 
 1466 , 584.5546875 
 1467 , 500.8984375 
 1468 , 425.92578125 
 1469 , 368.30078125 
 1470 , 313.36328125 
 1471 , 241.90234375 
 1472 , 176.5546875 
 1473 , 163.28515625 
 1474 , 194.859375 
 1475 , 220.21875 
 1476 , 225.953125 
 1477 , 241.48828125 
 1478 , 271.94140625 
 1479 , 283.48046875 
 1480 , 257.48828125 
 1481 , 211.44921875 
 1482 , 165.21875 
 1483 , 133.0078125 
 1484 , 121.8515625 
 1485 , 118.375 
 1486 , 111.63671875 
 1487 , 118.12890625 
 1488 , 155.18359375 
 1489 , 209.42578125 
 1490 , 258.21484375 
 1491 , 285.10546875 
 1492 , 277.234375 
 1493 , 248.0546875 
 1494 , 229.27734375 
 1495 , 228.7578125 
 1496 , 230.88671875 
 1497 , 218.59375 
 1498 , 178.43359375 
 1499 , 123.4765625 
 1500 , 99.296875 
 1501 , 129.5859375 
 1502 , 194.79296875 
 1503 , 262.51953125 
 1504 , 289.27734375 
 1505 , 257.4453125 
 1506 , 212.16015625 
 1507 , 189.09765625 
 1508 , 172.875 
 1509 , 148.23828125 
 1510 , 120.9609375 
 1511 , 96.48828125 
 1512 , 73.51953125 
 1513 , 54.5859375 
 1514 , 42.453125 
 1515 , 34.578125 
 1516 , 26.0625 
 1517 , 12.0703125 
 1518 ,-2.5078125 
 1519 ,-4.26171875 
 1520 , 8.90625 
 1521 , 25.97265625 
 1522 , 42.0078125 
 1523 , 60.484375 
 1524 , 80.11328125 
 1525 , 96.25390625 
 1526 , 103.80078125 
 1527 , 92.59375 
 1528 , 61.2109375 
 1529 , 38.3671875 
 1530 , 52.3515625 
 1531 , 96.734375 
 1532 , 151.00390625 
 1533 , 194.33203125 
 1534 , 218.6796875 
 1535 , 241.453125 
 1536 , 274.40234375 
 1537 , 299.51953125 
 1538 , 296.23828125 
 1539 , 271.6796875 
 1540 , 243.46875 
 1541 , 211.87890625 
 1542 , 172.03515625 
 1543 , 134.84765625 
 1544 , 114.265625 
 1545 , 103.40625 
 1546 , 84.55859375 
 1547 , 60.80859375 
 1548 , 48.87890625 
 1549 , 49.85546875 
 1550 , 57.30859375 
 1551 , 71.3828125 
 1552 , 90.84765625 
 1553 , 113.12109375 
 1554 , 136.58203125 
 1555 , 162.61328125 
 1556 , 200.578125 
 1557 , 247.10546875 
 1558 , 265.58203125 
 1559 , 236.07421875 
 1560 , 200.76953125 
 1561 , 198.76953125 
 1562 , 212.953125 
 1563 , 218.13671875 
 1564 , 221.32421875 
 1565 , 236.01171875 
 1566 , 246.64453125 
 1567 , 231.13671875 
 1568 , 209.34765625 
 1569 , 215 
 1570 , 246.08203125 
 1571 , 283.47265625 
 1572 , 311.33203125 
 1573 , 320.09375 
 1574 , 314.3203125 
 1575 , 303.921875 
 1576 , 294.31640625 
 1577 , 286.296875 
 1578 , 274.65625 
 1579 , 254.56640625 
 1580 , 237.04296875 
 1581 , 241.6796875 
 1582 , 265.57421875 
 1583 , 287.62890625 
 1584 , 299.6953125 
 1585 , 303.890625 
 1586 , 309.7421875 
 1587 , 341.55859375 
 1588 , 396.93359375 
 1589 , 425.19921875 
 1590 , 403.421875 
 1591 , 373.80078125 
 1592 , 369.46875 
 1593 , 378.4296875 
 1594 , 386.46484375 
 1595 , 401.80078125 
 1596 , 429.39453125 
 1597 , 442.5703125 
 1598 , 422.837890625 
 1599 , 406.3203125 
 1600 , 426.32421875 
 1601 , 464.7421875 
 1602 , 498.400390625 
 1603 , 520.267578125 
 1604 , 526.16015625 
 1605 , 518.673828125 
 1606 , 507.158203125 
 1607 , 510.078125 
 1608 , 539.224609375 
 1609 , 578.556640625 
 1610 , 606.751953125 
 1611 , 607.08203125 
 1612 , 565.994140625 
 1613 , 493.85546875 
 1614 , 413.2265625 
 1615 , 350.2734375 
 1616 , 327.544921875 
 1617 , 332.861328125 
 1618 , 340.947265625 
 1619 , 340.44140625 
 1620 , 321.75 
 1621 , 285.123046875 
 1622 , 244.287109375 
 1623 , 212.306640625 
 1624 , 195.99609375 
 1625 , 191.201171875 
 1626 , 190.404296875 
 1627 , 188.150390625 
 1628 , 174.71484375 
 1629 , 152.6171875 
 1630 , 141.314453125 
 1631 , 138.94921875 
 1632 , 121.388671875 
 1633 , 95.9375 
 1634 , 101.8984375 
 1635 , 137.224609375 
 1636 , 148.98046875 
 1637 , 129.15234375 
 1638 , 133.673828125 
 1639 , 174.57421875 
 1640 , 196.853515625 
 1641 , 179.919921875 
 1642 , 160.115234375 
 1643 , 164.595703125 
 1644 , 194.2265625 
 1645 , 227.630859375 
 1646 , 226.84765625 
 1647 , 189.353515625 
 1648 , 159.654296875 
 1649 , 153.388671875 
 1650 , 134.701171875 
 1651 , 91.443359375 
 1652 , 58.197265625 
 1653 , 63.1484375 
 1654 , 114.4609375 
 1655 , 188.84765625 
 1656 , 219.55859375 
 1657 , 185.7265625 
 1658 , 147.185546875 
 1659 , 130.494140625 
 1660 , 91.59765625 
 1661 , 26.291015625 
 1662 , 18.130859375 
 1663 , 96.177734375 
 1664 , 161.77734375 
 1665 , 156.958984375 
 1666 , 141.36328125 
 1667 , 156.544921875 
 1668 , 166.806640625 
 1669 , 142.158203125 
 1670 , 97.3046875 
 1671 , 62.94140625 
 1672 , 86.69140625 
 1673 , 175.052734375 
 1674 , 233.224609375 
 1675 , 202.021484375 
 1676 , 145.5625 
 1677 , 123.267578125 
 1678 , 133.65234375 
 1679 , 163.31640625 
 1680 , 197.5703125 
 1681 , 223.796875 
 1682 , 231.716796875 
 1683 , 217.453125 
 1684 , 192.001953125 
 1685 , 167.4921875 
 1686 , 158.470703125 
 1687 , 169.548828125 
 1688 , 167.263671875 
 1689 , 127.931640625 
 1690 , 85.439453125 
 1691 , 74.662109375 
 1692 , 89.1328125 
 1693 , 113.97265625 
 1694 , 151.689453125 
 1695 , 199.21875 
 1696 , 211.248046875 
 1697 , 165.078125 
 1698 , 125.228515625 
 1699 , 139.5390625 
 1700 , 177.70703125 
 1701 , 201.455078125 
 1702 , 184.28515625 
 1703 , 124.671875 
 1704 , 72.697265625 
 1705 , 63.228515625 
 1706 , 75.623046875 
 1707 , 82.50390625 
 1708 , 69.189453125 
 1709 , 36.96875 
 1710 , 11.806640625 
 1711 , 8.1015625 
 1712 , 21.580078125 
 1713 , 39.671875 
 1714 , 32.55859375 
 1715 ,-0.06640625 
 1716 , 3.6875 
 1717 , 66.91015625 
 1718 , 126.2421875 
 1719 , 146.251953125 
 1720 , 158.177734375 
 1721 , 178.259765625 
 1722 , 192.53515625 
 1723 , 197.296875 
 1724 , 212.408203125 
 1725 , 235.568359375 
 1726 , 224.296875 
 1727 , 173.208984375 
 1728 , 132.669921875 
 1729 , 123.98828125 
 1730 , 128.47265625 
 1731 , 134.728515625 
 1732 , 137.826171875 
 1733 , 135.923828125 
 1734 , 140.30078125 
 1735 , 142.04296875 
 1736 , 96.197265625 
 1737 , 21.623046875 
 1738 , 15.98828125 
 1739 , 86.435546875 
 1740 , 141.75390625 
 1741 , 156.666015625 
 1742 , 171.94140625 
 1743 , 194.595703125 
 1744 , 202.21875 
 1745 , 188.271484375 
 1746 , 157.267578125 
 1747 , 133.736328125 
 1748 , 159.224609375 
 1749 , 220.767578125 
 1750 , 264.892578125 
 1751 , 272.123046875 
 1752 , 248.640625 
 1753 , 213.22265625 
 1754 , 191.21875 
 1755 , 202.19921875 
 1756 , 255.328125 
 1757 , 310.263671875 
 1758 , 315.61328125 
 1759 , 290.3125 
 1760 , 276.46875 
 1761 , 299.19921875 
 1762 , 367.978515625 
 1763 , 425.841796875 
 1764 , 410.552734375 
 1765 , 357.10546875 
 1766 , 317.373046875 
 1767 , 270.81640625 
 1768 , 195.04296875 
 1769 , 143.271484375 
 1770 , 161.5703125 
 1771 , 211.060546875 
 1772 , 247.201171875 
 1773 , 265.271484375 
 1774 , 272.23046875 
 1775 , 280.802734375 
 1776 , 291.6875 
 1777 , 281.443359375 
 1778 , 246.025390625 
 1779 , 221.009765625 
 1780 , 220.265625 
 1781 , 218.205078125 
 1782 , 202.767578125 
 1783 , 182.771484375 
 1784 , 168.18359375 
 1785 , 169.86328125 
 1786 , 181.3046875 
 1787 , 174.271484375 
 1788 , 139.55078125 
 1789 , 90.36328125 
 1790 , 44.630859375 
 1791 , 28.818359375 
 1792 , 53.46484375 
 1793 , 109.1875 
 1794 , 169.5625 
 1795 , 197.94140625 
 1796 , 198.19921875 
 1797 , 200.396484375 
 1798 , 217.3671875 
 1799 , 248.970703125 
 1800 , 291.8046875 
 1801 , 340.822265625 
 1802 , 361.361328125 
 1803 , 316.392578125 
 1804 , 248.46484375 
 1805 , 215.544921875 
 1806 , 193.9609375 
 1807 , 148.671875 
 1808 , 106.748046875 
 1809 , 97.75390625 
 1810 , 99.96484375 
 1811 , 91.8984375 
 1812 , 94.646484375 
 1813 , 126.564453125 
 1814 , 168.955078125 
 1815 , 201 
 1816 , 221.080078125 
 1817 , 237.70703125 
 1818 , 260.658203125 
 1819 , 277.07421875 
 1820 , 253.091796875 
 1821 , 197.048828125 
 1822 , 162.3515625 
 1823 , 155.375 
 1824 , 136.49609375 
 1825 , 113.85546875 
 1826 , 133.876953125 
 1827 , 186.931640625 
 1828 , 223.814453125 
 1829 , 229.076171875 
 1830 , 211.94921875 
 1831 , 199.125 
 1832 , 218.291015625 
 1833 , 253.783203125 
 1834 , 275.806640625 
 1835 , 269.69140625 
 1836 , 234.685546875 
 1837 , 201.8671875 
 1838 , 200.337890625 
 1839 , 231.162109375 
 1840 , 279.970703125 
 1841 , 307.955078125 
 1842 , 298.2578125 
 1843 , 285.646484375 
 1844 , 284.740234375 
 1845 , 269.265625 
 1846 , 235.912109375 
 1847 , 215.736328125 
 1848 , 221.4765625 
 1849 , 240.18359375 
 1850 , 264.474609375 
 1851 , 296.005859375 
 1852 , 317.607421875 
 1853 , 297.888671875 
 1854 , 256.919921875 
 1855 , 243.30078125 
 1856 , 235.900390625 
 1857 , 190.36328125 
 1858 , 106.513671875 
 1859 , 14.689453125 
 1860 ,-1.181640625 
 1861 , 107.830078125 
 1862 , 232.001953125 
 1863 , 266.634765625 
 1864 , 204.888671875 
 1865 , 96.74609375 
 1866 , 77.435546875 
 1867 , 185.91015625 
 1868 , 275.736328125 
 1869 , 277.46875 
 1870 , 247.51171875 
 1871 , 227.578125 
 1872 , 224.498046875 
 1873 , 213.177734375 
 1874 , 162.34765625 
 1875 , 123.41796875 
 1876 , 173.181640625 
 1877 , 249.931640625 
 1878 , 255.484375 
 1879 , 228.064453125 
 1880 , 229.78515625 
 1881 , 234.9609375 
 1882 , 214.07421875 
 1883 , 189.6640625 
 1884 , 184.357421875 
 1885 , 196.447265625 
 1886 , 217.12109375 
 1887 , 232.142578125 
 1888 , 231.1171875 
 1889 , 211.09375 
 1890 , 182.50390625 
 1891 , 171.109375 
 1892 , 181.236328125 
 1893 , 195.310546875 
 1894 , 204.705078125 
 1895 , 207.66796875 
 1896 , 190.892578125 
 1897 , 144.03125 
 1898 , 121.267578125 
 1899 , 175.52734375 
 1900 , 241.205078125 
 1901 , 249.927734375 
 1902 , 228.564453125 
 1903 , 209.455078125 
 1904 , 194.3046875 
 1905 , 181.451171875 
 1906 , 170.736328125 
 1907 , 169.53125 
 1908 , 190.701171875 
 1909 , 224.1328125 
 1910 , 243.3359375 
 1911 , 241.8125 
 1912 , 223.0546875 
 1913 , 200.416015625 
 1914 , 196.6640625 
 1915 , 212.71875 
 1916 , 232.736328125 
 1917 , 229.625 
 1918 , 192.263671875 
 1919 , 159.1796875 
 1920 , 155.9453125 
 1921 , 159.630859375 
 1922 , 153.04296875 
 1923 , 142.376953125 
 1924 , 133.57421875 
 1925 , 126.80078125 
 1926 , 131.98828125 
 1927 , 166.33203125 
 1928 , 201.953125 
 1929 , 186.83203125 
 1930 , 142.634765625 
 1931 , 121.052734375 
 1932 , 116.423828125 
 1933 , 110.615234375 
 1934 , 122.66796875 
 1935 , 161.482421875 
 1936 , 184.12109375 
 1937 , 163.064453125 
 1938 , 116.60546875 
 1939 , 78.88671875 
 1940 , 98.783203125 
 1941 , 164.189453125 
 1942 , 203.505859375 
 1943 , 213.330078125 
 1944 , 235.1171875 
 1945 , 257.79296875 
 1946 , 252.0234375 
 1947 , 234.01171875 
 1948 , 226.81640625 
 1949 , 215.3828125 
 1950 , 188.8046875 
 1951 , 173.560546875 
 1952 , 185.46875 
 1953 , 207.55859375 
 1954 , 220.001953125 
 1955 , 211.626953125 
 1956 , 192.98828125 
 1957 , 183.416015625 
 1958 , 167.44921875 
 1959 , 119.244140625 
 1960 , 75.341796875 
 1961 , 84.029296875 
 1962 , 125.953125 
 1963 , 161.59765625 
 1964 , 150.107421875 
 1965 , 90.603515625 
 1966 , 59.791015625 
 1967 , 85.21875 
 1968 , 116.828125 
 1969 , 123.279296875 
 1970 , 95.15234375 
 1971 , 67.138671875 
 1972 , 97.720703125 
 1973 , 142.58984375 
 1974 , 125.552734375 
 1975 , 96.748046875 
 1976 , 120.91796875 
 1977 , 154.658203125 
 1978 , 156.693359375 
 1979 , 153.09375 
 1980 , 166.923828125 
 1981 , 196.47265625 
 1982 , 216.328125 
 1983 , 185.31640625 
 1984 , 124.802734375 
 1985 , 92.158203125 
 1986 , 86.19140625 
 1987 , 83.25390625 
 1988 , 82.708984375 
 1989 , 87.0078125 
 1990 , 89.59765625 
 1991 , 90.98828125 
 1992 , 104.08984375 
 1993 , 128.029296875 
 1994 , 147.86328125 
 1995 , 161.23828125 
 1996 , 174.6484375 
 1997 , 188.55859375 
 1998 , 202.13671875 
 1999 , 227.087890625 
 2000 , 267.044921875 
 2001 , 272.142578125 
 2002 , 216.248046875 
 2003 , 170.24609375 
 2004 , 173.626953125 
 2005 , 186.57421875 
 2006 , 184.837890625 
 2007 , 172.818359375 
 2008 , 171.611328125 
 2009 , 203.6328125 
 2010 , 227.37109375 
 2011 , 196.84765625 
 2012 , 182.236328125 
 2013 , 238.716796875 
 2014 , 279.5625 
 2015 , 244.306640625 
 2016 , 165.994140625 
 2017 , 99.119140625 
 2018 , 108.56640625 
 2019 , 153.716796875 
 2020 , 129.9140625 
 2021 , 58.904296875 
 2022 , 13.205078125 
 2023 ,-1.458984375 
 2024 , 5.81640625 
 2025 , 44.953125 
 2026 , 105.4609375 
 2027 , 138.029296875 
 2028 , 131.6484375 
 2029 , 118.087890625 
 2030 , 110.623046875 
 2031 , 106.205078125 
 2032 , 95.93359375 
 2033 , 72.193359375 
 2034 , 72.703125 
 2035 , 123.89453125 
 2036 , 160.5078125 
 2037 , 140.595703125 
 2038 , 102.037109375 
 2039 , 73.791015625 
 2040 , 58.29296875 
 2041 , 47.783203125 
 2042 , 34.9140625 
 2043 , 25.697265625 
 2044 , 29.044921875 
 2045 , 49.9453125 
 2046 , 84.79296875 
 2047 , 107.1328125 
 2048 , 104.806640625 
 2049 , 95.080078125 
 2050 , 90.021484375 
 2051 , 93.240234375 
 2052 , 94.52734375 
 2053 , 80.734375 
 2054 , 73.119140625 
 2055 , 92.654296875 
 2056 , 114.3984375 
 2057 , 119.578125 
 2058 , 122.328125 
 2059 , 127.224609375 
 2060 , 122.318359375 
 2061 , 102.849609375 
 2062 , 73.31640625 
 2063 , 59.5390625 
 2064 , 85.26953125 
 2065 , 124.033203125 
 2066 , 146.927734375 
 2067 , 150.611328125 
 2068 , 127.025390625 
 2069 , 61.154296875 
 2070 , 10.50390625 
 2071 , 80.47265625 
 2072 , 205.87109375 
 2073 , 253.453125 
 2074 , 228.791015625 
 2075 , 178.353515625 
 2076 , 138.63671875 
 2077 , 120.642578125 
 2078 , 94.31640625 
 2079 , 64.4375 
 2080 , 72.24609375 
 2081 , 111.134765625 
 2082 , 147.3984375 
 2083 , 161.3125 
 2084 , 146.396484375 
 2085 , 130.025390625 
 2086 , 128.541015625 
 2087 , 119.1484375 
 2088 , 97.51953125 
 2089 , 87.599609375 
 2090 , 87.869140625 
 2091 , 82.048828125 
 2092 , 94.576171875 
 2093 , 148.12109375 
 2094 , 195.744140625 
 2095 , 207.4296875 
 2096 , 218.201171875 
 2097 , 231.41015625 
 2098 , 208.998046875 
 2099 , 164.376953125 
 2100 , 142.544921875 
 2101 , 156.853515625 
 2102 , 199.3984375 
 2103 , 234.1875 
 2104 , 238.8671875 
 2105 , 227.830078125 
 2106 , 204.9765625 
 2107 , 161.330078125 
 2108 , 128.591796875 
 2109 , 151.861328125 
 2110 , 204.529296875 
 2111 , 236.515625 
 2112 , 204.3984375 
 2113 , 119.474609375 
 2114 , 75.40234375 
 2115 , 92.603515625 
 2116 , 118.240234375 
 2117 , 115.17578125 
 2118 , 69.712890625 
 2119 , 34.8828125 
 2120 , 50.814453125 
 2121 , 75.779296875 
 2122 , 92.671875 
 2123 , 134.17578125 
 2124 , 186.751953125 
 2125 , 203.740234375 
 2126 , 190.22265625 
 2127 , 172.22265625 
 2128 , 166.701171875 
 2129 , 179.599609375 
 2130 , 197.90234375 
 2131 , 197.0703125 
 2132 , 149.013671875 
 2133 , 97.400390625 
 2134 , 109.62890625 
 2135 , 135.11328125 
 2136 , 118.9375 
 2137 , 108.421875 
 2138 , 126.8203125 
 2139 , 134.36328125 
 2140 , 122.173828125 
 2141 , 110.013671875 
 2142 , 98.8515625 
 2143 , 82.09375 
 2144 , 60.08984375 
 2145 , 49.32421875 
 2146 , 93.666015625 
 2147 , 174.125 
 2148 , 204.607421875 
 2149 , 182.58203125 
 2150 , 150.892578125 
 2151 , 105.21875 
 2152 , 46.38671875 
 2153 , 28.94140625 
 2154 , 55.705078125 
 2155 , 49.720703125 
 2156 , 22.3125 
 2157 , 46.513671875 
 2158 , 62.21875 
 2159 , 6.634765625 
 2160 ,-7.560546875 
 2161 , 80.4140625 
 2162 , 180.080078125 
 2163 , 234.05078125 
 2164 , 234.5234375 
 2165 , 206.849609375 
 2166 , 181.62890625 
 2167 , 150.892578125 
 2168 , 106.08984375 
 2169 , 71.115234375 
 2170 , 66.740234375 
 2171 , 102.375 
 2172 , 144.765625 
 2173 , 150.87109375 
 2174 , 151 
 2175 , 172.7421875 
 2176 , 186.2421875 
 2177 , 177.3828125 
 2178 , 161.89453125 
 2179 , 156.826171875 
 2180 , 170.37109375 
 2181 , 165.974609375 
 2182 , 124.486328125 
 2183 , 108.74609375 
 2184 , 137.388671875 
 2185 , 156.435546875 
 2186 , 155.939453125 
 2187 , 156.416015625 
 2188 , 154.96484375 
 2189 , 147.390625 
 2190 , 147.998046875 
 2191 , 157.654296875 
 2192 , 156.6015625 
 2193 , 144.42578125 
 2194 , 135.13671875 
 2195 , 143.693359375 
 2196 , 170.41796875 
 2197 , 171.798828125 
 2198 , 135.826171875 
 2199 , 103.755859375 
 2200 , 82.443359375 
 2201 , 56.51953125 
 2202 , 45.521484375 
 2203 , 67.9296875 
 2204 , 105.3671875 
 2205 , 139.69921875 
 2206 , 161.5859375 
 2207 , 170.490234375 
 2208 , 170.521484375 
 2209 , 156.33203125 
 2210 , 137.685546875 
 2211 , 171.85546875 
 2212 , 238.09765625 
 2213 , 216.408203125 
 2214 , 137.095703125 
 2215 , 108.130859375 
 2216 , 103.57421875 
 2217 , 81.41796875 
 2218 , 64.923828125 
 2219 , 65.4453125 
 2220 , 70.474609375 
 2221 , 80.33984375 
 2222 , 96.04296875 
 2223 , 86.853515625 
 2224 , 43.671875 
 2225 , 17.779296875 
 2226 , 30.994140625 
 2227 , 67.95703125 
 2228 , 108.498046875 
 2229 , 130.388671875 
 2230 , 114.42578125 
 2231 , 71.8515625 
 2232 , 62.03125 
 2233 , 90.28515625 
 2234 , 116.865234375 
 2235 , 150.4453125 
 2236 , 197.955078125 
 2237 , 194.689453125 
 2238 , 129.51171875 
 2239 , 87.232421875 
 2240 , 97.404296875 
 2241 , 137.595703125 
 2242 , 163.021484375 
 2243 , 151.716796875 
 2244 , 150.3203125 
 2245 , 168.79296875 
 2246 , 167.392578125 
 2247 , 147.03515625 
 2248 , 129.47265625 
 2249 , 119.15234375 
 2250 , 115.138671875 
 2251 , 118.513671875 
 2252 , 112.1171875 
 2253 , 70.904296875 
 2254 , 48.3515625 
 2255 , 88.796875 
 2256 , 104.88671875 
 2257 , 79.232421875 
 2258 , 115.001953125 
 2259 , 167.802734375 
 2260 , 126.810546875 
 2261 , 66.216796875 
 2262 , 67.873046875 
 2263 , 105.744140625 
 2264 , 125.775390625 
 2265 , 74.701171875 
 2266 , 12.40234375 
 2267 , 19.36328125 
 2268 , 69.5 
 2269 , 105.5859375 
 2270 , 64.873046875 
 2271 , 8.201171875 
 2272 , 48.943359375 
 2273 , 111.265625 
 2274 , 111.78515625 
 2275 , 89.47265625 
 2276 , 74.2265625 
 2277 , 65.42578125 
 2278 , 66.09765625 
 2279 , 76.755859375 
 2280 , 75.99609375 
 2281 , 64.091796875 
 2282 , 79.615234375 
 2283 , 104.322265625 
 2284 , 90.33984375 
 2285 , 51.29296875 
 2286 , 18.7109375 
 2287 , 20.861328125 
 2288 , 49.69140625 
 2289 , 65.302734375 
 2290 , 60.029296875 
 2291 , 37.689453125 
 2292 , 9.375 
 2293 ,-2.517578125 
 2294 , 30.76171875 
 2295 , 62.53515625 
 2296 , 32.615234375 
 2297 ,-6.3359375 
 2298 ,-10.748046875 
 2299 , 1.58203125 
 2300 , 19.115234375 
 2301 , 34.68359375 
 2302 , 36.353515625 
 2303 , 19.220703125 
 2304 , 11.54296875 
 2305 , 22.65234375 
 2306 , 33.998046875 
 2307 , 32.966796875 
 2308 , 20.650390625 
 2309 , 14.126953125 
 2310 , 24.2578125 
 2311 , 51.81640625 
 2312 , 77.3515625 
 2313 , 74.9140625 
 2314 , 45.412109375 
 2315 , 16.984375 
 2316 , 40.666015625 
 2317 , 76.619140625 
 2318 , 50.7578125 
 2319 , 29.400390625 
 2320 , 57.43359375 
 2321 , 59.099609375 
 2322 , 26.048828125 
 2323 , 12.9453125 
 2324 , 17.453125 
 2325 , 18.005859375 
 2326 , 9.708984375 
 2327 ,-3.958984375 
 2328 ,-19.091796875 
 2329 ,-26.19921875 
 2330 , 10 
 2331 , 10 
 2332 , 10 
 2333 , 10 
 2334 , 10 
 2335 , 10 
 2336 , 10 
 2337 , 10 
 2338 , 10 
 2339 , 10 
