11-20-2017,17:17:48
Wavenumber(cm-1),Intensity
 250 , 28461.6781590815 
 251 , 28487.1307745475 
 252 , 28517.0161476977 
 253 , 28550.5681909651 
 254 , 28583.0966869748 
 255 , 28609.8966483808 
 256 , 28630.9608790812 
 257 , 28649.7763905883 
 258 , 28669.0239979634 
 259 , 28686.578890623 
 260 , 28698.7163509295 
 261 , 28705.6333705897 
 262 , 28716.5569970536 
 263 , 28741.8136666555 
 264 , 28787.4873325288 
 265 , 28855.1784477168 
 266 , 28944.2203816224 
 267 , 29037.2333124576 
 268 , 29108.6976596774 
 269 , 29143.052317462 
 270 , 29157.946770094 
 271 , 29177.6605260166 
 272 , 29213.9037099942 
 273 , 29260.0757149775 
 274 , 29308.5052063431 
 275 , 29356.1219597222 
 276 , 29402.9433608585 
 277 , 29448.8982032893 
 278 , 29493.2350627305 
 279 , 29535.0223880524 
 280 , 29575.6161378823 
 281 , 29620.858517081 
 282 , 29676.6870415555 
 283 , 29741.05836571 
 284 , 29804.8462577642 
 285 , 29860.1919340525 
 286 , 29908.8953141789 
 287 , 29956.5469893615 
 288 , 30005.9627063164 
 289 , 30052.7660097725 
 290 , 30091.6045580048 
 291 , 30122.0947822999 
 292 , 30149.4917873099 
 293 , 30178.7136093782 
 294 , 30209.2056649225 
 295 , 30237.6428805064 
 296 , 30260.905320602 
 297 , 30276.6261654406 
 298 , 30282.7174322766 
 299 , 30282.8492876986 
 300 , 30288.8020120502 
 301 , 30311.7498987977 
 302 , 30349.2905047793 
 303 , 30390.5225619694 
 304 , 30427.0954950197 
 305 , 30461.7806098301 
 306 , 30500.195796481 
 307 , 30545.0816746202 
 308 , 30594.2900826018 
 309 , 30645.3294180482 
 310 , 30697.5883895763 
 311 , 30751.8592520446 
 312 , 30808.7016354026 
 313 , 30867.3427583615 
 314 , 30926.5993820906 
 315 , 30986.0094755883 
 316 , 31046.5477380737 
 317 , 31109.1802490347 
 318 , 31171.6882973954 
 319 , 31229.1116414589 
 320 , 31276.9496134393 
 321 , 31313.9052878382 
 322 , 31339.8569812977 
 323 , 31358.4558084061 
 324 , 31381.8981001544 
 325 , 31423.1031826856 
 326 , 31485.2532906764 
 327 , 31562.1678045979 
 328 , 31646.9998502967 
 329 , 31731.0137065615 
 330 , 31804.7153661213 
 331 , 31860.3091885213 
 332 , 31894.2471768044 
 333 , 31904.0977410334 
 334 , 31898.9185655808 
 335 , 31899.7287183359 
 336 , 31925.7973183319 
 337 , 31979.8901093656 
 338 , 32057.5779862883 
 339 , 32148.3409155732 
 340 , 32225.5084131171 
 341 , 32260.7001049125 
 342 , 32251.331425156 
 343 , 32223.0065543699 
 344 , 32200.520304026 
 345 , 32191.8884073669 
 346 , 32197.5142247769 
 347 , 32215.7917964409 
 348 , 32239.6983792405 
 349 , 32261.5294526919 
 350 , 32280.3278442263 
 351 , 32302.6393116814 
 352 , 32334.6579297845 
 353 , 32376.9573917424 
 354 , 32427.5435512357 
 355 , 32484.7613861097 
 356 , 32547.9204727968 
 357 , 32616.4162142989 
 358 , 32687.5182141914 
 359 , 32756.1640798368 
 360 , 32818.069945156 
 361 , 32875.5388642979 
 362 , 32933.8041898929 
 363 , 32996.2205146887 
 364 , 33061.1541181779 
 365 , 33126.2512486038 
 366 , 33191.4777711611 
 367 , 33259.2334062404 
 368 , 33330.8833117278 
 369 , 33399.9012260685 
 370 , 33456.4617984945 
 371 , 33495.4694351458 
 372 , 33523.4666259332 
 373 , 33548.5683251399 
 374 , 33574.9281430888 
 375 , 33602.8449810297 
 376 , 33632.7086644042 
 377 , 33666.459597439 
 378 , 33706.6223365018 
 379 , 33753.9613079689 
 380 , 33805.3435858379 
 381 , 33857.193555247 
 382 , 33907.3927269403 
 383 , 33955.0975241238 
 384 , 34000.1819725334 
 385 , 34046.1610060873 
 386 , 34097.7458477552 
 387 , 34156.4855719741 
 388 , 34217.8120201376 
 389 , 34276.862898552 
 390 , 34334.7496931573 
 391 , 34397.138088249 
 392 , 34467.6323392124 
 393 , 34539.9371425182 
 394 , 34604.9874551232 
 395 , 34656.8111901534 
 396 , 34694.5137463677 
 397 , 34718.5746733766 
 398 , 34739.914806467 
 399 , 34776.1672499974 
 400 , 34838.7464115488 
 401 , 34915.6041148955 
 402 , 34989.4668108038 
 403 , 35052.0459900549 
 404 , 35107.2249152926 
 405 , 35159.9789368369 
 406 , 35217.292578908 
 407 , 35287.1975418452 
 408 , 35372.8523314242 
 409 , 35463.1352823383 
 410 , 35544.61120307 
 411 , 35611.4589904231 
 412 , 35666.1343518036 
 413 , 35711.6190679796 
 414 , 35751.6279088668 
 415 , 35790.1707423424 
 416 , 35830.1358805135 
 417 , 35871.8873131307 
 418 , 35915.3524834076 
 419 , 35958.8652145949 
 420 , 35999.4099662993 
 421 , 36034.5745551811 
 422 , 36065.1214726032 
 423 , 36092.8017035791 
 424 , 36120.5064274548 
 425 , 36153.0555520292 
 426 , 36195.071565991 
 427 , 36246.7866855508 
 428 , 36305.6341326337 
 429 , 36367.4434798311 
 430 , 36422.5613001029 
 431 , 36460.4382485323 
 432 , 36481.4885518913 
 433 , 36499.7849901329 
 434 , 36528.5444467869 
 435 , 36567.9257934129 
 436 , 36612.072663731 
 437 , 36654.7222060644 
 438 , 36688.6916461282 
 439 , 36707.5063515202 
 440 , 36720.7446280265 
 441 , 36752.3383316628 
 442 , 36820.5113850888 
 443 , 36911.9710199731 
 444 , 37003.5429363467 
 445 , 37078.7435906278 
 446 , 37132.4168662843 
 447 , 37161.5483962099 
 448 , 37174.6627831866 
 449 , 37187.4384905658 
 450 , 37213.2331855908 
 451 , 37257.3758762006 
 452 , 37323.2026546917 
 453 , 37404.0176736038 
 454 , 37481.6075754959 
 455 , 37540.1077206533 
 456 , 37583.5778810573 
 457 , 37624.2153517453 
 458 , 37669.9895610716 
 459 , 37719.8442225937 
 460 , 37771.486251669 
 461 , 37821.3894713733 
 462 , 37865.0914093274 
 463 , 37899.5357185447 
 464 , 37927.490570527 
 465 , 37953.1706543584 
 466 , 37979.2142569928 
 467 , 38006.1223464511 
 468 , 38034.4340376114 
 469 , 38066.2141186209 
 470 , 38104.2526295339 
 471 , 38148.6757720507 
 472 , 38193.0836481569 
 473 , 38230.8461238426 
 474 , 38268.4554088783 
 475 , 38323.5851582268 
 476 , 38407.0823853164 
 477 , 38497.0352154223 
 478 , 38562.6080214852 
 479 , 38594.3558235166 
 480 , 38614.3169986902 
 481 , 38643.8700905701 
 482 , 38676.743784303 
 483 , 38692.477879257 
 484 , 38684.1914843621 
 485 , 38680.2728610817 
 486 , 38713.0945493844 
 487 , 38785.2939763222 
 488 , 38873.3898283822 
 489 , 38955.5283487692 
 490 , 39021.5071035006 
 491 , 39064.6730123324 
 492 , 39087.6570519883 
 493 , 39106.7071611687 
 494 , 39137.4007331641 
 495 , 39180.4415349769 
 496 , 39229.0492375009 
 497 , 39277.7356145454 
 498 , 39324.3485082367 
 499 , 39367.2971433083 
 500 , 39405.9138518192 
 501 , 39440.2992093578 
 502 , 39471.1122665724 
 503 , 39501.2965172513 
 504 , 39534.2904813669 
 505 , 39568.7352832557 
 506 , 39596.8323487438 
 507 , 39611.8947177692 
 508 , 39618.861259903 
 509 , 39627.887559364 
 510 , 39645.0961271959 
 511 , 39667.8033691625 
 512 , 39692.7116703681 
 513 , 39723.9069863147 
 514 , 39770.8232336871 
 515 , 39836.8434745751 
 516 , 39903.2912518351 
 517 , 39947.2473576565 
 518 , 39965.6364221614 
 519 , 39977.8060458704 
 520 , 40001.6298225126 
 521 , 40039.1125640939 
 522 , 40086.4287626504 
 523 , 40139.2661395941 
 524 , 40192.4766384319 
 525 , 40241.3702014928 
 526 , 40286.7018206282 
 527 , 40332.3650527884 
 528 , 40378.7335829451 
 529 , 40416.4586283673 
 530 , 40435.5252670744 
 531 , 40443.8539568739 
 532 , 40465.0690805877 
 533 , 40516.4260849804 
 534 , 40585.3670201557 
 535 , 40651.4946552252 
 536 , 40702.6876813895 
 537 , 40737.6057426951 
 538 , 40757.0692838763 
 539 , 40771.7117318732 
 540 , 40796.2256247473 
 541 , 40840.4276134695 
 542 , 40904.6925047579 
 543 , 40987.5681592838 
 544 , 41079.3132709185 
 545 , 41165.0376826326 
 546 , 41233.1320971155 
 547 , 41281.6684168512 
 548 , 41310.936182181 
 549 , 41330.4498961906 
 550 , 41358.003753982 
 551 , 41407.9251620417 
 552 , 41478.265856039 
 553 , 41562.6818094312 
 554 , 41655.0634877287 
 555 , 41749.600233325 
 556 , 41840.6433297872 
 557 , 41923.465611068 
 558 , 41993.7236128367 
 559 , 42048.6689744318 
 560 , 42088.4184880579 
 561 , 42113.9032141332 
 562 , 42131.0889238998 
 563 , 42148.7758062951 
 564 , 42171.0431208597 
 565 , 42189.9071903111 
 566 , 42196.0442072968 
 567 , 42188.4652927008 
 568 , 42172.6918321936 
 569 , 42155.5711090051 
 570 , 42148.0941303997 
 571 , 42161.7595987991 
 572 , 42197.2677976863 
 573 , 42243.8894605534 
 574 , 42292.4064470778 
 575 , 42344.0231270606 
 576 , 42403.0298232022 
 577 , 42464.0942946986 
 578 , 42508.2473882928 
 579 , 42519.3325173674 
 580 , 42508.438879763 
 581 , 42498.338799819 
 582 , 42503.4530555283 
 583 , 42522.3761789426 
 584 , 42551.9544978078 
 585 , 42589.0778716398 
 586 , 42630.6573681351 
 587 , 42672.1716726459 
 588 , 42705.520015472 
 589 , 42723.0822393953 
 590 , 42731.9825396128 
 591 , 42750.3582032252 
 592 , 42788.0080281307 
 593 , 42826.3113847309 
 594 , 42841.9960219776 
 595 , 42837.3723110592 
 596 , 42839.1607908655 
 597 , 42867.7092164834 
 598 , 42911.5154767187 
 599 , 42950.8001419073 
 600 , 42977.3350227792 
 601 , 42996.7741189354 
 602 , 43015.5659394172 
 603 , 43039.99987225 
 604 , 43076.2630963457 
 605 , 43127.989580988 
 606 , 43194.991045907 
 607 , 43275.6366558188 
 608 , 43360.126230799 
 609 , 43435.1238213371 
 610 , 43493.2152173399 
 611 , 43537.9587964374 
 612 , 43574.4553075242 
 613 , 43611.1121518813 
 614 , 43658.1118035743 
 615 , 43721.4112430847 
 616 , 43797.3654283249 
 617 , 43881.3091564594 
 618 , 43972.1492796752 
 619 , 44071.1294200477 
 620 , 44174.3316271745 
 621 , 44263.5409656746 
 622 , 44319.7346102185 
 623 , 44348.7500473684 
 624 , 44375.83109098 
 625 , 44418.3487929862 
 626 , 44465.9408951423 
 627 , 44503.1466610741 
 628 , 44526.8248154792 
 629 , 44545.1048953118 
 630 , 44564.8674235296 
 631 , 44586.4489194748 
 632 , 44608.5828024235 
 633 , 44630.1347699385 
 634 , 44650.1104096599 
 635 , 44669.1520836206 
 636 , 44695.4184483968 
 637 , 44738.6637524223 
 638 , 44789.7772465794 
 639 , 44816.8815594051 
 640 , 44797.8796650176 
 641 , 44770.0672336077 
 642 , 44789.5377920034 
 643 , 44872.7299028483 
 644 , 44982.1296239266 
 645 , 45078.4418863549 
 646 , 45135.0213085071 
 647 , 45130.5465902312 
 648 , 45075.6310278128 
 649 , 45029.2281767253 
 650 , 45043.6522395486 
 651 , 45098.1319321818 
 652 , 45141.6360204208 
 653 , 45150.6055501411 
 654 , 45147.3939288302 
 655 , 45155.5348354215 
 656 , 45174.4748286096 
 657 , 45192.6559210549 
 658 , 45205.2899517777 
 659 , 45219.9330133935 
 660 , 45244.3065075467 
 661 , 45276.6853127638 
 662 , 45310.6704466352 
 663 , 45342.2822017079 
 664 , 45372.2949610241 
 665 , 45401.8564123111 
 666 , 45430.5710809518 
 667 , 45457.2372914449 
 668 , 45482.204888546 
 669 , 45509.0197004084 
 670 , 45541.01720484 
 671 , 45575.7727531733 
 672 , 45607.6894816148 
 673 , 45636.2572758432 
 674 , 45671.9240683743 
 675 , 45724.8815668966 
 676 , 45788.6296178724 
 677 , 45847.1042494048 
 678 , 45892.8916343759 
 679 , 45937.8880745667 
 680 , 45995.1420473319 
 681 , 46063.074015288 
 682 , 46131.5361480448 
 683 , 46197.5405014014 
 684 , 46274.3610149438 
 685 , 46373.9093231831 
 686 , 46471.022865855 
 687 , 46518.6903772009 
 688 , 46497.0909953855 
 689 , 46447.9479051108 
 690 , 46417.5664125755 
 691 , 46413.2461070609 
 692 , 46419.3213991364 
 693 , 46425.8091144215 
 694 , 46435.9486093535 
 695 , 46454.3623649453 
 696 , 46481.7684010845 
 697 , 46516.6398442734 
 698 , 46559.9022290624 
 699 , 46617.8217957699 
 700 , 46695.1864584057 
 701 , 46775.8081357672 
 702 , 46831.8319613262 
 703 , 46847.4443837274 
 704 , 46832.0086903477 
 705 , 46798.1732887401 
 706 , 46760.093201925 
 707 , 46732.6762890715 
 708 , 46724.2315314193 
 709 , 46730.115211748 
 710 , 46744.7515480056 
 711 , 46767.421202623 
 712 , 46799.8088295163 
 713 , 46839.5299272448 
 714 , 46876.7032860391 
 715 , 46901.6252018697 
 716 , 46912.1948172992 
 717 , 46909.8802086046 
 718 , 46897.3737990277 
 719 , 46879.4075171563 
 720 , 46860.8288344515 
 721 , 46845.9123481965 
 722 , 46838.7533176956 
 723 , 46847.3421324459 
 724 , 46885.6873120237 
 725 , 46962.6410246304 
 726 , 47051.67015676 
 727 , 47113.2209572444 
 728 , 47135.1350900484 
 729 , 47143.4198431659 
 730 , 47161.6304535483 
 731 , 47184.3819163314 
 732 , 47196.7319551953 
 733 , 47194.7756454276 
 734 , 47188.2911533281 
 735 , 47188.304916088 
 736 , 47207.7375595658 
 737 , 47259.3184428757 
 738 , 47335.4319035464 
 739 , 47406.3004460856 
 740 , 47449.6517997096 
 741 , 47478.3729273937 
 742 , 47513.6274225146 
 743 , 47562.3496436476 
 744 , 47618.0138804232 
 745 , 47673.4562054409 
 746 , 47721.1345635834 
 747 , 47753.5447666305 
 748 , 47765.1125867607 
 749 , 47751.8381107565 
 750 , 47719.3406983309 
 751 , 47700.7360840451 
 752 , 47730.2121290504 
 753 , 47793.5603642813 
 754 , 47843.4956716177 
 755 , 47851.606855472 
 756 , 47835.8103151661 
 757 , 47819.299284795 
 758 , 47811.0041100354 
 759 , 47811.7298631509 
 760 , 47821.7445168314 
 761 , 47840.4543083998 
 762 , 47866.3768305754 
 763 , 47891.9428506451 
 764 , 47906.9121927245 
 765 , 47911.1362243494 
 766 , 47920.4600458423 
 767 , 47948.0284521551 
 768 , 47982.2440346997 
 769 , 48002.7206818726 
 770 , 48004.5618695235 
 771 , 48002.65908044 
 772 , 48009.3304992931 
 773 , 48018.9016537763 
 774 , 48020.7438358053 
 775 , 48010.9661875368 
 776 , 47992.5445558744 
 777 , 47971.2596726136 
 778 , 47961.81219827 
 779 , 47979.6215490002 
 780 , 48019.7762912791 
 781 , 48061.0379066856 
 782 , 48086.4992401655 
 783 , 48092.2659500641 
 784 , 48077.9070321734 
 785 , 48057.1523506426 
 786 , 48052.456964778 
 787 , 48071.2792967905 
 788 , 48089.9680866195 
 789 , 48087.4680545941 
 790 , 48093.3175100584 
 791 , 48160.2149006997 
 792 , 48292.8443541371 
 793 , 48421.080006271 
 794 , 48482.6960970582 
 795 , 48496.5248106685 
 796 , 48508.940864201 
 797 , 48539.0770838229 
 798 , 48574.2150766396 
 799 , 48602.2174813337 
 800 , 48620.5880134094 
 801 , 48629.5227237932 
 802 , 48633.8557835455 
 803 , 48642.4513113494 
 804 , 48661.0104950979 
 805 , 48685.7691393566 
 806 , 48711.4049544629 
 807 , 48734.0792118269 
 808 , 48750.9012934327 
 809 , 48759.4108529979 
 810 , 48757.9944380791 
 811 , 48746.6795733421 
 812 , 48737.0788336254 
 813 , 48745.8279155313 
 814 , 48776.5304746396 
 815 , 48813.7954291311 
 816 , 48843.9346701267 
 817 , 48869.4651318475 
 818 , 48897.6924778017 
 819 , 48927.866467399 
 820 , 48950.9057503932 
 821 , 48960.1744088825 
 822 , 48958.6671149338 
 823 , 48951.4474160326 
 824 , 48943.8808877305 
 825 , 48941.5376928852 
 826 , 48946.482839271 
 827 , 48952.7562459104 
 828 , 48954.0273513136 
 829 , 48950.2099995558 
 830 , 48944.3139411867 
 831 , 48938.3631744868 
 832 , 48932.8188663406 
 833 , 48928.0164235399 
 834 , 48924.3370066474 
 835 , 48922.0979437539 
 836 , 48919.6223522377 
 837 , 48913.1348321555 
 838 , 48899.9209859578 
 839 , 48881.1969595361 
 840 , 48859.3993279826 
 841 , 48842.1064859665 
 842 , 48840.4890111783 
 843 , 48857.7546794053 
 844 , 48879.6687586831 
 845 , 48891.9386387661 
 846 , 48897.3315118346 
 847 , 48906.3392734888 
 848 , 48921.8819819689 
 849 , 48936.1474071041 
 850 , 48942.0655272583 
 851 , 48939.7651465357 
 852 , 48931.4169879277 
 853 , 48918.2924486218 
 854 , 48900.8402359375 
 855 , 48881.7524919114 
 856 , 48870.1554457046 
 857 , 48875.2610238001 
 858 , 48895.5665248468 
 859 , 48923.3029173629 
 860 , 48952.732287246 
 861 , 48981.8139567069 
 862 , 49008.0975546888 
 863 , 49024.5642487933 
 864 , 49023.0765724985 
 865 , 49010.1171774672 
 866 , 49008.2329341131 
 867 , 49033.4080342698 
 868 , 49076.4717632201 
 869 , 49123.5375181465 
 870 , 49168.7200079064 
 871 , 49211.6165881171 
 872 , 49253.3437922439 
 873 , 49297.8626667939 
 874 , 49349.2335942076 
 875 , 49409.8935131216 
 876 , 49481.5291936954 
 877 , 49563.0521954489 
 878 , 49650.0004299602 
 879 , 49737.335580534 
 880 , 49818.619855054 
 881 , 49887.9399340364 
 882 , 49951.2892962293 
 883 , 50023.3077589921 
 884 , 50101.563330103 
 885 , 50146.7723733763 
 886 , 50122.4609855792 
 887 , 50045.2274580674 
 888 , 49953.6903527624 
 889 , 49859.8063503963 
 890 , 49742.2207206541 
 891 , 49592.4245631002 
 892 , 49458.5223761589 
 893 , 49397.1059076002 
 894 , 49396.824260576 
 895 , 49396.9891240311 
 896 , 49361.1214844255 
 897 , 49305.4362697717 
 898 , 49250.7650781744 
 899 , 49204.8197168721 
 900 , 49169.8294440576 
 901 , 49145.2481777246 
 902 , 49127.2789372761 
 903 , 49113.5019717788 
 904 , 49106.9662822468 
 905 , 49110.978251698 
 906 , 49117.4295104576 
 907 , 49110.7159647217 
 908 , 49088.0992152678 
 909 , 49071.1396722175 
 910 , 49078.6420285145 
 911 , 49097.8193534698 
 912 , 49105.2676225783 
 913 , 49097.063396212 
 914 , 49089.3895105922 
 915 , 49092.5411478621 
 916 , 49096.6829526942 
 917 , 49089.5426828097 
 918 , 49071.156313902 
 919 , 49048.4911831754 
 920 , 49028.1893769239 
 921 , 49016.2674888597 
 922 , 49018.5421433151 
 923 , 49040.1515459038 
 924 , 49084.8865303955 
 925 , 49137.0058697197 
 926 , 49164.5143819449 
 927 , 49150.1597722001 
 928 , 49111.8070625408 
 929 , 49071.7080317668 
 930 , 49048.2346485309 
 931 , 49057.4067096562 
 932 , 49093.8229850166 
 933 , 49126.482801698 
 934 , 49131.8889375876 
 935 , 49117.1182583131 
 936 , 49094.7713827738 
 937 , 49066.8291099758 
 938 , 49028.7551811263 
 939 , 48983.673671733 
 940 , 48947.6841571017 
 941 , 48933.4688719262 
 942 , 48930.876333284 
 943 , 48924.1808573615 
 944 , 48922.6745607326 
 945 , 48956.9375866288 
 946 , 49033.209878121 
 947 , 49100.1750809445 
 948 , 49108.4072179719 
 949 , 49077.550688159 
 950 , 49055.56150349 
 951 , 49061.8636884244 
 952 , 49083.3615004597 
 953 , 49111.8669176064 
 954 , 49159.9522503841 
 955 , 49239.2040737907 
 956 , 49312.5738652912 
 957 , 49316.7015200733 
 958 , 49240.9064913744 
 959 , 49152.4018748895 
 960 , 49109.7911670965 
 961 , 49110.4268783399 
 962 , 49134.7180443168 
 963 , 49147.6914831536 
 964 , 49103.751255651 
 965 , 48999.0117343166 
 966 , 48907.6232891152 
 967 , 48894.3943974905 
 968 , 48929.2518542126 
 969 , 48953.1028951925 
 970 , 48951.4013824951 
 971 , 48949.0063814129 
 972 , 48960.4254141031 
 973 , 48973.2045680498 
 974 , 48973.7119564384 
 975 , 48965.6640689842 
 976 , 48959.7862195471 
 977 , 48964.5633687121 
 978 , 48986.0703443158 
 979 , 49023.8900001214 
 980 , 49059.8740786616 
 981 , 49075.9888035221 
 982 , 49080.0677677605 
 983 , 49092.1001149221 
 984 , 49116.0387257702 
 985 , 49135.8536382321 
 986 , 49139.0058511186 
 987 , 49128.4535250672 
 988 , 49111.2418571948 
 989 , 49103.3619149455 
 990 , 49125.4641577506 
 991 , 49180.7526027963 
 992 , 49247.7746434197 
 993 , 49304.8123859652 
 994 , 49336.1035275367 
 995 , 49330.9606053788 
 996 , 49320.058419527 
 997 , 49359.4181696361 
 998 , 49464.5030176472 
 999 , 49586.9382760701 
 1000 , 49689.3801618331 
 1001 , 49803.2361451272 
 1002 , 49973.7636866727 
 1003 , 50196.0738888228 
 1004 , 50431.0036831728 
 1005 , 50637.4806267556 
 1006 , 50772.3415739556 
 1007 , 50800.5643760632 
 1008 , 50724.3254469778 
 1009 , 50555.7614833937 
 1010 , 50301.494117456 
 1011 , 49964.6516047348 
 1012 , 49589.9553038248 
 1013 , 49295.3047751673 
 1014 , 49171.1572500078 
 1015 , 49146.1271702572 
 1016 , 49108.3410220132 
 1017 , 49036.9101509221 
 1018 , 48978.0127250511 
 1019 , 48954.4837351202 
 1020 , 48944.6356092208 
 1021 , 48928.5243060137 
 1022 , 48915.9656808361 
 1023 , 48923.9453862468 
 1024 , 48947.8549503084 
 1025 , 48967.2697059012 
 1026 , 48973.545077479 
 1027 , 48979.5012363156 
 1028 , 48996.5403367554 
 1029 , 49019.5464346358 
 1030 , 49039.1899722004 
 1031 , 49052.9979833085 
 1032 , 49063.4236201454 
 1033 , 49073.5980332749 
 1034 , 49087.6209693933 
 1035 , 49109.4275040229 
 1036 , 49141.8319198235 
 1037 , 49185.7040050181 
 1038 , 49221.5149196725 
 1039 , 49216.3253025943 
 1040 , 49162.9014061851 
 1041 , 49095.2082456491 
 1042 , 49041.5568349082 
 1043 , 48993.2341826953 
 1044 , 48935.5595868593 
 1045 , 48889.6105118644 
 1046 , 48897.8317733754 
 1047 , 48960.0023533824 
 1048 , 49013.8543864746 
 1049 , 49012.7372523691 
 1050 , 48982.3361301069 
 1051 , 48961.1380156719 
 1052 , 48957.2853992332 
 1053 , 48962.2448244607 
 1054 , 48972.5618340041 
 1055 , 48991.4976247443 
 1056 , 49018.1020706752 
 1057 , 49037.2247600741 
 1058 , 49033.7069308425 
 1059 , 49013.8960602026 
 1060 , 48994.0428465322 
 1061 , 48979.4232239303 
 1062 , 48963.1643676334 
 1063 , 48945.4631710474 
 1064 , 48946.2686751748 
 1065 , 48980.4139558946 
 1066 , 49009.005815717 
 1067 , 48974.7095151956 
 1068 , 48882.2302192385 
 1069 , 48793.5853764172 
 1070 , 48746.7507423462 
 1071 , 48724.5534518727 
 1072 , 48705.5858925316 
 1073 , 48682.6593935366 
 1074 , 48653.4996592822 
 1075 , 48620.397091146 
 1076 , 48589.0666765581 
 1077 , 48563.5117019814 
 1078 , 48544.7039662948 
 1079 , 48531.6349112262 
 1080 , 48516.4938793571 
 1081 , 48492.1535027344 
 1082 , 48476.6865317859 
 1083 , 48502.1877131645 
 1084 , 48557.9952768971 
 1085 , 48576.605408627 
 1086 , 48517.1489212159 
 1087 , 48431.5942839664 
 1088 , 48380.758168677 
 1089 , 48359.4454360698 
 1090 , 48333.4855554633 
 1091 , 48297.2819532538 
 1092 , 48274.3110625305 
 1093 , 48272.2857351271 
 1094 , 48260.5496937906 
 1095 , 48210.6830463133 
 1096 , 48134.5443691559 
 1097 , 48056.6168086078 
 1098 , 47988.4992981231 
 1099 , 47932.0137246874 
 1100 , 47887.7073026903 
 1101 , 47854.4347860049 
 1102 , 47827.3104478005 
 1103 , 47787.9476096612 
 1104 , 47717.4735635929 
 1105 , 47622.209772657 
 1106 , 47522.3240217257 
 1107 , 47440.9322591869 
 1108 , 47404.4080994616 
 1109 , 47419.8844682257 
 1110 , 47444.4151261303 
 1111 , 47434.5418917728 
 1112 , 47392.2058950311 
 1113 , 47336.0580753471 
 1114 , 47278.1965464952 
 1115 , 47225.2880557184 
 1116 , 47183.1558222173 
 1117 , 47156.430776888 
 1118 , 47145.6800762557 
 1119 , 47135.8820499288 
 1120 , 47110.7125930503 
 1121 , 47078.3578782124 
 1122 , 47060.0669751146 
 1123 , 47057.9388776275 
 1124 , 47051.421754431 
 1125 , 47029.0302786923 
 1126 , 47005.3856453917 
 1127 , 46994.7056900552 
 1128 , 46985.3886266522 
 1129 , 46957.9934412828 
 1130 , 46914.9124405015 
 1131 , 46875.2488871563 
 1132 , 46846.4175493932 
 1133 , 46816.3800443006 
 1134 , 46774.8781233672 
 1135 , 46724.0419669263 
 1136 , 46669.3866526018 
 1137 , 46621.9181398829 
 1138 , 46594.7124157215 
 1139 , 46586.2900263523 
 1140 , 46580.4194668146 
 1141 , 46567.3495097215 
 1142 , 46552.3525934973 
 1143 , 46539.5997652786 
 1144 , 46519.2747772556 
 1145 , 46479.0353143587 
 1146 , 46423.790017185 
 1147 , 46368.9376791809 
 1148 , 46318.8278044421 
 1149 , 46263.5712862243 
 1150 , 46198.3342812635 
 1151 , 46134.1032657068 
 1152 , 46081.9514826959 
 1153 , 46038.2248612215 
 1154 , 45994.8950650986 
 1155 , 45958.5084178167 
 1156 , 45946.4210491288 
 1157 , 45962.5875455373 
 1158 , 45990.1832212602 
 1159 , 46013.7897488511 
 1160 , 46027.9992030142 
 1161 , 46028.8445879387 
 1162 , 46008.4999744889 
 1163 , 45958.5023970006 
 1164 , 45889.0993767788 
 1165 , 45826.6917561071 
 1166 , 45782.5413426886 
 1167 , 45740.685450306 
 1168 , 45690.1169529769 
 1169 , 45647.7368271681 
 1170 , 45633.8843551914 
 1171 , 45645.4990363981 
 1172 , 45668.0799233022 
 1173 , 45683.9774451934 
 1174 , 45672.6930216019 
 1175 , 45624.6144587723 
 1176 , 45550.9289572285 
 1177 , 45466.24244384 
 1178 , 45389.5249636134 
 1179 , 45338.2183501492 
 1180 , 45307.1841317172 
 1181 , 45279.9588620365 
 1182 , 45246.2129724117 
 1183 , 45201.9112105866 
 1184 , 45147.9782006089 
 1185 , 45094.5231695568 
 1186 , 45052.9625717057 
 1187 , 45035.6844444734 
 1188 , 45051.9087152579 
 1189 , 45080.8188205446 
 1190 , 45086.6541102052 
 1191 , 45048.8006873106 
 1192 , 44962.1187928001 
 1193 , 44838.2140776778 
 1194 , 44719.7915580477 
 1195 , 44645.1527330472 
 1196 , 44621.2684653201 
 1197 , 44644.0001679226 
 1198 , 44680.6125734549 
 1199 , 44686.0340226011 
 1200 , 44656.9818157019 
 1201 , 44629.9985338191 
 1202 , 44616.4430435375 
 1203 , 44578.9600944221 
 1204 , 44488.9381263003 
 1205 , 44368.1998650564 
 1206 , 44249.3460634528 
 1207 , 44160.0192843944 
 1208 , 44124.048737211 
 1209 , 44137.2595114585 
 1210 , 44171.1805040513 
 1211 , 44202.0406713085 
 1212 , 44215.0497615665 
 1213 , 44193.1094665578 
 1214 , 44109.1827194629 
 1215 , 43947.9009747396 
 1216 , 43782.1266893908 
 1217 , 43713.2581929017 
 1218 , 43746.9546244958 
 1219 , 43816.6509193341 
 1220 , 43861.8407957997 
 1221 , 43833.0018237421 
 1222 , 43711.3043299977 
 1223 , 43556.7666078863 
 1224 , 43432.5620648861 
 1225 , 43350.9093017064 
 1226 , 43307.0529287693 
 1227 , 43292.9271411382 
 1228 , 43298.0835670952 
 1229 , 43302.5221294149 
 1230 , 43275.4988185838 
 1231 , 43202.5392101809 
 1232 , 43104.5512534303 
 1233 , 43006.692261391 
 1234 , 42933.2667584304 
 1235 , 42905.0812066827 
 1236 , 42916.1327019941 
 1237 , 42946.8677264371 
 1238 , 42969.0571178256 
 1239 , 42947.2687998356 
 1240 , 42875.0300557096 
 1241 , 42792.7052404256 
 1242 , 42730.5670363781 
 1243 , 42676.1607833533 
 1244 , 42613.694083399 
 1245 , 42554.0991724101 
 1246 , 42516.8352507224 
 1247 , 42508.1918600221 
 1248 , 42525.1350437373 
 1249 , 42545.9718564947 
 1250 , 42527.3904110817 
 1251 , 42452.8132983373 
 1252 , 42364.8083159219 
 1253 , 42303.6679425985 
 1254 , 42270.8058147897 
 1255 , 42256.6526255327 
 1256 , 42241.3407882977 
 1257 , 42201.5637990178 
 1258 , 42136.6657375816 
 1259 , 42064.6874153923 
 1260 , 41999.3354087024 
 1261 , 41947.1988533753 
 1262 , 41910.4327594099 
 1263 , 41881.1055248286 
 1264 , 41850.6726693779 
 1265 , 41815.4958007679 
 1266 , 41774.3216011072 
 1267 , 41734.3794447064 
 1268 , 41706.985099876 
 1269 , 41690.5845306711 
 1270 , 41671.3142789569 
 1271 , 41643.4221972564 
 1272 , 41615.4887907336 
 1273 , 41591.8628943063 
 1274 , 41560.2823986248 
 1275 , 41510.2563403569 
 1276 , 41457.980618125 
 1277 , 41425.984377552 
 1278 , 41406.6930523141 
 1279 , 41375.149868998 
 1280 , 41328.4810144677 
 1281 , 41286.8953639334 
 1282 , 41261.2372267642 
 1283 , 41243.8147037412 
 1284 , 41225.3579930841 
 1285 , 41197.6225928034 
 1286 , 41155.5156579047 
 1287 , 41110.854205489 
 1288 , 41079.4792935165 
 1289 , 41055.3596861568 
 1290 , 41019.2945105122 
 1291 , 40961.3720808791 
 1292 , 40881.7253848391 
 1293 , 40793.2901496256 
 1294 , 40730.6726093444 
 1295 , 40713.441076122 
 1296 , 40708.5377936994 
 1297 , 40678.6038282726 
 1298 , 40617.535443709 
 1299 , 40531.7675768997 
 1300 , 40447.1403533904 
 1301 , 40399.061312091 
 1302 , 40383.2653250436 
 1303 , 40357.0703027799 
 1304 , 40304.8752757333 
 1305 , 40257.4037412845 
 1306 , 40231.4850090778 
 1307 , 40194.2748964242 
 1308 , 40115.7505644791 
 1309 , 40020.1573552781 
 1310 , 39944.1140188097 
 1311 , 39889.8419296462 
 1312 , 39842.4832756015 
 1313 , 39798.2125816061 
 1314 , 39762.5793492888 
 1315 , 39736.2066962449 
 1316 , 39712.5040719414 
 1317 , 39686.7110163849 
 1318 , 39659.4560104636 
 1319 , 39630.9609566971 
 1320 , 39596.9307729151 
 1321 , 39552.769481238 
 1322 , 39499.3602794123 
 1323 , 39440.186547763 
 1324 , 39382.6789592621 
 1325 , 39336.59162409 
 1326 , 39301.1807420482 
 1327 , 39264.1836330583 
 1328 , 39222.9399288541 
 1329 , 39192.8864349949 
 1330 , 39183.8497278185 
 1331 , 39183.7585525754 
 1332 , 39176.3603112515 
 1333 , 39144.4587145773 
 1334 , 39074.1982358563 
 1335 , 38983.2428721844 
 1336 , 38903.9590700529 
 1337 , 38844.4213741499 
 1338 , 38792.8139425888 
 1339 , 38742.1807727129 
 1340 , 38692.6059337767 
 1341 , 38643.384196599 
 1342 , 38591.2225183439 
 1343 , 38535.51063112 
 1344 , 38485.7667057973 
 1345 , 38452.3538518121 
 1346 , 38438.3596329314 
 1347 , 38442.4853736503 
 1348 , 38445.5190160621 
 1349 , 38419.3407947917 
 1350 , 38358.0109149391 
 1351 , 38275.3037254012 
 1352 , 38187.0549901091 
 1353 , 38110.9468824178 
 1354 , 38055.9054847328 
 1355 , 38011.7608192867 
 1356 , 37966.5134214107 
 1357 , 37910.3883641443 
 1358 , 37837.7154052424 
 1359 , 37763.4071376702 
 1360 , 37706.9787966401 
 1361 , 37662.4452264721 
 1362 , 37610.3779657943 
 1363 , 37545.0475976248 
 1364 , 37472.7026596265 
 1365 , 37403.5945615244 
 1366 , 37352.6229557352 
 1367 , 37323.9310561067 
 1368 , 37299.4073083573 
 1369 , 37262.0188577899 
 1370 , 37206.5725114613 
 1371 , 37132.9596486608 
 1372 , 37055.02550649 
 1373 , 36989.3595757138 
 1374 , 36938.6684544405 
 1375 , 36898.9055556295 
 1376 , 36867.7439923048 
 1377 , 36843.69933145 
 1378 , 36811.2077570287 
 1379 , 36739.1606060175 
 1380 , 36624.1247928193 
 1381 , 36510.9253475094 
 1382 , 36430.7635955858 
 1383 , 36367.5406080102 
 1384 , 36302.9174210972 
 1385 , 36239.9780687919 
 1386 , 36186.4460585318 
 1387 , 36145.1310837397 
 1388 , 36114.8018106352 
 1389 , 36072.2271800017 
 1390 , 35983.6405671442 
 1391 , 35861.9492606016 
 1392 , 35760.4085842524 
 1393 , 35700.4804924276 
 1394 , 35660.8003084354 
 1395 , 35625.0475824511 
 1396 , 35591.9686242804 
 1397 , 35562.3455341593 
 1398 , 35537.9369683983 
 1399 , 35517.6267041566 
 1400 , 35486.8450041276 
 1401 , 35431.164223077 
 1402 , 35362.474194633 
 1403 , 35301.6137510349 
 1404 , 35246.906841783 
 1405 , 35183.805563291 
 1406 , 35117.6692340501 
 1407 , 35071.4870960619 
 1408 , 35054.3315913397 
 1409 , 35056.4191383167 
 1410 , 35057.4319870362 
 1411 , 35019.7356230624 
 1412 , 34931.3596461638 
 1413 , 34856.0714364225 
 1414 , 34849.3439452311 
 1415 , 34879.4633876272 
 1416 , 34895.300487119 
 1417 , 34864.3885025727 
 1418 , 34767.5166272952 
 1419 , 34644.0844732206 
 1420 , 34562.026324915 
 1421 , 34525.0490617296 
 1422 , 34486.5528205357 
 1423 , 34427.1880720149 
 1424 , 34359.7739172211 
 1425 , 34299.2980486379 
 1426 , 34261.4235238302 
 1427 , 34248.6073375814 
 1428 , 34233.2801158785 
 1429 , 34193.7612875364 
 1430 , 34141.2592661512 
 1431 , 34090.330368964 
 1432 , 34039.201351216 
 1433 , 33982.6223986909 
 1434 , 33925.5410589342 
 1435 , 33876.4462429115 
 1436 , 33834.2641428079 
 1437 , 33792.3089729218 
 1438 , 33748.3394326302 
 1439 , 33703.6912236625 
 1440 , 33650.9533904443 
 1441 , 33572.634208727 
 1442 , 33475.0054763405 
 1443 , 33403.8721386619 
 1444 , 33385.9497611219 
 1445 , 33396.3633162409 
 1446 , 33406.8163029234 
 1447 , 33400.8933387557 
 1448 , 33368.5070185311 
 1449 , 33317.6877325976 
 1450 , 33262.123308113 
 1451 , 33218.5482000056 
 1452 , 33202.7474607847 
 1453 , 33209.3896061992 
 1454 , 33221.6402159762 
 1455 , 33227.5828040623 
 1456 , 33219.7114664127 
 1457 , 33204.0539319894 
 1458 , 33199.9017249913 
 1459 , 33198.9968184824 
 1460 , 33154.1248201473 
 1461 , 33049.2719827269 
 1462 , 32932.7398515728 
 1463 , 32840.5843750302 
 1464 , 32758.8387194139 
 1465 , 32668.0898148643 
 1466 , 32557.9070997477 
 1467 , 32426.0716517917 
 1468 , 32301.1977855156 
 1469 , 32215.2734267911 
 1470 , 32157.3214851311 
 1471 , 32100.4705835496 
 1472 , 32041.0608940111 
 1473 , 31988.1135568651 
 1474 , 31941.5825838254 
 1475 , 31894.6647662294 
 1476 , 31846.1754234359 
 1477 , 31800.5517624198 
 1478 , 31755.2172375335 
 1479 , 31698.1703408953 
 1480 , 31628.7211158548 
 1481 , 31566.8966260904 
 1482 , 31524.4802843665 
 1483 , 31489.5137375084 
 1484 , 31449.0590010102 
 1485 , 31397.4163786016 
 1486 , 31334.7832754838 
 1487 , 31280.0897859365 
 1488 , 31252.0968941312 
 1489 , 31241.3099635005 
 1490 , 31229.8403943268 
 1491 , 31210.9099436104 
 1492 , 31183.4573882896 
 1493 , 31152.6748508748 
 1494 , 31126.6042374848 
 1495 , 31099.7144908074 
 1496 , 31056.6019428022 
 1497 , 30997.9250189089 
 1498 , 30940.336859774 
 1499 , 30890.4255594407 
 1500 , 30841.1027399003 
 1501 , 30787.6290891815 
 1502 , 30730.5419543913 
 1503 , 30669.5557819984 
 1504 , 30601.6502876753 
 1505 , 30530.2430938938 
 1506 , 30477.1463851016 
 1507 , 30455.8959339919 
 1508 , 30439.8908323237 
 1509 , 30400.8604203099 
 1510 , 30343.6631779627 
 1511 , 30281.2789367596 
 1512 , 30218.1437359749 
 1513 , 30155.0839425099 
 1514 , 30089.5421664696 
 1515 , 30018.6137627456 
 1516 , 29952.7535640748 
 1517 , 29908.8364417837 
 1518 , 29880.2538170874 
 1519 , 29843.5372627101 
 1520 , 29793.87379044 
 1521 , 29744.2947142039 
 1522 , 29706.2398646691 
 1523 , 29688.1405562239 
 1524 , 29680.9017553842 
 1525 , 29650.5920377868 
 1526 , 29583.1272657162 
 1527 , 29503.4291800175 
 1528 , 29433.5657059179 
 1529 , 29380.1970335592 
 1530 , 29346.5493635993 
 1531 , 29332.0809691712 
 1532 , 29328.7917481724 
 1533 , 29304.8485141308 
 1534 , 29237.1055641048 
 1535 , 29163.5988399402 
 1536 , 29130.2386021263 
 1537 , 29133.4394882585 
 1538 , 29151.4814123654 
 1539 , 29154.7936545996 
 1540 , 29114.2828982531 
 1541 , 29034.5273993915 
 1542 , 28938.1205479308 
 1543 , 28852.9005258153 
 1544 , 28807.4203179654 
 1545 , 28792.9538557547 
 1546 , 28773.5205654117 
 1547 , 28738.9327862097 
 1548 , 28703.156234061 
 1549 , 28674.1335369094 
 1550 , 28652.1549561957 
 1551 , 28636.6189437343 
 1552 , 28626.1937678911 
 1553 , 28614.9104040529 
 1554 , 28589.6701747303 
 1555 , 28547.2890328428 
 1556 , 28504.3873482937 
 1557 , 28470.9397213621 
 1558 , 28437.026910915 
 1559 , 28396.4245008163 
 1560 , 28360.2418123629 
 1561 , 28334.4535176675 
 1562 , 28298.9473739879 
 1563 , 28236.8953823998 
 1564 , 28164.9439984043 
 1565 , 28104.711394182 
 1566 , 28062.8102034595 
 1567 , 28039.345543656 
 1568 , 28022.5400930681 
 1569 , 27999.7803070744 
 1570 , 27980.8216888847 
 1571 , 27981.632238228 
 1572 , 27993.4840706193 
 1573 , 27996.1221273058 
 1574 , 27974.1091289199 
 1575 , 27917.3234359729 
 1576 , 27846.0435730223 
 1577 , 27798.1431605675 
 1578 , 27775.7812884276 
 1579 , 27754.3411146561 
 1580 , 27722.0263578393 
 1581 , 27678.9905939894 
 1582 , 27627.7696142429 
 1583 , 27572.9396548014 
 1584 , 27520.5762993445 
 1585 , 27478.3076899629 
 1586 , 27450.8664042876 
 1587 , 27438.926319838 
 1588 , 27435.8241227551 
 1589 , 27424.3937645362 
 1590 , 27395.1889974313 
 1591 , 27353.4417118725 
 1592 , 27304.1580348535 
 1593 , 27249.1155727737 
 1594 , 27192.0018164007 
 1595 , 27141.5548339001 
 1596 , 27105.6727243426 
 1597 , 27088.4239509723 
 1598 , 27085.7591568948 
 1599 , 27072.0895252906 
 1600 , 27029.9143301326 
 1601 , 26980.4932991949 
 1602 , 26946.4258469347 
 1603 , 26926.2263834173 
 1604 , 26912.3991124144 
 1605 , 26895.5444852511 
 1606 , 26867.8883879225 
 1607 , 26831.6717265575 
 1608 , 26791.4086347508 
 1609 , 26748.0105440494 
 1610 , 26701.6689042055 
 1611 , 26655.4014455347 
 1612 , 26611.7950526396 
 1613 , 26563.5115687303 
 1614 , 26500.659447605 
 1615 , 26424.9210327005 
 1616 , 26344.168536042 
 1617 , 26273.9433686184 
 1618 , 26230.4082546179 
 1619 , 26199.099614654 
 1620 , 26151.3989089828 
 1621 , 26088.3347724363 
 1622 , 26027.7303150012 
 1623 , 25972.6598670267 
 1624 , 25916.9579193966 
 1625 , 25863.1123738534 
 1626 , 25819.3395224622 
 1627 , 25784.9038341323 
 1628 , 25752.1836691064 
 1629 , 25716.2874092725 
 1630 , 25674.7896257569 
 1631 , 25625.7737011521 
 1632 , 25568.2215850055 
 1633 , 25512.1683123744 
 1634 , 25477.4924891653 
 1635 , 25463.4883293427 
 1636 , 25448.2328671825 
 1637 , 25425.5143246559 
 1638 , 25407.1296598496 
 1639 , 25389.1372119257 
 1640 , 25348.4538769292 
 1641 , 25281.7430746623 
 1642 , 25211.5849799378 
 1643 , 25150.3906956246 
 1644 , 25094.9309956362 
 1645 , 25045.4681348495 
 1646 , 25008.568261026 
 1647 , 24983.7092257732 
 1648 , 24959.2551636907 
 1649 , 24930.384055098 
 1650 , 24904.2122645552 
 1651 , 24879.8548924891 
 1652 , 24841.7417287085 
 1653 , 24785.6894534706 
 1654 , 24729.3681054612 
 1655 , 24685.8632647852 
 1656 , 24656.1137007511 
 1657 , 24635.4698384694 
 1658 , 24611.2286196847 
 1659 , 24574.6228126549 
 1660 , 24526.2637696007 
 1661 , 24467.6894201195 
 1662 , 24400.1750496347 
 1663 , 24332.1204318748 
 1664 , 24286.7845794524 
 1665 , 24275.8981003848 
 1666 , 24282.3805160124 
 1667 , 24286.2982723551 
 1668 , 24269.7262255171 
 1669 , 24226.6535562927 
 1670 , 24177.4818799545 
 1671 , 24135.1663336539 
 1672 , 24086.9075592771 
 1673 , 24024.7465774932 
 1674 , 23960.8464408754 
 1675 , 23906.0097662227 
 1676 , 23860.7119516965 
 1677 , 23822.3620425375 
 1678 , 23784.6049119968 
 1679 , 23743.4320188429 
 1680 , 23702.0451459921 
 1681 , 23662.1064332671 
 1682 , 23618.6967828243 
 1683 , 23571.2755001355 
 1684 , 23532.8463597325 
 1685 , 23510.6413536177 
 1686 , 23492.0336418191 
 1687 , 23464.5610693659 
 1688 , 23423.9786879405 
 1689 , 23370.3365553122 
 1690 , 23311.2873247624 
 1691 , 23254.0886650601 
 1692 , 23202.0501247731 
 1693 , 23157.2248674702 
 1694 , 23120.053213085 
 1695 , 23090.2357515198 
 1696 , 23066.249954967 
 1697 , 23043.4639191828 
 1698 , 23010.1736257491 
 1699 , 22962.2692413721 
 1700 , 22916.2688633044 
 1701 , 22884.5983176496 
 1702 , 22863.0199660563 
 1703 , 22842.5579565612 
 1704 , 22808.8948357692 
 1705 , 22759.808953105 
 1706 , 22721.7178289715 
 1707 , 22706.8853378847 
 1708 , 22688.3689491144 
 1709 , 22647.0902428054 
 1710 , 22591.4940634347 
 1711 , 22533.9750043096 
 1712 , 22487.7873211563 
 1713 , 22457.2154755435 
 1714 , 22428.6933691391 
 1715 , 22395.9536327969 
 1716 , 22370.5078114384 
 1717 , 22356.2956223742 
 1718 , 22339.8444127584 
 1719 , 22312.5158110208 
 1720 , 22277.384731346 
 1721 , 22237.6030054367 
 1722 , 22194.5077350698 
 1723 , 22151.8195498235 
 1724 , 22117.2837027426 
 1725 , 22095.416530881 
 1726 , 22085.0870022492 
 1727 , 22075.4563872552 
 1728 , 22042.7093793611 
 1729 , 21977.8805659633 
 1730 , 21894.0407227475 
 1731 , 21818.708604425 
 1732 , 21794.5345650782 
 1733 , 21814.879053847 
 1734 , 21813.3390985102 
 1735 , 21765.0275937131 
 1736 , 21696.5302657156 
 1737 , 21630.9597053611 
 1738 , 21584.1595154074 
 1739 , 21559.9049176919 
 1740 , 21550.0674122302 
 1741 , 21543.4739187842 
 1742 , 21527.0897434557 
 1743 , 21497.023544285 
 1744 , 21457.0551300282 
 1745 , 21405.0567138932 
 1746 , 21335.6326315691 
 1747 , 21268.1565713352 
 1748 , 21237.4094442671 
 1749 , 21236.8787826737 
 1750 , 21232.9737619421 
 1751 , 21211.951250761 
 1752 , 21174.1658683128 
 1753 , 21131.4182957373 
 1754 , 21099.9077777339 
 1755 , 21076.3507520356 
 1756 , 21048.4340409254 
 1757 , 21015.040812105 
 1758 , 20980.6005447117 
 1759 , 20950.0881976846 
 1760 , 20926.7728398958 
 1761 , 20901.4878841245 
 1762 , 20864.6218491154 
 1763 , 20832.321387283 
 1764 , 20822.1460155791 
 1765 , 20811.9534394025 
 1766 , 20774.9617769977 
 1767 , 20720.7887354241 
 1768 , 20668.3506043744 
 1769 , 20632.4121522653 
 1770 , 20621.0883789417 
 1771 , 20622.5388251437 
 1772 , 20619.5898117832 
 1773 , 20592.2795303237 
 1774 , 20536.410047437 
 1775 , 20492.9257760334 
 1776 , 20487.5515271548 
 1777 , 20489.9498448841 
 1778 , 20476.8922299667 
 1779 , 20458.4940916146 
 1780 , 20442.2542566417 
 1781 , 20422.4909094787 
 1782 , 20392.1486948178 
 1783 , 20344.604475401 
 1784 , 20287.3344129637 
 1785 , 20247.7759413365 
 1786 , 20227.2049266886 
 1787 , 20192.3046082938 
 1788 , 20145.7163714725 
 1789 , 20131.4798544749 
 1790 , 20149.690204839 
 1791 , 20156.17928339 
 1792 , 20135.016521241 
 1793 , 20096.8805481433 
 1794 , 20059.3457844207 
 1795 , 20042.1760790764 
 1796 , 20037.2006598406 
 1797 , 20020.0567409098 
 1798 , 19987.4106995794 
 1799 , 19948.7241079714 
 1800 , 19919.430365139 
 1801 , 19912.7982747811 
 1802 , 19908.2783149347 
 1803 , 19878.1479361926 
 1804 , 19833.4522838219 
 1805 , 19793.7763818095 
 1806 , 19754.5382802843 
 1807 , 19708.2870370042 
 1808 , 19664.5680357906 
 1809 , 19631.5059270988 
 1810 , 19598.5923880756 
 1811 , 19560.5458469543 
 1812 , 19537.1357456311 
 1813 , 19538.0295683272 
 1814 , 19539.6786910834 
 1815 , 19528.8729958134 
 1816 , 19521.3829310064 
 1817 , 19521.4576093576 
 1818 , 19509.4885024525 
 1819 , 19480.974601066 
 1820 , 19454.8103258131 
 1821 , 19440.282723564 
 1822 , 19433.4963792627 
 1823 , 19427.0343933926 
 1824 , 19411.0508180298 
 1825 , 19380.0739267613 
 1826 , 19333.3681359555 
 1827 , 19283.9677408844 
 1828 , 19251.5032605086 
 1829 , 19230.4570933799 
 1830 , 19204.8117157829 
 1831 , 19186.2891510426 
 1832 , 19192.5218671986 
 1833 , 19199.172454676 
 1834 , 19174.7028567184 
 1835 , 19129.2308705048 
 1836 , 19082.8649272079 
 1837 , 19045.3794253552 
 1838 , 19019.6523565764 
 1839 , 18994.9219155197 
 1840 , 18964.5175343258 
 1841 , 18938.6087546825 
 1842 , 18924.0298411197 
 1843 , 18915.5957392515 
 1844 , 18903.9128264474 
 1845 , 18875.5055485304 
 1846 , 18834.4349952214 
 1847 , 18807.7249342792 
 1848 , 18801.3767571862 
 1849 , 18797.5002259411 
 1850 , 18786.6298021196 
 1851 , 18767.7375397181 
 1852 , 18740.370659319 
 1853 , 18704.9036082111 
 1854 , 18667.7930282288 
 1855 , 18636.2057999595 
 1856 , 18597.0958386607 
 1857 , 18537.2247556282 
 1858 , 18494.1464235509 
 1859 , 18504.2718474317 
 1860 , 18519.8033146335 
 1861 , 18490.9293024553 
 1862 , 18439.8461045975 
 1863 , 18396.9553492464 
 1864 , 18373.8675089594 
 1865 , 18369.7594222542 
 1866 , 18364.6914510878 
 1867 , 18349.1169859098 
 1868 , 18333.7728815716 
 1869 , 18318.4554624994 
 1870 , 18287.3520453842 
 1871 , 18239.887232512 
 1872 , 18191.7480562622 
 1873 , 18157.8726601806 
 1874 , 18149.6754881139 
 1875 , 18152.5881755188 
 1876 , 18140.8698838245 
 1877 , 18127.275687235 
 1878 , 18132.9489623257 
 1879 , 18119.1736202865 
 1880 , 18046.9665039705 
 1881 , 17973.2299582275 
 1882 , 17956.1431643115 
 1883 , 17970.2861178022 
 1884 , 17980.0255843942 
 1885 , 17967.5471648178 
 1886 , 17932.5779235842 
 1887 , 17902.5207669425 
 1888 , 17885.1800382432 
 1889 , 17856.2465245703 
 1890 , 17814.34332183 
 1891 , 17785.2805185626 
 1892 , 17773.4394862617 
 1893 , 17763.4985109771 
 1894 , 17738.8228832788 
 1895 , 17686.0118280269 
 1896 , 17622.1990314785 
 1897 , 17575.441864988 
 1898 , 17548.8331583964 
 1899 , 17534.7672135476 
 1900 , 17519.3836648836 
 1901 , 17493.1773127843 
 1902 , 17465.759412064 
 1903 , 17445.7925338147 
 1904 , 17430.9750523415 
 1905 , 17419.0003375431 
 1906 , 17410.1200412925 
 1907 , 17400.0963048629 
 1908 , 17379.0467089739 
 1909 , 17347.7864626193 
 1910 , 17317.4372767918 
 1911 , 17292.8969654514 
 1912 , 17274.2214673534 
 1913 , 17261.4459015774 
 1914 , 17253.5723098731 
 1915 , 17242.6772619628 
 1916 , 17220.582625165 
 1917 , 17190.3342927116 
 1918 , 17155.2335464349 
 1919 , 17109.1935261115 
 1920 , 17054.1090826377 
 1921 , 17014.4705276664 
 1922 , 17000.7810281596 
 1923 , 16995.0050678311 
 1924 , 16988.2463821557 
 1925 , 16985.6123544855 
 1926 , 16980.5229188043 
 1927 , 16956.3068656101 
 1928 , 16911.559367391 
 1929 , 16856.2594109996 
 1930 , 16808.5890468274 
 1931 , 16785.3710700416 
 1932 , 16775.1300103784 
 1933 , 16761.1210358306 
 1934 , 16742.9844000883 
 1935 , 16724.3605054712 
 1936 , 16709.2185826739 
 1937 , 16700.7781712515 
 1938 , 16700.6454434391 
 1939 , 16705.5833005301 
 1940 , 16706.2592127477 
 1941 , 16696.3760328483 
 1942 , 16673.4328633963 
 1943 , 16640.8407571223 
 1944 , 16605.7132373024 
 1945 , 16572.8290566437 
 1946 , 16544.7466584912 
 1947 , 16518.3373882824 
 1948 , 16491.039879126 
 1949 , 16469.5941031572 
 1950 , 16459.3067793267 
 1951 , 16456.3025254664 
 1952 , 16451.4004381926 
 1953 , 16428.9226993286 
 1954 , 16384.7553166318 
 1955 , 16330.2159221597 
 1956 , 16280.9045022587 
 1957 , 16253.4967791278 
 1958 , 16244.4365687302 
 1959 , 16238.5270443348 
 1960 , 16226.8843854992 
 1961 , 16204.8037328137 
 1962 , 16174.0647997587 
 1963 , 16141.9993389486 
 1964 , 16127.1684149103 
 1965 , 16135.1945160799 
 1966 , 16140.5624316507 
 1967 , 16125.3810473369 
 1968 , 16088.6536933526 
 1969 , 16040.0167387224 
 1970 , 15997.8469726384 
 1971 , 15973.8169074741 
 1972 , 15971.5074700366 
 1973 , 15969.4076000044 
 1974 , 15942.1258738465 
 1975 , 15903.5641423973 
 1976 , 15873.5907290746 
 1977 , 15851.3818629726 
 1978 , 15834.712507142 
 1979 , 15827.2196485456 
 1980 , 15820.9797260878 
 1981 , 15791.4219196526 
 1982 , 15744.5957797212 
 1983 , 15715.2505990445 
 1984 , 15698.7361378179 
 1985 , 15668.571576478 
 1986 , 15641.9761283019 
 1987 , 15644.2111780741 
 1988 , 15643.1405481537 
 1989 , 15608.0043449878 
 1990 , 15564.2025162522 
 1991 , 15539.7825380672 
 1992 , 15546.2321234712 
 1993 , 15568.6118174406 
 1994 , 15562.028887607 
 1995 , 15528.3776860902 
 1996 , 15508.7072083223 
 1997 , 15497.6684200665 
 1998 , 15468.8019673445 
 1999 , 15442.2796158208 
 2000 , 15443.6066228171 
 2001 , 15447.1883750701 
 2002 , 15434.6194456218 
 2003 , 15436.5422430741 
 2004 , 15453.5316538598 
 2005 , 15427.2775724209 
 2006 , 15355.9549856982 
 2007 , 15300.9178078334 
 2008 , 15280.5398383459 
 2009 , 15279.1511165178 
 2010 , 15271.1232450405 
 2011 , 15237.1568619379 
 2012 , 15207.2612189903 
 2013 , 15208.4748561304 
 2014 , 15217.9446837067 
 2015 , 15209.7028768344 
 2016 , 15169.2903476907 
 2017 , 15109.91247534 
 2018 , 15074.1891544473 
 2019 , 15075.2145424262 
 2020 , 15098.2204938423 
 2021 , 15097.8936034278 
 2022 , 15034.450120489 
 2023 , 14969.7403167139 
 2024 , 14962.9476876557 
 2025 , 14969.6020230397 
 2026 , 14954.2384259092 
 2027 , 14935.0043608731 
 2028 , 14921.3787126113 
 2029 , 14905.6426478144 
 2030 , 14886.7017293856 
 2031 , 14867.5727669573 
 2032 , 14836.172272265 
 2033 , 14784.7940413672 
 2034 , 14763.095355785 
 2035 , 14801.0487497801 
 2036 , 14821.8408797691 
 2037 , 14777.8853068008 
 2038 , 14708.0579315361 
 2039 , 14652.9002858594 
 2040 , 14641.0143095005 
 2041 , 14651.0019737994 
 2042 , 14633.5510668565 
 2043 , 14593.5382971777 
 2044 , 14556.4746223314 
 2045 , 14531.8485881974 
 2046 , 14519.2160938804 
 2047 , 14504.1027487624 
 2048 , 14483.8246123734 
 2049 , 14476.3462023508 
 2050 , 14478.3916437543 
 2051 , 14466.8018004932 
 2052 , 14444.2295668047 
 2053 , 14425.733075779 
 2054 , 14404.5723069248 
 2055 , 14370.4732962202 
 2056 , 14328.5562199903 
 2057 , 14287.3994287024 
 2058 , 14255.7856422557 
 2059 , 14237.3901513487 
 2060 , 14229.0153555785 
 2061 , 14219.7480819265 
 2062 , 14196.3066405638 
 2063 , 14170.2446491079 
 2064 , 14157.3833724368 
 2065 , 14141.6827940306 
 2066 , 14111.9616377682 
 2067 , 14090.5916712957 
 2068 , 14083.7523902882 
 2069 , 14066.6677712539 
 2070 , 14034.2152034465 
 2071 , 14000.7397746286 
 2072 , 13972.7649086071 
 2073 , 13952.4830608095 
 2074 , 13944.1646461313 
 2075 , 13945.2657090037 
 2076 , 13931.5440860877 
 2077 , 13898.7695406626 
 2078 , 13882.1662607646 
 2079 , 13880.7209882997 
 2080 , 13855.8141990695 
 2081 , 13808.9438170198 
 2082 , 13764.2382937794 
 2083 , 13726.8314182669 
 2084 , 13696.6531429862 
 2085 , 13679.2163284231 
 2086 , 13670.1574720977 
 2087 , 13645.8882817273 
 2088 , 13611.1322510993 
 2089 , 13600.3161223572 
 2090 , 13606.4419462254 
 2091 , 13597.668490403 
 2092 , 13561.1577506068 
 2093 , 13502.2612162237 
 2094 , 13462.2188791213 
 2095 , 13461.0430773993 
 2096 , 13465.7845931783 
 2097 , 13463.0859564127 
 2098 , 13466.0771150317 
 2099 , 13471.2793947152 
 2100 , 13464.4468193416 
 2101 , 13436.388163098 
 2102 , 13387.1247672827 
 2103 , 13339.9331979538 
 2104 , 13310.0308152554 
 2105 , 13290.0921916817 
 2106 , 13279.2394269115 
 2107 , 13283.3767451193 
 2108 , 13282.9967183299 
 2109 , 13252.06497176 
 2110 , 13213.7410687696 
 2111 , 13192.6987362499 
 2112 , 13169.6912879042 
 2113 , 13139.1299022758 
 2114 , 13128.7666380954 
 2115 , 13132.2330724911 
 2116 , 13112.9699498946 
 2117 , 13075.5599298836 
 2118 , 13043.6167238306 
 2119 , 13024.0866320206 
 2120 , 13012.8772077186 
 2121 , 12991.1245737039 
 2122 , 12958.5760547852 
 2123 , 12941.7610218404 
 2124 , 12934.4884552615 
 2125 , 12908.3525323176 
 2126 , 12872.9985907425 
 2127 , 12847.9983762775 
 2128 , 12825.9956671631 
 2129 , 12800.644539032 
 2130 , 12780.0309932133 
 2131 , 12765.1043465255 
 2132 , 12747.2279188143 
 2133 , 12721.5717922256 
 2134 , 12687.5158106783 
 2135 , 12652.591118127 
 2136 , 12624.4092659565 
 2137 , 12602.9431370141 
 2138 , 12587.3176506779 
 2139 , 12576.8665472016 
 2140 , 12561.033913092 
 2141 , 12524.2333142889 
 2142 , 12478.0845710878 
 2143 , 12445.182128328 
 2144 , 12440.3132831541 
 2145 , 12462.82083308 
 2146 , 12484.8174669829 
 2147 , 12489.0166928904 
 2148 , 12473.5395820984 
 2149 , 12434.2391586763 
 2150 , 12370.8623337417 
 2151 , 12313.5637305888 
 2152 , 12285.8389176932 
 2153 , 12267.3437928004 
 2154 , 12245.6647320297 
 2155 , 12229.6089216421 
 2156 , 12225.3373500565 
 2157 , 12232.418373108 
 2158 , 12228.1875286285 
 2159 , 12196.575443775 
 2160 , 12173.8972762808 
 2161 , 12179.2636139276 
 2162 , 12183.8482165346 
 2163 , 12172.946006055 
 2164 , 12150.0861039374 
 2165 , 12123.4646888132 
 2166 , 12099.6533150948 
 2167 , 12070.5921731185 
 2168 , 12035.047660098 
 2169 , 12012.4565037846 
 2170 , 11998.725568586 
 2171 , 11966.0918106334 
 2172 , 11934.4393035832 
 2173 , 11937.8393511239 
 2174 , 11942.5945464204 
 2175 , 11918.5480447983 
 2176 , 11890.6269867256 
 2177 , 11873.8930016068 
 2178 , 11862.4475378354 
 2179 , 11858.9306193966 
 2180 , 11866.1300617191 
 2181 , 11853.6704905085 
 2182 , 11804.7312629571 
 2183 , 11765.2440115018 
 2184 , 11760.094110235 
 2185 , 11772.5247612811 
 2186 , 11779.414856249 
 2187 , 11759.8520258699 
 2188 , 11719.5818711731 
 2189 , 11674.6207416804 
 2190 , 11642.8389895666 
 2191 , 11628.8978916741 
 2192 , 11618.8997931752 
 2193 , 11601.810111488 
 2194 , 11571.7695238228 
 2195 , 11535.3222261852 
 2196 , 11505.2199414246 
 2197 , 11498.4284452676 
 2198 , 11508.4349457362 
 2199 , 11497.5281254023 
 2200 , 11465.9782112079 
 2201 , 11439.3963778198 
 2202 , 11419.644819623 
 2203 , 11399.7524666647 
 2204 , 11373.0916910796 
 2205 , 11342.9561808425 
 2206 , 11325.5350040199 
 2207 , 11329.2028931313 
 2208 , 11349.4476286833 
 2209 , 11344.2621668737 
 2210 , 11287.6613889153 
 2211 , 11228.3001078751 
 2212 , 11193.0289980251 
 2213 , 11166.1296902441 
 2214 , 11143.6288408519 
 2215 , 11128.6947643799 
 2216 , 11112.0854862937 
 2217 , 11085.1888854714 
 2218 , 11050.6643146822 
 2219 , 11021.3666742137 
 2220 , 11016.7128044725 
 2221 , 11020.2146937418 
 2222 , 11003.3915540478 
 2223 , 10980.1772067676 
 2224 , 10962.9927854756 
 2225 , 10937.1605170661 
 2226 , 10909.4391989766 
 2227 , 10905.7110272746 
 2228 , 10896.0974552667 
 2229 , 10844.3806930942 
 2230 , 10799.8935364572 
 2231 , 10791.3532179464 
 2232 , 10776.8563651621 
 2233 , 10743.5794211485 
 2234 , 10709.5186898024 
 2235 , 10685.8767181441 
 2236 , 10672.3228314376 
 2237 , 10643.8773932486 
 2238 , 10601.5572353388 
 2239 , 10587.3962476345 
 2240 , 10594.7600532674 
 2241 , 10587.3587247273 
 2242 , 10570.1930717467 
 2243 , 10551.6499893725 
 2244 , 10514.7622468737 
 2245 , 10469.2736840148 
 2246 , 10454.5694224978 
 2247 , 10454.4164836311 
 2248 , 10434.4935485657 
 2249 , 10419.0578019447 
 2250 , 10417.7326588689 
 2251 , 10387.7850646657 
 2252 , 10339.5069598883 
 2253 , 10325.0462586269 
 2254 , 10321.6301091718 
 2255 , 10294.6412517105 
 2256 , 10271.1724287748 
 2257 , 10267.0439190199 
 2258 , 10266.1210700963 
 2259 , 10247.6769432244 
 2260 , 10199.787083058 
 2261 , 10160.4951513451 
 2262 , 10155.1634497743 
 2263 , 10150.6295050574 
 2264 , 10131.3000942336 
 2265 , 10105.5697399863 
 2266 , 10071.8185372185 
 2267 , 10029.3236636001 
 2268 , 9997.54012486488 
 2269 , 9988.86008861488 
 2270 , 9997.69811793875 
 2271 , 10001.8671611674 
 2272 , 9977.00987917737 
 2273 , 9942.31449068448 
 2274 , 9918.94758457296 
 2275 , 9901.85541864735 
 2276 , 9885.00110098199 
 2277 , 9865.06511932176 
 2278 , 9840.04214108127 
 2279 , 9811.86840309319 
 2280 , 9793.13017015668 
 2281 , 9783.84995434794 
 2282 , 9764.88890982525 
 2283 , 9741.94929407265 
 2284 , 9732.27412351212 
 2285 , 9723.67862615441 
 2286 , 9706.03818500101 
 2287 , 9690.46070803381 
 2288 , 9673.58210938221 
 2289 , 9639.62847325103 
 2290 , 9596.36224336712 
 2291 , 9559.85622570911 
 2292 , 9540.55802525557 
 2293 , 9532.49473269687 
 2294 , 9513.08767358933 
 2295 , 9487.18976909366 
 2296 , 9470.63938596765 
 2297 , 9457.86677057936 
 2298 , 9438.9969354186 
 2299 , 9407.00959521948 
 2300 , 9372.57858261723 
 2301 , 9354.21458015745 
 2302 , 9341.10691401507 
 2303 , 9319.02206647229 
 2304 , 9288.58441675349 
 2305 , 9264.73829654135 
 2306 , 9267.54740292223 
 2307 , 9266.08453915304 
 2308 , 9230.52962961285 
 2309 , 9198.66923896383 
 2310 , 9188.59353501487 
 2311 , 9179.83915663326 
 2312 , 9164.5738890804 
 2313 , 9144.19086482238 
 2314 , 9122.73368945383 
 2315 , 9100.98443313849 
 2316 , 9074.6186119869 
 2317 , 9051.2251136716 
 2318 , 9042.20772822372 
 2319 , 9036.06909784748 
 2320 , 9018.98008264294 
 2321 , 8986.58969848608 
 2322 , 8949.58411738851 
 2323 , 8927.27303390817 
 2324 , 8919.73097158944 
 2325 , 8917.72665713338 
 2326 , 8907.38397546257 
 2327 , 8883.37270540039 
 2328 , 8851.11992933401 
 2329 , 8826.30661000826 
 2330 , 8817.46091730489 
 2331 , 8801.58685749466 
 2332 , 8768.88899107093 
 2333 , 8732.07058579369 
 2334 , 8707.05990171965 
 2335 , 8702.71742558302 
 2336 , 8701.56163520356 
 2337 , 8689.28960024292 
 2338 , 8664.40050984189 
 2339 , 8636.93290538362 
