11-20-2017,17:18:04
Wavenumber(cm-1),Intensity
 250 , 10 
 251 , 10 
 252 , 10 
 253 , 10 
 254 , 10 
 255 , 68.62109375 
 256 , 71.12890625 
 257 , 75.35546875 
 258 , 83.0234375 
 259 , 82.55078125 
 260 , 58.83203125 
 261 , 7.65625 
 262 ,-43.21875 
 263 ,-72.84765625 
 264 ,-70.55078125 
 265 ,-33.43359375 
 266 , 38.56640625 
 267 , 118.0078125 
 268 , 163.3984375 
 269 , 150.3046875 
 270 , 104.70703125 
 271 , 63.828125 
 272 , 48.55078125 
 273 , 47.25390625 
 274 , 51.26171875 
 275 , 57.078125 
 276 , 65.38671875 
 277 , 76.08203125 
 278 , 87.12890625 
 279 , 96.515625 
 280 , 106.01171875 
 281 , 124.39453125 
 282 , 160.5078125 
 283 , 210.69140625 
 284 , 260.16015625 
 285 , 297.06640625 
 286 , 326.9140625 
 287 , 361.2421875 
 288 , 403.13671875 
 289 , 440.01953125 
 290 , 458.1875 
 291 , 456.55078125 
 292 , 445.26171875 
 293 , 433.24609375 
 294 , 418.54296875 
 295 , 394.4453125 
 296 , 356.6796875 
 297 , 305.30078125 
 298 , 240.859375 
 299 , 170.54296875 
 300 , 112.4765625 
 301 , 83.43359375 
 302 , 77.61328125 
 303 , 75.65625 
 304 , 64.27734375 
 305 , 51.6328125 
 306 , 50.4765625 
 307 , 63.26953125 
 308 , 79.53515625 
 309 , 89.4375 
 310 , 95.00390625 
 311 , 104.12109375 
 312 , 121.9140625 
 313 , 144.796875 
 314 , 167.54296875 
 315 , 189.2890625 
 316 , 215.21875 
 317 , 250.37890625 
 318 , 291.69921875 
 319 , 330.16015625 
 320 , 356.72265625 
 321 , 364.5625 
 322 , 348.1796875 
 323 , 312.296875 
 324 , 281.38671875 
 325 , 281.12890625 
 326 , 318.26171875 
 327 , 382.546875 
 328 , 462.89453125 
 329 , 546.1328125 
 330 , 618.15625 
 331 , 666.66015625 
 332 , 684.30859375 
 333 , 665.3125 
 334 , 621.65234375 
 335 , 583.734375 
 336 , 579.76171875 
 337 , 615.50390625 
 338 , 686.71875 
 339 , 778.984375 
 340 , 851.35546875 
 341 , 860.05078125 
 342 , 800.1484375 
 343 , 709.13671875 
 344 , 623.52734375 
 345 , 556.4375 
 346 , 510.25 
 347 , 482.73828125 
 348 , 459.66796875 
 349 , 425.33984375 
 350 , 377.3828125 
 351 , 327.94140625 
 352 , 288.58984375 
 353 , 261.0078125 
 354 , 242.3828125 
 355 , 230.71484375 
 356 , 226.19140625 
 357 , 229.2890625 
 358 , 237.2890625 
 359 , 244.0703125 
 360 , 244.33984375 
 361 , 239.57421875 
 362 , 234.13671875 
 363 , 231.26953125 
 364 , 231.96875 
 365 , 236.99609375 
 366 , 248.15234375 
 367 , 267.83203125 
 368 , 296.94140625 
 369 , 326.390625 
 370 , 343.1640625 
 371 , 340.42578125 
 372 , 326.00390625 
 373 , 309.58203125 
 374 , 295.63671875 
 375 , 283.80078125 
 376 , 273.8828125 
 377 , 267.671875 
 378 , 267.6875 
 379 , 274.5078125 
 380 , 285.05078125 
 381 , 295.91796875 
 382 , 304.36328125 
 383 , 307.64453125 
 384 , 304.2421875 
 385 , 300.484375 
 386 , 305.6796875 
 387 , 323.328125 
 388 , 344.31640625 
 389 , 358.515625 
 390 , 366.734375 
 391 , 379.1015625 
 392 , 402.52734375 
 393 , 426.96484375 
 394 , 437.125 
 395 , 422.87109375 
 396 , 383.1640625 
 397 , 319.3046875 
 398 , 247.83203125 
 399 , 195.1328125 
 400 , 178.85546875 
 401 , 185.08984375 
 402 , 193.41015625 
 403 , 194.83203125 
 404 , 194.01171875 
 405 , 196.52734375 
 406 , 210.05859375 
 407 , 243.0390625 
 408 , 297.31640625 
 409 , 356.70703125 
 410 , 402.64453125 
 411 , 427.265625 
 412 , 434.2734375 
 413 , 428.0859375 
 414 , 414.6640625 
 415 , 400.75390625 
 416 , 391.00390625 
 417 , 383.5078125 
 418 , 374.8203125 
 419 , 362.25390625 
 420 , 346.890625 
 421 , 330.828125 
 422 , 314.9375 
 423 , 297.27734375 
 424 , 278.04296875 
 425 , 262.74609375 
 426 , 257.32421875 
 427 , 261.06640625 
 428 , 268.47265625 
 429 , 272.27734375 
 430 , 262.703125 
 431 , 231.79296875 
 432 , 185.984375 
 433 , 147.6640625 
 434 , 137.328125 
 435 , 154.578125 
 436 , 187.125 
 437 , 221.91015625 
 438 , 244.51953125 
 439 , 241.50390625 
 440 , 223.01171875 
 441 , 223.0234375 
 442 , 268.22265625 
 443 , 340.76953125 
 444 , 408.09765625 
 445 , 446.890625 
 446 , 449.85546875 
 447 , 412.8125 
 448 , 347.34375 
 449 , 274.609375 
 450 , 212.75 
 451 , 171.9375 
 452 , 161.75390625 
 453 , 177.5390625 
 454 , 196.41796875 
 455 , 198.0859375 
 456 , 187.984375 
 457 , 180.83203125 
 458 , 185.52734375 
 459 , 198.89453125 
 460 , 216.2734375 
 461 , 231.515625 
 462 , 237.9609375 
 463 , 230.94921875 
 464 , 213.953125 
 465 , 192.6328125 
 466 , 170.53515625 
 467 , 148.16015625 
 468 , 125.98046875 
 469 , 106.33984375 
 470 , 92.24609375 
 471 , 83.23046875 
 472 , 71.55859375 
 473 , 50.2421875 
 474 , 29.99609375 
 475 , 37.3515625 
 476 , 89.87890625 
 477 , 159.859375 
 478 , 205.40234375 
 479 , 212.80078125 
 480 , 209.91796875 
 481 , 223.6171875 
 482 , 243.171875 
 483 , 236.58984375 
 484 , 189.734375 
 485 , 138.9609375 
 486 , 129.09765625 
 487 , 165.99609375 
 488 , 222.59765625 
 489 , 274.4453125 
 490 , 310.44140625 
 491 , 320.9921875 
 492 , 308.7734375 
 493 , 297.04296875 
 494 , 309.63671875 
 495 , 348.15625 
 496 , 396.9765625 
 497 , 441.2578125 
 498 , 477.5546875 
 499 , 509.87109375 
 500 , 541.80859375 
 501 , 568.4609375 
 502 , 582.6484375 
 503 , 585.4453125 
 504 , 587.15234375 
 505 , 591.98828125 
 506 , 589.671875 
 507 , 568.03125 
 508 , 531.80078125 
 509 , 497.4609375 
 510 , 476.88671875 
 511 , 466.55859375 
 512 , 458.4921875 
 513 , 454.76171875 
 514 , 467.13671875 
 515 , 500.33203125 
 516 , 530.109375 
 517 , 526.51953125 
 518 , 485.66015625 
 519 , 434.33984375 
 520 , 398.1640625 
 521 , 381.83203125 
 522 , 381.91796875 
 523 , 394.2265625 
 524 , 413.21484375 
 525 , 433.671875 
 526 , 456.80078125 
 527 , 485.02734375 
 528 , 515.3828125 
 529 , 533.25 
 530 , 524.3984375 
 531 , 497.8671875 
 532 , 482.77734375 
 533 , 499.91796875 
 534 , 532.96484375 
 535 , 558.65625 
 536 , 564.71484375 
 537 , 549.40234375 
 538 , 511.19921875 
 539 , 462.265625 
 540 , 424.2734375 
 541 , 413.51953125 
 542 , 432.23046875 
 543 , 477.96875 
 544 , 537.2890625 
 545 , 588.390625 
 546 , 613 
 547 , 607.64453125 
 548 , 576.19921875 
 549 , 534.234375 
 550 , 503.0078125 
 551 , 496.43359375 
 552 , 509.578125 
 553 , 537.22265625 
 554 , 575.359375 
 555 , 619.8671875 
 556 , 666.3984375 
 557 , 710.7265625 
 558 , 744.3203125 
 559 , 759.4296875 
 560 , 756.60546875 
 561 , 743.671875 
 562 , 733.73828125 
 563 , 733.40625 
 564 , 739.05859375 
 565 , 735.88671875 
 566 , 714.98046875 
 567 , 678.53515625 
 568 , 634.33203125 
 569 , 590.19140625 
 570 , 558.31640625 
 571 , 549.37109375 
 572 , 560.4609375 
 573 , 580.5546875 
 574 , 606.1171875 
 575 , 644.27734375 
 576 , 694.94921875 
 577 , 743.14453125 
 578 , 761.640625 
 579 , 732.75 
 580 , 672.94921875 
 581 , 611.8046875 
 582 , 567.90234375 
 583 , 540.84765625 
 584 , 529.43359375 
 585 , 532.44921875 
 586 , 547.28125 
 587 , 568.69921875 
 588 , 585.42578125 
 589 , 582.65625 
 590 , 563.421875 
 591 , 547.640625 
 592 , 547.35546875 
 593 , 540.36328125 
 594 , 501.41796875 
 595 , 437.3203125 
 596 , 381.375 
 597 , 355.3828125 
 598 , 342.921875 
 599 , 322.7421875 
 600 , 289.3359375 
 601 , 251.640625 
 602 , 216.03515625 
 603 , 188.9140625 
 604 , 179.609375 
 605 , 195.51953125 
 606 , 235.1015625 
 607 , 287.56640625 
 608 , 332.1953125 
 609 , 351.234375 
 610 , 338.1171875 
 611 , 301.37109375 
 612 , 255.38671875 
 613 , 218.5234375 
 614 , 205.76953125 
 615 , 223.1796875 
 616 , 266.12109375 
 617 , 331.390625 
 618 , 420.203125 
 619 , 528.1171875 
 620 , 637.0234375 
 621 , 715.26171875 
 622 , 745.28515625 
 623 , 742.921875 
 624 , 741.3515625 
 625 , 757.9296875 
 626 , 777.10546875 
 627 , 780.71875 
 628 , 766.37890625 
 629 , 745.4140625 
 630 , 727.921875 
 631 , 715.484375 
 632 , 703.5 
 633 , 685.97265625 
 634 , 661.67578125 
 635 , 638.86328125 
 636 , 633.80078125 
 637 , 652.90625 
 638 , 674.69921875 
 639 , 656.96484375 
 640 , 581.34765625 
 641 , 500.32421875 
 642 , 480.234375 
 643 , 535.7890625 
 644 , 620.09765625 
 645 , 689.2890625 
 646 , 714.94921875 
 647 , 671.3515625 
 648 , 567.97265625 
 649 , 471.703125 
 650 , 443.2421875 
 651 , 457.83984375 
 652 , 458.0078125 
 653 , 420.71875 
 654 , 375.73828125 
 655 , 350.93359375 
 656 , 345.19921875 
 657 , 343.1953125 
 658 , 336.26953125 
 659 , 330.9140625 
 660 , 336.62890625 
 661 , 352.4609375 
 662 , 369.875 
 663 , 381.08203125 
 664 , 384.26953125 
 665 , 380.24609375 
 666 , 368.62109375 
 667 , 349.3046875 
 668 , 325.30859375 
 669 , 302.62890625 
 670 , 283.23046875 
 671 , 261.43359375 
 672 , 232.1796875 
 673 , 201.31640625 
 674 , 185.71484375 
 675 , 192.2890625 
 676 , 205.87109375 
 677 , 207.84375 
 678 , 199.30078125 
 679 , 201.796875 
 680 , 225.53125 
 681 , 259.734375 
 682 , 290.74609375 
 683 , 322.7578125 
 684 , 377.52734375 
 685 , 465.296875 
 686 , 550.5234375 
 687 , 577.515625 
 688 , 528.453125 
 689 , 454.95703125 
 690 , 406.68359375 
 691 , 386.25 
 692 , 373.1328125 
 693 , 357.75 
 694 , 345.5703125 
 695 , 341.3046875 
 696 , 344.359375 
 697 , 355.21484375 
 698 , 382.6796875 
 699 , 440.6640625 
 700 , 531.8203125 
 701 , 631.16015625 
 702 , 702.59375 
 703 , 726.9765625 
 704 , 714.0703125 
 705 , 678.0078125 
 706 , 634.85546875 
 707 , 599.2734375 
 708 , 574.90234375 
 709 , 552.078125 
 710 , 530.74609375 
 711 , 520.5234375 
 712 , 525.88671875 
 713 , 534.62109375 
 714 , 527.515625 
 715 , 501.08203125 
 716 , 466.3984375 
 717 , 430.00390625 
 718 , 387.18359375 
 719 , 335.828125 
 720 , 282.21484375 
 721 , 235.00390625 
 722 , 198.828125 
 723 , 177.23046875 
 724 , 181.26171875 
 725 , 223.1875 
 726 , 278.26171875 
 727 , 304.55078125 
 728 , 287.0703125 
 729 , 253.41796875 
 730 , 230.4140625 
 731 , 213.359375 
 732 , 187.5703125 
 733 , 151.375 
 734 , 117.2578125 
 735 , 94.234375 
 736 , 92.02734375 
 737 , 124.87890625 
 738 , 190.0546875 
 739 , 258.26171875 
 740 , 297.47265625 
 741 , 311.828125 
 742 , 324.7578125 
 743 , 354.70703125 
 744 , 402.1640625 
 745 , 452.62890625 
 746 , 488.078125 
 747 , 499.91796875 
 748 , 490.5546875 
 749 , 460.640625 
 750 , 407.8984375 
 751 , 358.08203125 
 752 , 350.05078125 
 753 , 379.46875 
 754 , 402.26171875 
 755 , 383.52734375 
 756 , 337.4765625 
 757 , 291.7109375 
 758 , 263.6953125 
 759 , 258.359375 
 760 , 270.34765625 
 761 , 292.36328125 
 762 , 322.4375 
 763 , 355.88671875 
 764 , 381.76171875 
 765 , 392.62890625 
 766 , 398.55078125 
 767 , 415.83203125 
 768 , 438.54296875 
 769 , 446.4140625 
 770 , 427.18359375 
 771 , 390.96484375 
 772 , 358.0390625 
 773 , 334.515625 
 774 , 312.19921875 
 775 , 276.6875 
 776 , 222.703125 
 777 , 163.90625 
 778 , 128.921875 
 779 , 136.59375 
 780 , 170.9765625 
 781 , 199.9140625 
 782 , 207.9296875 
 783 , 196.734375 
 784 , 165.84375 
 785 , 125.6953125 
 786 , 92.828125 
 787 , 79.2265625 
 788 , 63.09375 
 789 , 23.73828125 
 790 ,-6.5390625 
 791 , 28.43359375 
 792 , 132.421875 
 793 , 229.0078125 
 794 , 257.0234375 
 795 , 246.3359375 
 796 , 247.78125 
 797 , 273.4765625 
 798 , 296.44921875 
 799 , 306.45703125 
 800 , 310.59765625 
 801 , 310.72265625 
 802 , 300.4765625 
 803 , 279.26171875 
 804 , 261.3359375 
 805 , 257.34765625 
 806 , 266.28125 
 807 , 276.3125 
 808 , 277.56640625 
 809 , 267.96484375 
 810 , 248.33984375 
 811 , 220.72265625 
 812 , 198.98046875 
 813 , 201.5234375 
 814 , 230.6015625 
 815 , 268.1015625 
 816 , 300.03125 
 817 , 331.21875 
 818 , 369.125 
 819 , 406.9921875 
 820 , 429.35546875 
 821 , 431.21875 
 822 , 421.796875 
 823 , 410 
 824 , 400.91015625 
 825 , 399.85546875 
 826 , 410.9609375 
 827 , 430.6484375 
 828 , 451.6015625 
 829 , 469.04296875 
 830 , 482.234375 
 831 , 493.26171875 
 832 , 503.3515625 
 833 , 510.44140625 
 834 , 509.84375 
 835 , 499.609375 
 836 , 483.38671875 
 837 , 463.41015625 
 838 , 437.5 
 839 , 404.4375 
 840 , 366.63671875 
 841 , 336.34765625 
 842 , 328.96484375 
 843 , 344.49609375 
 844 , 361.9375 
 845 , 365.10546875 
 846 , 361.984375 
 847 , 367.703125 
 848 , 383.52734375 
 849 , 398.00390625 
 850 , 402.84765625 
 851 , 399.3984375 
 852 , 390.2421875 
 853 , 374.390625 
 854 , 349.98828125 
 855 , 321.46875 
 856 , 302.31640625 
 857 , 303.8828125 
 858 , 322.47265625 
 859 , 347.75 
 860 , 373.49609375 
 861 , 398.1171875 
 862 , 419.57421875 
 863 , 431.02734375 
 864 , 424.1640625 
 865 , 404.875 
 866 , 395.53125 
 867 , 409.875 
 868 , 434.0546875 
 869 , 452.58203125 
 870 , 465.98828125 
 871 , 480.56640625 
 872 , 496.39453125 
 873 , 512.94921875 
 874 , 534.63671875 
 875 , 571.078125 
 876 , 628.8671875 
 877 , 699.046875 
 878 , 766.1640625 
 879 , 825.8984375 
 880 , 883.1015625 
 881 , 939.18359375 
 882 , 996.1328125 
 883 , 1063.54296875 
 884 , 1139.3984375 
 885 , 1186.828125 
 886 , 1169.2734375 
 887 , 1100.76953125 
 888 , 1018.16796875 
 889 , 933.30859375 
 890 , 824.2890625 
 891 , 680.96875 
 892 , 550.3046875 
 893 , 488.7265625 
 894 , 484.48046875 
 895 , 475.3203125 
 896 , 425.25390625 
 897 , 353.4140625 
 898 , 282.7421875 
 899 , 220.9765625 
 900 , 170.14453125 
 901 , 129.84765625 
 902 , 96.5546875 
 903 , 68.97265625 
 904 , 52.21484375 
 905 , 51.26953125 
 906 , 58.1015625 
 907 , 56.78515625 
 908 , 44.86328125 
 909 , 44.96484375 
 910 , 74.64453125 
 911 , 115.265625 
 912 , 138.21875 
 913 , 141.5625 
 914 , 146.0078125 
 915 , 162.2578125 
 916 , 176.546875 
 917 , 174.38671875 
 918 , 159.16015625 
 919 , 141.6328125 
 920 , 126.7109375 
 921 , 115.74609375 
 922 , 114.06640625 
 923 , 132.32421875 
 924 , 178.72265625 
 925 , 234.64453125 
 926 , 263.140625 
 927 , 247.015625 
 928 , 208.83203125 
 929 , 172.6171875 
 930 , 151.35546875 
 931 , 155.91015625 
 932 , 184.32421875 
 933 , 212.48046875 
 934 , 218.3359375 
 935 , 204.0625 
 936 , 178.98828125 
 937 , 148.08203125 
 938 , 111.90234375 
 939 , 73.17578125 
 940 , 41.0078125 
 941 , 26.65234375 
 942 , 18.5390625 
 943 ,-0.2265625 
 944 ,-16.46484375 
 945 , 6.09375 
 946 , 75.48828125 
 947 , 137.20703125 
 948 , 140.3828125 
 949 , 108.29296875 
 950 , 93.89453125 
 951 , 117.98046875 
 952 , 159.984375 
 953 , 206.875 
 954 , 269.7734375 
 955 , 359.73046875 
 956 , 440.5703125 
 957 , 449.32421875 
 958 , 374.62890625 
 959 , 283.08984375 
 960 , 234.26953125 
 961 , 228.421875 
 962 , 248.78515625 
 963 , 262.78515625 
 964 , 226.734375 
 965 , 134.81640625 
 966 , 56.65234375 
 967 , 54.95703125 
 968 , 102.12109375 
 969 , 140.9453125 
 970 , 152.83984375 
 971 , 156.75390625 
 972 , 166.234375 
 973 , 173.1171875 
 974 , 166.98828125 
 975 , 151.19921875 
 976 , 135.82421875 
 977 , 131.7734375 
 978 , 149.1640625 
 979 , 188.38671875 
 980 , 227.66015625 
 981 , 245.21484375 
 982 , 246.30078125 
 983 , 248.7578125 
 984 , 255.0390625 
 985 , 248.0234375 
 986 , 217.01953125 
 987 , 171.703125 
 988 , 124.73046875 
 989 , 90.44921875 
 990 , 86.0078125 
 991 , 115.2421875 
 992 , 160.4453125 
 993 , 201.30859375 
 994 , 218.69921875 
 995 , 198.96875 
 996 , 175.234375 
 997 , 207.68359375 
 998 , 313.609375 
 999 , 444.43359375 
 1000 , 562.05078125 
 1001 , 695.95703125 
 1002 , 889.65234375 
 1003 , 1137.95703125 
 1004 , 1401.8359375 
 1005 , 1635.6875 
 1006 , 1787.19921875 
 1007 , 1817.04296875 
 1008 , 1736.421875 
 1009 , 1567.15234375 
 1010 , 1314.62890625 
 1011 , 976.39453125 
 1012 , 599.19140625 
 1013 , 311.0859375 
 1014 , 207.546875 
 1015 , 207.3671875 
 1016 , 187.578125 
 1017 , 126.6015625 
 1018 , 74.90625 
 1019 , 57.55078125 
 1020 , 52.578125 
 1021 , 40.5546875 
 1022 , 34.45703125 
 1023 , 54.6015625 
 1024 , 96.953125 
 1025 , 140.22265625 
 1026 , 170.92578125 
 1027 , 192.33203125 
 1028 , 210.18359375 
 1029 , 225.9765625 
 1030 , 238.4609375 
 1031 , 246.12890625 
 1032 , 248.9609375 
 1033 , 251.14453125 
 1034 , 262.09375 
 1035 , 289.23046875 
 1036 , 332.75390625 
 1037 , 390.125 
 1038 , 441.08203125 
 1039 , 453.21484375 
 1040 , 419.51171875 
 1041 , 373.7265625 
 1042 , 343.203125 
 1043 , 315.90625 
 1044 , 274.16015625 
 1045 , 241.84765625 
 1046 , 266.7578125 
 1047 , 349.19140625 
 1048 , 422.06640625 
 1049 , 434.8984375 
 1050 , 413.06640625 
 1051 , 395.59375 
 1052 , 392.44921875 
 1053 , 397.421875 
 1054 , 407.6796875 
 1055 , 425.3828125 
 1056 , 449.87109375 
 1057 , 469.71875 
 1058 , 473.42578125 
 1059 , 467.09765625 
 1060 , 465.37109375 
 1061 , 474.2890625 
 1062 , 489.96875 
 1063 , 513.0859375 
 1064 , 558.62109375 
 1065 , 635.96484375 
 1066 , 701.640625 
 1067 , 694.125 
 1068 , 617.49609375 
 1069 , 536.0625 
 1070 , 490.109375 
 1071 , 464.640625 
 1072 , 440.7578125 
 1073 , 415.27734375 
 1074 , 389.96484375 
 1075 , 366.30859375 
 1076 , 346 
 1077 , 332.3125 
 1078 , 330.56640625 
 1079 , 341.734375 
 1080 , 349.9765625 
 1081 , 339.29296875 
 1082 , 332.91015625 
 1083 , 375.48828125 
 1084 , 460.91015625 
 1085 , 516.078125 
 1086 , 494.34375 
 1087 , 443.671875 
 1088 , 422.69140625 
 1089 , 433.9765625 
 1090 , 454.62890625 
 1091 , 471.84375 
 1092 , 483.828125 
 1093 , 488.9609375 
 1094 , 484.1484375 
 1095 , 465.85546875 
 1096 , 430.32421875 
 1097 , 375.234375 
 1098 , 318.09765625 
 1099 , 291.15625 
 1100 , 306.15234375 
 1101 , 340.0859375 
 1102 , 368.02734375 
 1103 , 370.79296875 
 1104 , 333.265625 
 1105 , 264.34765625 
 1106 , 186.140625 
 1107 , 124.34765625 
 1108 , 108.68359375 
 1109 , 148.453125 
 1110 , 199.33203125 
 1111 , 216.05859375 
 1112 , 199.6015625 
 1113 , 167.94140625 
 1114 , 132.4296875 
 1115 , 99.12109375 
 1116 , 72.3671875 
 1117 , 54.4296875 
 1118 , 44.58984375 
 1119 , 36.34375 
 1120 , 25.25390625 
 1121 , 13.0390625 
 1122 , 3.953125 
 1123 , 1.3203125 
 1124 , 10.78515625 
 1125 , 35.44921875 
 1126 , 64.671875 
 1127 , 85.5390625 
 1128 , 96.77734375 
 1129 , 105.2578125 
 1130 , 115.5 
 1131 , 124.1796875 
 1132 , 128.4140625 
 1133 , 129.17578125 
 1134 , 128.05078125 
 1135 , 122.23046875 
 1136 , 108.29296875 
 1137 , 95.11328125 
 1138 , 97.73046875 
 1139 , 118.765625 
 1140 , 148.75390625 
 1141 , 180.51171875 
 1142 , 210.4140625 
 1143 , 233.703125 
 1144 , 243.22265625 
 1145 , 233.1171875 
 1146 , 206.37890625 
 1147 , 169.96875 
 1148 , 129.76171875 
 1149 , 93.89453125 
 1150 , 69.3203125 
 1151 , 51.71484375 
 1152 , 34.46875 
 1153 , 24.9453125 
 1154 , 38.87109375 
 1155 , 78.89453125 
 1156 , 130.734375 
 1157 , 181.515625 
 1158 , 230.55859375 
 1159 , 278.35546875 
 1160 , 316.1875 
 1161 , 332.2109375 
 1162 , 319.43359375 
 1163 , 275.56640625 
 1164 , 221.77734375 
 1165 , 200.6875 
 1166 , 228.515625 
 1167 , 266.08984375 
 1168 , 280.15234375 
 1169 , 293.03515625 
 1170 , 339.078125 
 1171 , 421.01953125 
 1172 , 524.5078125 
 1173 , 625.44921875 
 1174 , 687.953125 
 1175 , 692.00390625 
 1176 , 654.17578125 
 1177 , 596.609375 
 1178 , 542.125 
 1179 , 510.78125 
 1180 , 503.44921875 
 1181 , 512.265625 
 1182 , 526.44140625 
 1183 , 527.77734375 
 1184 , 507.08203125 
 1185 , 479.8125 
 1186 , 464.90625 
 1187 , 477.76953125 
 1188 , 528.53125 
 1189 , 593.1796875 
 1190 , 629.953125 
 1191 , 619.2890625 
 1192 , 567.66796875 
 1193 , 493.40625 
 1194 , 427.35546875 
 1195 , 395.1875 
 1196 , 409.86328125 
 1197 , 479.6484375 
 1198 , 564.46484375 
 1199 , 596.96484375 
 1200 , 572.046875 
 1201 , 554.84765625 
 1202 , 575.984375 
 1203 , 583.8359375 
 1204 , 532.453125 
 1205 , 443.63671875 
 1206 , 355.97265625 
 1207 , 298.1875 
 1208 , 291.5078125 
 1209 , 326.16796875 
 1210 , 364.76171875 
 1211 , 385.34375 
 1212 , 404.921875 
 1213 , 434.35546875 
 1214 , 424.140625 
 1215 , 321.5234375 
 1216 , 195.68359375 
 1217 , 165.546875 
 1218 , 239.66015625 
 1219 , 337.8828125 
 1220 , 394.953125 
 1221 , 380.16015625 
 1222 , 292.93359375 
 1223 , 188.36328125 
 1224 , 117.50390625 
 1225 , 83.76171875 
 1226 , 76.34765625 
 1227 , 85.88671875 
 1228 , 105.6015625 
 1229 , 125.1328125 
 1230 , 126.3203125 
 1231 , 103.0234375 
 1232 , 65.3046875 
 1233 , 20.7421875 
 1234 ,-11.6796875 
 1235 ,-10.640625 
 1236 , 28.375 
 1237 , 105.75390625 
 1238 , 196.7734375 
 1239 , 243.296875 
 1240 , 224.15625 
 1241 , 206.546875 
 1242 , 245.2421875 
 1243 , 297.30859375 
 1244 , 303.90234375 
 1245 , 281.56640625 
 1246 , 288.109375 
 1247 , 342.76171875 
 1248 , 423.62890625 
 1249 , 494.5703125 
 1250 , 513.5859375 
 1251 , 469.3671875 
 1252 , 411.51953125 
 1253 , 385.421875 
 1254 , 385.91015625 
 1255 , 392.2734375 
 1256 , 384.05859375 
 1257 , 347.453125 
 1258 , 289.07421875 
 1259 , 228.33984375 
 1260 , 179.1328125 
 1261 , 146.95703125 
 1262 , 132.5390625 
 1263 , 126.30859375 
 1264 , 118.78515625 
 1265 , 111.90234375 
 1266 , 113.5078125 
 1267 , 126.5859375 
 1268 , 142.92578125 
 1269 , 154.1171875 
 1270 , 166.9609375 
 1271 , 189.21875 
 1272 , 204.23046875 
 1273 , 188.9609375 
 1274 , 151.33203125 
 1275 , 118.52734375 
 1276 , 107.27734375 
 1277 , 113.02734375 
 1278 , 120.78515625 
 1279 , 125.6640625 
 1280 , 136.97265625 
 1281 , 163.41015625 
 1282 , 202.6015625 
 1283 , 242.19140625 
 1284 , 271.5 
 1285 , 287.45703125 
 1286 , 292.76953125 
 1287 , 299.66796875 
 1288 , 317.890625 
 1289 , 339.7734375 
 1290 , 352.31640625 
 1291 , 347.51171875 
 1292 , 314.97265625 
 1293 , 259.3046875 
 1294 , 219.77734375 
 1295 , 222.3203125 
 1296 , 239.1640625 
 1297 , 239.0859375 
 1298 , 212.9375 
 1299 , 155.9296875 
 1300 , 94.81640625 
 1301 , 80.09765625 
 1302 , 111.5546875 
 1303 , 129.96484375 
 1304 , 109.50390625 
 1305 , 96.9453125 
 1306 , 125.875 
 1307 , 155.53515625 
 1308 , 140.57421875 
 1309 , 101.90234375 
 1310 , 78.48828125 
 1311 , 72.16015625 
 1312 , 67.09375 
 1313 , 59.98046875 
 1314 , 58.19921875 
 1315 , 65.1796875 
 1316 , 81.53125 
 1317 , 108.91796875 
 1318 , 142.71875 
 1319 , 173.9921875 
 1320 , 196.18359375 
 1321 , 206.7265625 
 1322 , 203.73828125 
 1323 , 182.80859375 
 1324 , 151.83984375 
 1325 , 134.39453125 
 1326 , 137.93359375 
 1327 , 142.6015625 
 1328 , 139.37890625 
 1329 , 150.328125 
 1330 , 193.53515625 
 1331 , 256.875 
 1332 , 320.74609375 
 1333 , 362.18359375 
 1334 , 360.21484375 
 1335 , 330.984375 
 1336 , 308.98828125 
 1337 , 302.265625 
 1338 , 298.48046875 
 1339 , 291.8515625 
 1340 , 286.9453125 
 1341 , 287.51953125 
 1342 , 292.4140625 
 1343 , 302.19140625 
 1344 , 322.3203125 
 1345 , 355.7265625 
 1346 , 403.14453125 
 1347 , 465.87109375 
 1348 , 525.5546875 
 1349 , 554.75 
 1350 , 548.30078125 
 1351 , 515.9609375 
 1352 , 472.43359375 
 1353 , 447.69140625 
 1354 , 461.6875 
 1355 , 494.953125 
 1356 , 520.49609375 
 1357 , 526.421875 
 1358 , 512.8046875 
 1359 , 496.5546875 
 1360 , 493.20703125 
 1361 , 495.75390625 
 1362 , 492.4140625 
 1363 , 481.25 
 1364 , 458.37109375 
 1365 , 427.0390625 
 1366 , 412.39453125 
 1367 , 428.4453125 
 1368 , 450.75390625 
 1369 , 452.94140625 
 1370 , 433.5078125 
 1371 , 402.609375 
 1372 , 377.0078125 
 1373 , 368.078125 
 1374 , 371.4921875 
 1375 , 376.3046875 
 1376 , 380.55859375 
 1377 , 397.046875 
 1378 , 418.125 
 1379 , 401.15234375 
 1380 , 334.6796875 
 1381 , 271.32421875 
 1382 , 248.640625 
 1383 , 241.04296875 
 1384 , 217.84765625 
 1385 , 184.19921875 
 1386 , 158.08984375 
 1387 , 151.2734375 
 1388 , 170.05078125 
 1389 , 189.7265625 
 1390 , 165.77734375 
 1391 , 106.984375 
 1392 , 65.03125 
 1393 , 56.47265625 
 1394 , 61.63671875 
 1395 , 69.02734375 
 1396 , 76.26171875 
 1397 , 81.015625 
 1398 , 91.71875 
 1399 , 118.01171875 
 1400 , 139.875 
 1401 , 127.77734375 
 1402 , 93.578125 
 1403 , 69.59375 
 1404 , 58.921875 
 1405 , 36.109375 
 1406 , 3.16015625 
 1407 ,-5.99609375 
 1408 , 24.77734375 
 1409 , 79.82421875 
 1410 , 130.0234375 
 1411 , 137.52734375 
 1412 , 97.8984375 
 1413 , 81.65234375 
 1414 , 142.6484375 
 1415 , 242.5703125 
 1416 , 335.625 
 1417 , 382.4140625 
 1418 , 341.01171875 
 1419 , 255.7421875 
 1420 , 229.12890625 
 1421 , 273.578125 
 1422 , 310.16796875 
 1423 , 298.59375 
 1424 , 268.5703125 
 1425 , 254.5 
 1426 , 269.41015625 
 1427 , 305.11328125 
 1428 , 333.95703125 
 1429 , 342.8671875 
 1430 , 345.91796875 
 1431 , 352.421875 
 1432 , 358.140625 
 1433 , 360.96875 
 1434 , 366.22265625 
 1435 , 376.41796875 
 1436 , 385.67578125 
 1437 , 388.55859375 
 1438 , 386.5 
 1439 , 386.5078125 
 1440 , 382.79296875 
 1441 , 349.99609375 
 1442 , 292.53125 
 1443 , 270.08203125 
 1444 , 319.1640625 
 1445 , 406.796875 
 1446 , 493.96875 
 1447 , 556.81640625 
 1448 , 579.84375 
 1449 , 576.421875 
 1450 , 571.9453125 
 1451 , 586.07421875 
 1452 , 625.22265625 
 1453 , 679.42578125 
 1454 , 743.59765625 
 1455 , 812.21875 
 1456 , 865.2421875 
 1457 , 903.44140625 
 1458 , 964.82421875 
 1459 , 1049.7734375 
 1460 , 1080.88671875 
 1461 , 1017.04296875 
 1462 , 924.08984375 
 1463 , 859.94140625 
 1464 , 806.7265625 
 1465 , 734.44921875 
 1466 , 634.25 
 1467 , 514.44921875 
 1468 , 414.91796875 
 1469 , 371.17578125 
 1470 , 363.49609375 
 1471 , 353.453125 
 1472 , 336.34375 
 1473 , 329.40625 
 1474 , 335.1875 
 1475 , 339.59375 
 1476 , 336.90234375 
 1477 , 335.5078125 
 1478 , 334.41015625 
 1479 , 314.109375 
 1480 , 269.41796875 
 1481 , 228.2109375 
 1482 , 209.40625 
 1483 , 200.14453125 
 1484 , 186.171875 
 1485 , 161.7734375 
 1486 , 128.30078125 
 1487 , 110.71484375 
 1488 , 132.4765625 
 1489 , 179.984375 
 1490 , 229.17578125 
 1491 , 269.08984375 
 1492 , 293.8671875 
 1493 , 309.41796875 
 1494 , 332.1640625 
 1495 , 357.98046875 
 1496 , 361.9765625 
 1497 , 341.51171875 
 1498 , 321.05078125 
 1499 , 312.5546875 
 1500 , 309.39453125 
 1501 , 306.97265625 
 1502 , 301.375 
 1503 , 286.19921875 
 1504 , 258.83203125 
 1505 , 227.98046875 
 1506 , 217.9375 
 1507 , 236.65625 
 1508 , 250.296875 
 1509 , 232.48828125 
 1510 , 193.8828125 
 1511 , 149.703125 
 1512 , 105.7265625 
 1513 , 71.19140625 
 1514 , 45.9375 
 1515 , 18.125 
 1516 ,-4.0078125 
 1517 , 1.02734375 
 1518 , 24.703125 
 1519 , 38.63671875 
 1520 , 39.2265625 
 1521 , 43.765625 
 1522 , 65.3125 
 1523 , 116.5078125 
 1524 , 184.28125 
 1525 , 219.1328125 
 1526 , 199.37109375 
 1527 , 153.6484375 
 1528 , 107.109375 
 1529 , 77.984375 
 1530 , 85.4921875 
 1531 , 128.015625 
 1532 , 184.53515625 
 1533 , 212.1484375 
 1534 , 188.4609375 
 1535 , 165.078125 
 1536 , 193.7421875 
 1537 , 261.91796875 
 1538 , 338.04296875 
 1539 , 380.8359375 
 1540 , 351.3125 
 1541 , 260.80859375 
 1542 , 150.1640625 
 1543 , 63.33203125 
 1544 , 35.8203125 
 1545 , 51.65625 
 1546 , 62.25390625 
 1547 , 53.92578125 
 1548 , 39.32421875 
 1549 , 25.265625 
 1550 , 23.43359375 
 1551 , 45.1796875 
 1552 , 88.12890625 
 1553 , 139.46875 
 1554 , 175.01953125 
 1555 , 184.71484375 
 1556 , 190.1875 
 1557 , 204.98828125 
 1558 , 213.41015625 
 1559 , 205.15234375 
 1560 , 200.84375 
 1561 , 216.8046875 
 1562 , 223.36328125 
 1563 , 189.78125 
 1564 , 140.83203125 
 1565 , 114.4765625 
 1566 , 119.16796875 
 1567 , 146.1796875 
 1568 , 175.25 
 1569 , 191.828125 
 1570 , 211.22265625 
 1571 , 253.89453125 
 1572 , 307.5078125 
 1573 , 348.19140625 
 1574 , 357.33984375 
 1575 , 320.12890625 
 1576 , 264.35546875 
 1577 , 241.23046875 
 1578 , 252.41796875 
 1579 , 267.23046875 
 1580 , 272.296875 
 1581 , 265.04296875 
 1582 , 246.921875 
 1583 , 228.5703125 
 1584 , 222.0234375 
 1585 , 233.31640625 
 1586 , 263.84375 
 1587 , 316.68359375 
 1588 , 384.89453125 
 1589 , 438.1796875 
 1590 , 456.96484375 
 1591 , 456.39453125 
 1592 , 454.31640625 
 1593 , 449.07421875 
 1594 , 436.68359375 
 1595 , 432.171875 
 1596 , 453.96484375 
 1597 , 503.33984375 
 1598 , 563.671875 
 1599 , 594.84375 
 1600 , 574.44140625 
 1601 , 538.94921875 
 1602 , 527.28515625 
 1603 , 538.41015625 
 1604 , 559.3125 
 1605 , 578.1875 
 1606 , 589.05859375 
 1607 , 594.6796875 
 1608 , 595.01953125 
 1609 , 588.9765625 
 1610 , 579.30859375 
 1611 , 570.73046875 
 1612 , 564.2421875 
 1613 , 547.890625 
 1614 , 508.671875 
 1615 , 450.125 
 1616 , 383.5078125 
 1617 , 334.29296875 
 1618 , 333.24609375 
 1619 , 358.7890625 
 1620 , 356.48828125 
 1621 , 321.890625 
 1622 , 288.296875 
 1623 , 264.55078125 
 1624 , 238.08984375 
 1625 , 211.41796875 
 1626 , 202.32421875 
 1627 , 211.6953125 
 1628 , 219.26953125 
 1629 , 211.68359375 
 1630 , 191.23828125 
 1631 , 161.3984375 
 1632 , 122.22265625 
 1633 , 90.75390625 
 1634 , 102.1015625 
 1635 , 156.671875 
 1636 , 209.12890625 
 1637 , 240.26953125 
 1638 , 277.05859375 
 1639 , 322.74609375 
 1640 , 335.7734375 
 1641 , 303.54296875 
 1642 , 263.59375 
 1643 , 238.08203125 
 1644 , 213.75390625 
 1645 , 182.7421875 
 1646 , 162.04296875 
 1647 , 161.23046875 
 1648 , 167.71875 
 1649 , 177.32421875 
 1650 , 200.921875 
 1651 , 235.375 
 1652 , 252.85546875 
 1653 , 242.18359375 
 1654 , 223.6328125 
 1655 , 211.41015625 
 1656 , 214.16796875 
 1657 , 235.08203125 
 1658 , 251.765625 
 1659 , 243.9453125 
 1660 , 214.96484375 
 1661 , 172.421875 
 1662 , 115.96875 
 1663 , 54.15234375 
 1664 , 26.01953125 
 1665 , 55.44140625 
 1666 , 119.60546875 
 1667 , 189.87890625 
 1668 , 234.22265625 
 1669 , 237 
 1670 , 230.5078125 
 1671 , 237.90625 
 1672 , 238.34375 
 1673 , 217.1640625 
 1674 , 192.54296875 
 1675 , 181.125 
 1676 , 185.078125 
 1677 , 202.2421875 
 1678 , 220.2109375 
 1679 , 228.53125 
 1680 , 232.140625 
 1681 , 235.43359375 
 1682 , 231.25390625 
 1683 , 218.81640625 
 1684 , 217.30859375 
 1685 , 236.26953125 
 1686 , 259.546875 
 1687 , 273.5390625 
 1688 , 266.66796875 
 1689 , 229.87109375 
 1690 , 181.2734375 
 1691 , 144.56640625 
 1692 , 120.73046875 
 1693 , 101.8984375 
 1694 , 94.1328125 
 1695 , 109.26953125 
 1696 , 141.47265625 
 1697 , 172.38671875 
 1698 , 179.6484375 
 1699 , 157.0703125 
 1700 , 130.6484375 
 1701 , 119.23828125 
 1702 , 118.0625 
 1703 , 116.3359375 
 1704 , 95.87109375 
 1705 , 58.125 
 1706 , 44.33203125 
 1707 , 70.609375 
 1708 , 92.53515625 
 1709 , 82.87890625 
 1710 , 53.13671875 
 1711 , 19.15234375 
 1712 , 2.171875 
 1713 , 9.91796875 
 1714 , 19.4296875 
 1715 , 19.7890625 
 1716 , 33.55859375 
 1717 , 71.69140625 
 1718 , 112.13671875 
 1719 , 141.328125 
 1720 , 159.90625 
 1721 , 168.390625 
 1722 , 165.96484375 
 1723 , 157.2734375 
 1724 , 158.359375 
 1725 , 180.69140625 
 1726 , 223.96484375 
 1727 , 269.78515625 
 1728 , 273.29296875 
 1729 , 215.1875 
 1730 , 121.625 
 1731 , 43.1953125 
 1732 , 47.28125 
 1733 , 119.7421875 
 1734 , 160.8671875 
 1735 , 138.89453125 
 1736 , 88.06640625 
 1737 , 37.1953125 
 1738 , 18.74609375 
 1739 , 45.1875 
 1740 , 100.55078125 
 1741 , 162.6484375 
 1742 , 207.4765625 
 1743 , 227.91796875 
 1744 , 232.71875 
 1745 , 218.01953125 
 1746 , 167.578125 
 1747 , 111.921875 
 1748 , 119.12890625 
 1749 , 183.09375 
 1750 , 242.1640625 
 1751 , 269.56640625 
 1752 , 266.11328125 
 1753 , 252.93359375 
 1754 , 259.0390625 
 1755 , 278.58203125 
 1756 , 288.37109375 
 1757 , 288.265625 
 1758 , 292.66796875 
 1759 , 310.1171875 
 1760 , 337.31640625 
 1761 , 352.96875 
 1762 , 339.8125 
 1763 , 325.97265625 
 1764 , 342.265625 
 1765 , 353.03515625 
 1766 , 317.2890625 
 1767 , 256.3984375 
 1768 , 206.3515625 
 1769 , 190.93359375 
 1770 , 218.9140625 
 1771 , 266.9375 
 1772 , 304.4453125 
 1773 , 298.22265625 
 1774 , 243.578125 
 1775 , 210.4921875 
 1776 , 240.57421875 
 1777 , 283.83984375 
 1778 , 304.6171875 
 1779 , 315.71875 
 1780 , 323.37890625 
 1781 , 323.20703125 
 1782 , 311.04296875 
 1783 , 274.37890625 
 1784 , 222.98046875 
 1785 , 202.52734375 
 1786 , 212.72265625 
 1787 , 192.40625 
 1788 , 143.921875 
 1789 , 141.765625 
 1790 , 186.22265625 
 1791 , 210.2109375 
 1792 , 195.53125 
 1793 , 163.69921875 
 1794 , 145.80859375 
 1795 , 173.7265625 
 1796 , 230.23828125 
 1797 , 270.6640625 
 1798 , 285.04296875 
 1799 , 282.2890625 
 1800 , 287.36328125 
 1801 , 328.4140625 
 1802 , 367.97265625 
 1803 , 349.73828125 
 1804 , 294.74609375 
 1805 , 246.59375 
 1806 , 200.3359375 
 1807 , 142.109375 
 1808 , 90.45703125 
 1809 , 64.89453125 
 1810 , 43.2578125 
 1811 , 9.61328125 
 1812 , 3.80078125 
 1813 , 50.7734375 
 1814 , 102.66796875 
 1815 , 126.9375 
 1816 , 156.625 
 1817 , 205.640625 
 1818 , 231.1015625 
 1819 , 218.22265625 
 1820 , 204.24609375 
 1821 , 211.39453125 
 1822 , 235.0625 
 1823 , 262.7265625 
 1824 , 275.0390625 
 1825 , 262.140625 
 1826 , 227.03125 
 1827 , 193.4140625 
 1828 , 189.2265625 
 1829 , 200.1796875 
 1830 , 198.5234375 
 1831 , 207.58203125 
 1832 , 261.76171875 
 1833 , 317.66015625 
 1834 , 317.34375 
 1835 , 280.515625 
 1836 , 246.40234375 
 1837 , 232.7890625 
 1838 , 243.16015625 
 1839 , 255.765625 
 1840 , 256.1484375 
 1841 , 261.14453125 
 1842 , 281.75 
 1843 , 306.98828125 
 1844 , 318.97265625 
 1845 , 295.8984375 
 1846 , 249.22265625 
 1847 , 232.890625 
 1848 , 259.56640625 
 1849 , 290.77734375 
 1850 , 306.1953125 
 1851 , 309.15625 
 1852 , 298.9296875 
 1853 , 266.3046875 
 1854 , 222.13671875 
 1855 , 191.39453125 
 1856 , 155.03125 
 1857 , 85.7109375 
 1858 , 52.7890625 
 1859 , 126.19921875 
 1860 , 214.44140625 
 1861 , 218.34765625 
 1862 , 178.2265625 
 1863 , 152.83984375 
 1864 , 162.84375 
 1865 , 205.2578125 
 1866 , 245.9765625 
 1867 , 269.33203125 
 1868 , 288.625 
 1869 , 299.40625 
 1870 , 282.3125 
 1871 , 241.2578125 
 1872 , 192.859375 
 1873 , 160.2421875 
 1874 , 178.08984375 
 1875 , 223.1875 
 1876 , 236.13671875 
 1877 , 239.6015625 
 1878 , 283.51171875 
 1879 , 294.34765625 
 1880 , 188.71875 
 1881 , 74.6484375 
 1882 , 70.04296875 
 1883 , 131.078125 
 1884 , 191.68359375 
 1885 , 216.62890625 
 1886 , 202.5390625 
 1887 , 197.99609375 
 1888 , 215.359375 
 1889 , 207.8984375 
 1890 , 174.0546875 
 1891 , 168.29296875 
 1892 , 201.92578125 
 1893 , 242.25390625 
 1894 , 255.5625 
 1895 , 217.2421875 
 1896 , 157.2265625 
 1897 , 123.09375 
 1898 , 120.140625 
 1899 , 137.27734375 
 1900 , 149.78125 
 1901 , 140.02734375 
 1902 , 126.75390625 
 1903 , 127.265625 
 1904 , 139.3515625 
 1905 , 161.1796875 
 1906 , 195.4765625 
 1907 , 233.96484375 
 1908 , 250.7890625 
 1909 , 243.83203125 
 1910 , 239.953125 
 1911 , 247.53125 
 1912 , 254.4765625 
 1913 , 261.224609375 
 1914 , 280.5390625 
 1915 , 299.939453125 
 1916 , 296.755859375 
 1917 , 278.650390625 
 1918 , 258.232421875 
 1919 , 221.771484375 
 1920 , 167.419921875 
 1921 , 138.52734375 
 1922 , 153.951171875 
 1923 , 183.751953125 
 1924 , 214.505859375 
 1925 , 253.890625 
 1926 , 287.814453125 
 1927 , 285.4921875 
 1928 , 241.150390625 
 1929 , 165.41796875 
 1930 , 95.400390625 
 1931 , 75.23828125 
 1932 , 86.32421875 
 1933 , 94.220703125 
 1934 , 97.806640625 
 1935 , 104.1875 
 1936 , 118.888671875 
 1937 , 145.298828125 
 1938 , 184.087890625 
 1939 , 229.51171875 
 1940 , 271.541015625 
 1941 , 301.380859375 
 1942 , 306.734375 
 1943 , 289.0390625 
 1944 , 261.53125 
 1945 , 233.53125 
 1946 , 210.5625 
 1947 , 190.2578125 
 1948 , 172.67578125 
 1949 , 170.06640625 
 1950 , 189.837890625 
 1951 , 224.990234375 
 1952 , 257.44140625 
 1953 , 250.005859375 
 1954 , 193.015625 
 1955 , 121.69140625 
 1956 , 72.22265625 
 1957 , 67.93359375 
 1958 , 96.228515625 
 1959 , 127.1328125 
 1960 , 142.51953125 
 1961 , 132.0625 
 1962 , 99.84765625 
 1963 , 62.3046875 
 1964 , 61.181640625 
 1965 , 111.78515625 
 1966 , 158.916015625 
 1967 , 164.041015625 
 1968 , 132.611328125 
 1969 , 85.11328125 
 1970 , 46.298828125 
 1971 , 39.62109375 
 1972 , 87.373046875 
 1973 , 143.509765625 
 1974 , 139.6875 
 1975 , 107.984375 
 1976 , 102.2421875 
 1977 , 112.7578125 
 1978 , 123.189453125 
 1979 , 148.26953125 
 1980 , 180.83203125 
 1981 , 170.52734375 
 1982 , 126.220703125 
 1983 , 114.55859375 
 1984 , 126.328125 
 1985 , 110.982421875 
 1986 , 103.28125 
 1987 , 152.955078125 
 1988 , 194.826171875 
 1989 , 166.38671875 
 1990 , 120.80078125 
 1991 , 115.2578125 
 1992 , 164.232421875 
 1993 , 233.3125 
 1994 , 241.443359375 
 1995 , 197.876953125 
 1996 , 183.29296875 
 1997 , 187.091796875 
 1998 , 158.052734375 
 1999 , 137.91796875 
 2000 , 178.6171875 
 2001 , 225.6171875 
 2002 , 238.4140625 
 2003 , 282.580078125 
 2004 , 362.787109375 
 2005 , 356.83984375 
 2006 , 256.921875 
 2007 , 187.720703125 
 2008 , 186.572265625 
 2009 , 220.15234375 
 2010 , 236.42578125 
 2011 , 197.15625 
 2012 , 164.234375 
 2013 , 194.431640625 
 2014 , 244.15234375 
 2015 , 261.5234375 
 2016 , 212.130859375 
 2017 , 119.388671875 
 2018 , 72.8125 
 2019 , 99.03515625 
 2020 , 168.271484375 
 2021 , 192.21875 
 2022 , 95.740234375 
 2023 , 3.06640625 
 2024 , 30.50390625 
 2025 , 83.017578125 
 2026 , 86.498046875 
 2027 , 87.927734375 
 2028 , 110.412109375 
 2029 , 125.58203125 
 2030 , 130.841796875 
 2031 , 142.65625 
 2032 , 128.984375 
 2033 , 55.81640625 
 2034 , 33.79296875 
 2035 , 142.240234375 
 2036 , 220.7734375 
 2037 , 166.9296875 
 2038 , 69.12890625 
 2039 , 10.455078125 
 2040 , 31.59375 
 2041 , 85.1640625 
 2042 , 84.728515625 
 2043 , 42.919921875 
 2044 , 8.359375 
 2045 , 3.130859375 
 2046 , 29.361328125 
 2047 , 52.6953125 
 2048 , 62.220703125 
 2049 , 92.966796875 
 2050 , 138.8828125 
 2051 , 155.455078125 
 2052 , 149.72265625 
 2053 , 150.435546875 
 2054 , 145.54296875 
 2055 , 116.580078125 
 2056 , 73.462890625 
 2057 , 32.734375 
 2058 , 12.572265625 
 2059 , 20.7265625 
 2060 , 50.37109375 
 2061 , 79.451171875 
 2062 , 81.4765625 
 2063 , 79.0234375 
 2064 , 103.1171875 
 2065 , 123.552734375 
 2066 , 119.08984375 
 2067 , 129.298828125 
 2068 , 163.15234375 
 2069 , 174.26953125 
 2070 , 153.767578125 
 2071 , 128.580078125 
 2072 , 113.787109375 
 2073 , 117.8984375 
 2074 , 147.201171875 
 2075 , 192.845703125 
 2076 , 208.169921875 
 2077 , 186.328125 
 2078 , 195.08203125 
 2079 , 229.4375 
 2080 , 210.65625 
 2081 , 147.59375 
 2082 , 97.705078125 
 2083 , 65.66796875 
 2084 , 43.578125 
 2085 , 54.390625 
 2086 , 94.654296875 
 2087 , 95.267578125 
 2088 , 60.603515625 
 2089 , 81.2109375 
 2090 , 142.638671875 
 2091 , 164.74609375 
 2092 , 131.166015625 
 2093 , 67.640625 
 2094 , 43.513671875 
 2095 , 86.59375 
 2096 , 138.75390625 
 2097 , 175.791015625 
 2098 , 215.87890625 
 2099 , 257.2578125 
 2100 , 286.109375 
 2101 , 285.52734375 
 2102 , 249.939453125 
 2103 , 216.669921875 
 2104 , 210.982421875 
 2105 , 223.689453125 
 2106 , 252.966796875 
 2107 , 302.501953125 
 2108 , 334.646484375 
 2109 , 305.078125 
 2110 , 259.908203125 
 2111 , 245.361328125 
 2112 , 222.92578125 
 2113 , 183.228515625 
 2114 , 184.755859375 
 2115 , 216.4765625 
 2116 , 205.953125 
 2117 , 160.611328125 
 2118 , 125.634765625 
 2119 , 121.392578125 
 2120 , 144.4140625 
 2121 , 148.556640625 
 2122 , 130.2109375 
 2123 , 150.599609375 
 2124 , 197.185546875 
 2125 , 205.4140625 
 2126 , 190.90234375 
 2127 , 191.8125 
 2128 , 195.048828125 
 2129 , 188.9609375 
 2130 , 187.84375 
 2131 , 194.302734375 
 2132 , 195.1171875 
 2133 , 179.6328125 
 2134 , 142.830078125 
 2135 , 101.314453125 
 2136 , 73.87109375 
 2137 , 64.240234375 
 2138 , 73.658203125 
 2139 , 102.0625 
 2140 , 124.091796875 
 2141 , 100.1484375 
 2142 , 51.662109375 
 2143 , 25.75390625 
 2144 , 55.291015625 
 2145 , 142.1015625 
 2146 , 232.42578125 
 2147 , 289.888671875 
 2148 , 304.646484375 
 2149 , 267.107421875 
 2150 , 176.849609375 
 2151 , 88.599609375 
 2152 , 50.23828125 
 2153 , 27.966796875 
 2154 , 2.07421875 
 2155 ,-9.044921875 
 2156 , 10.685546875 
 2157 , 65.41015625 
 2158 , 101.66796875 
 2159 , 78.099609375 
 2160 , 72.6796875 
 2161 , 128.53125 
 2162 , 187.623046875 
 2163 , 215.23828125 
 2164 , 215.41796875 
 2165 , 203.02734375 
 2166 , 190.9296875 
 2167 , 164.212890625 
 2168 , 124.5625 
 2169 , 120.603515625 
 2170 , 143.283203125 
 2171 , 125.25390625 
 2172 , 108.302734375 
 2173 , 167.6171875 
 2174 , 225.87890625 
 2175 , 214.87890625 
 2176 , 193.392578125 
 2177 , 195.146484375 
 2178 , 203.16796875 
 2179 , 222.521484375 
 2180 , 261.23828125 
 2181 , 256.59765625 
 2182 , 175.42578125 
 2183 , 120.115234375 
 2184 , 146.59375 
 2185 , 219.2109375 
 2186 , 285.5703125 
 2187 , 295.642578125 
 2188 , 255.25390625 
 2189 , 196.611328125 
 2190 , 167.09375 
 2191 , 179.6484375 
 2192 , 198.23828125 
 2193 , 202.845703125 
 2194 , 188.599609375 
 2195 , 162.3671875 
 2196 , 143.923828125 
 2197 , 172.96484375 
 2198 , 235.60546875 
 2199 , 244.951171875 
 2200 , 201.06640625 
 2201 , 163.15625 
 2202 , 142.228515625 
 2203 , 127.927734375 
 2204 , 103.271484375 
 2205 , 75.71484375 
 2206 , 85.048828125 
 2207 , 148.765625 
 2208 , 253.37109375 
 2209 , 305.537109375 
 2210 , 245.59765625 
 2211 , 174.83984375 
 2212 , 150.02734375 
 2213 , 137.439453125 
 2214 , 128.51171875 
 2215 , 130.88671875 
 2216 , 128.314453125 
 2217 , 104.6953125 
 2218 , 64.80078125 
 2219 , 35.6640625 
 2220 , 59.54296875 
 2221 , 102.0078125 
 2222 , 101.970703125 
 2223 , 88.12109375 
 2224 , 88.3828125 
 2225 , 75.669921875 
 2226 , 64.251953125 
 2227 , 106.5390625 
 2228 , 136.794921875 
 2229 , 75.40234375 
 2230 , 29.150390625 
 2231 , 60.568359375 
 2232 , 76.693359375 
 2233 , 51.8359375 
 2234 , 30.412109375 
 2235 , 37.359375 
 2236 , 70.33203125 
 2237 , 71.076171875 
 2238 , 36.658203125 
 2239 , 55.154296875 
 2240 , 116.322265625 
 2241 , 146.26953125 
 2242 , 154.591796875 
 2243 , 158.107421875 
 2244 , 119.28515625 
 2245 , 60.326171875 
 2246 , 70.1328125 
 2247 , 110.26953125 
 2248 , 103.12109375 
 2249 , 113.36328125 
 2250 , 164.146484375 
 2251 , 145.306640625 
 2252 , 78.697265625 
 2253 , 89.107421875 
 2254 , 120.6953125 
 2255 , 91.9375 
 2256 , 73.66796875 
 2257 , 108.02734375 
 2258 , 158.56640625 
 2259 , 173.66015625 
 2260 , 120.3203125 
 2261 , 83.298828125 
 2262 , 120.763671875 
 2263 , 158.08984375 
 2264 , 158.12890625 
 2265 , 140.51953125 
 2266 , 102.3203125 
 2267 , 42.189453125 
 2268 , 4.1328125 
 2269 , 19.380859375 
 2270 , 80.771484375 
 2271 , 135.845703125 
 2272 , 125.12109375 
 2273 , 96.30078125 
 2274 , 95.81640625 
 2275 , 101.025390625 
 2276 , 98.71875 
 2277 , 90.712890625 
 2278 , 70.87109375 
 2279 , 43.306640625 
 2280 , 46.7109375 
 2281 , 80.89453125 
 2282 , 90.625 
 2283 , 86.517578125 
 2284 , 110.26953125 
 2285 , 133.0625 
 2286 , 133.283203125 
 2287 , 138.662109375 
 2288 , 139.5703125 
 2289 , 98.638671875 
 2290 , 37.873046875 
 2291 ,-2.880859375 
 2292 ,-3.09375 
 2293 , 24.0078125 
 2294 , 29.353515625 
 2295 , 21.931640625 
 2296 , 35.69921875 
 2297 , 55.822265625 
 2298 , 61.298828125 
 2299 , 40.37109375 
 2300 , 11.55078125 
 2301 , 11.80078125 
 2302 , 24.2421875 
 2303 , 17.78515625 
 2304 ,-9.7265625 
 2305 ,-17.703125 
 2306 , 49.99609375 
 2307 , 111.638671875 
 2308 , 87.3046875 
 2309 , 69.953125 
 2310 , 99.685546875 
 2311 , 124.5859375 
 2312 , 132.966796875 
 2313 , 128.544921875 
 2314 , 117.5234375 
 2315 , 100.8125 
 2316 , 70.412109375 
 2317 , 49.533203125 
 2318 , 63.87890625 
 2319 , 82.23828125 
 2320 , 73.583984375 
 2321 , 34.115234375 
 2322 ,-13.044921875 
 2323 ,-24.19140625 
 2324 , 5.59765625 
 2325 , 51.58203125 
 2326 , 73.228515625 
 2327 , 63.478515625 
 2328 , 38.541015625 
 2329 , 26.494140625 
 2330 , 10 
 2331 , 10 
 2332 , 10 
 2333 , 10 
 2334 , 10 
 2335 , 10 
 2336 , 10 
 2337 , 10 
 2338 , 10 
 2339 , 10 
