11-20-2017,17:19:26
Wavenumber(cm-1),Intensity
 250 , 27163.3103421624 
 251 , 27209.5704641908 
 252 , 27235.2409637622 
 253 , 27239.7895331958 
 254 , 27238.1499719478 
 255 , 27245.8540516705 
 256 , 27267.5916590113 
 257 , 27299.9885085057 
 258 , 27337.9340531946 
 259 , 27367.9716545582 
 260 , 27373.8931904896 
 261 , 27352.9572117855 
 262 , 27333.4256641093 
 263 , 27347.0845901268 
 264 , 27404.7765535458 
 265 , 27495.2108330727 
 266 , 27604.9320806913 
 267 , 27711.4953877708 
 268 , 27788.07877359 
 269 , 27818.4617216711 
 270 , 27821.6832158088 
 271 , 27823.8644609742 
 272 , 27839.9850525947 
 273 , 27868.7937963051 
 274 , 27908.0182763551 
 275 , 27958.5795911592 
 276 , 28023.5418711577 
 277 , 28103.0852828881 
 278 , 28183.7390462832 
 279 , 28248.1165873371 
 280 , 28287.0127968082 
 281 , 28307.2687438195 
 282 , 28317.6982246389 
 283 , 28329.1224154094 
 284 , 28354.1440096179 
 285 , 28403.1848019086 
 286 , 28472.3522719107 
 287 , 28552.1228990163 
 288 , 28631.0176045062 
 289 , 28692.539809804 
 290 , 28720.0481140846 
 291 , 28716.028092418 
 292 , 28704.6710346022 
 293 , 28708.7019452928 
 294 , 28728.340243555 
 295 , 28752.4124754548 
 296 , 28772.994950768 
 297 , 28793.2559150868 
 298 , 28818.5720142671 
 299 , 28849.9821942348 
 300 , 28882.4159310446 
 301 , 28911.0717404474 
 302 , 28939.2833282797 
 303 , 28975.4769021821 
 304 , 29024.9632819746 
 305 , 29079.8056977046 
 306 , 29128.7224621073 
 307 , 29167.4225840703 
 308 , 29203.492980839 
 309 , 29245.1430032503 
 310 , 29292.9838582214 
 311 , 29341.9551662294 
 312 , 29388.1779094547 
 313 , 29434.3648619362 
 314 , 29485.2545511399 
 315 , 29541.3684206703 
 316 , 29594.8272384412 
 317 , 29637.3784258285 
 318 , 29671.8431223515 
 319 , 29710.5749428294 
 320 , 29763.443412289 
 321 , 29824.0082574731 
 322 , 29879.9534109412 
 323 , 29924.1610777645 
 324 , 29961.3105995233 
 325 , 29997.6980553892 
 326 , 30039.4492630878 
 327 , 30092.5263227597 
 328 , 30160.8045256067 
 329 , 30234.4833673068 
 330 , 30298.2533687748 
 331 , 30342.0325923067 
 332 , 30368.8353875329 
 333 , 30383.8718779065 
 334 , 30396.9207310172 
 335 , 30422.516886004 
 336 , 30472.220410856 
 337 , 30534.7363673148 
 338 , 30588.8357922407 
 339 , 30621.6488407558 
 340 , 30642.6875874809 
 341 , 30664.7188133441 
 342 , 30688.7760039415 
 343 , 30703.0709149558 
 344 , 30697.6812188967 
 345 , 30681.536793899 
 346 , 30672.1108214691 
 347 , 30682.4425663145 
 348 , 30713.271922694 
 349 , 30762.9557484796 
 350 , 30821.7341845848 
 351 , 30870.8217275896 
 352 , 30894.2633484957 
 353 , 30901.0582331249 
 354 , 30911.6001749421 
 355 , 30940.3867232712 
 356 , 30985.6124640877 
 357 , 31042.698676182 
 358 , 31106.8354905385 
 359 , 31172.9594696239 
 360 , 31236.7905202304 
 361 , 31299.8918127226 
 362 , 31366.4255351881 
 363 , 31438.650058901 
 364 , 31513.7733890427 
 365 , 31588.1853537102 
 366 , 31658.3838822858 
 367 , 31720.9803292913 
 368 , 31773.2420145462 
 369 , 31816.9016085108 
 370 , 31855.5652898949 
 371 , 31892.4590928572 
 372 , 31929.860096177 
 373 , 31969.8152693486 
 374 , 32012.4622731996 
 375 , 32056.0808563149 
 376 , 32098.6952664465 
 377 , 32137.2236038248 
 378 , 32168.1799631469 
 379 , 32191.930983249 
 380 , 32217.3698779553 
 381 , 32253.9874072393 
 382 , 32301.3013324333 
 383 , 32350.1035368789 
 384 , 32392.8792844098 
 385 , 32432.8425979421 
 386 , 32476.8021536676 
 387 , 32530.5333269398 
 388 , 32597.8079736372 
 389 , 32681.2695032801 
 390 , 32770.2977819604 
 391 , 32844.1610192683 
 392 , 32887.0853179672 
 393 , 32907.009624836 
 394 , 32918.5633007106 
 395 , 32932.9051340504 
 396 , 32955.4961139792 
 397 , 32990.8700799719 
 398 , 33038.9574935063 
 399 , 33096.7294547234 
 400 , 33161.2149142444 
 401 , 33229.8383486734 
 402 , 33300.1134313232 
 403 , 33369.4498184812 
 404 , 33435.1162576026 
 405 , 33494.775859657 
 406 , 33549.681671473 
 407 , 33602.9649539394 
 408 , 33657.2678078157 
 409 , 33713.7535100785 
 410 , 33773.186072258 
 411 , 33832.828823296 
 412 , 33886.1397137962 
 413 , 33928.7767557849 
 414 , 33972.366205424 
 415 , 34035.0179973227 
 416 , 34122.4869638254 
 417 , 34212.6979871486 
 418 , 34281.0160635625 
 419 , 34324.3156501856 
 420 , 34357.6838804118 
 421 , 34393.6459488634 
 422 , 34429.3101624601 
 423 , 34457.1550830135 
 424 , 34477.2482915261 
 425 , 34502.4997863493 
 426 , 34545.2818973864 
 427 , 34597.6206329211 
 428 , 34638.57133266 
 429 , 34654.4047854534 
 430 , 34657.5132525793 
 431 , 34665.7564273765 
 432 , 34687.2788407504 
 433 , 34718.1217541132 
 434 , 34753.8714335306 
 435 , 34792.4316391402 
 436 , 34832.7729088528 
 437 , 34873.6678749567 
 438 , 34913.3890517979 
 439 , 34950.365993401 
 440 , 34987.4345292543 
 441 , 35031.3703094222 
 442 , 35085.8736912674 
 443 , 35138.3424446433 
 444 , 35171.2111511845 
 445 , 35181.7809162465 
 446 , 35192.5105629617 
 447 , 35226.1852586016 
 448 , 35282.3943675461 
 449 , 35346.3464974646 
 450 , 35408.08558452 
 451 , 35474.3572115994 
 452 , 35554.864268751 
 453 , 35644.6372058855 
 454 , 35721.8612784809 
 455 , 35767.6251808315 
 456 , 35788.6069793648 
 457 , 35801.9414944494 
 458 , 35820.2805289955 
 459 , 35846.6937579209 
 460 , 35882.8500395341 
 461 , 35927.8225262221 
 462 , 35978.7134330031 
 463 , 36031.4678142569 
 464 , 36077.5160400317 
 465 , 36107.3297424692 
 466 , 36119.5698365776 
 467 , 36124.0004360808 
 468 , 36130.8671657979 
 469 , 36147.9372815154 
 470 , 36181.7731702292 
 471 , 36234.3152990943 
 472 , 36296.2192455325 
 473 , 36356.9163078185 
 474 , 36414.0526962095 
 475 , 36472.2744823918 
 476 , 36534.383434597 
 477 , 36593.7508361321 
 478 , 36641.1814171473 
 479 , 36673.7623083106 
 480 , 36697.8272485746 
 481 , 36720.1192392067 
 482 , 36744.5015385039 
 483 , 36773.3534294927 
 484 , 36807.671873146 
 485 , 36844.9256098908 
 486 , 36882.2747815926 
 487 , 36921.5104479164 
 488 , 36968.4913759854 
 489 , 37026.3119771599 
 490 , 37084.6235067489 
 491 , 37129.3594035313 
 492 , 37155.3410874186 
 493 , 37170.4270648646 
 494 , 37183.4906163589 
 495 , 37203.1977932713 
 496 , 37238.1017117809 
 497 , 37293.6913445915 
 498 , 37367.8804481848 
 499 , 37456.6531116266 
 500 , 37542.8446919814 
 501 , 37598.3476927476 
 502 , 37605.1737057185 
 503 , 37589.9595382508 
 504 , 37590.6760263459 
 505 , 37621.2906312824 
 506 , 37663.5501979709 
 507 , 37698.4795436795 
 508 , 37718.5479197541 
 509 , 37721.4137266063 
 510 , 37710.8525929404 
 511 , 37703.8596008297 
 512 , 37718.1883213325 
 513 , 37758.2755910179 
 514 , 37818.9122169161 
 515 , 37892.1490904852 
 516 , 37961.0122890802 
 517 , 38007.1379328245 
 518 , 38030.2986394863 
 519 , 38050.7607514449 
 520 , 38086.4243220799 
 521 , 38134.6453641476 
 522 , 38185.2743176208 
 523 , 38231.1478069691 
 524 , 38270.3452368504 
 525 , 38301.7595763353 
 526 , 38327.1441507787 
 527 , 38349.9047212544 
 528 , 38374.0783981038 
 529 , 38405.3728923879 
 530 , 38449.2781312244 
 531 , 38502.1180586589 
 532 , 38552.1910339687 
 533 , 38590.5032788608 
 534 , 38620.9336345963 
 535 , 38650.7412544722 
 536 , 38683.4368011755 
 537 , 38717.6478233315 
 538 , 38751.8080789824 
 539 , 38785.2657419519 
 540 , 38817.7888901533 
 541 , 38853.6285893626 
 542 , 38905.6900351612 
 543 , 38985.7143048582 
 544 , 39081.6548109226 
 545 , 39166.6881911317 
 546 , 39222.4261015448 
 547 , 39255.4370866427 
 548 , 39276.9390631256 
 549 , 39301.5688258439 
 550 , 39347.031719507 
 551 , 39424.518084655 
 552 , 39516.5506127541 
 553 , 39598.2551435938 
 554 , 39658.0461177229 
 555 , 39701.2700912369 
 556 , 39735.1389022213 
 557 , 39771.8186792379 
 558 , 39825.3187915004 
 559 , 39897.839526792 
 560 , 39970.3479739236 
 561 , 40023.0609376582 
 562 , 40050.5245024539 
 563 , 40055.3930281474 
 564 , 40043.9290230956 
 565 , 40031.3191173705 
 566 , 40033.3324659912 
 567 , 40053.317738022 
 568 , 40084.9222192926 
 569 , 40120.7514708566 
 570 , 40150.5934403088 
 571 , 40164.147344372 
 572 , 40165.0040848132 
 573 , 40171.4581704338 
 574 , 40198.4602533689 
 575 , 40240.4716745666 
 576 , 40285.5791849078 
 577 , 40326.1077782817 
 578 , 40360.3915002066 
 579 , 40387.4515260505 
 580 , 40407.9443552356 
 581 , 40423.2705559339 
 582 , 40438.9892422066 
 583 , 40468.4911531686 
 584 , 40523.3042933668 
 585 , 40587.7232926732 
 586 , 40630.4386806724 
 587 , 40635.0405925702 
 588 , 40622.8105986759 
 589 , 40619.4190271276 
 590 , 40630.4895234027 
 591 , 40646.6699503646 
 592 , 40659.9229147458 
 593 , 40667.742701566 
 594 , 40669.0598727964 
 595 , 40669.063070098 
 596 , 40678.9122063055 
 597 , 40706.0263923389 
 598 , 40740.5744908603 
 599 , 40768.5017012031 
 600 , 40790.5299066247 
 601 , 40825.1393553326 
 602 , 40886.7587180839 
 603 , 40961.1223341981 
 604 , 41024.2441373079 
 605 , 41068.5026261003 
 606 , 41110.7908395129 
 607 , 41166.9294049198 
 608 , 41230.4315214038 
 609 , 41285.1068177124 
 610 , 41325.9776618592 
 611 , 41368.8669480621 
 612 , 41429.5146861009 
 613 , 41502.0247680522 
 614 , 41568.8025950869 
 615 , 41620.9379900713 
 616 , 41669.4358073391 
 617 , 41727.1189804929 
 618 , 41795.8585246026 
 619 , 41870.3372547437 
 620 , 41944.5634220837 
 621 , 42011.0360464441 
 622 , 42062.6892845657 
 623 , 42103.0357088217 
 624 , 42143.8453294399 
 625 , 42192.4708048335 
 626 , 42240.9347441418 
 627 , 42278.4649282396 
 628 , 42301.5606497856 
 629 , 42313.3737529262 
 630 , 42318.5322090068 
 631 , 42326.5048704651 
 632 , 42347.6029562611 
 633 , 42383.2826701158 
 634 , 42425.6356496021 
 635 , 42467.0181838012 
 636 , 42503.0789233165 
 637 , 42530.4815522871 
 638 , 42548.0998689935 
 639 , 42557.4747437943 
 640 , 42561.165806418 
 641 , 42566.3163446538 
 642 , 42581.4275532345 
 643 , 42607.9302583332 
 644 , 42637.6374981005 
 645 , 42663.426759384 
 646 , 42688.8389494544 
 647 , 42721.3559006325 
 648 , 42764.532277386 
 649 , 42815.9655167756 
 650 , 42871.7285121617 
 651 , 42920.8488920705 
 652 , 42949.5334137766 
 653 , 42953.6878259215 
 654 , 42945.382440233 
 655 , 42937.4341792645 
 656 , 42936.6997158759 
 657 , 42947.2289078985 
 658 , 42966.8186046734 
 659 , 42981.9877491054 
 660 , 42980.9285474458 
 661 , 42975.6767741208 
 662 , 42989.9955984844 
 663 , 43033.1753307328 
 664 , 43086.2937333748 
 665 , 43129.1590113925 
 666 , 43159.2501125542 
 667 , 43183.3960457887 
 668 , 43208.1998541486 
 669 , 43239.6266920827 
 670 , 43282.4116290263 
 671 , 43330.2713551246 
 672 , 43370.8368566589 
 673 , 43398.3504970391 
 674 , 43421.342158557 
 675 , 43449.5578244762 
 676 , 43486.4832331089 
 677 , 43531.9979047327 
 678 , 43585.3546357384 
 679 , 43644.5207234111 
 680 , 43707.0854451584 
 681 , 43768.5140520583 
 682 , 43823.0398419154 
 683 , 43868.5493354526 
 684 , 43911.1365178195 
 685 , 43957.130717491 
 686 , 44003.736448586 
 687 , 44042.7631473897 
 688 , 44068.9137143763 
 689 , 44083.5304038518 
 690 , 44088.8159930742 
 691 , 44086.5423261963 
 692 , 44078.2393176967 
 693 , 44067.9012569771 
 694 , 44064.979662714 
 695 , 44078.8270055735 
 696 , 44110.4418401149 
 697 , 44155.9918594562 
 698 , 44211.8611268932 
 699 , 44275.0263898847 
 700 , 44341.7282932498 
 701 , 44400.3553363914 
 702 , 44434.9608339413 
 703 , 44439.0484634248 
 704 , 44425.7717247309 
 705 , 44409.5264957935 
 706 , 44393.8375119389 
 707 , 44376.4377433652 
 708 , 44357.6412144103 
 709 , 44342.9299198445 
 710 , 44338.5085329077 
 711 , 44351.6157867997 
 712 , 44389.8902930972 
 713 , 44448.9942933781 
 714 , 44502.6188584423 
 715 , 44526.3087970341 
 716 , 44528.2349872819 
 717 , 44531.6193513573 
 718 , 44544.5398723258 
 719 , 44549.2798650901 
 720 , 44529.4609930823 
 721 , 44495.5579325798 
 722 , 44469.4087426627 
 723 , 44466.0585414026 
 724 , 44489.992808135 
 725 , 44542.3839930988 
 726 , 44609.3753109594 
 727 , 44671.4592541739 
 728 , 44715.2691628223 
 729 , 44736.0014126677 
 730 , 44732.1441169466 
 731 , 44716.7685299058 
 732 , 44707.8209099698 
 733 , 44719.7536470556 
 734 , 44762.6858008265 
 735 , 44840.3988828838 
 736 , 44927.7816513504 
 737 , 44992.0134159905 
 738 , 45024.0156213487 
 739 , 45040.5734426481 
 740 , 45056.284918595 
 741 , 45071.5088822489 
 742 , 45083.1950590372 
 743 , 45092.8643671616 
 744 , 45106.3616116247 
 745 , 45127.823780762 
 746 , 45154.924779671 
 747 , 45183.9203259005 
 748 , 45210.6034801206 
 749 , 45230.3955678458 
 750 , 45241.979750403 
 751 , 45253.4379761419 
 752 , 45273.5840142285 
 753 , 45299.3012232297 
 754 , 45319.3240610132 
 755 , 45328.4627406954 
 756 , 45336.325397692 
 757 , 45353.4294106371 
 758 , 45378.0787628302 
 759 , 45401.6800837955 
 760 , 45422.5304306324 
 761 , 45452.4892853558 
 762 , 45501.216243091 
 763 , 45549.3687350527 
 764 , 45564.5175904916 
 765 , 45539.4477626076 
 766 , 45506.961441499 
 767 , 45497.9010464541 
 768 , 45510.0419130615 
 769 , 45528.9396846622 
 770 , 45543.140798783 
 771 , 45545.0349497927 
 772 , 45529.912551483 
 773 , 45505.4170411403 
 774 , 45482.672112034 
 775 , 45470.0527950942 
 776 , 45473.1326467402 
 777 , 45494.7030684764 
 778 , 45528.0635123334 
 779 , 45564.4915937908 
 780 , 45596.8233570181 
 781 , 45619.1531647762 
 782 , 45629.584090772 
 783 , 45637.0065804128 
 784 , 45650.6998085587 
 785 , 45664.1355337111 
 786 , 45661.003062677 
 787 , 45635.3192976029 
 788 , 45602.6427789273 
 789 , 45580.4096895836 
 790 , 45579.9712214827 
 791 , 45609.7009729164 
 792 , 45672.1535103946 
 793 , 45760.8706788084 
 794 , 45864.4014778522 
 795 , 45947.492554192 
 796 , 45968.1254887705 
 797 , 45933.2307358031 
 798 , 45906.9159734455 
 799 , 45937.6116199128 
 800 , 45997.2742409622 
 801 , 46040.3945845844 
 802 , 46055.1155516205 
 803 , 46058.840951259 
 804 , 46066.9630235058 
 805 , 46086.2997549239 
 806 , 46121.65089353 
 807 , 46172.2239050212 
 808 , 46233.6112811456 
 809 , 46293.8023044461 
 810 , 46325.3890523973 
 811 , 46306.3165743289 
 812 , 46269.0013553941 
 813 , 46269.88383986 
 814 , 46324.7686305715 
 815 , 46390.1700900426 
 816 , 46426.2934634716 
 817 , 46435.6970361113 
 818 , 46434.0582173779 
 819 , 46430.7499789229 
 820 , 46428.621221922 
 821 , 46428.4922412933 
 822 , 46425.3038379302 
 823 , 46413.3075666437 
 824 , 46394.4489867726 
 825 , 46376.2536892056 
 826 , 46364.4168565022 
 827 , 46360.1614736106 
 828 , 46364.2906814552 
 829 , 46379.3014044542 
 830 , 46408.4054329592 
 831 , 46447.0594559793 
 832 , 46478.6936538098 
 833 , 46488.9711401728 
 834 , 46480.8881284706 
 835 , 46463.0583961919 
 836 , 46441.3556334562 
 837 , 46418.7659594092 
 838 , 46397.1369480675 
 839 , 46374.9263669878 
 840 , 46350.2579100814 
 841 , 46326.3087399167 
 842 , 46309.8206704895 
 843 , 46306.1139950589 
 844 , 46317.2614851265 
 845 , 46343.3041606263 
 846 , 46371.9807091145 
 847 , 46385.6090074983 
 848 , 46379.0092896683 
 849 , 46364.6666652892 
 850 , 46353.9977989815 
 851 , 46347.2815687046 
 852 , 46341.5191608122 
 853 , 46332.7577950738 
 854 , 46316.1770853574 
 855 , 46293.2907138216 
 856 , 46283.6257360231 
 857 , 46306.8003965768 
 858 , 46350.9093771279 
 859 , 46385.7236472874 
 860 , 46396.606014912 
 861 , 46396.6365165601 
 862 , 46399.2849232373 
 863 , 46403.9626527652 
 864 , 46405.321113705 
 865 , 46406.8731681383 
 866 , 46421.8743820692 
 867 , 46458.2514098657 
 868 , 46504.080901623 
 869 , 46544.5203425062 
 870 , 46581.1493440441 
 871 , 46626.7228722802 
 872 , 46686.414751534 
 873 , 46749.6978744695 
 874 , 46806.1518694361 
 875 , 46858.7128616745 
 876 , 46915.6606984419 
 877 , 46980.202461085 
 878 , 47049.3533622433 
 879 , 47119.1754378325 
 880 , 47183.5545711216 
 881 , 47236.549782792 
 882 , 47281.7695271972 
 883 , 47329.7887929034 
 884 , 47383.0765821773 
 885 , 47426.4631313235 
 886 , 47443.1392363692 
 887 , 47420.7048287986 
 888 , 47349.0419235538 
 889 , 47231.8530921838 
 890 , 47090.0429002276 
 891 , 46948.6818046308 
 892 , 46844.5470534785 
 893 , 46812.7812788515 
 894 , 46827.7304980463 
 895 , 46819.6618782084 
 896 , 46751.4118597944 
 897 , 46655.6562801724 
 898 , 46570.8966249309 
 899 , 46516.2792714946 
 900 , 46502.410339054 
 901 , 46521.5453227904 
 902 , 46544.3439383265 
 903 , 46548.9327771051 
 904 , 46543.8857788752 
 905 , 46543.3011406588 
 906 , 46547.5545688427 
 907 , 46547.9240356092 
 908 , 46542.0071580234 
 909 , 46539.5217019631 
 910 , 46547.6658024892 
 911 , 46551.2032897107 
 912 , 46528.0153742476 
 913 , 46485.8070104027 
 914 , 46463.0468174072 
 915 , 46483.1482795084 
 916 , 46520.8539108997 
 917 , 46544.4067680481 
 918 , 46545.8909361484 
 919 , 46530.8445005845 
 920 , 46505.8565840249 
 921 , 46478.9127884369 
 922 , 46457.7258400745 
 923 , 46448.1827801961 
 924 , 46455.002603514 
 925 , 46472.0653381853 
 926 , 46484.2218811607 
 927 , 46482.2070386013 
 928 , 46470.9507799319 
 929 , 46457.2700191076 
 930 , 46447.228620616 
 931 , 46446.4138168492 
 932 , 46455.6025128345 
 933 , 46469.8223179773 
 934 , 46482.9394128308 
 935 , 46486.0251140282 
 936 , 46470.5218181805 
 937 , 46438.5690130529 
 938 , 46398.9988889308 
 939 , 46362.4511316328 
 940 , 46342.4182202326 
 941 , 46347.7709376401 
 942 , 46363.3624452877 
 943 , 46368.0892561475 
 944 , 46365.5168572543 
 945 , 46380.2353025988 
 946 , 46420.9548073182 
 947 , 46458.3066859895 
 948 , 46463.3100800888 
 949 , 46446.6915538762 
 950 , 46435.3472179422 
 951 , 46436.6591567419 
 952 , 46435.784372179 
 953 , 46428.0916255911 
 954 , 46444.4914171186 
 955 , 46515.7529040502 
 956 , 46604.3775850119 
 957 , 46635.5509793603 
 958 , 46588.3850531393 
 959 , 46521.898764957 
 960 , 46486.4840136972 
 961 , 46470.5450240084 
 962 , 46447.9431411546 
 963 , 46412.0545547473 
 964 , 46370.2459379317 
 965 , 46330.4261315807 
 966 , 46300.9454664536 
 967 , 46287.9261248849 
 968 , 46285.3879890785 
 969 , 46283.7027360494 
 970 , 46279.9175232602 
 971 , 46276.9902468036 
 972 , 46277.8278237082 
 973 , 46284.7498801165 
 974 , 46299.4163247985 
 975 , 46319.6367528816 
 976 , 46341.6542874248 
 977 , 46361.9285038433 
 978 , 46377.1559547878 
 979 , 46385.6448755864 
 980 , 46390.1539600827 
 981 , 46394.3857418633 
 982 , 46403.4811780188 
 983 , 46423.0395914051 
 984 , 46450.1372505594 
 985 , 46471.2805762991 
 986 , 46477.3522978202 
 987 , 46475.7132946005 
 988 , 46476.4728363889 
 989 , 46483.7387159476 
 990 , 46498.1873263272 
 991 , 46517.8426858394 
 992 , 46537.0453690391 
 993 , 46552.928850307 
 994 , 46574.1196829936 
 995 , 46611.0855995061 
 996 , 46664.7710602525 
 997 , 46730.0687969052 
 998 , 46798.060516174 
 999 , 46854.0338859359 
 1000 , 46894.0577608789 
 1001 , 46961.0369080959 
 1002 , 47104.6277798285 
 1003 , 47306.5667280848 
 1004 , 47502.5115817825 
 1005 , 47651.3079078416 
 1006 , 47752.202954551 
 1007 , 47802.8939654498 
 1008 , 47776.9476771371 
 1009 , 47644.0087663375 
 1010 , 47411.7975426322 
 1011 , 47115.6631262671 
 1012 , 46806.4955649882 
 1013 , 46561.4041361659 
 1014 , 46439.657224883 
 1015 , 46405.3533919996 
 1016 , 46397.1590975228 
 1017 , 46384.3305565887 
 1018 , 46358.8647900806 
 1019 , 46322.3427333092 
 1020 , 46292.5131796242 
 1021 , 46283.4986719251 
 1022 , 46284.5984456359 
 1023 , 46278.8294690813 
 1024 , 46262.9725803143 
 1025 , 46243.9582155294 
 1026 , 46227.2102875899 
 1027 , 46215.0715109274 
 1028 , 46211.2352959283 
 1029 , 46227.015544772 
 1030 , 46273.5422663989 
 1031 , 46330.0884735695 
 1032 , 46353.456136475 
 1033 , 46329.5811116062 
 1034 , 46294.6999356236 
 1035 , 46283.2035664575 
 1036 , 46300.3355384352 
 1037 , 46342.151442973 
 1038 , 46388.605467798 
 1039 , 46409.058569809 
 1040 , 46392.6573806966 
 1041 , 46360.2674703983 
 1042 , 46330.784318735 
 1043 , 46304.0736841524 
 1044 , 46275.4508894282 
 1045 , 46242.2078502405 
 1046 , 46203.006932909 
 1047 , 46163.5890894016 
 1048 , 46139.8824484149 
 1049 , 46143.6764769844 
 1050 , 46169.3148995352 
 1051 , 46207.0608304799 
 1052 , 46245.0300947901 
 1053 , 46270.4327101351 
 1054 , 46281.1146778887 
 1055 , 46288.5254903961 
 1056 , 46299.4605337327 
 1057 , 46303.7910754026 
 1058 , 46290.9766955009 
 1059 , 46272.9005190695 
 1060 , 46271.3663803842 
 1061 , 46285.566571341 
 1062 , 46289.725893267 
 1063 , 46268.3662723518 
 1064 , 46235.7397799545 
 1065 , 46208.0528491971 
 1066 , 46183.5905487792 
 1067 , 46153.9053943908 
 1068 , 46119.5731180919 
 1069 , 46089.4893672207 
 1070 , 46064.8160660298 
 1071 , 46029.7769214003 
 1072 , 45972.1894135797 
 1073 , 45909.6533373349 
 1074 , 45867.9013268769 
 1075 , 45850.7758259518 
 1076 , 45845.620711324 
 1077 , 45843.1303494145 
 1078 , 45840.3408576502 
 1079 , 45835.8686451752 
 1080 , 45832.2366045144 
 1081 , 45832.1620958545 
 1082 , 45830.0626704887 
 1083 , 45815.6004986766 
 1084 , 45786.9571471729 
 1085 , 45753.6785029896 
 1086 , 45725.4765368685 
 1087 , 45710.1938408986 
 1088 , 45712.3355734298 
 1089 , 45713.8368915755 
 1090 , 45687.5984933443 
 1091 , 45636.8928702865 
 1092 , 45595.7756356441 
 1093 , 45580.425405441 
 1094 , 45563.7270900267 
 1095 , 45519.3601967213 
 1096 , 45457.1356957365 
 1097 , 45397.7464320024 
 1098 , 45343.8634928936 
 1099 , 45284.6126557648 
 1100 , 45216.2026747348 
 1101 , 45147.0030066005 
 1102 , 45085.1174373517 
 1103 , 45033.4032417264 
 1104 , 44992.6912551526 
 1105 , 44956.4102854362 
 1106 , 44914.2985232695 
 1107 , 44867.0591856549 
 1108 , 44828.3141393034 
 1109 , 44806.2361174941 
 1110 , 44793.0466866958 
 1111 , 44780.055384736 
 1112 , 44768.4664128931 
 1113 , 44762.5130589518 
 1114 , 44754.8259381061 
 1115 , 44728.5752881045 
 1116 , 44675.3598562192 
 1117 , 44602.0142587191 
 1118 , 44519.4124065036 
 1119 , 44448.3237610563 
 1120 , 44409.7827148136 
 1121 , 44403.8623927859 
 1122 , 44418.8337756287 
 1123 , 44439.5731274556 
 1124 , 44447.1413383096 
 1125 , 44431.906138188 
 1126 , 44408.2335599031 
 1127 , 44391.7956017234 
 1128 , 44384.2583685134 
 1129 , 44381.8567592267 
 1130 , 44374.9070927629 
 1131 , 44349.3499581944 
 1132 , 44303.95837974 
 1133 , 44258.2792036991 
 1134 , 44223.4094624983 
 1135 , 44174.2504797427 
 1136 , 44083.9310211103 
 1137 , 43975.9874068243 
 1138 , 43896.9940644692 
 1139 , 43855.2742517023 
 1140 , 43820.2495266703 
 1141 , 43776.4072371034 
 1142 , 43743.5956546824 
 1143 , 43740.1921506861 
 1144 , 43756.8804073206 
 1145 , 43776.6759435059 
 1146 , 43787.0060918499 
 1147 , 43778.1910624194 
 1148 , 43745.4825986371 
 1149 , 43690.3559191219 
 1150 , 43620.6208227826 
 1151 , 43559.7931961083 
 1152 , 43528.3179759207 
 1153 , 43513.4300817697 
 1154 , 43491.8425736548 
 1155 , 43463.5195775337 
 1156 , 43445.8530160685 
 1157 , 43445.0359850271 
 1158 , 43449.581245899 
 1159 , 43450.1615356258 
 1160 , 43449.0324812122 
 1161 , 43447.167447855 
 1162 , 43420.2148058789 
 1163 , 43335.9067322144 
 1164 , 43216.6760406514 
 1165 , 43132.2705323362 
 1166 , 43113.9569389111 
 1167 , 43123.4363051765 
 1168 , 43123.2445466536 
 1169 , 43104.2141216133 
 1170 , 43065.7772810672 
 1171 , 43024.8425650369 
 1172 , 43005.6552944116 
 1173 , 43009.0276797232 
 1174 , 43013.3007140024 
 1175 , 43001.5651069816 
 1176 , 42967.6024317124 
 1177 , 42909.5077659619 
 1178 , 42837.694724568 
 1179 , 42765.0307153336 
 1180 , 42699.3459145629 
 1181 , 42645.9265498321 
 1182 , 42611.0199077791 
 1183 , 42601.7262531705 
 1184 , 42608.4618273357 
 1185 , 42588.8546427207 
 1186 , 42514.8327375981 
 1187 , 42431.607077799 
 1188 , 42396.1190358494 
 1189 , 42405.4459801644 
 1190 , 42425.8676306171 
 1191 , 42430.3784481103 
 1192 , 42399.1230278142 
 1193 , 42329.6001987532 
 1194 , 42252.2919299673 
 1195 , 42194.4597680904 
 1196 , 42155.8432500175 
 1197 , 42129.5565859132 
 1198 , 42109.9323084908 
 1199 , 42091.9634820781 
 1200 , 42071.7355709579 
 1201 , 42046.3816512803 
 1202 , 42013.6811963205 
 1203 , 41972.5129767743 
 1204 , 41922.7877467186 
 1205 , 41867.7374240285 
 1206 , 41811.3844364378 
 1207 , 41758.0366943144 
 1208 , 41712.33966415 
 1209 , 41682.6927488075 
 1210 , 41680.5068906414 
 1211 , 41699.6196979587 
 1212 , 41705.071491622 
 1213 , 41665.4848656453 
 1214 , 41569.2402509112 
 1215 , 41417.5495405052 
 1216 , 41269.3718890418 
 1217 , 41201.9698165327 
 1218 , 41224.5125066419 
 1219 , 41294.5761707247 
 1220 , 41363.6071422397 
 1221 , 41376.3216487112 
 1222 , 41298.8466690466 
 1223 , 41155.1260655833 
 1224 , 40984.6656588445 
 1225 , 40859.2180651952 
 1226 , 40850.4426187615 
 1227 , 40911.6971462529 
 1228 , 40925.4981281282 
 1229 , 40860.6515713825 
 1230 , 40785.3536224287 
 1231 , 40739.7852728315 
 1232 , 40693.9640426177 
 1233 , 40622.685672745 
 1234 , 40556.0572989022 
 1235 , 40531.7495051269 
 1236 , 40534.5418515657 
 1237 , 40524.8353765889 
 1238 , 40490.2589676688 
 1239 , 40442.7867077827 
 1240 , 40391.3878330367 
 1241 , 40338.847623436 
 1242 , 40286.8714706719 
 1243 , 40235.6018039717 
 1244 , 40185.051645507 
 1245 , 40136.1691464268 
 1246 , 40091.2380128861 
 1247 , 40064.5888091841 
 1248 , 40077.3056479467 
 1249 , 40111.9142167732 
 1250 , 40105.5934268071 
 1251 , 40030.0996753131 
 1252 , 39935.7946263507 
 1253 , 39868.838333919 
 1254 , 39819.0439481706 
 1255 , 39765.2543922246 
 1256 , 39709.5635653791 
 1257 , 39664.3049961168 
 1258 , 39632.1715980563 
 1259 , 39607.7294033239 
 1260 , 39580.8915715771 
 1261 , 39535.1976384538 
 1262 , 39464.7091390353 
 1263 , 39392.1734856387 
 1264 , 39339.973801516 
 1265 , 39306.2720693803 
 1266 , 39283.1772178503 
 1267 , 39275.2749122469 
 1268 , 39292.7680393034 
 1269 , 39318.46134255 
 1270 , 39309.1831796426 
 1271 , 39253.5037218525 
 1272 , 39194.5890149949 
 1273 , 39165.4929261892 
 1274 , 39153.8541957024 
 1275 , 39140.6916562656 
 1276 , 39116.8360974123 
 1277 , 39077.29531279 
 1278 , 39025.8308704697 
 1279 , 38971.3542581283 
 1280 , 38918.785803076 
 1281 , 38868.8600355602 
 1282 , 38825.3793110387 
 1283 , 38797.9385204316 
 1284 , 38793.878705319 
 1285 , 38811.6026179755 
 1286 , 38843.6948566586 
 1287 , 38859.419074445 
 1288 , 38824.1666293558 
 1289 , 38751.9529461605 
 1290 , 38685.466501068 
 1291 , 38631.8214371725 
 1292 , 38560.8347058912 
 1293 , 38465.1950418857 
 1294 , 38380.8662459796 
 1295 , 38333.7033335161 
 1296 , 38305.2933348243 
 1297 , 38272.5904302218 
 1298 , 38233.2820994776 
 1299 , 38191.7481684005 
 1300 , 38148.5877677514 
 1301 , 38102.5699048143 
 1302 , 38061.0378407634 
 1303 , 38039.4496332182 
 1304 , 38034.9638432178 
 1305 , 38014.6384738641 
 1306 , 37957.3654547042 
 1307 , 37882.0110194805 
 1308 , 37809.3820215346 
 1309 , 37736.9032841536 
 1310 , 37657.8404877156 
 1311 , 37590.4869032953 
 1312 , 37563.707555226 
 1313 , 37566.0295504387 
 1314 , 37552.3624258525 
 1315 , 37508.9008597438 
 1316 , 37466.4950886152 
 1317 , 37440.2100472398 
 1318 , 37401.5676343551 
 1319 , 37329.5588922475 
 1320 , 37256.0261262321 
 1321 , 37218.8333050572 
 1322 , 37208.8096373946 
 1323 , 37198.1454257079 
 1324 , 37171.809169719 
 1325 , 37123.956970152 
 1326 , 37059.041169123 
 1327 , 36992.6438147813 
 1328 , 36938.0689060148 
 1329 , 36903.5542428203 
 1330 , 36893.005357372 
 1331 , 36899.1525885938 
 1332 , 36910.8209137152 
 1333 , 36907.5345285463 
 1334 , 36869.3934975878 
 1335 , 36806.5483796045 
 1336 , 36743.5440419644 
 1337 , 36687.9779472573 
 1338 , 36633.553736146 
 1339 , 36577.772744526 
 1340 , 36523.5512897593 
 1341 , 36469.6523337588 
 1342 , 36405.5441699649 
 1343 , 36328.002952383 
 1344 , 36262.3283682242 
 1345 , 36232.4425064211 
 1346 , 36220.5735685355 
 1347 , 36196.9226556019 
 1348 , 36156.8989926509 
 1349 , 36110.1439961411 
 1350 , 36066.3844761055 
 1351 , 36034.9159133847 
 1352 , 36009.0264615076 
 1353 , 35960.2143865649 
 1354 , 35879.3538580206 
 1355 , 35802.320884933 
 1356 , 35757.083541529 
 1357 , 35724.0690727636 
 1358 , 35677.9947826043 
 1359 , 35619.5342139015 
 1360 , 35557.7018157061 
 1361 , 35493.7242203112 
 1362 , 35424.9727230037 
 1363 , 35357.5135329439 
 1364 , 35304.5271503485 
 1365 , 35264.1986439459 
 1366 , 35214.8959303977 
 1367 , 35147.9632287602 
 1368 , 35083.5187504746 
 1369 , 35037.6907085198 
 1370 , 35003.0898284713 
 1371 , 34968.3180941058 
 1372 , 34925.174930751 
 1373 , 34867.4647784154 
 1374 , 34797.2388286649 
 1375 , 34720.7675044857 
 1376 , 34646.3151182633 
 1377 , 34583.3449089963 
 1378 , 34533.2769429265 
 1379 , 34488.4375510994 
 1380 , 34442.0380607741 
 1381 , 34389.6165182425 
 1382 , 34328.4454028257 
 1383 , 34259.7004677196 
 1384 , 34187.8300761327 
 1385 , 34127.989765277 
 1386 , 34094.0473306118 
 1387 , 34074.4003920108 
 1388 , 34047.7536802134 
 1389 , 33996.0960717249 
 1390 , 33904.9974198834 
 1391 , 33789.8516454879 
 1392 , 33691.8415519389 
 1393 , 33636.7079607896 
 1394 , 33628.8843428719 
 1395 , 33648.6253776349 
 1396 , 33632.7072179178 
 1397 , 33544.7374356727 
 1398 , 33439.5783738788 
 1399 , 33373.8086247282 
 1400 , 33339.6431586886 
 1401 , 33313.221764978 
 1402 , 33282.0929032096 
 1403 , 33239.8816417009 
 1404 , 33194.5434917689 
 1405 , 33162.1254502535 
 1406 , 33144.5442314143 
 1407 , 33130.9773238422 
 1408 , 33111.3312784734 
 1409 , 33077.1059976044 
 1410 , 33027.4239576825 
 1411 , 32975.4503880969 
 1412 , 32932.4033600627 
 1413 , 32899.9240344272 
 1414 , 32877.9612275563 
 1415 , 32866.2089435387 
 1416 , 32862.0045629421 
 1417 , 32848.465377014 
 1418 , 32805.6984241161 
 1419 , 32737.1926213868 
 1420 , 32658.7957362785 
 1421 , 32575.8966185852 
 1422 , 32485.8755586169 
 1423 , 32397.6849640108 
 1424 , 32333.2227528216 
 1425 , 32296.051212965 
 1426 , 32259.6145932622 
 1427 , 32208.7167927222 
 1428 , 32159.9192876214 
 1429 , 32127.9231214242 
 1430 , 32106.9848363374 
 1431 , 32086.9688749703 
 1432 , 32056.7633049528 
 1433 , 32007.1388252512 
 1434 , 31944.3637638752 
 1435 , 31880.8987434261 
 1436 , 31823.4681783813 
 1437 , 31774.9098733821 
 1438 , 31731.7888276828 
 1439 , 31685.6468041 
 1440 , 31636.5973473636 
 1441 , 31594.9597404198 
 1442 , 31566.249246939 
 1443 , 31547.1912287034 
 1444 , 31530.0598997709 
 1445 , 31498.856146183 
 1446 , 31445.1621374768 
 1447 , 31388.584048736 
 1448 , 31348.7875188148 
 1449 , 31319.9304970678 
 1450 , 31291.4042766709 
 1451 , 31269.4013377318 
 1452 , 31264.6553693841 
 1453 , 31266.0277681145 
 1454 , 31251.9869836695 
 1455 , 31228.7613221028 
 1456 , 31222.6287605041 
 1457 , 31229.2199337212 
 1458 , 31212.560392628 
 1459 , 31163.2699223582 
 1460 , 31110.8914961083 
 1461 , 31066.9435362193 
 1462 , 31003.499986596 
 1463 , 30902.5232066113 
 1464 , 30782.7934871282 
 1465 , 30666.3162683452 
 1466 , 30565.6874388243 
 1467 , 30489.675319605 
 1468 , 30438.4665023062 
 1469 , 30406.4378561062 
 1470 , 30366.0728304605 
 1471 , 30285.3323043833 
 1472 , 30179.4614411364 
 1473 , 30088.8510121194 
 1474 , 30026.193050774 
 1475 , 29982.790095001 
 1476 , 29947.0744204691 
 1477 , 29905.3277374022 
 1478 , 29851.4198449907 
 1479 , 29789.4084009195 
 1480 , 29729.133711403 
 1481 , 29689.2159351713 
 1482 , 29675.628448961 
 1483 , 29663.2128828245 
 1484 , 29633.6703749031 
 1485 , 29603.2937363493 
 1486 , 29585.7573521133 
 1487 , 29556.2456139273 
 1488 , 29488.8989050972 
 1489 , 29408.1057342798 
 1490 , 29351.9977030186 
 1491 , 29329.9015946993 
 1492 , 29335.7350532259 
 1493 , 29340.9408585818 
 1494 , 29306.3934759025 
 1495 , 29237.05221903 
 1496 , 29171.1427063463 
 1497 , 29121.833956977 
 1498 , 29076.6409086719 
 1499 , 29030.0305025832 
 1500 , 28986.6641864475 
 1501 , 28945.6828154481 
 1502 , 28896.2018576085 
 1503 , 28837.4682830283 
 1504 , 28791.8939158438 
 1505 , 28770.4575320428 
 1506 , 28745.2201346014 
 1507 , 28692.1342383682 
 1508 , 28623.9706715656 
 1509 , 28558.8018038695 
 1510 , 28501.6882304453 
 1511 , 28454.7573096169 
 1512 , 28425.0369483114 
 1513 , 28416.7928941457 
 1514 , 28397.9130164752 
 1515 , 28325.0793975553 
 1516 , 28219.7225093195 
 1517 , 28138.9497175737 
 1518 , 28091.700477631 
 1519 , 28050.8102069746 
 1520 , 28000.8525228761 
 1521 , 27938.8578546244 
 1522 , 27880.604698842 
 1523 , 27862.4684434855 
 1524 , 27887.2594296224 
 1525 , 27907.8129682825 
 1526 , 27890.5056901129 
 1527 , 27833.007829458 
 1528 , 27746.1589209549 
 1529 , 27662.9073179508 
 1530 , 27609.3896460761 
 1531 , 27584.4133516407 
 1532 , 27579.2505454036 
 1533 , 27575.3348576003 
 1534 , 27557.0602168473 
 1535 , 27531.321716134 
 1536 , 27508.7396968052 
 1537 , 27486.3156458297 
 1538 , 27456.5118679375 
 1539 , 27412.7694454231 
 1540 , 27351.1924817494 
 1541 , 27287.7318281426 
 1542 , 27246.0855705392 
 1543 , 27220.4891410918 
 1544 , 27187.6642952473 
 1545 , 27142.2199553887 
 1546 , 27092.8888330281 
 1547 , 27052.6898353905 
 1548 , 27037.5007990276 
 1549 , 27042.3811299918 
 1550 , 27039.6756261761 
 1551 , 27015.6940053707 
 1552 , 26976.7274362876 
 1553 , 26931.6259213287 
 1554 , 26891.0749637691 
 1555 , 26860.8025298859 
 1556 , 26836.9098201121 
 1557 , 26816.6368621419 
 1558 , 26802.1773310872 
 1559 , 26790.9041726 
 1560 , 26765.3357708109 
 1561 , 26715.516087776 
 1562 , 26663.9943915775 
 1563 , 26630.5192160279 
 1564 , 26598.1732753145 
 1565 , 26547.1535329539 
 1566 , 26486.097661039 
 1567 , 26429.9827398251 
 1568 , 26382.5949716352 
 1569 , 26344.3396585741 
 1570 , 26319.185544687 
 1571 , 26311.7073327281 
 1572 , 26319.4153662388 
 1573 , 26335.0438551512 
 1574 , 26338.1425740125 
 1575 , 26304.0216217514 
 1576 , 26246.7233604582 
 1577 , 26203.4199399356 
 1578 , 26175.0560723862 
 1579 , 26135.8458212472 
 1580 , 26082.2258286228 
 1581 , 26030.2511566675 
 1582 , 25984.7327039167 
 1583 , 25938.6821811561 
 1584 , 25891.1156822005 
 1585 , 25848.7057430338 
 1586 , 25823.5435032733 
 1587 , 25833.7954471475 
 1588 , 25870.0839549099 
 1589 , 25881.3694387225 
 1590 , 25841.3830998687 
 1591 , 25772.0974341015 
 1592 , 25697.4812439514 
 1593 , 25636.1534210737 
 1594 , 25598.8748077396 
 1595 , 25580.3520939494 
 1596 , 25568.41445095 
 1597 , 25539.0075559452 
 1598 , 25481.9411146573 
 1599 , 25431.983932628 
 1600 , 25415.0178222531 
 1601 , 25402.0234614765 
 1602 , 25365.8575830763 
 1603 , 25327.4174999815 
 1604 , 25310.7614976381 
 1605 , 25306.8614096378 
 1606 , 25299.2203997078 
 1607 , 25276.8705334088 
 1608 , 25233.6662748916 
 1609 , 25180.4388563739 
 1610 , 25130.8789821739 
 1611 , 25082.174524229 
 1612 , 25026.1841377916 
 1613 , 24960.0002059243 
 1614 , 24885.2799269601 
 1615 , 24821.8320634516 
 1616 , 24792.6996420613 
 1617 , 24778.2362422661 
 1618 , 24741.0002034925 
 1619 , 24678.6849857273 
 1620 , 24608.2222625159 
 1621 , 24543.7679992955 
 1622 , 24496.0103231267 
 1623 , 24455.6735098235 
 1624 , 24402.4689741123 
 1625 , 24344.7059027008 
 1626 , 24309.4568260692 
 1627 , 24295.4168263028 
 1628 , 24279.7108858246 
 1629 , 24252.71415456 
 1630 , 24216.5115498692 
 1631 , 24175.6682182878 
 1632 , 24136.3300089157 
 1633 , 24097.4432237778 
 1634 , 24051.2557095436 
 1635 , 23998.2203188028 
 1636 , 23947.5572978495 
 1637 , 23907.5770032637 
 1638 , 23884.7520480513 
 1639 , 23873.5849813614 
 1640 , 23854.7733066288 
 1641 , 23816.8232699438 
 1642 , 23759.2407827784 
 1643 , 23689.8171174089 
 1644 , 23626.3288849597 
 1645 , 23581.4224877625 
 1646 , 23559.3510646262 
 1647 , 23553.5387080725 
 1648 , 23542.4028302355 
 1649 , 23512.4304570923 
 1650 , 23464.7096321727 
 1651 , 23406.9253534198 
 1652 , 23355.4151801804 
 1653 , 23319.5780747063 
 1654 , 23295.5025204849 
 1655 , 23278.2523068065 
 1656 , 23263.3386576981 
 1657 , 23239.0903861779 
 1658 , 23180.5283979566 
 1659 , 23088.7739775103 
 1660 , 23018.3625681433 
 1661 , 22998.7809112946 
 1662 , 22996.6396647007 
 1663 , 22982.2972580927 
 1664 , 22949.7509730393 
 1665 , 22904.4628638091 
 1666 , 22870.1264067169 
 1667 , 22856.17076954 
 1668 , 22835.2766629145 
 1669 , 22792.1258550507 
 1670 , 22749.8066673797 
 1671 , 22724.3572180858 
 1672 , 22703.114723672 
 1673 , 22672.432759904 
 1674 , 22626.0009431382 
 1675 , 22566.1554357939 
 1676 , 22513.4959810528 
 1677 , 22477.8752788697 
 1678 , 22436.256564148 
 1679 , 22376.3884611032 
 1680 , 22324.9520708057 
 1681 , 22298.2372238227 
 1682 , 22271.7557253505 
 1683 , 22225.9716242334 
 1684 , 22169.5844273788 
 1685 , 22115.3327564074 
 1686 , 22075.1029636768 
 1687 , 22053.762905145 
 1688 , 22038.7773458078 
 1689 , 22012.5062740885 
 1690 , 21951.3239611289 
 1691 , 21854.9849975437 
 1692 , 21784.1164091304 
 1693 , 21777.1369869453 
 1694 , 21793.9079407131 
 1695 , 21796.5887693357 
 1696 , 21782.5445987815 
 1697 , 21754.4599463631 
 1698 , 21715.0273180665 
 1699 , 21667.4313655635 
 1700 , 21616.0298432681 
 1701 , 21565.4290094643 
 1702 , 21520.4043842773 
 1703 , 21482.9917903626 
 1704 , 21448.9026068734 
 1705 , 21415.8919844359 
 1706 , 21388.252431289 
 1707 , 21369.204963937 
 1708 , 21357.6874659471 
 1709 , 21349.016123331 
 1710 , 21332.0756080147 
 1711 , 21299.8971936746 
 1712 , 21255.6952915647 
 1713 , 21207.2145792645 
 1714 , 21168.5984708491 
 1715 , 21144.1295295326 
 1716 , 21117.9991136537 
 1717 , 21082.6838902031 
 1718 , 21049.8519788897 
 1719 , 21026.5686656021 
 1720 , 21008.2308500976 
 1721 , 20988.0409348462 
 1722 , 20957.612736734 
 1723 , 20915.861665331 
 1724 , 20873.5004859267 
 1725 , 20835.4825333935 
 1726 , 20796.5024288791 
 1727 , 20755.9723144634 
 1728 , 20721.1871241017 
 1729 , 20692.5462174781 
 1730 , 20660.3915335427 
 1731 , 20622.6228912344 
 1732 , 20587.5337986064 
 1733 , 20553.5805138316 
 1734 , 20507.0170319681 
 1735 , 20451.8371881564 
 1736 , 20412.3272455747 
 1737 , 20390.834658962 
 1738 , 20365.6070168983 
 1739 , 20329.3949373273 
 1740 , 20290.5885412503 
 1741 , 20255.358716698 
 1742 , 20227.1785417943 
 1743 , 20209.9350149424 
 1744 , 20206.5139975251 
 1745 , 20196.3228217112 
 1746 , 20142.9309819712 
 1747 , 20055.0949510125 
 1748 , 19974.7487325142 
 1749 , 19930.6616052029 
 1750 , 19937.8082651276 
 1751 , 19964.0105554552 
 1752 , 19953.0244436146 
 1753 , 19907.2115877591 
 1754 , 19860.5692489988 
 1755 , 19821.8828284715 
 1756 , 19786.688201017 
 1757 , 19753.7359632874 
 1758 , 19723.1845474636 
 1759 , 19693.6666503272 
 1760 , 19664.7328757562 
 1761 , 19646.1977672341 
 1762 , 19646.4437538092 
 1763 , 19642.2551812612 
 1764 , 19607.8320239092 
 1765 , 19561.7175428701 
 1766 , 19529.5177425577 
 1767 , 19504.7235530355 
 1768 , 19476.2439708827 
 1769 , 19451.2357136443 
 1770 , 19436.973470351 
 1771 , 19424.8029265274 
 1772 , 19403.2396783703 
 1773 , 19363.0633557206 
 1774 , 19311.9331901059 
 1775 , 19302.9436771514 
 1776 , 19355.4299520144 
 1777 , 19387.3931705542 
 1778 , 19346.0472016364 
 1779 , 19274.1157802614 
 1780 , 19213.3816904011 
 1781 , 19180.1065142026 
 1782 , 19172.7085568029 
 1783 , 19164.6441466352 
 1784 , 19132.6881693171 
 1785 , 19062.8524334847 
 1786 , 18975.0136461998 
 1787 , 18930.0691743524 
 1788 , 18938.2442891786 
 1789 , 18950.4098894198 
 1790 , 18943.1528833318 
 1791 , 18921.794194697 
 1792 , 18892.2918014753 
 1793 , 18860.1312834933 
 1794 , 18831.4373217804 
 1795 , 18812.5210951979 
 1796 , 18806.0367081485 
 1797 , 18810.800423168 
 1798 , 18811.559431327 
 1799 , 18789.5736475673 
 1800 , 18762.116776622 
 1801 , 18757.1236642246 
 1802 , 18756.0903550411 
 1803 , 18728.9388702364 
 1804 , 18689.2787204012 
 1805 , 18659.4368043686 
 1806 , 18630.1923826681 
 1807 , 18587.2681468405 
 1808 , 18533.37396921 
 1809 , 18478.2061960447 
 1810 , 18440.6392747746 
 1811 , 18430.321968947 
 1812 , 18426.1701199548 
 1813 , 18410.0106088416 
 1814 , 18382.6978900624 
 1815 , 18358.0414002059 
 1816 , 18369.2478524791 
 1817 , 18413.0111010684 
 1818 , 18423.8965524195 
 1819 , 18380.9815511548 
 1820 , 18331.5499431235 
 1821 , 18303.7874000985 
 1822 , 18297.4662074331 
 1823 , 18296.7107662121 
 1824 , 18273.9122798832 
 1825 , 18231.8410997967 
 1826 , 18196.7861518907 
 1827 , 18176.8404211757 
 1828 , 18166.6865149123 
 1829 , 18154.5481721558 
 1830 , 18127.9042099258 
 1831 , 18095.0182163066 
 1832 , 18071.0532562081 
 1833 , 18054.942645154 
 1834 , 18039.2825815021 
 1835 , 18015.5565870621 
 1836 , 17977.8141637715 
 1837 , 17931.3972576939 
 1838 , 17885.2238865436 
 1839 , 17850.7812255761 
 1840 , 17835.3487841376 
 1841 , 17834.3833281343 
 1842 , 17836.5923404344 
 1843 , 17820.9911288091 
 1844 , 17784.2258743404 
 1845 , 17753.2981358781 
 1846 , 17740.714373759 
 1847 , 17736.168861531 
 1848 , 17732.8257530921 
 1849 , 17729.0002987734 
 1850 , 17717.8627995904 
 1851 , 17689.0371111683 
 1852 , 17647.5606531162 
 1853 , 17608.982820964 
 1854 , 17584.47269553 
 1855 , 17578.5287613863 
 1856 , 17565.4717088402 
 1857 , 17515.9434074996 
 1858 , 17456.8594160971 
 1859 , 17424.2690475385 
 1860 , 17406.6934136379 
 1861 , 17386.6549699751 
 1862 , 17370.7751394188 
 1863 , 17362.7400604728 
 1864 , 17345.0708166027 
 1865 , 17311.0111012735 
 1866 , 17282.6965192788 
 1867 , 17265.5401503398 
 1868 , 17232.8611940257 
 1869 , 17181.9491328239 
 1870 , 17143.3173358837 
 1871 , 17124.5979908705 
 1872 , 17109.3078510141 
 1873 , 17096.7355059934 
 1874 , 17097.6259098963 
 1875 , 17102.5711275345 
 1876 , 17092.5035894667 
 1877 , 17072.1918923774 
 1878 , 17054.6335121623 
 1879 , 17033.5862618149 
 1880 , 17000.4259406019 
 1881 , 16967.2490659225 
 1882 , 16947.0423858157 
 1883 , 16936.7525034641 
 1884 , 16928.8327646878 
 1885 , 16912.8995296893 
 1886 , 16888.9292715076 
 1887 , 16876.9419571301 
 1888 , 16875.8849305986 
 1889 , 16851.9890104347 
 1890 , 16802.8902511754 
 1891 , 16762.6447297661 
 1892 , 16739.066905426 
 1893 , 16716.8883652298 
 1894 , 16693.3039959553 
 1895 , 16672.7959831355 
 1896 , 16648.4913937686 
 1897 , 16609.988758559 
 1898 , 16559.7903324972 
 1899 , 16506.9077112474 
 1900 , 16467.8577288348 
 1901 , 16452.4045591893 
 1902 , 16442.5448389263 
 1903 , 16423.1825184155 
 1904 , 16398.7409612511 
 1905 , 16377.0252381866 
 1906 , 16366.545326369 
 1907 , 16362.1420410019 
 1908 , 16341.9135981643 
 1909 , 16306.3453798808 
 1910 , 16277.5097055169 
 1911 , 16260.3268271491 
 1912 , 16248.0514591171 
 1913 , 16247.4657748295 
 1914 , 16266.4425934057 
 1915 , 16272.1101705337 
 1916 , 16229.76967994 
 1917 , 16169.3933748191 
 1918 , 16127.1766831923 
 1919 , 16100.3118085615 
 1920 , 16079.5971596476 
 1921 , 16059.2225428096 
 1922 , 16037.1742034052 
 1923 , 16016.7114872589 
 1924 , 15990.907345783 
 1925 , 15941.735951026 
 1926 , 15890.9783645137 
 1927 , 15891.1587675312 
 1928 , 15923.6889343114 
 1929 , 15929.3408712354 
 1930 , 15906.2940730469 
 1931 , 15876.8378900169 
 1932 , 15842.956102745 
 1933 , 15801.8815940496 
 1934 , 15759.1448148834 
 1935 , 15725.2592591374 
 1936 , 15718.5309810257 
 1937 , 15740.2464636084 
 1938 , 15758.1011073997 
 1939 , 15760.0063837638 
 1940 , 15764.6513591473 
 1941 , 15766.0444471204 
 1942 , 15735.35211353 
 1943 , 15682.2794719022 
 1944 , 15640.2079842882 
 1945 , 15612.5304994041 
 1946 , 15589.3829083291 
 1947 , 15570.2710257505 
 1948 , 15555.7171877927 
 1949 , 15538.0229231299 
 1950 , 15512.1080078548 
 1951 , 15484.3454256146 
 1952 , 15457.7262457232 
 1953 , 15426.436842946 
 1954 , 15395.9779686766 
 1955 , 15385.1772344319 
 1956 , 15378.626982334 
 1957 , 15335.7926596083 
 1958 , 15279.0352507468 
 1959 , 15260.5556829563 
 1960 , 15265.2787296992 
 1961 , 15258.5762870151 
 1962 , 15249.2852161372 
 1963 , 15248.2391075465 
 1964 , 15233.912178113 
 1965 , 15196.515779492 
 1966 , 15163.1498189322 
 1967 , 15146.093334751 
 1968 , 15130.2522541784 
 1969 , 15108.5890096208 
 1970 , 15084.206742856 
 1971 , 15060.8689710183 
 1972 , 15042.0129328312 
 1973 , 15027.323277961 
 1974 , 15014.3901375476 
 1975 , 14999.1334704293 
 1976 , 14978.6220792319 
 1977 , 14955.3721385742 
 1978 , 14932.5245365783 
 1979 , 14912.1001803275 
 1980 , 14892.511315752 
 1981 , 14867.4640626112 
 1982 , 14838.5902522876 
 1983 , 14814.7699978517 
 1984 , 14792.0426148955 
 1985 , 14760.0555237982 
 1986 , 14727.6725126195 
 1987 , 14708.6424411611 
 1988 , 14698.0160396474 
 1989 , 14686.0806634816 
 1990 , 14665.6341040549 
 1991 , 14638.9121943042 
 1992 , 14625.5379310292 
 1993 , 14628.3212717804 
 1994 , 14626.0334153192 
 1995 , 14615.7751869247 
 1996 , 14610.9263739717 
 1997 , 14608.5976536971 
 1998 , 14597.4181779723 
 1999 , 14575.8904879875 
 2000 , 14547.7699876058 
 2001 , 14522.1768354241 
 2002 , 14506.2294208613 
 2003 , 14498.6837857165 
 2004 , 14494.1765268351 
 2005 , 14483.1557220658 
 2006 , 14466.7965208512 
 2007 , 14456.8495090801 
 2008 , 14447.1440587265 
 2009 , 14421.2050494351 
 2010 , 14383.9149561841 
 2011 , 14349.1582562049 
 2012 , 14326.3112039364 
 2013 , 14318.9221682715 
 2014 , 14317.5805702128 
 2015 , 14313.2851563541 
 2016 , 14302.2297671869 
 2017 , 14287.1557497384 
 2018 , 14276.7795221666 
 2019 , 14262.6576972256 
 2020 , 14225.9797565413 
 2021 , 14174.724669622 
 2022 , 14131.4788883502 
 2023 , 14124.3105197904 
 2024 , 14159.8320123282 
 2025 , 14174.9401373094 
 2026 , 14137.0752392105 
 2027 , 14095.2711676488 
 2028 , 14071.6995126487 
 2029 , 14046.3399369552 
 2030 , 14016.3463293709 
 2031 , 13992.4958450869 
 2032 , 13971.7644804178 
 2033 , 13948.0612678775 
 2034 , 13934.1932848042 
 2035 , 13935.6215042344 
 2036 , 13920.2459869416 
 2037 , 13878.1907852054 
 2038 , 13850.308399759 
 2039 , 13849.8716335363 
 2040 , 13853.5891585895 
 2041 , 13844.1035298058 
 2042 , 13813.3688377737 
 2043 , 13780.1696146658 
 2044 , 13764.2378941309 
 2045 , 13738.9024576486 
 2046 , 13690.3061111863 
 2047 , 13667.5343057106 
 2048 , 13682.8159041221 
 2049 , 13678.1690405106 
 2050 , 13638.7854433056 
 2051 , 13596.2252349459 
 2052 , 13567.8786541594 
 2053 , 13558.7643823463 
 2054 , 13558.2571652012 
 2055 , 13552.4345149174 
 2056 , 13535.4611556403 
 2057 , 13504.1113095592 
 2058 , 13457.3497815254 
 2059 , 13408.3742908259 
 2060 , 13385.64659653 
 2061 , 13387.5073826543 
 2062 , 13389.8836334595 
 2063 , 13379.5436790624 
 2064 , 13352.9295373863 
 2065 , 13325.389194146 
 2066 , 13309.6367720948 
 2067 , 13298.9572283735 
 2068 , 13285.8909431822 
 2069 , 13266.4681541105 
 2070 , 13239.142678606 
 2071 , 13205.8681909682 
 2072 , 13183.3061406442 
 2073 , 13189.1018640154 
 2074 , 13204.0806546084 
 2075 , 13202.9061680689 
 2076 , 13177.2697873122 
 2077 , 13131.0450085229 
 2078 , 13083.426852764 
 2079 , 13049.0821844408 
 2080 , 13034.5063293214 
 2081 , 13024.6042530738 
 2082 , 12996.8365771218 
 2083 , 12961.6903596867 
 2084 , 12934.5231699684 
 2085 , 12907.9902215818 
 2086 , 12881.2949903686 
 2087 , 12873.1521814933 
 2088 , 12875.969180333 
 2089 , 12854.5354221538 
 2090 , 12814.2104369416 
 2091 , 12784.3843288161 
 2092 , 12774.3098473487 
 2093 , 12777.1621363524 
 2094 , 12758.6935142943 
 2095 , 12712.639468857 
 2096 , 12694.0018572195 
 2097 , 12709.2850076161 
 2098 , 12708.463488517 
 2099 , 12689.5273765319 
 2100 , 12678.3546921304 
 2101 , 12670.9145974369 
 2102 , 12655.4499427981 
 2103 , 12631.3531801216 
 2104 , 12600.8125773066 
 2105 , 12567.1197895579 
 2106 , 12536.0911528424 
 2107 , 12514.9841001309 
 2108 , 12499.664659837 
 2109 , 12480.0902021758 
 2110 , 12451.8251052622 
 2111 , 12416.2183665558 
 2112 , 12385.8396080789 
 2113 , 12374.2197740924 
 2114 , 12391.3389391467 
 2115 , 12410.109204326 
 2116 , 12377.7644624251 
 2117 , 12320.038212284 
 2118 , 12290.4592802221 
 2119 , 12274.1785652804 
 2120 , 12250.3878621196 
 2121 , 12232.9513105176 
 2122 , 12227.4647405515 
 2123 , 12221.2384732377 
 2124 , 12209.1905588953 
 2125 , 12192.9377604463 
 2126 , 12171.2962172222 
 2127 , 12142.8243145365 
 2128 , 12110.0820673469 
 2129 , 12078.2460281971 
 2130 , 12055.6584618894 
 2131 , 12045.2983965325 
 2132 , 12042.6222507253 
 2133 , 12030.7742828931 
 2134 , 11992.4886867191 
 2135 , 11949.608730725 
 2136 , 11925.0571168423 
 2137 , 11906.8751803557 
 2138 , 11885.8084012059 
 2139 , 11866.1272803124 
 2140 , 11850.9378526713 
 2141 , 11841.4589569938 
 2142 , 11839.6835353715 
 2143 , 11842.7669619596 
 2144 , 11827.4473407717 
 2145 , 11787.6164331719 
 2146 , 11761.2557506279 
 2147 , 11751.7600601945 
 2148 , 11721.7706399768 
 2149 , 11678.34108108 
 2150 , 11651.4765654771 
 2151 , 11640.3168158148 
 2152 , 11634.7473478116 
 2153 , 11627.3308375981 
 2154 , 11615.9617240745 
 2155 , 11604.858433858 
 2156 , 11589.3218695014 
 2157 , 11561.1314779293 
 2158 , 11537.5596064649 
 2159 , 11534.8625524019 
 2160 , 11530.5640836328 
 2161 , 11512.3863690361 
 2162 , 11498.7635550078 
 2163 , 11489.9178921831 
 2164 , 11468.6877161905 
 2165 , 11439.1503662435 
 2166 , 11413.8279836581 
 2167 , 11394.7910136717 
 2168 , 11378.7140014496 
 2169 , 11357.1485273527 
 2170 , 11333.3581227104 
 2171 , 11322.5381731268 
 2172 , 11324.6798182718 
 2173 , 11327.960272933 
 2174 , 11308.3496138374 
 2175 , 11259.9106687596 
 2176 , 11226.3799000034 
 2177 , 11219.4085399513 
 2178 , 11205.5965989133 
 2179 , 11185.0068275777 
 2180 , 11177.1779863617 
 2181 , 11179.7781639874 
 2182 , 11181.2434595937 
 2183 , 11165.7741367562 
 2184 , 11140.1929417122 
 2185 , 11137.8907405064 
 2186 , 11136.1325262892 
 2187 , 11087.3361186397 
 2188 , 11034.2373336826 
 2189 , 11023.7181116115 
 2190 , 11025.5558425784 
 2191 , 11014.2524337459 
 2192 , 10990.0997350717 
 2193 , 10967.581966419 
 2194 , 10962.6580790943 
 2195 , 10947.1289283819 
 2196 , 10900.7337250053 
 2197 , 10870.1205224465 
 2198 , 10870.2397822843 
 2199 , 10857.8373523036 
 2200 , 10825.17900416 
 2201 , 10792.3970565441 
 2202 , 10772.555924966 
 2203 , 10768.2085569547 
 2204 , 10761.0832111283 
 2205 , 10746.8512246499 
 2206 , 10743.3960236005 
 2207 , 10745.9550082906 
 2208 , 10736.1283072296 
 2209 , 10714.8117413823 
 2210 , 10689.4990659858 
 2211 , 10666.8464668915 
 2212 , 10643.3703051331 
 2213 , 10605.1590325185 
 2214 , 10567.6153510953 
 2215 , 10555.1833438487 
 2216 , 10537.8222134043 
 2217 , 10493.4138571538 
 2218 , 10459.0852100093 
 2219 , 10450.0884953111 
 2220 , 10446.073771063 
 2221 , 10427.8749723924 
 2222 , 10388.9614183984 
 2223 , 10370.706974574 
 2224 , 10390.2756016401 
 2225 , 10388.5059462482 
 2226 , 10349.805545019 
 2227 , 10310.5309129875 
 2228 , 10282.9310974606 
 2229 , 10265.7550288197 
 2230 , 10258.0173018181 
 2231 , 10254.7987410269 
 2232 , 10244.3603640546 
 2233 , 10220.0240669451 
 2234 , 10182.1471321165 
 2235 , 10144.9451806968 
 2236 , 10121.8119341761 
 2237 , 10105.7164906941 
 2238 , 10086.7923399266 
 2239 , 10058.115848975 
 2240 , 10031.0445766524 
 2241 , 10022.162442177 
 2242 , 10006.1047668606 
 2243 , 9967.26245306646 
 2244 , 9946.90074131096 
 2245 , 9948.82516390048 
 2246 , 9927.91329791274 
 2247 , 9881.14065703088 
 2248 , 9834.07669669257 
 2249 , 9825.15537331734 
 2250 , 9856.93677767662 
 2251 , 9862.40538244507 
 2252 , 9828.69159396708 
 2253 , 9794.70564370564 
 2254 , 9774.76708075701 
 2255 , 9767.57658943099 
 2256 , 9759.02269828655 
 2257 , 9743.73320707724 
 2258 , 9730.8220382693 
 2259 , 9718.36816011569 
 2260 , 9697.82597022557 
 2261 , 9667.76701950165 
 2262 , 9633.73225346769 
 2263 , 9610.71390850168 
 2264 , 9597.88681739219 
 2265 , 9579.47462016794 
 2266 , 9556.97402950196 
 2267 , 9542.01701388881 
 2268 , 9550.9855215078 
 2269 , 9570.46071206555 
 2270 , 9546.63418933052 
 2271 , 9496.74607555709 
 2272 , 9473.9153046732 
 2273 , 9446.08526564624 
 2274 , 9389.36519101382 
 2275 , 9356.03614224564 
 2276 , 9354.58855928752 
 2277 , 9343.54939675982 
 2278 , 9320.32028730591 
 2279 , 9300.68314291446 
 2280 , 9296.39433118618 
 2281 , 9298.05553470338 
 2282 , 9270.65308184589 
 2283 , 9223.76160140801 
 2284 , 9192.59172292307 
 2285 , 9184.89471119607 
 2286 , 9190.08957468926 
 2287 , 9179.10907253831 
 2288 , 9157.11701027951 
 2289 , 9155.0470439705 
 2290 , 9148.02322427411 
 2291 , 9110.19253560754 
 2292 , 9079.89766619537 
 2293 , 9073.73815326578 
 2294 , 9067.29120014707 
 2295 , 9040.05380650045 
 2296 , 8986.81771904136 
 2297 , 8947.18842892952 
 2298 , 8941.27731128408 
 2299 , 8939.52106865815 
 2300 , 8929.84678920549 
 2301 , 8915.03699107082 
 2302 , 8886.52268427264 
 2303 , 8845.73478999435 
 2304 , 8823.34779681396 
 2305 , 8818.77565837336 
 2306 , 8801.60767480308 
 2307 , 8776.90057671967 
 2308 , 8759.94288681976 
 2309 , 8748.80940010931 
 2310 , 8741.19777033763 
 2311 , 8737.13733914869 
 2312 , 8726.21033206401 
 2313 , 8698.66163979713 
 2314 , 8669.32112996552 
 2315 , 8648.66865679635 
 2316 , 8631.78829964878 
 2317 , 8618.5488177919 
 2318 , 8609.64115616199 
 2319 , 8589.48096240006 
 2320 , 8556.22072109417 
 2321 , 8541.45318504735 
 2322 , 8537.87214050431 
 2323 , 8511.05604725032 
 2324 , 8481.0628720374 
 2325 , 8473.15696369606 
 2326 , 8477.06507118655 
 2327 , 8473.72522101451 
 2328 , 8445.17851380946 
 2329 , 8408.56506149766 
 2330 , 8385.79416569787 
 2331 , 8368.96047386812 
 2332 , 8349.60211147265 
 2333 , 8325.78105029377 
 2334 , 8304.59176694342 
 2335 , 8292.51492850628 
 2336 , 8279.53217074561 
 2337 , 8264.02835510072 
 2338 , 8258.20175803868 
 2339 , 8251.05973645156 
