11-20-2017,17:21:05
Wavenumber(cm-1),Intensity
 250 , 20954.7446833165 
 251 , 20984.3808737008 
 252 , 21005.1244997423 
 253 , 21017.5017698402 
 254 , 21025.9623783558 
 255 , 21035.0693084177 
 256 , 21046.089140347 
 257 , 21057.8365967319 
 258 , 21069.6999244707 
 259 , 21084.4817122359 
 260 , 21106.1247324521 
 261 , 21136.6363039388 
 262 , 21173.566602486 
 263 , 21213.8818957732 
 264 , 21255.5920104995 
 265 , 21297.80961732 
 266 , 21339.7890059478 
 267 , 21381.5073463861 
 268 , 21423.2937533179 
 269 , 21464.4780672891 
 270 , 21501.0679833067 
 271 , 21528.4779375482 
 272 , 21546.9509742866 
 273 , 21563.7643210229 
 274 , 21586.4887605073 
 275 , 21619.4823985231 
 276 , 21664.9474494836 
 277 , 21722.279655106 
 278 , 21777.9567699478 
 279 , 21814.7750750039 
 280 , 21826.2906009711 
 281 , 21827.1619683975 
 282 , 21834.0847421415 
 283 , 21855.9577282013 
 284 , 21894.7602345252 
 285 , 21950.1580667066 
 286 , 22008.584056709 
 287 , 22051.287969091 
 288 , 22068.0951831946 
 289 , 22071.0182119305 
 290 , 22075.4260431719 
 291 , 22091.4683696893 
 292 , 22123.3719128855 
 293 , 22173.3839169281 
 294 , 22229.6014029388 
 295 , 22272.9592046975 
 296 , 22291.4299562543 
 297 , 22296.5553848505 
 298 , 22304.561832638 
 299 , 22322.0836641978 
 300 , 22342.2453427996 
 301 , 22357.8494728562 
 302 , 22369.4551151541 
 303 , 22382.4767509021 
 304 , 22401.4754266513 
 305 , 22427.1628819559 
 306 , 22459.2462869121 
 307 , 22496.9199832351 
 308 , 22538.506968383 
 309 , 22582.121071249 
 310 , 22624.0968046752 
 311 , 22659.440522299 
 312 , 22684.5792485482 
 313 , 22703.2080981669 
 314 , 22721.2978161936 
 315 , 22745.7509130081 
 316 , 22785.3242264052 
 317 , 22848.1424433068 
 318 , 22927.1577312578 
 319 , 23002.2614534431 
 320 , 23056.1847929406 
 321 , 23090.716481997 
 322 , 23114.531961173 
 323 , 23135.0147343314 
 324 , 23156.5994821942 
 325 , 23183.2049115262 
 326 , 23216.3924535283 
 327 , 23255.456863824 
 328 , 23299.1652487254 
 329 , 23343.4189081285 
 330 , 23382.9701844537 
 331 , 23415.7258112197 
 332 , 23447.4798989401 
 333 , 23484.9364017901 
 334 , 23527.3364070227 
 335 , 23566.1514760719 
 336 , 23593.8907541371 
 337 , 23613.0747274986 
 338 , 23630.5777504674 
 339 , 23650.9587832787 
 340 , 23672.5596417606 
 341 , 23692.7795538481 
 342 , 23711.2320167276 
 343 , 23729.9502026628 
 344 , 23750.4354616667 
 345 , 23769.285295124 
 346 , 23780.8769091726 
 347 , 23782.1296285649 
 348 , 23776.9778413941 
 349 , 23770.5997868314 
 350 , 23769.5657796814 
 351 , 23781.9940979963 
 352 , 23814.3823048538 
 353 , 23860.368759388 
 354 , 23907.7228990076 
 355 , 23949.1894331647 
 356 , 23991.2168257528 
 357 , 24042.274513699 
 358 , 24102.5466878426 
 359 , 24163.1286465063 
 360 , 24216.0215031365 
 361 , 24263.2798754782 
 362 , 24311.4294602046 
 363 , 24363.4029240521 
 364 , 24412.6067383337 
 365 , 24451.247940184 
 366 , 24480.3745983707 
 367 , 24510.3112230881 
 368 , 24549.9376708518 
 369 , 24595.2046656264 
 370 , 24636.6478128086 
 371 , 24669.1492897502 
 372 , 24698.3065948807 
 373 , 24731.1159605367 
 374 , 24769.8516932639 
 375 , 24812.1932827057 
 376 , 24855.4581033864 
 377 , 24895.8983737669 
 378 , 24929.3639808997 
 379 , 24952.6987793807 
 380 , 24964.9478297298 
 381 , 24965.9455442509 
 382 , 24964.5678901425 
 383 , 24977.6017456247 
 384 , 25018.1231582086 
 385 , 25077.7391201235 
 386 , 25140.8953262786 
 387 , 25197.9038457876 
 388 , 25250.4324195129 
 389 , 25301.3829793839 
 390 , 25352.7163065546 
 391 , 25405.6756821078 
 392 , 25460.6690303003 
 393 , 25514.3860962917 
 394 , 25562.4970960435 
 395 , 25603.2953853664 
 396 , 25639.380390301 
 397 , 25673.8334920214 
 398 , 25710.6845505775 
 399 , 25754.5731142681 
 400 , 25806.3167218356 
 401 , 25852.5279360814 
 402 , 25876.948812441 
 403 , 25881.3044765632 
 404 , 25891.6811952477 
 405 , 25932.7775817378 
 406 , 26001.5905983903 
 407 , 26080.6244716547 
 408 , 26156.6824893258 
 409 , 26229.5132273547 
 410 , 26300.9516755975 
 411 , 26365.6390909202 
 412 , 26410.3968622073 
 413 , 26425.5198113278 
 414 , 26427.1217891221 
 415 , 26441.8327482098 
 416 , 26483.4841576182 
 417 , 26537.0530576455 
 418 , 26584.3411100902 
 419 , 26620.4096091047 
 420 , 26651.5471591545 
 421 , 26683.5266633918 
 422 , 26717.8445711161 
 423 , 26754.6583791137 
 424 , 26792.0203163963 
 425 , 26824.421169211 
 426 , 26846.5689185593 
 427 , 26859.5928283286 
 428 , 26868.7157811837 
 429 , 26878.1226646014 
 430 , 26888.1141342654 
 431 , 26898.2007809746 
 432 , 26910.150985611 
 433 , 26928.5459118606 
 434 , 26957.1097341064 
 435 , 26991.6862796914 
 436 , 27024.5043458173 
 437 , 27052.7233399183 
 438 , 27085.6623742095 
 439 , 27133.8471072411 
 440 , 27195.9208231769 
 441 , 27259.9023176547 
 442 , 27315.1227017927 
 443 , 27359.4678420589 
 444 , 27393.5351336031 
 445 , 27418.3627444297 
 446 , 27435.7328424277 
 447 , 27447.8064316646 
 448 , 27460.1269963414 
 449 , 27480.3348748241 
 450 , 27514.4797793549 
 451 , 27563.2473613825 
 452 , 27625.9319022565 
 453 , 27693.3346188705 
 454 , 27746.5059763172 
 455 , 27770.1445680266 
 456 , 27776.902456062 
 457 , 27790.8280463371 
 458 , 27826.5562811755 
 459 , 27878.6691664792 
 460 , 27939.2273929925 
 461 , 28000.8728300827 
 462 , 28056.6886400449 
 463 , 28100.3649063968 
 464 , 28128.0198262993 
 465 , 28136.556537331 
 466 , 28130.0218415093 
 467 , 28122.1480680201 
 468 , 28126.1844245511 
 469 , 28145.979772166 
 470 , 28180.8594406058 
 471 , 28228.1758250297 
 472 , 28280.52651451 
 473 , 28330.0737064394 
 474 , 28373.8505502181 
 475 , 28413.0406948685 
 476 , 28448.9197955953 
 477 , 28482.5777808939 
 478 , 28515.0513109763 
 479 , 28547.3581785694 
 480 , 28580.4884132735 
 481 , 28615.0964792251 
 482 , 28648.9398625173 
 483 , 28678.286556622 
 484 , 28699.5320061315 
 485 , 28709.4314181013 
 486 , 28705.7707824547 
 487 , 28704.2594526947 
 488 , 28736.350313708 
 489 , 28822.1280254353 
 490 , 28926.5482622908 
 491 , 28999.2469860479 
 492 , 29022.500206483 
 493 , 29026.4613209245 
 494 , 29041.9971624238 
 495 , 29073.6911784833 
 496 , 29112.8975616906 
 497 , 29151.8277106915 
 498 , 29185.0617320539 
 499 , 29208.0819049074 
 500 , 29225.5242204216 
 501 , 29249.642722247 
 502 , 29288.1097227463 
 503 , 29328.0457519007 
 504 , 29351.4343126459 
 505 , 29354.7809408272 
 506 , 29354.0846112041 
 507 , 29365.0395747341 
 508 , 29390.9023490765 
 509 , 29429.3157240315 
 510 , 29476.1098634307 
 511 , 29523.2405406223 
 512 , 29562.7976164893 
 513 , 29595.6478176338 
 514 , 29629.0151946589 
 515 , 29666.9823561707 
 516 , 29701.8931352343 
 517 , 29723.7977545401 
 518 , 29732.2670194323 
 519 , 29737.6297218776 
 520 , 29749.3473082656 
 521 , 29768.318489078 
 522 , 29792.3036088866 
 523 , 29819.4519448776 
 524 , 29848.6013846494 
 525 , 29878.5926083756 
 526 , 29907.5970742022 
 527 , 29933.4041029996 
 528 , 29956.6497077973 
 529 , 29985.7616043274 
 530 , 30029.8215232265 
 531 , 30085.7380174748 
 532 , 30139.7610049212 
 533 , 30181.36848956 
 534 , 30215.5434627279 
 535 , 30251.2289126121 
 536 , 30288.4882931852 
 537 , 30315.8178781457 
 538 , 30323.3532724432 
 539 , 30317.7230282237 
 540 , 30312.4501485195 
 541 , 30321.4187130642 
 542 , 30359.1654045893 
 543 , 30437.6004479855 
 544 , 30538.771606109 
 545 , 30626.1768610197 
 546 , 30674.5388126297 
 547 , 30691.7423063428 
 548 , 30691.8424526231 
 549 , 30693.2897778221 
 550 , 30718.4798312516 
 551 , 30782.5904773099 
 552 , 30868.9561712829 
 553 , 30952.6639084051 
 554 , 31022.399678409 
 555 , 31084.1770996067 
 556 , 31143.7257090235 
 557 , 31197.6675693291 
 558 , 31239.060079888 
 559 , 31266.3070090626 
 560 , 31287.4376545856 
 561 , 31310.7017646977 
 562 , 31336.6837474066 
 563 , 31361.6377558749 
 564 , 31382.8656283031 
 565 , 31400.4526760746 
 566 , 31415.1751746855 
 567 , 31431.7249884387 
 568 , 31457.8521721479 
 569 , 31496.8932776636 
 570 , 31536.0300568507 
 571 , 31559.3069886645 
 572 , 31563.3003836593 
 573 , 31557.8508271458 
 574 , 31553.3080558708 
 575 , 31559.3728946748 
 576 , 31585.3197948454 
 577 , 31629.8592005485 
 578 , 31676.7324971679 
 579 , 31710.1510725194 
 580 , 31725.7008628075 
 581 , 31723.9738319835 
 582 , 31716.0617745932 
 583 , 31732.8071172329 
 584 , 31801.9523743605 
 585 , 31898.4983763754 
 586 , 31967.2128490685 
 587 , 31976.6923526761 
 588 , 31955.9702304665 
 589 , 31941.4202701511 
 590 , 31941.6110856874 
 591 , 31944.3399518834 
 592 , 31941.0086186438 
 593 , 31936.5743787142 
 594 , 31938.4248792818 
 595 , 31946.2249235522 
 596 , 31952.2704095819 
 597 , 31952.1750770714 
 598 , 31957.2109973313 
 599 , 31982.4695859609 
 600 , 32029.1515562722 
 601 , 32081.7640173777 
 602 , 32126.75547431 
 603 , 32167.0509999938 
 604 , 32211.2041153245 
 605 , 32260.9384007268 
 606 , 32307.7435591874 
 607 , 32344.3177502659 
 608 , 32378.1761617853 
 609 , 32423.2562664569 
 610 , 32483.7052182666 
 611 , 32545.5247511224 
 612 , 32594.6428632566 
 613 , 32634.5065521415 
 614 , 32678.0479772021 
 615 , 32734.0559328425 
 616 , 32801.7301461604 
 617 , 32878.315700002 
 618 , 32953.4890412287 
 619 , 33011.972404535 
 620 , 33047.3638221256 
 621 , 33077.8911710514 
 622 , 33124.7964712897 
 623 , 33191.2903510271 
 624 , 33266.5066887627 
 625 , 33339.8183192669 
 626 , 33402.6234946706 
 627 , 33446.9957090051 
 628 , 33470.0749958099 
 629 , 33473.6366580803 
 630 , 33461.6442510687 
 631 , 33445.9946658884 
 632 , 33440.2959467843 
 633 , 33452.0739349292 
 634 , 33482.4222755645 
 635 , 33529.7828851892 
 636 , 33581.7936414962 
 637 , 33623.1284507202 
 638 , 33643.3650105266 
 639 , 33637.9992872728 
 640 , 33608.0723651442 
 641 , 33582.3097281198 
 642 , 33597.9236917626 
 643 , 33661.749225317 
 644 , 33739.2967572518 
 645 , 33797.5941708671 
 646 , 33830.8917705442 
 647 , 33843.7448126608 
 648 , 33844.4528754844 
 649 , 33846.956944698 
 650 , 33862.7084533227 
 651 , 33882.8806828466 
 652 , 33890.3004589545 
 653 , 33879.041504837 
 654 , 33861.950695639 
 655 , 33852.4819189531 
 656 , 33855.1871100035 
 657 , 33870.5059982644 
 658 , 33897.101421862 
 659 , 33930.4631018564 
 660 , 33965.9259408821 
 661 , 34000.3163908732 
 662 , 34031.2122987876 
 663 , 34057.4204703125 
 664 , 34080.1188411137 
 665 , 34101.0297533381 
 666 , 34124.3302703467 
 667 , 34155.4813064321 
 668 , 34197.6864447294 
 669 , 34249.4973109951 
 670 , 34308.0722242036 
 671 , 34362.6972144573 
 672 , 34398.3421018241 
 673 , 34410.3211404847 
 674 , 34416.1838923827 
 675 , 34434.6461566386 
 676 , 34467.4168767535 
 677 , 34506.4279291289 
 678 , 34545.8623043557 
 679 , 34585.1207871547 
 680 , 34624.3079938137 
 681 , 34663.6111876622 
 682 , 34703.2779199631 
 683 , 34746.0628874919 
 684 , 34800.3274946144 
 685 , 34872.4141375441 
 686 , 34939.7892928822 
 687 , 34962.9234597126 
 688 , 34928.0579204467 
 689 , 34879.65576707 
 690 , 34865.8274673933 
 691 , 34890.6936409906 
 692 , 34932.4598029512 
 693 , 34972.5931318301 
 694 , 35000.5136278702 
 695 , 35008.8625405602 
 696 , 35011.9815204924 
 697 , 35036.6803434428 
 698 , 35094.5690874768 
 699 , 35164.1947527195 
 700 , 35221.6196130184 
 701 , 35260.3859543809 
 702 , 35283.8092252422 
 703 , 35292.9843496189 
 704 , 35284.190049685 
 705 , 35254.7865431157 
 706 , 35217.4329878704 
 707 , 35192.8738018462 
 708 , 35190.0205995336 
 709 , 35194.4341955503 
 710 , 35191.4198744208 
 711 , 35187.1077816003 
 712 , 35198.0072596736 
 713 , 35230.189443086 
 714 , 35270.4360782917 
 715 , 35304.5950065824 
 716 , 35327.2895954446 
 717 , 35337.2906287335 
 718 , 35336.9431733278 
 719 , 35334.6064840501 
 720 , 35338.0131177374 
 721 , 35346.4310030195 
 722 , 35355.6385807604 
 723 , 35369.0536269559 
 724 , 35401.9152431968 
 725 , 35465.0984568023 
 726 , 35535.936070904 
 727 , 35579.4169098612 
 728 , 35586.4286695975 
 729 , 35583.9398778513 
 730 , 35596.6827935691 
 731 , 35622.4792547523 
 732 , 35650.1465838353 
 733 , 35674.6474796758 
 734 , 35698.567003633 
 735 , 35724.0690750421 
 736 , 35749.0567368295 
 737 , 35770.3643452587 
 738 , 35790.1679261651 
 739 , 35816.4623868997 
 740 , 35853.5781809304 
 741 , 35889.7083933399 
 742 , 35909.8147243253 
 743 , 35917.2222796345 
 744 , 35932.6261476203 
 745 , 35970.3886909912 
 746 , 36020.7260080485 
 747 , 36069.0517681515 
 748 , 36107.0833840447 
 749 , 36131.6516593378 
 750 , 36142.7769785555 
 751 , 36149.2170997502 
 752 , 36160.6252097824 
 753 , 36178.2793142177 
 754 , 36197.7273125858 
 755 , 36216.0530255026 
 756 , 36234.2507769067 
 757 , 36253.8928429006 
 758 , 36276.6549606086 
 759 , 36304.2330278102 
 760 , 36333.604969817 
 761 , 36352.5684200285 
 762 , 36349.6731996773 
 763 , 36327.4186563716 
 764 , 36294.845728083 
 765 , 36264.5588807671 
 766 , 36254.7446330936 
 767 , 36279.9712011104 
 768 , 36330.0827727664 
 769 , 36385.7977161194 
 770 , 36430.4726731931 
 771 , 36450.8510075916 
 772 , 36437.9922033112 
 773 , 36402.0434723851 
 774 , 36358.8794305484 
 775 , 36328.4514169323 
 776 , 36334.8637321377 
 777 , 36388.9010113809 
 778 , 36453.0822831864 
 779 , 36481.7670367218 
 780 , 36471.1198573445 
 781 , 36450.8809229501 
 782 , 36443.9263891742 
 783 , 36451.9196870738 
 784 , 36472.4321829967 
 785 , 36497.1922337144 
 786 , 36514.3200804076 
 787 , 36516.9301981167 
 788 , 36508.5192130071 
 789 , 36495.6911418632 
 790 , 36499.4650754625 
 791 , 36547.2230927642 
 792 , 36638.435729042 
 793 , 36729.1512044862 
 794 , 36780.7285048512 
 795 , 36805.6708928012 
 796 , 36833.7065347993 
 797 , 36872.6284804308 
 798 , 36904.5894765123 
 799 , 36915.3906517361 
 800 , 36911.4537287723 
 801 , 36904.2896482128 
 802 , 36903.2109404559 
 803 , 36915.6148866743 
 804 , 36945.4000818086 
 805 , 36986.6047178397 
 806 , 37031.5179483454 
 807 , 37072.5351201159 
 808 , 37102.14374413 
 809 , 37116.4007217168 
 810 , 37118.6440686111 
 811 , 37112.9533801098 
 812 , 37102.3073422179 
 813 , 37089.37825716 
 814 , 37086.7700492922 
 815 , 37121.5363512185 
 816 , 37209.4979090074 
 817 , 37303.8155552984 
 818 , 37340.2263930899 
 819 , 37312.3296085771 
 820 , 37273.5570909241 
 821 , 37264.9088547427 
 822 , 37275.6811381946 
 823 , 37285.2453851254 
 824 , 37287.58572583 
 825 , 37287.2960031117 
 826 , 37288.3310912566 
 827 , 37292.6392533788 
 828 , 37301.6379237477 
 829 , 37314.6381060245 
 830 , 37329.8900705111 
 831 , 37344.9940646665 
 832 , 37356.5550206743 
 833 , 37361.8019115944 
 834 , 37361.7285625336 
 835 , 37358.5281848076 
 836 , 37353.2738724439 
 837 , 37345.8589935558 
 838 , 37335.3982519099 
 839 , 37318.5599245464 
 840 , 37292.2353543261 
 841 , 37263.0927454071 
 842 , 37244.6720979056 
 843 , 37243.1413050207 
 844 , 37248.3575105879 
 845 , 37249.7670973 
 846 , 37250.0378400755 
 847 , 37257.7952909073 
 848 , 37274.4378814708 
 849 , 37291.1311443328 
 850 , 37300.4998949931 
 851 , 37305.5218823779 
 852 , 37312.0233899858 
 853 , 37322.7949708677 
 854 , 37337.8389477675 
 855 , 37354.6501553672 
 856 , 37363.9206121 
 857 , 37356.7513335787 
 858 , 37340.6980367691 
 859 , 37332.8716716765 
 860 , 37341.4412811483 
 861 , 37358.7013743208 
 862 , 37376.99354695 
 863 , 37398.2878450113 
 864 , 37427.8112681916 
 865 , 37464.6356577051 
 866 , 37501.0655517165 
 867 , 37532.3310664654 
 868 , 37564.8074141372 
 869 , 37606.4812207391 
 870 , 37655.7709090327 
 871 , 37704.5707432727 
 872 , 37747.4032111998 
 873 , 37784.337544781 
 874 , 37817.3103437448 
 875 , 37856.3233134804 
 876 , 37914.3254620884 
 877 , 37991.7870405179 
 878 , 38073.9849644235 
 879 , 38149.1491284931 
 880 , 38220.0571808174 
 881 , 38292.590337777 
 882 , 38368.257388075 
 883 , 38445.3103317359 
 884 , 38514.0313053875 
 885 , 38547.8578611729 
 886 , 38523.2143637651 
 887 , 38452.7605721823 
 888 , 38364.3822342112 
 889 , 38274.5452037692 
 890 , 38185.419555485 
 891 , 38098.8626914483 
 892 , 38018.942771035 
 893 , 37949.8476884129 
 894 , 37890.1926882454 
 895 , 37834.5574653801 
 896 , 37781.2521999184 
 897 , 37736.5387210446 
 898 , 37705.8931968707 
 899 , 37682.8698544996 
 900 , 37656.5041057249 
 901 , 37627.9157623289 
 902 , 37612.4827760662 
 903 , 37619.2110136094 
 904 , 37631.9611206192 
 905 , 37630.8933721828 
 906 , 37617.9981566324 
 907 , 37609.7589170201 
 908 , 37614.7322022201 
 909 , 37626.1669416521 
 910 , 37636.4824473315 
 911 , 37643.0407425652 
 912 , 37645.0988672669 
 913 , 37644.5591760774 
 914 , 37646.0489231201 
 915 , 37652.5343008824 
 916 , 37661.7024340499 
 917 , 37669.7860995463 
 918 , 37668.3060884772 
 919 , 37646.397420485 
 920 , 37609.4268756518 
 921 , 37587.9902394758 
 922 , 37604.938172096 
 923 , 37637.0648476655 
 924 , 37649.6763917116 
 925 , 37639.8361423935 
 926 , 37631.0907376453 
 927 , 37636.5019623781 
 928 , 37643.1014038144 
 929 , 37636.9921875816 
 930 , 37623.8072066267 
 931 , 37617.4492910646 
 932 , 37623.6631930882 
 933 , 37638.3978519438 
 934 , 37654.9766161378 
 935 , 37659.7659086652 
 936 , 37639.5025864432 
 937 , 37601.4078670328 
 938 , 37565.3840555918 
 939 , 37544.7619346405 
 940 , 37541.5611628347 
 941 , 37555.3064979963 
 942 , 37578.5592642621 
 943 , 37602.1920016078 
 944 , 37624.9029926662 
 945 , 37652.0558532691 
 946 , 37682.9391342475 
 947 , 37702.3757919389 
 948 , 37696.6509063255 
 949 , 37676.2600683379 
 950 , 37661.68777444 
 951 , 37665.32340343 
 952 , 37690.3185068918 
 953 , 37734.248653731 
 954 , 37778.8831762415 
 955 , 37805.3252391931 
 956 , 37817.9679751185 
 957 , 37834.016911525 
 958 , 37856.5535768518 
 959 , 37867.6812133391 
 960 , 37853.3677334994 
 961 , 37822.458319861 
 962 , 37788.8880957142 
 963 , 37755.654963456 
 964 , 37717.9820808307 
 965 , 37677.6885303979 
 966 , 37649.1808607607 
 967 , 37644.5754240573 
 968 , 37656.5191355179 
 969 , 37671.5187904872 
 970 , 37681.7652418756 
 971 , 37684.4998937722 
 972 , 37680.8271876717 
 973 , 37680.3424357636 
 974 , 37691.9899762973 
 975 , 37712.4358292807 
 976 , 37733.5047201793 
 977 , 37751.6697775885 
 978 , 37768.3541032311 
 979 , 37783.3428034575 
 980 , 37791.2001213557 
 981 , 37787.0125070997 
 982 , 37777.4665304016 
 983 , 37774.7828234465 
 984 , 37786.9001698992 
 985 , 37816.4012375353 
 986 , 37861.2787088311 
 987 , 37905.5912503395 
 988 , 37932.5789971075 
 989 , 37945.1786660635 
 990 , 37957.2228443334 
 991 , 37974.0614327985 
 992 , 37988.9203551415 
 993 , 37998.1911655052 
 994 , 38013.5324791572 
 995 , 38048.0915963373 
 996 , 38091.6124855163 
 997 , 38119.6150261888 
 998 , 38137.7063743132 
 999 , 38198.7396763426 
 1000 , 38340.2786072513 
 1001 , 38519.4268666369 
 1002 , 38677.4761668486 
 1003 , 38819.3958164255 
 1004 , 38993.030506419 
 1005 , 39200.1168314348 
 1006 , 39363.6368934476 
 1007 , 39412.9335954433 
 1008 , 39339.2803238559 
 1009 , 39153.1677934936 
 1010 , 38891.7032760159 
 1011 , 38611.0970486227 
 1012 , 38360.3204010236 
 1013 , 38174.8904982792 
 1014 , 38076.1831783503 
 1015 , 38026.2476775378 
 1016 , 37973.1767582861 
 1017 , 37910.9071589391 
 1018 , 37867.1218648236 
 1019 , 37853.5745177556 
 1020 , 37852.1414801993 
 1021 , 37845.3289854402 
 1022 , 37833.0845074397 
 1023 , 37820.306770944 
 1024 , 37809.7860037112 
 1025 , 37802.7275435069 
 1026 , 37797.9599252645 
 1027 , 37790.1784008535 
 1028 , 37777.0001936222 
 1029 , 37771.344805313 
 1030 , 37789.1313979023 
 1031 , 37827.7392556521 
 1032 , 37871.3225897402 
 1033 , 37909.5393007212 
 1034 , 37941.8824857242 
 1035 , 37970.2414107357 
 1036 , 38002.7523204642 
 1037 , 38047.5025671832 
 1038 , 38090.9444272206 
 1039 , 38105.177311681 
 1040 , 38081.2864430388 
 1041 , 38040.9195576403 
 1042 , 38004.3186880089 
 1043 , 37975.3484719931 
 1044 , 37953.8033772591 
 1045 , 37939.4762068001 
 1046 , 37932.1949156588 
 1047 , 37933.5911130998 
 1048 , 37947.8988069156 
 1049 , 37975.6984612358 
 1050 , 38003.9306077661 
 1051 , 38018.139050427 
 1052 , 38019.285167497 
 1053 , 38016.7675222643 
 1054 , 38016.0698907608 
 1055 , 38017.5575839215 
 1056 , 38021.0333113553 
 1057 , 38025.6004541615 
 1058 , 38029.6844612144 
 1059 , 38027.3597952175 
 1060 , 38011.0477267553 
 1061 , 37985.0536594639 
 1062 , 37966.7793587109 
 1063 , 37967.6065590472 
 1064 , 37981.734042897 
 1065 , 37999.7671196051 
 1066 , 38006.6050993601 
 1067 , 37985.8583568619 
 1068 , 37941.1772796912 
 1069 , 37894.7133763114 
 1070 , 37860.8122172728 
 1071 , 37835.92203329 
 1072 , 37814.619019118 
 1073 , 37793.5092481127 
 1074 , 37770.1241282964 
 1075 , 37745.9040260167 
 1076 , 37725.1960461288 
 1077 , 37708.8100273768 
 1078 , 37691.4648376573 
 1079 , 37670.2403979799 
 1080 , 37654.0906744235 
 1081 , 37654.1137137188 
 1082 , 37672.5136965077 
 1083 , 37705.9007017118 
 1084 , 37739.8014754832 
 1085 , 37745.1762182268 
 1086 , 37705.2563561992 
 1087 , 37643.6178412977 
 1088 , 37588.4780277779 
 1089 , 37545.3908115825 
 1090 , 37509.9435713326 
 1091 , 37487.0955166863 
 1092 , 37491.2877419746 
 1093 , 37519.479066345 
 1094 , 37528.3600839535 
 1095 , 37481.1643492732 
 1096 , 37406.0091505443 
 1097 , 37350.1147436154 
 1098 , 37321.9405535958 
 1099 , 37300.6945277155 
 1100 , 37272.3514697754 
 1101 , 37235.1665459367 
 1102 , 37189.9464998455 
 1103 , 37142.8234494314 
 1104 , 37100.1857881139 
 1105 , 37059.0882800134 
 1106 , 37011.8670542196 
 1107 , 36962.6492582935 
 1108 , 36929.4537440218 
 1109 , 36920.3416866788 
 1110 , 36915.657463528 
 1111 , 36895.5114523483 
 1112 , 36865.4415064096 
 1113 , 36839.6310321838 
 1114 , 36816.7486363301 
 1115 , 36782.8146344253 
 1116 , 36735.8686450535 
 1117 , 36695.6331617403 
 1118 , 36676.3303216412 
 1119 , 36661.7986902452 
 1120 , 36631.6280765994 
 1121 , 36596.7349793339 
 1122 , 36584.8888716459 
 1123 , 36604.3123727574 
 1124 , 36640.0318710119 
 1125 , 36674.0213056557 
 1126 , 36683.9059959724 
 1127 , 36652.58429154 
 1128 , 36597.4601744793 
 1129 , 36547.0335954705 
 1130 , 36509.961314342 
 1131 , 36479.5726747798 
 1132 , 36450.877767006 
 1133 , 36422.2230997737 
 1134 , 36392.8789487903 
 1135 , 36364.301129138 
 1136 , 36338.3412435948 
 1137 , 36316.1711095083 
 1138 , 36298.5291754062 
 1139 , 36283.7698751442 
 1140 , 36267.81417918 
 1141 , 36243.9263395289 
 1142 , 36200.0086112175 
 1143 , 36132.8116146642 
 1144 , 36083.4955946272 
 1145 , 36099.9052667054 
 1146 , 36160.2149382912 
 1147 , 36199.9173239071 
 1148 , 36187.4377535579 
 1149 , 36133.9017661897 
 1150 , 36056.6132646308 
 1151 , 35981.9271313632 
 1152 , 35933.0219282877 
 1153 , 35905.6560019531 
 1154 , 35886.3065187587 
 1155 , 35871.971976019 
 1156 , 35867.5814366803 
 1157 , 35875.233942503 
 1158 , 35892.4258193296 
 1159 , 35912.480816037 
 1160 , 35916.6716485184 
 1161 , 35888.0173065054 
 1162 , 35838.8004186239 
 1163 , 35793.1549151563 
 1164 , 35761.294088203 
 1165 , 35741.2272720464 
 1166 , 35730.0251939815 
 1167 , 35723.8409717417 
 1168 , 35718.1484616524 
 1169 , 35706.2843609463 
 1170 , 35682.3379002798 
 1171 , 35650.3750466032 
 1172 , 35619.1258279289 
 1173 , 35594.0999888467 
 1174 , 35577.6408513419 
 1175 , 35566.6302821151 
 1176 , 35547.8654337903 
 1177 , 35511.1393705189 
 1178 , 35462.4705902532 
 1179 , 35411.7670592607 
 1180 , 35368.0044646997 
 1181 , 35339.3048922481 
 1182 , 35325.0926283414 
 1183 , 35316.0391071266 
 1184 , 35299.9715092641 
 1185 , 35259.8921444029 
 1186 , 35187.2745372164 
 1187 , 35110.140633264 
 1188 , 35062.4715559857 
 1189 , 35049.3503017547 
 1190 , 35060.6336822031 
 1191 , 35081.0990436711 
 1192 , 35090.6114440675 
 1193 , 35075.7875080387 
 1194 , 35036.7277765636 
 1195 , 34979.2884939463 
 1196 , 34925.9104037748 
 1197 , 34899.771827926 
 1198 , 34895.9599430218 
 1199 , 34896.1360624888 
 1200 , 34895.1783296646 
 1201 , 34900.6022785873 
 1202 , 34909.4432841412 
 1203 , 34898.7518125605 
 1204 , 34851.2461814058 
 1205 , 34777.8832936587 
 1206 , 34696.8111713283 
 1207 , 34632.1644990771 
 1208 , 34608.8158599537 
 1209 , 34615.2752775992 
 1210 , 34608.7824568783 
 1211 , 34573.561024445 
 1212 , 34539.5002976434 
 1213 , 34520.7751597916 
 1214 , 34468.4057466126 
 1215 , 34338.5765821167 
 1216 , 34201.7257313875 
 1217 , 34166.3453844075 
 1218 , 34232.9830491561 
 1219 , 34320.8514018686 
 1220 , 34360.9530395253 
 1221 , 34303.5992420787 
 1222 , 34142.5641094125 
 1223 , 33982.541155465 
 1224 , 33923.0354698346 
 1225 , 33941.2893872025 
 1226 , 33977.0525151019 
 1227 , 33998.080010006 
 1228 , 33990.0721778019 
 1229 , 33952.5107042064 
 1230 , 33900.2488491118 
 1231 , 33844.4255102313 
 1232 , 33786.6264783626 
 1233 , 33729.8384274185 
 1234 , 33687.6257059339 
 1235 , 33672.5513835632 
 1236 , 33667.0671564817 
 1237 , 33640.4181181287 
 1238 , 33590.0106401346 
 1239 , 33538.2520447766 
 1240 , 33497.4416321752 
 1241 , 33462.2673423704 
 1242 , 33426.8154335238 
 1243 , 33388.1087813249 
 1244 , 33345.5314180141 
 1245 , 33309.0067431349 
 1246 , 33290.8028111703 
 1247 , 33285.7162612693 
 1248 , 33277.2670705109 
 1249 , 33258.3587180109 
 1250 , 33233.1822698382 
 1251 , 33205.7400483116 
 1252 , 33178.2661741519 
 1253 , 33151.0989609259 
 1254 , 33117.9413706339 
 1255 , 33072.5806081011 
 1256 , 33022.1605638557 
 1257 , 32979.3216980432 
 1258 , 32944.7010141386 
 1259 , 32909.1106834065 
 1260 , 32870.720814082 
 1261 , 32838.801243852 
 1262 , 32819.083979606 
 1263 , 32805.8267895068 
 1264 , 32792.2429607566 
 1265 , 32775.4345295051 
 1266 , 32754.4046825646 
 1267 , 32734.9814887649 
 1268 , 32726.1547029157 
 1269 , 32723.8525755042 
 1270 , 32711.5609767632 
 1271 , 32683.9584459298 
 1272 , 32655.1952079161 
 1273 , 32634.4504356117 
 1274 , 32610.6491547488 
 1275 , 32572.936984258 
 1276 , 32532.3165973473 
 1277 , 32505.7291169077 
 1278 , 32493.5177849344 
 1279 , 32485.9639498673 
 1280 , 32473.7760259577 
 1281 , 32448.3498635632 
 1282 , 32409.7140615412 
 1283 , 32373.1693636548 
 1284 , 32350.8206454844 
 1285 , 32339.8231464562 
 1286 , 32335.1553591879 
 1287 , 32336.076705736 
 1288 , 32342.5727252216 
 1289 , 32345.8715652391 
 1290 , 32331.7713417655 
 1291 , 32285.8690966248 
 1292 , 32193.95551029 
 1293 , 32069.3858850262 
 1294 , 31973.9447304157 
 1295 , 31947.6696004252 
 1296 , 31949.1998222574 
 1297 , 31930.8086079128 
 1298 , 31894.6823684799 
 1299 , 31858.2300136447 
 1300 , 31820.653645836 
 1301 , 31771.1241629374 
 1302 , 31713.1187559034 
 1303 , 31664.066800143 
 1304 , 31632.7860327017 
 1305 , 31613.2367061853 
 1306 , 31596.9345074812 
 1307 , 31572.3946422412 
 1308 , 31531.6997216549 
 1309 , 31486.5777497352 
 1310 , 31452.5302284355 
 1311 , 31426.4605495198 
 1312 , 31396.2351648515 
 1313 , 31359.1212394891 
 1314 , 31320.3883117427 
 1315 , 31283.4701746393 
 1316 , 31248.9016199767 
 1317 , 31214.8106508551 
 1318 , 31174.3104331263 
 1319 , 31125.6573915885 
 1320 , 31089.935778955 
 1321 , 31087.53324249 
 1322 , 31096.0094117227 
 1323 , 31077.7645520946 
 1324 , 31029.805822483 
 1325 , 30972.6610086039 
 1326 , 30919.3868193243 
 1327 , 30874.2767303256 
 1328 , 30840.2017534277 
 1329 , 30818.3080826253 
 1330 , 30808.7949746261 
 1331 , 30809.6049956136 
 1332 , 30814.8887097225 
 1333 , 30801.9665037636 
 1334 , 30747.7772628696 
 1335 , 30671.2898044292 
 1336 , 30611.1154098215 
 1337 , 30574.0768493755 
 1338 , 30541.0428255467 
 1339 , 30502.2150663588 
 1340 , 30460.8596698509 
 1341 , 30420.5491997969 
 1342 , 30383.7016320383 
 1343 , 30352.3068580092 
 1344 , 30327.3904161686 
 1345 , 30309.3989436895 
 1346 , 30296.6585925544 
 1347 , 30286.5795965328 
 1348 , 30274.8867288978 
 1349 , 30256.7318117741 
 1350 , 30234.2702166315 
 1351 , 30215.6128057842 
 1352 , 30198.6839320882 
 1353 , 30167.2170473412 
 1354 , 30111.6288548179 
 1355 , 30038.8943281511 
 1356 , 29958.5441672226 
 1357 , 29881.5357493724 
 1358 , 29817.6069546759 
 1359 , 29767.8165716269 
 1360 , 29729.4054206085 
 1361 , 29692.3329743639 
 1362 , 29643.5437270086 
 1363 , 29588.4295683691 
 1364 , 29547.7591362372 
 1365 , 29523.5356529787 
 1366 , 29492.6470768009 
 1367 , 29442.549207784 
 1368 , 29385.3497018702 
 1369 , 29332.1675519166 
 1370 , 29281.6591607019 
 1371 , 29232.1518279496 
 1372 , 29192.7790451324 
 1373 , 29174.0342958366 
 1374 , 29169.3053801292 
 1375 , 29163.5980399972 
 1376 , 29143.1459574762 
 1377 , 29095.725403704 
 1378 , 29025.6637296293 
 1379 , 28955.7408480321 
 1380 , 28895.3681798054 
 1381 , 28829.6583363634 
 1382 , 28751.891245393 
 1383 , 28682.5446151464 
 1384 , 28639.0855966568 
 1385 , 28609.2961158619 
 1386 , 28576.0181756403 
 1387 , 28538.4035054176 
 1388 , 28501.3254246894 
 1389 , 28462.4958495152 
 1390 , 28415.4832747478 
 1391 , 28356.059548841 
 1392 , 28282.4014108846 
 1393 , 28208.767746795 
 1394 , 28169.8647381181 
 1395 , 28173.9025927951 
 1396 , 28175.8811229022 
 1397 , 28143.4706571522 
 1398 , 28098.0166546491 
 1399 , 28063.6955812399 
 1400 , 28034.8622798077 
 1401 , 27999.2220268552 
 1402 , 27955.2231428326 
 1403 , 27905.8335621385 
 1404 , 27854.3314294536 
 1405 , 27804.4353330926 
 1406 , 27764.7725560744 
 1407 , 27747.9144504794 
 1408 , 27749.4127854481 
 1409 , 27742.8066357327 
 1410 , 27714.5339522126 
 1411 , 27677.850958373 
 1412 , 27645.1273345536 
 1413 , 27618.2258377714 
 1414 , 27597.1363625659 
 1415 , 27581.5026907269 
 1416 , 27569.1275336295 
 1417 , 27546.9391246283 
 1418 , 27499.9194129901 
 1419 , 27434.34487243 
 1420 , 27367.449237446 
 1421 , 27302.2723189522 
 1422 , 27230.9777382028 
 1423 , 27159.786974955 
 1424 , 27110.7473911839 
 1425 , 27087.7220268879 
 1426 , 27064.4508003328 
 1427 , 27025.4005119267 
 1428 , 26985.364341906 
 1429 , 26957.5555423399 
 1430 , 26936.3099053812 
 1431 , 26912.9440276295 
 1432 , 26882.8624777851 
 1433 , 26843.9220899794 
 1434 , 26802.6929236081 
 1435 , 26768.6726863924 
 1436 , 26742.1266807244 
 1437 , 26717.6806992727 
 1438 , 26690.3512816302 
 1439 , 26655.6011863952 
 1440 , 26610.2745888483 
 1441 , 26552.9712719982 
 1442 , 26492.3657242531 
 1443 , 26453.3142112508 
 1444 , 26448.8425476423 
 1445 , 26461.7370765636 
 1446 , 26470.7372906265 
 1447 , 26454.9885011796 
 1448 , 26401.7796061418 
 1449 , 26335.4083235459 
 1450 , 26285.7874006822 
 1451 , 26249.874812664 
 1452 , 26214.0893796954 
 1453 , 26191.9628531283 
 1454 , 26209.7809739924 
 1455 , 26257.3905446315 
 1456 , 26297.5821158143 
 1457 , 26315.1793879648 
 1458 , 26318.3391887313 
 1459 , 26308.9302695217 
 1460 , 26278.6001547203 
 1461 , 26223.2739807798 
 1462 , 26148.383314479 
 1463 , 26060.5923896236 
 1464 , 25967.025894632 
 1465 , 25874.2625913486 
 1466 , 25786.6695238624 
 1467 , 25708.8327632946 
 1468 , 25648.8784228794 
 1469 , 25611.0433012917 
 1470 , 25564.9085664911 
 1471 , 25471.8266070937 
 1472 , 25357.3947748964 
 1473 , 25280.9095647898 
 1474 , 25257.1304313239 
 1475 , 25266.3274810998 
 1476 , 25280.5325625778 
 1477 , 25264.9992657774 
 1478 , 25209.4624951544 
 1479 , 25136.2587691797 
 1480 , 25064.9421076164 
 1481 , 25006.3532507259 
 1482 , 24965.565501229 
 1483 , 24936.3753602951 
 1484 , 24911.33812221 
 1485 , 24884.0557341253 
 1486 , 24849.4950969055 
 1487 , 24807.4608005662 
 1488 , 24761.1117671341 
 1489 , 24725.3786359782 
 1490 , 24715.8925577001 
 1491 , 24722.2921502282 
 1492 , 24723.607502088 
 1493 , 24713.4602803132 
 1494 , 24694.0718990005 
 1495 , 24664.4181553623 
 1496 , 24621.154597676 
 1497 , 24567.6327118033 
 1498 , 24513.7516148105 
 1499 , 24462.4872102634 
 1500 , 24407.694828894 
 1501 , 24347.7093222466 
 1502 , 24289.1375899101 
 1503 , 24238.04493766 
 1504 , 24197.7595347183 
 1505 , 24169.3300300588 
 1506 , 24148.5568112944 
 1507 , 24131.677835444 
 1508 , 24119.5881517617 
 1509 , 24111.390284986 
 1510 , 24093.1863838299 
 1511 , 24050.9617277984 
 1512 , 23992.545402289 
 1513 , 23932.5123575 
 1514 , 23874.4063294236 
 1515 , 23816.9519196028 
 1516 , 23763.5139613603 
 1517 , 23719.6512661164 
 1518 , 23681.9936661398 
 1519 , 23640.8179823266 
 1520 , 23594.6249578928 
 1521 , 23549.8843347328 
 1522 , 23516.2871407585 
 1523 , 23506.4963639728 
 1524 , 23512.2314166533 
 1525 , 23494.9862617748 
 1526 , 23438.8293099805 
 1527 , 23372.4646153739 
 1528 , 23320.1406567362 
 1529 , 23285.8202301415 
 1530 , 23269.0938899509 
 1531 , 23265.0072059448 
 1532 , 23266.3301782241 
 1533 , 23260.6168462503 
 1534 , 23238.808364838 
 1535 , 23211.7753972123 
 1536 , 23193.5462161853 
 1537 , 23185.3023679813 
 1538 , 23182.1780708722 
 1539 , 23167.9336802686 
 1540 , 23124.4684544149 
 1541 , 23059.9666198552 
 1542 , 22995.5874081231 
 1543 , 22944.1792179413 
 1544 , 22912.4799579141 
 1545 , 22895.7781427166 
 1546 , 22880.9852145783 
 1547 , 22861.2723898327 
 1548 , 22835.8109003371 
 1549 , 22804.9834346096 
 1550 , 22770.2036731557 
 1551 , 22730.5632960336 
 1552 , 22682.2213267071 
 1553 , 22633.6360112949 
 1554 , 22612.7819592041 
 1555 , 22630.3851428608 
 1556 , 22661.4919349311 
 1557 , 22681.5772672788 
 1558 , 22675.978239934 
 1559 , 22640.0295606383 
 1560 , 22592.4358744346 
 1561 , 22550.6548470708 
 1562 , 22515.4048601197 
 1563 , 22481.6115047585 
 1564 , 22434.8230108753 
 1565 , 22365.772440941 
 1566 , 22300.2411559256 
 1567 , 22268.4063544169 
 1568 , 22267.4413695412 
 1569 , 22283.0640834493 
 1570 , 22301.4750259636 
 1571 , 22310.1095975774 
 1572 , 22304.7779288433 
 1573 , 22285.5431545954 
 1574 , 22254.2687409984 
 1575 , 22213.8431275552 
 1576 , 22167.3769764629 
 1577 , 22118.2795769156 
 1578 , 22072.3184360113 
 1579 , 22036.9636413456 
 1580 , 22017.997824063 
 1581 , 22018.9108874809 
 1582 , 22025.1625398684 
 1583 , 22005.1908332175 
 1584 , 21959.4718661014 
 1585 , 21925.6315983066 
 1586 , 21915.3176355431 
 1587 , 21903.4649636096 
 1588 , 21876.1129959233 
 1589 , 21839.7611913285 
 1590 , 21803.3988783068 
 1591 , 21777.3187625943 
 1592 , 21762.7474030033 
 1593 , 21743.0468720645 
 1594 , 21707.9169419892 
 1595 , 21665.6434367274 
 1596 , 21622.7473095333 
 1597 , 21575.0329106961 
 1598 , 21523.3701236876 
 1599 , 21487.8822097066 
 1600 , 21482.4923309546 
 1601 , 21489.8255312463 
 1602 , 21492.1171033292 
 1603 , 21493.6041815637 
 1604 , 21500.2589372714 
 1605 , 21504.1011793054 
 1606 , 21494.6881967225 
 1607 , 21467.1501267639 
 1608 , 21420.3555113479 
 1609 , 21364.3179631729 
 1610 , 21310.7265635301 
 1611 , 21259.230083316 
 1612 , 21205.6636437037 
 1613 , 21150.1807938649 
 1614 , 21095.618462994 
 1615 , 21051.6214218672 
 1616 , 21027.8156061206 
 1617 , 21007.3956984544 
 1618 , 20963.4022939351 
 1619 , 20898.791132749 
 1620 , 20832.466940543 
 1621 , 20776.596244322 
 1622 , 20738.1306194459 
 1623 , 20711.5952843215 
 1624 , 20684.1861226407 
 1625 , 20654.1302210881 
 1626 , 20627.0854712675 
 1627 , 20600.0982269464 
 1628 , 20563.9265175323 
 1629 , 20518.2455866855 
 1630 , 20470.2638341736 
 1631 , 20425.6514619248 
 1632 , 20388.1473469215 
 1633 , 20354.2520194769 
 1634 , 20314.2070636455 
 1635 , 20275.1949120093 
 1636 , 20261.3398688433 
 1637 , 20271.5294195303 
 1638 , 20276.2957348747 
 1639 , 20261.6354523719 
 1640 , 20233.4350131894 
 1641 , 20193.5788085497 
 1642 , 20137.8454377286 
 1643 , 20076.5779796763 
 1644 , 20039.4841039503 
 1645 , 20031.6008545137 
 1646 , 20021.6753424302 
 1647 , 19994.9330093898 
 1648 , 19964.9658929442 
 1649 , 19936.7055611973 
 1650 , 19898.1274968567 
 1651 , 19848.8422149425 
 1652 , 19809.8191568553 
 1653 , 19790.4571967838 
 1654 , 19776.9339702 
 1655 , 19761.0657018269 
 1656 , 19748.8263040958 
 1657 , 19738.7234101335 
 1658 , 19712.6134166267 
 1659 , 19661.4595935368 
 1660 , 19597.5043260935 
 1661 , 19535.3725384549 
 1662 , 19489.4925858527 
 1663 , 19464.1603453508 
 1664 , 19442.6318026558 
 1665 , 19415.5492767145 
 1666 , 19395.0715633926 
 1667 , 19386.4748252169 
 1668 , 19373.6492767211 
 1669 , 19345.5288445173 
 1670 , 19309.0134469169 
 1671 , 19272.2643587647 
 1672 , 19240.5969711207 
 1673 , 19215.1610492644 
 1674 , 19188.1970838963 
 1675 , 19155.3249145493 
 1676 , 19123.4169331754 
 1677 , 19094.0599342723 
 1678 , 19051.8564826764 
 1679 , 18991.3173139078 
 1680 , 18937.7939723722 
 1681 , 18906.4614826659 
 1682 , 18875.3398345945 
 1683 , 18830.3304723128 
 1684 , 18791.5096006364 
 1685 , 18771.637501591 
 1686 , 18751.6734416159 
 1687 , 18718.4474643823 
 1688 , 18686.0791880057 
 1689 , 18664.0138667688 
 1690 , 18639.2379761018 
 1691 , 18600.9749611238 
 1692 , 18552.800530667 
 1693 , 18504.4414145161 
 1694 , 18475.38435918 
 1695 , 18473.4389038922 
 1696 , 18474.0342865659 
 1697 , 18457.8183703162 
 1698 , 18429.9838672676 
 1699 , 18399.2119639594 
 1700 , 18373.7715470251 
 1701 , 18355.7610440126 
 1702 , 18332.9928210922 
 1703 , 18299.5227342739 
 1704 , 18268.3804010089 
 1705 , 18249.2295341797 
 1706 , 18238.2615652592 
 1707 , 18226.5687440368 
 1708 , 18198.179522795 
 1709 , 18146.3488671588 
 1710 , 18085.78289303 
 1711 , 18031.6219795883 
 1712 , 17994.2470733608 
 1713 , 17974.0430714656 
 1714 , 17952.9291585386 
 1715 , 17926.3042173168 
 1716 , 17919.1282905526 
 1717 , 17938.2530030437 
 1718 , 17951.5495695732 
 1719 , 17939.4379326628 
 1720 , 17911.5830402343 
 1721 , 17877.8488441409 
 1722 , 17843.43739779 
 1723 , 17810.2179370926 
 1724 , 17775.4201441079 
 1725 , 17734.6766091815 
 1726 , 17682.0828817984 
 1727 , 17624.5794325708 
 1728 , 17587.3021857048 
 1729 , 17573.0280398073 
 1730 , 17552.5470663475 
 1731 , 17515.0929825661 
 1732 , 17476.5397385711 
 1733 , 17448.4576549091 
 1734 , 17434.666581479 
 1735 , 17427.9184395256 
 1736 , 17409.3316887061 
 1737 , 17372.8173109446 
 1738 , 17326.7435028195 
 1739 , 17280.6615570359 
 1740 , 17244.3099454093 
 1741 , 17221.5469060066 
 1742 , 17210.3006883251 
 1743 , 17200.9812299065 
 1744 , 17178.8115925851 
 1745 , 17147.9334962207 
 1746 , 17126.4000322177 
 1747 , 17110.0375162632 
 1748 , 17079.7337396956 
 1749 , 17042.2133992068 
 1750 , 17019.6507107255 
 1751 , 17003.7585163784 
 1752 , 16969.9452361616 
 1753 , 16926.9201719105 
 1754 , 16900.0324272232 
 1755 , 16887.9552682957 
 1756 , 16876.0615680349 
 1757 , 16858.0373841296 
 1758 , 16832.3908721307 
 1759 , 16802.9070218897 
 1760 , 16776.0956772686 
 1761 , 16761.1691994477 
 1762 , 16764.3646257682 
 1763 , 16768.7018032274 
 1764 , 16753.8220530034 
 1765 , 16724.3768155105 
 1766 , 16692.0260716548 
 1767 , 16664.0519676763 
 1768 , 16643.0947607282 
 1769 , 16618.110531941 
 1770 , 16580.6049715966 
 1771 , 16543.4194067109 
 1772 , 16519.8505757254 
 1773 , 16509.7069725936 
 1774 , 16507.8423953606 
 1775 , 16502.7208459997 
 1776 , 16487.9756917099 
 1777 , 16472.5267083544 
 1778 , 16462.2316834599 
 1779 , 16451.4243978804 
 1780 , 16433.5181874968 
 1781 , 16403.0833380271 
 1782 , 16359.598328287 
 1783 , 16310.537399883 
 1784 , 16264.4339824278 
 1785 , 16230.0851003848 
 1786 , 16209.506877588 
 1787 , 16196.0373082874 
 1788 , 16185.9788074758 
 1789 , 16179.4259952085 
 1790 , 16171.539730479 
 1791 , 16153.0689156942 
 1792 , 16127.1583680724 
 1793 , 16106.9349192196 
 1794 , 16091.9710114233 
 1795 , 16072.7342621071 
 1796 , 16056.1136662592 
 1797 , 16056.8628384101 
 1798 , 16059.960661855 
 1799 , 16039.5790130601 
 1800 , 16019.5656080038 
 1801 , 16037.4880526044 
 1802 , 16059.9629183743 
 1803 , 16035.6907915907 
 1804 , 15978.7622352127 
 1805 , 15921.9559484645 
 1806 , 15877.5594005966 
 1807 , 15849.7980771428 
 1808 , 15835.0070556672 
 1809 , 15826.9070573966 
 1810 , 15817.0409053869 
 1811 , 15800.4421594572 
 1812 , 15783.0263014689 
 1813 , 15767.8611770104 
 1814 , 15747.1694531343 
 1815 , 15720.0642817621 
 1816 , 15701.8638340919 
 1817 , 15698.8514732968 
 1818 , 15699.6927256319 
 1819 , 15699.2064757951 
 1820 , 15702.456828572 
 1821 , 15702.1389558446 
 1822 , 15677.0343379623 
 1823 , 15631.7523187412 
 1824 , 15595.3715149229 
 1825 , 15576.6272369848 
 1826 , 15567.0105354093 
 1827 , 15558.5140326204 
 1828 , 15545.2803339696 
 1829 , 15535.6922509233 
 1830 , 15541.3489985928 
 1831 , 15537.822571587 
 1832 , 15494.1863272283 
 1833 , 15440.8527613827 
 1834 , 15420.1156658624 
 1835 , 15420.0068376279 
 1836 , 15414.4326655782 
 1837 , 15386.4414413307 
 1838 , 15332.1244801222 
 1839 , 15281.2593481933 
 1840 , 15256.1517584752 
 1841 , 15244.0516289398 
 1842 , 15233.3813262957 
 1843 , 15225.7763235466 
 1844 , 15220.168049217 
 1845 , 15208.7231403047 
 1846 , 15193.8692922914 
 1847 , 15191.6863027157 
 1848 , 15197.5032189363 
 1849 , 15184.7299734015 
 1850 , 15153.2231698423 
 1851 , 15125.3686530333 
 1852 , 15103.5032112782 
 1853 , 15076.6569464536 
 1854 , 15047.3049005324 
 1855 , 15024.777588379 
 1856 , 15011.6201556056 
 1857 , 15006.2922394258 
 1858 , 15001.5770131034 
 1859 , 14989.1951791085 
 1860 , 14965.0076152134 
 1861 , 14930.236541691 
 1862 , 14900.4552883812 
 1863 , 14886.550185512 
 1864 , 14879.0149619084 
 1865 , 14868.3829155968 
 1866 , 14852.0816294174 
 1867 , 14826.1979305854 
 1868 , 14783.6603062238 
 1869 , 14731.3901834662 
 1870 , 14693.770661673 
 1871 , 14678.7925890892 
 1872 , 14676.6753406813 
 1873 , 14674.8221999494 
 1874 , 14661.0807798006 
 1875 , 14645.8262566413 
 1876 , 14648.3196581595 
 1877 , 14647.7085921045 
 1878 , 14612.7803991423 
 1879 , 14565.0090316232 
 1880 , 14537.0021055988 
 1881 , 14525.1365717301 
 1882 , 14518.0885026262 
 1883 , 14512.2225321303 
 1884 , 14505.9284948731 
 1885 , 14498.6728022142 
 1886 , 14489.125334856 
 1887 , 14474.1679085178 
 1888 , 14452.4349703151 
 1889 , 14425.5204557555 
 1890 , 14398.5896996989 
 1891 , 14379.9095115516 
 1892 , 14366.7252933582 
 1893 , 14347.6362903702 
 1894 , 14322.3980963808 
 1895 , 14296.967930593 
 1896 , 14266.5838865089 
 1897 , 14224.5692844657 
 1898 , 14184.8431714172 
 1899 , 14163.8019226054 
 1900 , 14155.5363479015 
 1901 , 14151.227716094 
 1902 , 14151.9816329959 
 1903 , 14155.8942985639 
 1904 , 14149.6079175273 
 1905 , 14126.6721548648 
 1906 , 14095.4186855472 
 1907 , 14066.3332755871 
 1908 , 14050.1326513435 
 1909 , 14043.1750628836 
 1910 , 14028.8881309976 
 1911 , 14004.9541027215 
 1912 , 13979.6040310002 
 1913 , 13959.0878815406 
 1914 , 13947.0783558619 
 1915 , 13938.4160656113 
 1916 , 13925.6109253504 
 1917 , 13906.3723499623 
 1918 , 13879.4927237747 
 1919 , 13842.5327757253 
 1920 , 13800.7847695229 
 1921 , 13777.7110482719 
 1922 , 13778.0642081942 
 1923 , 13771.6270091518 
 1924 , 13752.7420576949 
 1925 , 13748.1811204991 
 1926 , 13747.7035077457 
 1927 , 13710.8686799272 
 1928 , 13658.746006809 
 1929 , 13644.9389287838 
 1930 , 13651.8453069438 
 1931 , 13638.281246463 
 1932 , 13621.8947825127 
 1933 , 13624.6965971502 
 1934 , 13609.5629307171 
 1935 , 13556.1399086018 
 1936 , 13524.7403461613 
 1937 , 13547.5085389888 
 1938 , 13579.8147308088 
 1939 , 13584.7756428941 
 1940 , 13548.6368941634 
 1941 , 13491.1911376292 
 1942 , 13459.5883390199 
 1943 , 13457.2701933435 
 1944 , 13458.7294880726 
 1945 , 13455.5828666631 
 1946 , 13447.2616652718 
 1947 , 13428.3588930029 
 1948 , 13397.1901710614 
 1949 , 13372.0990492294 
 1950 , 13365.501600772 
 1951 , 13362.9595338935 
 1952 , 13349.5470926977 
 1953 , 13317.2514673068 
 1954 , 13270.8938279391 
 1955 , 13229.7436425274 
 1956 , 13201.4725161258 
 1957 , 13183.1327900144 
 1958 , 13175.9549124584 
 1959 , 13181.5808378579 
 1960 , 13184.8662718803 
 1961 , 13169.7526399379 
 1962 , 13149.1181118366 
 1963 , 13138.4778053884 
 1964 , 13135.7628129138 
 1965 , 13131.9109389869 
 1966 , 13110.6923654705 
 1967 , 13073.1488292659 
 1968 , 13045.2696815691 
 1969 , 13030.4322458774 
 1970 , 13009.640234257 
 1971 , 12989.0775258485 
 1972 , 12988.3354742999 
 1973 , 12991.2260528269 
 1974 , 12972.9687624516 
 1975 , 12950.6378644763 
 1976 , 12944.7965030304 
 1977 , 12944.5778586574 
 1978 , 12936.6543596027 
 1979 , 12916.3414973032 
 1980 , 12884.8919859173 
 1981 , 12850.4932403841 
 1982 , 12819.4348401189 
 1983 , 12795.4025795173 
 1984 , 12780.0489779303 
 1985 , 12772.0709623072 
 1986 , 12757.7532101392 
 1987 , 12724.0128660284 
 1988 , 12687.5590950203 
 1989 , 12666.5281013502 
 1990 , 12656.4526815492 
 1991 , 12652.5103200995 
 1992 , 12657.4478459803 
 1993 , 12664.0014094373 
 1994 , 12651.731941442 
 1995 , 12624.3601305505 
 1996 , 12605.8536659622 
 1997 , 12597.9934182211 
 1998 , 12590.2842902437 
 1999 , 12580.9595281029 
 2000 , 12570.9232805259 
 2001 , 12557.9463494314 
 2002 , 12541.2249766377 
 2003 , 12525.4219821535 
 2004 , 12513.1195692665 
 2005 , 12502.1449004047 
 2006 , 12489.9614558458 
 2007 , 12474.3447201563 
 2008 , 12456.1860130168 
 2009 , 12438.7846965065 
 2010 , 12427.0112139927 
 2011 , 12423.0641725046 
 2012 , 12413.4449264169 
 2013 , 12390.2277342243 
 2014 , 12374.5555606629 
 2015 , 12375.158527738 
 2016 , 12369.0564320873 
 2017 , 12348.804001717 
 2018 , 12328.4443396439 
 2019 , 12307.4747574489 
 2020 , 12276.0173058895 
 2021 , 12248.1798072308 
 2022 , 12242.8806491595 
 2023 , 12242.7781780297 
 2024 , 12227.5180667505 
 2025 , 12201.8500269821 
 2026 , 12175.3803202274 
 2027 , 12157.6328556169 
 2028 , 12148.0592520583 
 2029 , 12134.6463225741 
 2030 , 12115.5673159444 
 2031 , 12096.8308841795 
 2032 , 12079.4217557364 
 2033 , 12062.2667900092 
 2034 , 12046.8045672407 
 2035 , 12034.481742213 
 2036 , 12024.5357140877 
 2037 , 12014.0676515024 
 2038 , 11997.4499180344 
 2039 , 11979.7253695574 
 2040 , 11976.0696160684 
 2041 , 11971.9693029756 
 2042 , 11938.4685179082 
 2043 , 11899.2125835579 
 2044 , 11889.3233177809 
 2045 , 11892.4864593225 
 2046 , 11887.9216869281 
 2047 , 11878.1564381382 
 2048 , 11862.3597014921 
 2049 , 11829.7462078503 
 2050 , 11788.1725209584 
 2051 , 11762.7630304108 
 2052 , 11761.285253016 
 2053 , 11776.345239076 
 2054 , 11775.5549248075 
 2055 , 11736.2590737178 
 2056 , 11699.8078864016 
 2057 , 11693.1762402961 
 2058 , 11687.1123330128 
 2059 , 11665.6191650151 
 2060 , 11637.8731122957 
 2061 , 11618.4139891345 
 2062 , 11619.9404955123 
 2063 , 11618.477816545 
 2064 , 11584.4598171323 
 2065 , 11538.2127696061 
 2066 , 11505.2800640963 
 2067 , 11490.1111094609 
 2068 , 11487.4489409662 
 2069 , 11482.8497091589 
 2070 , 11471.0378691791 
 2071 , 11455.8635604202 
 2072 , 11441.6967342119 
 2073 , 11431.7800394389 
 2074 , 11422.9793080901 
 2075 , 11412.1196863612 
 2076 , 11401.8771294429 
 2077 , 11390.0065707627 
 2078 , 11364.6331016539 
 2079 , 11328.4348788856 
 2080 , 11298.5824463997 
 2081 , 11276.3191636801 
 2082 , 11252.7927837601 
 2083 , 11220.1767841583 
 2084 , 11180.0049168364 
 2085 , 11162.3787361979 
 2086 , 11179.1773002567 
 2087 , 11198.6100383172 
 2088 , 11202.0128954768 
 2089 , 11190.0428156135 
 2090 , 11161.1652638609 
 2091 , 11115.3381417151 
 2092 , 11074.133577532 
 2093 , 11055.9081500454 
 2094 , 11041.523207369 
 2095 , 11023.772541324 
 2096 , 11031.0100562331 
 2097 , 11054.6410497502 
 2098 , 11046.2561083154 
 2099 , 11016.246541471 
 2100 , 11004.9699877233 
 2101 , 10997.0826772776 
 2102 , 10969.0671333115 
 2103 , 10937.6004293086 
 2104 , 10919.2671380948 
 2105 , 10915.6454286153 
 2106 , 10918.63551158 
 2107 , 10912.4853669114 
 2108 , 10889.9463715663 
 2109 , 10851.8639039237 
 2110 , 10813.8991366225 
 2111 , 10790.9960211437 
 2112 , 10781.4304828352 
 2113 , 10776.0621827739 
 2114 , 10759.5038510541 
 2115 , 10734.2757929783 
 2116 , 10718.116733899 
 2117 , 10710.2155580956 
 2118 , 10701.1237966942 
 2119 , 10688.7776177702 
 2120 , 10669.0756632452 
 2121 , 10628.0634142773 
 2122 , 10578.6704430255 
 2123 , 10569.3512142448 
 2124 , 10589.8489687341 
 2125 , 10588.3829300294 
 2126 , 10564.059935156 
 2127 , 10538.3054971792 
 2128 , 10529.6880806431 
 2129 , 10533.8346675954 
 2130 , 10503.7413560488 
 2131 , 10445.5227371644 
 2132 , 10424.3529409252 
 2133 , 10436.1909239919 
 2134 , 10437.7560971115 
 2135 , 10421.3420027385 
 2136 , 10391.9102225595 
 2137 , 10355.238002272 
 2138 , 10320.1810732671 
 2139 , 10299.2064623497 
 2140 , 10288.9786983924 
 2141 , 10275.0570064809 
 2142 , 10264.3125519188 
 2143 , 10267.2930547757 
 2144 , 10268.8225748586 
 2145 , 10261.0888576015 
 2146 , 10263.2619744717 
 2147 , 10265.7562352392 
 2148 , 10228.6799674601 
 2149 , 10173.7418621613 
 2150 , 10148.1635462321 
 2151 , 10127.7519074715 
 2152 , 10088.0648627656 
 2153 , 10065.7791256499 
 2154 , 10070.8750164134 
 2155 , 10063.991814289 
 2156 , 10045.0546514044 
 2157 , 10041.7601863189 
 2158 , 10043.7931474999 
 2159 , 10033.2678816347 
 2160 , 10020.7037772322 
 2161 , 10014.7876245297 
 2162 , 10010.462468921 
 2163 , 9996.31506158677 
 2164 , 9960.11929967054 
 2165 , 9922.13953508305 
 2166 , 9909.88454538242 
 2167 , 9913.88535692343 
 2168 , 9917.38649204608 
 2169 , 9908.42468026981 
 2170 , 9886.60136262667 
 2171 , 9863.05757823826 
 2172 , 9844.78928320902 
 2173 , 9834.97306709369 
 2174 , 9831.74231207519 
 2175 , 9828.76042394275 
 2176 , 9813.13668341622 
 2177 , 9786.35262840302 
 2178 , 9767.5238236726 
 2179 , 9763.09619160959 
 2180 , 9767.44827128469 
 2181 , 9758.43803545375 
 2182 , 9724.06117826601 
 2183 , 9692.09566248641 
 2184 , 9679.02297463868 
 2185 , 9677.43047892496 
 2186 , 9673.17701203911 
 2187 , 9653.13792790101 
 2188 , 9630.38438547431 
 2189 , 9618.2901889214 
 2190 , 9605.62182675636 
 2191 , 9584.8990726115 
 2192 , 9559.84719473748 
 2193 , 9536.77951801444 
 2194 , 9521.89121300054 
 2195 , 9513.09156872666 
 2196 , 9501.19477580711 
 2197 , 9466.37337598628 
 2198 , 9420.04530496994 
 2199 , 9415.8270210259 
 2200 , 9449.22526190165 
 2201 , 9474.02146541518 
 2202 , 9461.23803663032 
 2203 , 9408.70911914855 
 2204 , 9368.8864749407 
 2205 , 9360.72380129538 
 2206 , 9347.29662221988 
 2207 , 9327.16869227171 
 2208 , 9321.23837171322 
 2209 , 9319.5653322352 
 2210 , 9309.25837004308 
 2211 , 9297.78370100687 
 2212 , 9282.18491965326 
 2213 , 9244.40150884497 
 2214 , 9196.64661381842 
 2215 , 9165.71201522686 
 2216 , 9147.84034949402 
 2217 , 9133.41244212985 
 2218 , 9122.24119761229 
 2219 , 9115.4002469309 
 2220 , 9112.73980453777 
 2221 , 9102.76945281755 
 2222 , 9074.27320377675 
 2223 , 9047.07811820253 
 2224 , 9033.34906879656 
 2225 , 9012.0063639436 
 2226 , 8980.79268644149 
 2227 , 8958.53687970893 
 2228 , 8941.65220031463 
 2229 , 8920.58609050642 
 2230 , 8908.45053235514 
 2231 , 8909.83373262965 
 2232 , 8905.42908287517 
 2233 , 8887.85944023677 
 2234 , 8863.97351185897 
 2235 , 8852.0040123334 
 2236 , 8859.57827216289 
 2237 , 8848.00277804012 
 2238 , 8805.94284436276 
 2239 , 8772.61594100928 
 2240 , 8758.79805951604 
 2241 , 8752.26456852842 
 2242 , 8742.29820506234 
 2243 , 8720.01957268466 
 2244 , 8679.9970251196 
 2245 , 8636.75074747246 
 2246 , 8623.22497634266 
 2247 , 8632.24135847136 
 2248 , 8636.35044898405 
 2249 , 8620.63704971562 
 2250 , 8587.83455012776 
 2251 , 8565.93594736524 
 2252 , 8557.50136611108 
 2253 , 8542.98260945352 
 2254 , 8524.736879633 
 2255 , 8512.7793272451 
 2256 , 8510.95442391817 
 2257 , 8516.52807592556 
 2258 , 8518.99549573646 
 2259 , 8504.56850206975 
 2260 , 8464.67148374047 
 2261 , 8424.83998462848 
 2262 , 8408.1460870001 
 2263 , 8409.5200095802 
 2264 , 8404.35921771671 
 2265 , 8360.37601715134 
 2266 , 8310.93421797592 
 2267 , 8299.43695688474 
 2268 , 8299.01481170154 
 2269 , 8286.85951128082 
 2270 , 8268.4654417924 
 2271 , 8257.37715565107 
 2272 , 8262.92942044237 
 2273 , 8252.34351039225 
 2274 , 8207.34428254025 
 2275 , 8169.96626729627 
 2276 , 8162.09672616375 
 2277 , 8174.82905293775 
 2278 , 8182.71222517315 
 2279 , 8163.94403234587 
 2280 , 8131.75100352667 
 2281 , 8101.20037553496 
 2282 , 8079.33130225331 
 2283 , 8067.42525247727 
 2284 , 8061.50072853764 
 2285 , 8049.08312759137 
 2286 , 8025.75562869273 
 2287 , 8007.70166709846 
 2288 , 7997.32759007233 
 2289 , 7983.60964682392 
 2290 , 7967.10608938339 
 2291 , 7953.08057064151 
 2292 , 7945.26358828725 
 2293 , 7933.23893607574 
 2294 , 7893.96595567226 
 2295 , 7852.16671311197 
 2296 , 7843.63493882112 
 2297 , 7837.95049561234 
 2298 , 7813.97033758647 
 2299 , 7792.65305615615 
 2300 , 7785.82349683344 
 2301 , 7790.21868084228 
 2302 , 7775.71257672663 
 2303 , 7731.51052780686 
 2304 , 7706.99131212151 
 2305 , 7709.77627706383 
 2306 , 7702.88436987174 
 2307 , 7682.44793249452 
 2308 , 7658.19337956784 
 2309 , 7634.53898143682 
 2310 , 7617.41349831399 
 2311 , 7613.63958692211 
 2312 , 7608.67046832557 
 2313 , 7586.01518511935 
 2314 , 7566.71979255606 
 2315 , 7564.2906255333 
 2316 , 7566.7275013532 
 2317 , 7561.72136297908 
 2318 , 7541.68617742616 
 2319 , 7514.99497828904 
 2320 , 7490.7582238424 
 2321 , 7470.5413328386 
 2322 , 7457.28126795324 
 2323 , 7453.46478253588 
 2324 , 7447.75739517524 
 2325 , 7431.1168120793 
 2326 , 7411.51963669879 
 2327 , 7394.11461217002 
 2328 , 7378.27680463923 
 2329 , 7360.20698734269 
 2330 , 7340.00153274166 
 2331 , 7331.60915515741 
 2332 , 7330.32302410501 
 2333 , 7310.48808172391 
 2334 , 7281.36533721843 
 2335 , 7263.57401957889 
 2336 , 7253.57009300871 
 2337 , 7244.17728540601 
 2338 , 7230.42475201333 
 2339 , 7210.95698407662 
