11-20-2017,17:24:59
Wavenumber(cm-1),Intensity
 250 , 26220.1383599706 
 251 , 26253.545309209 
 252 , 26281.8470175709 
 253 , 26305.5451588216 
 254 , 26331.4644612856 
 255 , 26366.2321836733 
 256 , 26405.7602609393 
 257 , 26437.9905919267 
 258 , 26453.5448245694 
 259 , 26458.549837284 
 260 , 26464.3315902364 
 261 , 26478.6455920249 
 262 , 26501.0196563359 
 263 , 26529.8281469884 
 264 , 26563.4475460492 
 265 , 26600.2565741712 
 266 , 26639.0085671936 
 267 , 26681.5068698735 
 268 , 26731.040116627 
 269 , 26788.3787658562 
 270 , 26845.9081396828 
 271 , 26894.3945404082 
 272 , 26930.5830577905 
 273 , 26959.9285144174 
 274 , 26988.5297840381 
 275 , 27021.9505823428 
 276 , 27065.3955031272 
 277 , 27121.4503437184 
 278 , 27180.5041021865 
 279 , 27229.441698699 
 280 , 27261.7799828797 
 281 , 27284.0429794572 
 282 , 27304.1345650421 
 283 , 27327.480603733 
 284 , 27357.3077633909 
 285 , 27396.001647869 
 286 , 27441.0669811181 
 287 , 27488.0938784116 
 288 , 27534.5120817013 
 289 , 27582.5158275291 
 290 , 27634.8484179452 
 291 , 27688.115326268 
 292 , 27731.9566821967 
 293 , 27757.434313268 
 294 , 27770.9429539006 
 295 , 27786.638846593 
 296 , 27814.558187737 
 297 , 27850.8473178699 
 298 , 27888.8014672163 
 299 , 27923.1259080513 
 300 , 27950.511898211 
 301 , 27968.3841317926 
 302 , 27980.6853935228 
 303 , 27995.4386909554 
 304 , 28019.6619349196 
 305 , 28055.9439323881 
 306 , 28105.6574817215 
 307 , 28164.8999397878 
 308 , 28220.8051592871 
 309 , 28260.5661094754 
 310 , 28284.6671164114 
 311 , 28303.5137553191 
 312 , 28327.53787754 
 313 , 28366.112398925 
 314 , 28428.2088891957 
 315 , 28513.3968696515 
 316 , 28602.5196920565 
 317 , 28675.081728993 
 318 , 28726.2457035002 
 319 , 28764.6533559668 
 320 , 28798.714695445 
 321 , 28832.9197031372 
 322 , 28870.3370721497 
 323 , 28913.223938963 
 324 , 28962.0029311798 
 325 , 29016.6429965465 
 326 , 29072.7998007976 
 327 , 29121.9815051722 
 328 , 29157.4616042324 
 329 , 29185.2230600947 
 330 , 29216.3707418779 
 331 , 29257.9781751695 
 332 , 29307.0132846195 
 333 , 29358.8718450721 
 334 , 29408.4495163081 
 335 , 29450.1212926671 
 336 , 29479.4154516418 
 337 , 29500.2788537588 
 338 , 29520.3183020776 
 339 , 29544.494043825 
 340 , 29570.6744073026 
 341 , 29595.6435540306 
 342 , 29618.4685299309 
 343 , 29640.7110362119 
 344 , 29663.552135772 
 345 , 29684.3730962873 
 346 , 29698.8375877436 
 347 , 29706.5423605046 
 348 , 29717.9141642815 
 349 , 29744.785506194 
 350 , 29786.6958277047 
 351 , 29829.5149007591 
 352 , 29860.7804316042 
 353 , 29886.0326429017 
 354 , 29919.0304743906 
 355 , 29968.1923766564 
 356 , 30027.2000811682 
 357 , 30087.3754039221 
 358 , 30143.8486385858 
 359 , 30195.927968516 
 360 , 30243.4829251724 
 361 , 30288.9363404362 
 362 , 30335.849485665 
 363 , 30388.3968117896 
 364 , 30452.3555115189 
 365 , 30533.1591554284 
 366 , 30621.0531846246 
 367 , 30690.3469142913 
 368 , 30720.111047611 
 369 , 30727.2733814945 
 370 , 30744.6149864806 
 371 , 30791.355795688 
 372 , 30853.2931401264 
 373 , 30911.7406105587 
 374 , 30960.0916022953 
 375 , 31003.494140553 
 376 , 31046.2458813356 
 377 , 31084.3672995551 
 378 , 31110.7490451794 
 379 , 31125.3189160216 
 380 , 31143.5901831326 
 381 , 31182.1926403389 
 382 , 31239.9709367074 
 383 , 31300.2086038506 
 384 , 31348.6369224359 
 385 , 31387.0322758752 
 386 , 31422.5449785592 
 387 , 31460.5470820764 
 388 , 31502.9638353216 
 389 , 31551.3381549403 
 390 , 31607.3848341024 
 391 , 31672.9496985615 
 392 , 31747.6380090758 
 393 , 31820.8469235066 
 394 , 31879.1985929844 
 395 , 31918.2113142232 
 396 , 31948.0069605167 
 397 , 31979.2037880296 
 398 , 32012.4699196487 
 399 , 32042.0769170473 
 400 , 32066.0071969767 
 401 , 32096.3902140215 
 402 , 32148.341081587 
 403 , 32224.4942384463 
 404 , 32310.576917164 
 405 , 32392.0465073663 
 406 , 32462.6408719544 
 407 , 32520.4337518063 
 408 , 32566.5405969245 
 409 , 32610.8623415057 
 410 , 32664.6274886384 
 411 , 32731.8078616373 
 412 , 32808.4869902287 
 413 , 32889.0327401937 
 414 , 32959.006380812 
 415 , 33000.423386224 
 416 , 33008.7081218061 
 417 , 33009.4649043435 
 418 , 33031.0214322554 
 419 , 33077.466139906 
 420 , 33132.3633828599 
 421 , 33181.390431884 
 422 , 33223.7932477309 
 423 , 33262.9546606492 
 424 , 33300.3600387733 
 425 , 33334.28246767 
 426 , 33363.1088409668 
 427 , 33390.0787425919 
 428 , 33421.5253118177 
 429 , 33461.9436248847 
 430 , 33509.1865312554 
 431 , 33559.6166781674 
 432 , 33608.5241713714 
 433 , 33649.862931172 
 434 , 33678.8619979375 
 435 , 33701.1133715967 
 436 , 33726.9704254558 
 437 , 33762.864582436 
 438 , 33805.5304281806 
 439 , 33850.286431073 
 440 , 33893.3215870613 
 441 , 33931.6032643131 
 442 , 33963.4712492418 
 443 , 33994.0874842185 
 444 , 34030.7061002781 
 445 , 34075.5327523486 
 446 , 34122.229595581 
 447 , 34164.0677004669 
 448 , 34199.1068913507 
 449 , 34228.3765821136 
 450 , 34255.1442010052 
 451 , 34289.9320033564 
 452 , 34344.4044154647 
 453 , 34419.5934139372 
 454 , 34504.3240295252 
 455 , 34587.2141698768 
 456 , 34659.9888693628 
 457 , 34715.6764055915 
 458 , 34752.487034305 
 459 , 34779.6213215744 
 460 , 34807.2500675196 
 461 , 34839.1920606687 
 462 , 34874.4429634367 
 463 , 34912.0363667452 
 464 , 34951.6504849411 
 465 , 34993.0959513094 
 466 , 35034.8222873773 
 467 , 35073.4335912697 
 468 , 35105.5411547691 
 469 , 35128.8672565841 
 470 , 35141.6829808476 
 471 , 35147.2413733573 
 472 , 35160.9711046092 
 473 , 35199.1849285635 
 474 , 35261.6780044747 
 475 , 35334.1709799859 
 476 , 35403.7747405345 
 477 , 35465.991876902 
 478 , 35518.7328587693 
 479 , 35560.8158458933 
 480 , 35592.3946624031 
 481 , 35613.2798873609 
 482 , 35619.3693043951 
 483 , 35604.5750661654 
 484 , 35574.7806373451 
 485 , 35566.7392693054 
 486 , 35619.4976973679 
 487 , 35724.1008080388 
 488 , 35829.4296043573 
 489 , 35894.3918035233 
 490 , 35930.9723581363 
 491 , 35966.2414121147 
 492 , 36013.2754001286 
 493 , 36064.623112929 
 494 , 36111.9282483006 
 495 , 36153.0282865845 
 496 , 36188.8830178314 
 497 , 36221.9525432432 
 498 , 36258.3483453009 
 499 , 36304.0973570339 
 500 , 36354.4407353195 
 501 , 36395.6433213704 
 502 , 36418.119589114 
 503 , 36431.1676252297 
 504 , 36448.915944895 
 505 , 36476.7735550987 
 506 , 36508.4449357677 
 507 , 36537.6177896531 
 508 , 36563.9626462672 
 509 , 36589.843045632 
 510 , 36617.1231615832 
 511 , 36646.5553554395 
 512 , 36678.5535935306 
 513 , 36710.8963605563 
 514 , 36739.4532482627 
 515 , 36762.2764423676 
 516 , 36785.3735714261 
 517 , 36816.318704508 
 518 , 36856.5827371341 
 519 , 36900.7401529368 
 520 , 36943.6744082977 
 521 , 36984.2938145407 
 522 , 37022.9777698885 
 523 , 37059.5754561995 
 524 , 37093.0047961972 
 525 , 37122.3841676664 
 526 , 37149.7876793715 
 527 , 37178.9935820374 
 528 , 37212.1623742345 
 529 , 37246.9774002452 
 530 , 37280.5892544967 
 531 , 37314.2692101166 
 532 , 37352.8965390644 
 533 , 37400.0217910855 
 534 , 37452.927240687 
 535 , 37507.2330271552 
 536 , 37559.754593731 
 537 , 37608.8645038818 
 538 , 37653.1387560146 
 539 , 37691.8288130382 
 540 , 37724.4739858456 
 541 , 37751.2787436096 
 542 , 37773.7301415226 
 543 , 37793.7320110795 
 544 , 37816.1783341897 
 545 , 37847.8186527724 
 546 , 37892.4090670969 
 547 , 37944.9958277838 
 548 , 37999.3585920524 
 549 , 38054.8752159858 
 550 , 38115.9481138926 
 551 , 38185.8020331382 
 552 , 38261.793132983 
 553 , 38339.6798003087 
 554 , 38414.8293007637 
 555 , 38482.1105785099 
 556 , 38538.2312367426 
 557 , 38591.9950556163 
 558 , 38656.8953905585 
 559 , 38735.1592534808 
 560 , 38808.7428538073 
 561 , 38859.2390532172 
 562 , 38885.3696269348 
 563 , 38895.5365486472 
 564 , 38897.3885245027 
 565 , 38896.3841703913 
 566 , 38897.5432310568 
 567 , 38904.4074524506 
 568 , 38919.3640881725 
 569 , 38943.2563382866 
 570 , 38971.4881156718 
 571 , 38998.3662994631 
 572 , 39021.3774636224 
 573 , 39041.3737193428 
 574 , 39059.959970852 
 575 , 39081.7309973928 
 576 , 39112.1181843248 
 577 , 39151.4739188628 
 578 , 39192.9531551453 
 579 , 39229.8230313827 
 580 , 39260.0139842838 
 581 , 39283.4947756428 
 582 , 39303.0126512774 
 583 , 39326.5359916515 
 584 , 39361.8194974136 
 585 , 39408.7185936845 
 586 , 39462.5423861844 
 587 , 39515.2970416922 
 588 , 39550.8716598183 
 589 , 39553.5992047315 
 590 , 39532.0046092902 
 591 , 39512.683989226 
 592 , 39514.614989221 
 593 , 39530.1741702896 
 594 , 39546.6059728061 
 595 , 39558.6290175432 
 596 , 39568.0935631204 
 597 , 39577.5672362787 
 598 , 39591.4941595318 
 599 , 39614.6883213398 
 600 , 39647.413943474 
 601 , 39684.4674361721 
 602 , 39721.6184321941 
 603 , 39761.9297336418 
 604 , 39810.892803973 
 605 , 39867.5436365627 
 606 , 39921.2499564052 
 607 , 39962.4121561826 
 608 , 39994.6400768186 
 609 , 40027.3449226291 
 610 , 40068.9318145058 
 611 , 40125.900062778 
 612 , 40202.7653388653 
 613 , 40287.5456928334 
 614 , 40359.3535648314 
 615 , 40407.2114904486 
 616 , 40442.7680835708 
 617 , 40480.2128874143 
 618 , 40526.948905776 
 619 , 40585.9219054056 
 620 , 40657.6036901605 
 621 , 40735.8808291492 
 622 , 40814.0595602835 
 623 , 40893.7145093424 
 624 , 40982.8735708528 
 625 , 41081.5739001523 
 626 , 41162.8659933054 
 627 , 41195.982771854 
 628 , 41184.6720712081 
 629 , 41164.2586849735 
 630 , 41163.4458115549 
 631 , 41180.324988503 
 632 , 41205.8294023114 
 633 , 41240.1953800949 
 634 , 41293.4977273198 
 635 , 41369.6703227231 
 636 , 41442.1540300185 
 637 , 41476.4859580718 
 638 , 41467.3397032296 
 639 , 41444.5519110403 
 640 , 41434.3063514261 
 641 , 41432.1227546301 
 642 , 41423.6891714244 
 643 , 41409.7036383519 
 644 , 41411.2884480028 
 645 , 41447.4145829719 
 646 , 41515.0723559388 
 647 , 41602.8786682862 
 648 , 41693.4556915186 
 649 , 41760.3713783788 
 650 , 41781.0705270087 
 651 , 41764.7296469593 
 652 , 41733.7666606088 
 653 , 41706.2549654835 
 654 , 41692.9592759824 
 655 , 41702.0350481643 
 656 , 41727.0397357294 
 657 , 41754.8745570727 
 658 , 41777.7803872778 
 659 , 41797.7152120741 
 660 , 41817.606996233 
 661 , 41839.951281243 
 662 , 41867.012525185 
 663 , 41899.1093232232 
 664 , 41932.7925000991 
 665 , 41964.1003030771 
 666 , 41988.3432415676 
 667 , 42000.5094407458 
 668 , 42004.8933292641 
 669 , 42024.8751438631 
 670 , 42082.5925800758 
 671 , 42165.9153385912 
 672 , 42243.7459682738 
 673 , 42298.4599184757 
 674 , 42341.6990131047 
 675 , 42387.2195523425 
 676 , 42432.1883741845 
 677 , 42464.270972988 
 678 , 42480.4916866584 
 679 , 42498.7446951228 
 680 , 42537.6349422483 
 681 , 42594.462926459 
 682 , 42654.0355287679 
 683 , 42708.4483031587 
 684 , 42766.4591868802 
 685 , 42836.6018085424 
 686 , 42901.5920480458 
 687 , 42928.9405704731 
 688 , 42907.2070002013 
 689 , 42872.5440008827 
 690 , 42863.8205110087 
 691 , 42881.210511458 
 692 , 42902.1213157866 
 693 , 42912.7647701195 
 694 , 42919.4746128571 
 695 , 42930.7221614237 
 696 , 42949.3666608377 
 697 , 42975.0163753869 
 698 , 43006.3981401143 
 699 , 43040.4256755317 
 700 , 43073.9860711344 
 701 , 43105.9836671473 
 702 , 43136.4561799849 
 703 , 43166.0337845528 
 704 , 43196.5465716478 
 705 , 43229.4234718899 
 706 , 43261.0811418366 
 707 , 43285.2659453728 
 708 , 43296.9232779947 
 709 , 43293.398946495 
 710 , 43273.8052119953 
 711 , 43249.855354679 
 712 , 43239.4989547095 
 713 , 43249.9946197907 
 714 , 43268.9058208405 
 715 , 43283.2371069617 
 716 , 43292.0142161457 
 717 , 43299.8554842454 
 718 , 43309.4257179537 
 719 , 43320.0272424355 
 720 , 43329.7264870521 
 721 , 43330.2128714999 
 722 , 43310.7784679679 
 723 , 43280.2345375215 
 724 , 43277.5589763954 
 725 , 43334.4120467891 
 726 , 43420.6847741837 
 727 , 43483.2694063491 
 728 , 43504.5767106434 
 729 , 43516.5175625054 
 730 , 43547.6171709229 
 731 , 43587.7389694436 
 732 , 43614.1333032837 
 733 , 43624.2113779107 
 734 , 43640.3728567636 
 735 , 43680.810488115 
 736 , 43736.2917117573 
 737 , 43789.7923670264 
 738 , 43834.0495000523 
 739 , 43872.4344532599 
 740 , 43907.8329657455 
 741 , 43938.9626386988 
 742 , 43963.7288439635 
 743 , 43985.2473440381 
 744 , 44011.5622144657 
 745 , 44047.033732663 
 746 , 44082.6755023421 
 747 , 44107.3003365934 
 748 , 44120.5534998997 
 749 , 44130.8591820644 
 750 , 44144.2543960777 
 751 , 44159.1936986452 
 752 , 44173.5117222596 
 753 , 44194.295146489 
 754 , 44234.9129830498 
 755 , 44293.4112979628 
 756 , 44331.1756911482 
 757 , 44310.5868725271 
 758 , 44256.3195784579 
 759 , 44228.2795446119 
 760 , 44257.470963245 
 761 , 44317.8689954791 
 762 , 44378.0409620577 
 763 , 44415.485101858 
 764 , 44412.2396946766 
 765 , 44374.9652096667 
 766 , 44349.2479666841 
 767 , 44374.9502078213 
 768 , 44436.8146050588 
 769 , 44499.4635672316 
 770 , 44541.8014559358 
 771 , 44561.0035830886 
 772 , 44557.1673167568 
 773 , 44538.4676824125 
 774 , 44515.1436896601 
 775 , 44490.5973150712 
 776 , 44461.2633992728 
 777 , 44427.1394468785 
 778 , 44402.0738173733 
 779 , 44401.7624771938 
 780 , 44422.0153360841 
 781 , 44442.6776487806 
 782 , 44451.1738342399 
 783 , 44456.7313188364 
 784 , 44470.6733984534 
 785 , 44486.9133290748 
 786 , 44488.6080900175 
 787 , 44472.9844115996 
 788 , 44466.5360465781 
 789 , 44495.0841641191 
 790 , 44550.791745714 
 791 , 44610.1075306786 
 792 , 44662.9166359242 
 793 , 44720.1249214526 
 794 , 44790.1697466592 
 795 , 44857.3079863407 
 796 , 44898.01195801 
 797 , 44910.245153439 
 798 , 44917.0809871527 
 799 , 44937.525809775 
 800 , 44968.3940524149 
 801 , 45001.0521463743 
 802 , 45029.7580615258 
 803 , 45051.2871389099 
 804 , 45065.3230966203 
 805 , 45079.6578491127 
 806 , 45102.8803861008 
 807 , 45136.1638785915 
 808 , 45175.9500464028 
 809 , 45217.6704099843 
 810 , 45254.8505138148 
 811 , 45281.8401080839 
 812 , 45300.9491070858 
 813 , 45318.0801260362 
 814 , 45337.3656079186 
 815 , 45360.3363761292 
 816 , 45387.0998773473 
 817 , 45411.5923707724 
 818 , 45425.8135679794 
 819 , 45422.0711131089 
 820 , 45392.9931195844 
 821 , 45340.9086159357 
 822 , 45301.1111134513 
 823 , 45312.1901808194 
 824 , 45361.7943143452 
 825 , 45400.6628152605 
 826 , 45400.0890188852 
 827 , 45380.2612937688 
 828 , 45366.148229198 
 829 , 45365.7906056223 
 830 , 45378.691400545 
 831 , 45398.3215840766 
 832 , 45408.9010826066 
 833 , 45397.4202428735 
 834 , 45369.7879332757 
 835 , 45338.0565073801 
 836 , 45311.5931052803 
 837 , 45296.9342877002 
 838 , 45296.6986153248 
 839 , 45300.6946747607 
 840 , 45296.9178990989 
 841 , 45285.1881131001 
 842 , 45273.6637185034 
 843 , 45266.7656417654 
 844 , 45260.4236624872 
 845 , 45250.615462419 
 846 , 45242.2062437631 
 847 , 45244.0730645022 
 848 , 45260.5637954158 
 849 , 45289.6112984489 
 850 , 45328.175183523 
 851 , 45370.9406038169 
 852 , 45411.5647580448 
 853 , 45436.4123810872 
 854 , 45425.1760348521 
 855 , 45373.272406605 
 856 , 45321.309333999 
 857 , 45313.0504997574 
 858 , 45343.2069077871 
 859 , 45377.8483094179 
 860 , 45396.3315502253 
 861 , 45401.9242994928 
 862 , 45400.8912238703 
 863 , 45402.8908840738 
 864 , 45418.3400653589 
 865 , 45444.7981339326 
 866 , 45465.6975777863 
 867 , 45471.6865284324 
 868 , 45480.4541626057 
 869 , 45513.4844497135 
 870 , 45567.597994807 
 871 , 45622.8273737214 
 872 , 45669.973755581 
 873 , 45722.1763378259 
 874 , 45792.2683621521 
 875 , 45873.0464539559 
 876 , 45949.5026125937 
 877 , 46021.3726191058 
 878 , 46106.3595326014 
 879 , 46213.2697699748 
 880 , 46313.3949622887 
 881 , 46372.1386849777 
 882 , 46395.6997215369 
 883 , 46420.1255350934 
 884 , 46462.1119958263 
 885 , 46495.5943085318 
 886 , 46492.1625772272 
 887 , 46445.5572835757 
 888 , 46359.2192419325 
 889 , 46243.52343454 
 890 , 46117.4346571736 
 891 , 46000.8812807038 
 892 , 45915.4040777602 
 893 , 45879.9366800554 
 894 , 45872.1885743778 
 895 , 45840.0176039268 
 896 , 45759.1417455878 
 897 , 45664.650228736 
 898 , 45594.6198496699 
 899 , 45557.4947422085 
 900 , 45549.4634970526 
 901 , 45564.4660470832 
 902 , 45593.8363732331 
 903 , 45625.5593520513 
 904 , 45636.4327018485 
 905 , 45604.3125661125 
 906 , 45549.7092809179 
 907 , 45521.3396892561 
 908 , 45540.6327837735 
 909 , 45577.0609233235 
 910 , 45599.3251780124 
 911 , 45604.8240348719 
 912 , 45601.0732356233 
 913 , 45589.4010763633 
 914 , 45564.7440455132 
 915 , 45528.7849323704 
 916 , 45504.0122469214 
 917 , 45512.9105907109 
 918 , 45540.6779627324 
 919 , 45551.865638816 
 920 , 45533.1348798136 
 921 , 45505.8156354036 
 922 , 45489.7093352889 
 923 , 45483.6532838236 
 924 , 45480.5874784223 
 925 , 45476.5651053618 
 926 , 45470.2458524939 
 927 , 45461.6991006424 
 928 , 45454.057842681 
 929 , 45450.6637161276 
 930 , 45453.2721592573 
 931 , 45462.9369976304 
 932 , 45480.4022447688 
 933 , 45506.0443811074 
 934 , 45536.0142087608 
 935 , 45552.1938691169 
 936 , 45536.0716033626 
 937 , 45498.3402237701 
 938 , 45467.6696290259 
 939 , 45455.7588604013 
 940 , 45445.4709760833 
 941 , 45422.5847794543 
 942 , 45400.6580449738 
 943 , 45400.6526119292 
 944 , 45424.0629306325 
 945 , 45455.7506454089 
 946 , 45483.1509977693 
 947 , 45500.8500143638 
 948 , 45506.0588230713 
 949 , 45507.2588597576 
 950 , 45517.3622383659 
 951 , 45539.0960960421 
 952 , 45563.6025306114 
 953 , 45584.0340056035 
 954 , 45601.7546189712 
 955 , 45619.2271234798 
 956 , 45634.1132641716 
 957 , 45641.3631215533 
 958 , 45635.1547252646 
 959 , 45608.5751436079 
 960 , 45560.4002668472 
 961 , 45513.2479277822 
 962 , 45493.5721326725 
 963 , 45496.6485766553 
 964 , 45495.551131235 
 965 , 45478.1327382204 
 966 , 45460.6441436822 
 967 , 45458.8803737076 
 968 , 45469.7601350291 
 969 , 45484.0167640268 
 970 , 45493.5630542022 
 971 , 45491.3837770248 
 972 , 45476.4586502897 
 973 , 45461.482077939 
 974 , 45458.5962527059 
 975 , 45463.4403986132 
 976 , 45465.3379767908 
 977 , 45464.7753886185 
 978 , 45474.1022034776 
 979 , 45496.3369834632 
 980 , 45506.9528297193 
 981 , 45482.7666769534 
 982 , 45450.2889582105 
 983 , 45459.1303980465 
 984 , 45519.2701956198 
 985 , 45591.3596956564 
 986 , 45641.2971924934 
 987 , 45662.2027990824 
 988 , 45654.6460071916 
 989 , 45637.5347388795 
 990 , 45639.591087103 
 991 , 45666.1168935892 
 992 , 45689.2589025286 
 993 , 45691.0149571448 
 994 , 45699.6034740292 
 995 , 45749.6531972092 
 996 , 45826.3246037324 
 997 , 45884.2055337251 
 998 , 45910.6231740513 
 999 , 45944.6812143232 
 1000 , 46022.7993752826 
 1001 , 46151.6320715369 
 1002 , 46328.9396656691 
 1003 , 46537.737669973 
 1004 , 46750.9193369431 
 1005 , 46937.4848762753 
 1006 , 47060.231257781 
 1007 , 47087.6808277976 
 1008 , 47016.5338174682 
 1009 , 46852.9157275752 
 1010 , 46624.3221396989 
 1011 , 46373.5403641647 
 1012 , 46133.5812288015 
 1013 , 45919.693237379 
 1014 , 45743.4726063876 
 1015 , 45607.9155868265 
 1016 , 45513.5562765607 
 1017 , 45461.3786439162 
 1018 , 45452.5777987463 
 1019 , 45477.2536370054 
 1020 , 45505.6740758243 
 1021 , 45512.7542775877 
 1022 , 45504.7911416596 
 1023 , 45496.1303212611 
 1024 , 45485.2188260075 
 1025 , 45458.9129160982 
 1026 , 45417.4964961518 
 1027 , 45385.4540012478 
 1028 , 45384.4099835444 
 1029 , 45411.5945996174 
 1030 , 45456.9757340889 
 1031 , 45506.6296633467 
 1032 , 45543.9889644714 
 1033 , 45563.8868908181 
 1034 , 45580.6124016143 
 1035 , 45605.016457577 
 1036 , 45624.8724941946 
 1037 , 45623.2530523243 
 1038 , 45602.4746666225 
 1039 , 45577.7521167506 
 1040 , 45555.8270157696 
 1041 , 45529.6061257514 
 1042 , 45494.6176081309 
 1043 , 45461.6963570601 
 1044 , 45444.1780678705 
 1045 , 45440.9864850748 
 1046 , 45442.1524960945 
 1047 , 45440.8984716227 
 1048 , 45435.246721892 
 1049 , 45426.4820766363 
 1050 , 45426.1065745878 
 1051 , 45445.9314804215 
 1052 , 45479.1944777956 
 1053 , 45509.0817434722 
 1054 , 45527.7219549903 
 1055 , 45538.8103839945 
 1056 , 45547.0725815447 
 1057 , 45558.0780806206 
 1058 , 45575.5858253016 
 1059 , 45587.6147466029 
 1060 , 45575.2205086184 
 1061 , 45535.3442385152 
 1062 , 45482.4883617469 
 1063 , 45433.0904243672 
 1064 , 45406.2348332437 
 1065 , 45415.9308897806 
 1066 , 45440.3700827056 
 1067 , 45444.4985113251 
 1068 , 45415.5215372513 
 1069 , 45361.3019070675 
 1070 , 45293.918002451 
 1071 , 45232.6840424539 
 1072 , 45193.0023863911 
 1073 , 45165.2115941392 
 1074 , 45132.7873287538 
 1075 , 45097.3569661068 
 1076 , 45074.1886983466 
 1077 , 45072.7115308111 
 1078 , 45091.931492522 
 1079 , 45127.073110012 
 1080 , 45162.1697723816 
 1081 , 45180.719252412 
 1082 , 45190.2222790701 
 1083 , 45211.8534673301 
 1084 , 45238.9605763212 
 1085 , 45227.8179467716 
 1086 , 45155.0333256841 
 1087 , 45066.7680138919 
 1088 , 45014.1722197936 
 1089 , 44986.5331780277 
 1090 , 44946.342788892 
 1091 , 44891.3472197648 
 1092 , 44855.1102565235 
 1093 , 44850.5468244538 
 1094 , 44840.5391241751 
 1095 , 44791.5303011432 
 1096 , 44725.9604563899 
 1097 , 44682.0011319254 
 1098 , 44653.3511092461 
 1099 , 44600.4708843694 
 1100 , 44514.0270945692 
 1101 , 44435.5509157535 
 1102 , 44395.823203127 
 1103 , 44367.3660318658 
 1104 , 44313.9088203389 
 1105 , 44245.2550544176 
 1106 , 44195.5538675044 
 1107 , 44173.7527004604 
 1108 , 44158.9048767729 
 1109 , 44136.4704686445 
 1110 , 44112.8315771365 
 1111 , 44096.3614501603 
 1112 , 44087.3011248911 
 1113 , 44082.4993407283 
 1114 , 44073.3514379985 
 1115 , 44046.8951941995 
 1116 , 44001.0792529903 
 1117 , 43953.1640867212 
 1118 , 43917.0302826449 
 1119 , 43885.5018951161 
 1120 , 43848.0401086041 
 1121 , 43811.7931533421 
 1122 , 43793.3605323578 
 1123 , 43796.3019581602 
 1124 , 43808.729292728 
 1125 , 43818.1252856635 
 1126 , 43812.613308153 
 1127 , 43783.244995817 
 1128 , 43737.4859075859 
 1129 , 43688.3445128385 
 1130 , 43643.3784098967 
 1131 , 43605.8908830398 
 1132 , 43576.919282017 
 1133 , 43554.0421473568 
 1134 , 43532.7821213403 
 1135 , 43502.5446749662 
 1136 , 43453.1206323797 
 1137 , 43388.4268324814 
 1138 , 43319.1972869735 
 1139 , 43253.9812154667 
 1140 , 43199.053257354 
 1141 , 43159.1589775855 
 1142 , 43136.0400000186 
 1143 , 43129.5896937471 
 1144 , 43132.8551591865 
 1145 , 43137.179645683 
 1146 , 43137.1365993036 
 1147 , 43129.2667540016 
 1148 , 43108.150934169 
 1149 , 43065.8540036891 
 1150 , 43001.6544356679 
 1151 , 42934.3594468828 
 1152 , 42882.7622735324 
 1153 , 42846.7636624239 
 1154 , 42819.2948441715 
 1155 , 42792.1361952842 
 1156 , 42756.4618207566 
 1157 , 42718.1160499732 
 1158 , 42705.2616960526 
 1159 , 42732.7327103411 
 1160 , 42767.0051911299 
 1161 , 42771.1165991947 
 1162 , 42751.6554762025 
 1163 , 42732.7501779331 
 1164 , 42716.0315868334 
 1165 , 42683.5470234611 
 1166 , 42626.9638604706 
 1167 , 42555.7929903554 
 1168 , 42483.1000949648 
 1169 , 42428.3997790786 
 1170 , 42408.9029016583 
 1171 , 42411.4497394754 
 1172 , 42408.9747237234 
 1173 , 42390.4545571941 
 1174 , 42360.3362999245 
 1175 , 42323.274320656 
 1176 , 42283.1371728706 
 1177 , 42243.3929635471 
 1178 , 42206.2756735303 
 1179 , 42173.1739211098 
 1180 , 42140.7807380665 
 1181 , 42103.7895512893 
 1182 , 42066.4109590007 
 1183 , 42042.2949658771 
 1184 , 42027.9186195706 
 1185 , 41985.2740239202 
 1186 , 41890.1864196172 
 1187 , 41790.6723829638 
 1188 , 41746.4033046647 
 1189 , 41758.9505500366 
 1190 , 41799.2655282414 
 1191 , 41827.9128654232 
 1192 , 41795.6471115664 
 1193 , 41695.5871298915 
 1194 , 41603.6791008793 
 1195 , 41580.2831977906 
 1196 , 41587.1312749106 
 1197 , 41569.1384485885 
 1198 , 41533.7991521 
 1199 , 41518.1746941622 
 1200 , 41522.5977847317 
 1201 , 41512.2299843295 
 1202 , 41470.9618503774 
 1203 , 41419.3178976147 
 1204 , 41375.1983032653 
 1205 , 41332.9082769221 
 1206 , 41283.584781898 
 1207 , 41234.8855599278 
 1208 , 41201.2267703391 
 1209 , 41182.3841805521 
 1210 , 41165.4764697099 
 1211 , 41145.8903163831 
 1212 , 41133.1679274218 
 1213 , 41120.9967303091 
 1214 , 41048.6514436459 
 1215 , 40867.4217853809 
 1216 , 40675.9939918976 
 1217 , 40620.8828180759 
 1218 , 40690.9504247689 
 1219 , 40757.2015819632 
 1220 , 40749.782583383 
 1221 , 40685.3317686468 
 1222 , 40589.1733096493 
 1223 , 40492.6422306891 
 1224 , 40423.2932280213 
 1225 , 40383.6699655116 
 1226 , 40367.4485730373 
 1227 , 40360.7256567504 
 1228 , 40345.163456488 
 1229 , 40310.9346424269 
 1230 , 40257.9933044219 
 1231 , 40187.2985780746 
 1232 , 40100.8025290238 
 1233 , 40006.6453903354 
 1234 , 39937.5874442568 
 1235 , 39925.9856247534 
 1236 , 39949.8553081983 
 1237 , 39962.2336810481 
 1238 , 39945.4301281194 
 1239 , 39907.9910495876 
 1240 , 39859.9260578377 
 1241 , 39812.1164665239 
 1242 , 39769.483120404 
 1243 , 39718.9117309213 
 1244 , 39649.0340668864 
 1245 , 39578.0784728097 
 1246 , 39532.4352264556 
 1247 , 39508.4572613568 
 1248 , 39483.0724004609 
 1249 , 39448.2599318116 
 1250 , 39414.1162113592 
 1251 , 39387.6188266302 
 1252 , 39366.9540143003 
 1253 , 39347.8650454558 
 1254 , 39320.8311118856 
 1255 , 39277.7159449463 
 1256 , 39231.1478398651 
 1257 , 39201.6480609493 
 1258 , 39180.1448599253 
 1259 , 39133.4914250275 
 1260 , 39052.7781233711 
 1261 , 38965.3192834262 
 1262 , 38898.4997328766 
 1263 , 38872.4901438598 
 1264 , 38896.9013101204 
 1265 , 38935.5324945085 
 1266 , 38943.2424520162 
 1267 , 38922.31436167 
 1268 , 38900.027270528 
 1269 , 38877.8027361824 
 1270 , 38832.2154019445 
 1271 , 38760.1553020865 
 1272 , 38694.0077081764 
 1273 , 38657.5321716845 
 1274 , 38638.8631454217 
 1275 , 38620.3855374493 
 1276 , 38589.1140921408 
 1277 , 38535.0211002077 
 1278 , 38462.7892034703 
 1279 , 38386.3374170652 
 1280 , 38327.1688571039 
 1281 , 38314.2001733733 
 1282 , 38347.1264134344 
 1283 , 38373.1447748063 
 1284 , 38355.1177197645 
 1285 , 38321.9777709575 
 1286 , 38308.4579032624 
 1287 , 38308.4847278239 
 1288 , 38301.9477976979 
 1289 , 38273.9076650193 
 1290 , 38213.4755412485 
 1291 , 38130.6154701294 
 1292 , 38056.7987860745 
 1293 , 38007.3806026633 
 1294 , 37967.6126362896 
 1295 , 37923.5421033755 
 1296 , 37872.9690490374 
 1297 , 37816.7472458163 
 1298 , 37760.2144671707 
 1299 , 37709.7519136687 
 1300 , 37666.7842358711 
 1301 , 37629.8467403442 
 1302 , 37597.8479534985 
 1303 , 37570.0416108162 
 1304 , 37542.0055852668 
 1305 , 37503.3606170337 
 1306 , 37448.1212621922 
 1307 , 37383.8423107372 
 1308 , 37319.8379651694 
 1309 , 37262.8124309244 
 1310 , 37218.4270213844 
 1311 , 37190.0976620516 
 1312 , 37178.7773736333 
 1313 , 37162.6510300225 
 1314 , 37101.561243124 
 1315 , 36998.7264324033 
 1316 , 36918.0177067239 
 1317 , 36896.6353734811 
 1318 , 36900.6852524561 
 1319 , 36894.9569306755 
 1320 , 36877.7208503684 
 1321 , 36854.7618734734 
 1322 , 36827.3272413884 
 1323 , 36794.6602341559 
 1324 , 36754.6286383869 
 1325 , 36704.25655547 
 1326 , 36643.2164628954 
 1327 , 36574.184323795 
 1328 , 36505.6117292127 
 1329 , 36455.9229083562 
 1330 , 36435.3410142792 
 1331 , 36427.0425873451 
 1332 , 36411.7987216351 
 1333 , 36382.950618343 
 1334 , 36338.3733904201 
 1335 , 36281.4058925467 
 1336 , 36218.6088939244 
 1337 , 36163.4474419461 
 1338 , 36134.3742719121 
 1339 , 36124.767484064 
 1340 , 36095.5235563265 
 1341 , 36028.5470174759 
 1342 , 35953.4569828887 
 1343 , 35896.458116195 
 1344 , 35852.3927819788 
 1345 , 35812.6672191806 
 1346 , 35786.5892013078 
 1347 , 35786.4945545982 
 1348 , 35793.0629519279 
 1349 , 35770.8947094644 
 1350 , 35717.6360230736 
 1351 , 35659.9092364159 
 1352 , 35608.8230693265 
 1353 , 35552.9068538606 
 1354 , 35485.338967932 
 1355 , 35412.7872825979 
 1356 , 35342.0495674013 
 1357 , 35274.3282108291 
 1358 , 35210.7160244044 
 1359 , 35158.5556111793 
 1360 , 35125.1817702398 
 1361 , 35096.6852004011 
 1362 , 35048.3014183642 
 1363 , 34972.7359463681 
 1364 , 34878.1143079173 
 1365 , 34785.6869496518 
 1366 , 34733.0201214612 
 1367 , 34731.0561404597 
 1368 , 34735.0018584167 
 1369 , 34705.8969193889 
 1370 , 34644.3374688314 
 1371 , 34561.5871402849 
 1372 , 34483.4516584764 
 1373 , 34435.8922163756 
 1374 , 34407.9437751998 
 1375 , 34371.7539058376 
 1376 , 34319.5787502829 
 1377 , 34258.8399261642 
 1378 , 34195.3335223875 
 1379 , 34132.562297868 
 1380 , 34070.8168826617 
 1381 , 34005.1634031139 
 1382 , 33934.6897444307 
 1383 , 33870.1906473255 
 1384 , 33820.5663609635 
 1385 , 33779.5209808033 
 1386 , 33737.7749898212 
 1387 , 33691.495667705 
 1388 , 33638.6504327085 
 1389 , 33573.661604069 
 1390 , 33489.862726974 
 1391 , 33399.4105694004 
 1392 , 33330.5229338841 
 1393 , 33291.9019523413 
 1394 , 33266.3444158962 
 1395 , 33239.6336320953 
 1396 , 33206.5447543702 
 1397 , 33164.8085292508 
 1398 , 33117.7451020497 
 1399 , 33068.7095202834 
 1400 , 33016.8047293072 
 1401 , 32961.346374643 
 1402 , 32911.1146013315 
 1403 , 32877.2136481645 
 1404 , 32852.8454412357 
 1405 , 32820.9032635224 
 1406 , 32778.5172445389 
 1407 , 32735.6473647272 
 1408 , 32700.219531023 
 1409 , 32676.8779691499 
 1410 , 32662.566702064 
 1411 , 32640.2585015375 
 1412 , 32600.4609415665 
 1413 , 32558.5921642583 
 1414 , 32529.6247207666 
 1415 , 32509.2470471404 
 1416 , 32488.778430455 
 1417 , 32463.2017313821 
 1418 , 32429.4714310451 
 1419 , 32389.9960821934 
 1420 , 32349.4189469192 
 1421 , 32299.8162164739 
 1422 , 32223.9424933847 
 1423 , 32123.9644473026 
 1424 , 32024.0692607596 
 1425 , 31945.2419426119 
 1426 , 31901.4730651247 
 1427 , 31892.3001856764 
 1428 , 31885.9515764544 
 1429 , 31857.0830804581 
 1430 , 31815.5875622697 
 1431 , 31774.591968517 
 1432 , 31728.0289780297 
 1433 , 31666.4925192049 
 1434 , 31597.8878140005 
 1435 , 31536.4652035192 
 1436 , 31483.8585063199 
 1437 , 31434.0982579831 
 1438 , 31383.6621326305 
 1439 , 31331.3158386365 
 1440 , 31279.2750868205 
 1441 , 31233.7350066244 
 1442 , 31201.2869676668 
 1443 , 31188.7531334056 
 1444 , 31193.0837907012 
 1445 , 31188.7654759287 
 1446 , 31156.435056804 
 1447 , 31106.4477024796 
 1448 , 31054.0786772931 
 1449 , 31009.849033228 
 1450 , 30980.7832464918 
 1451 , 30959.8386027438 
 1452 , 30936.5762399878 
 1453 , 30922.796787176 
 1454 , 30940.7198195753 
 1455 , 30982.1687394213 
 1456 , 31016.034490041 
 1457 , 31020.6824693825 
 1458 , 30985.2306961921 
 1459 , 30915.4588617076 
 1460 , 30839.5466990604 
 1461 , 30771.7095581445 
 1462 , 30696.6861952608 
 1463 , 30606.0753155982 
 1464 , 30517.6219917046 
 1465 , 30444.4844166777 
 1466 , 30368.5740995043 
 1467 , 30271.9350730394 
 1468 , 30171.9112532723 
 1469 , 30091.7902133045 
 1470 , 30020.1356360568 
 1471 , 29934.0730841928 
 1472 , 29843.448429524 
 1473 , 29775.1223233951 
 1474 , 29730.8740707142 
 1475 , 29693.8630195519 
 1476 , 29660.7282114444 
 1477 , 29641.7041413511 
 1478 , 29632.100209428 
 1479 , 29606.9254584155 
 1480 , 29552.7569058856 
 1481 , 29478.6738176864 
 1482 , 29398.3936020007 
 1483 , 29331.1379657559 
 1484 , 29290.9834256106 
 1485 , 29273.7706842844 
 1486 , 29267.8551162139 
 1487 , 29245.0354535159 
 1488 , 29182.046264514 
 1489 , 29107.4553055404 
 1490 , 29061.7785875488 
 1491 , 29038.7954260995 
 1492 , 29012.7686955478 
 1493 , 28979.5736546049 
 1494 , 28947.803438733 
 1495 , 28920.7591835354 
 1496 , 28897.2944873224 
 1497 , 28871.6776517117 
 1498 , 28833.9724375051 
 1499 , 28783.4969967345 
 1500 , 28731.4934442117 
 1501 , 28682.0264980772 
 1502 , 28626.2346064393 
 1503 , 28563.0735620127 
 1504 , 28510.3795979444 
 1505 , 28479.7618684317 
 1506 , 28459.494148322 
 1507 , 28435.9422982147 
 1508 , 28402.5693410551 
 1509 , 28356.8892317228 
 1510 , 28307.8709479298 
 1511 , 28264.8046693877 
 1512 , 28219.0477133359 
 1513 , 28157.099914765 
 1514 , 28079.9139907371 
 1515 , 27996.121501349 
 1516 , 27922.7719544276 
 1517 , 27879.9513990065 
 1518 , 27858.7396604235 
 1519 , 27829.2810558265 
 1520 , 27781.4465077536 
 1521 , 27724.2259362376 
 1522 , 27670.4196216703 
 1523 , 27636.175999262 
 1524 , 27626.291212997 
 1525 , 27628.8429718267 
 1526 , 27626.3728131739 
 1527 , 27593.9126255591 
 1528 , 27522.2401924737 
 1529 , 27438.9853205801 
 1530 , 27368.9160096794 
 1531 , 27314.9278689512 
 1532 , 27275.9104589301 
 1533 , 27249.9684831749 
 1534 , 27237.3181684346 
 1535 , 27248.2249424061 
 1536 , 27287.8672715112 
 1537 , 27318.0209414497 
 1538 , 27292.8095526306 
 1539 , 27216.9359288133 
 1540 , 27117.0351069978 
 1541 , 27023.458019616 
 1542 , 26965.1347746336 
 1543 , 26933.3389093697 
 1544 , 26897.4797932251 
 1545 , 26856.6308436568 
 1546 , 26831.8800569621 
 1547 , 26825.146643548 
 1548 , 26820.4333007594 
 1549 , 26808.2867938572 
 1550 , 26787.2468157934 
 1551 , 26757.6452267203 
 1552 , 26721.6449124409 
 1553 , 26682.1470498615 
 1554 , 26643.05625161 
 1555 , 26612.381370568 
 1556 , 26605.6183621799 
 1557 , 26622.7569199585 
 1558 , 26627.0096081306 
 1559 , 26591.7526568918 
 1560 , 26531.4171191745 
 1561 , 26465.0273301021 
 1562 , 26404.2318864899 
 1563 , 26355.2917203089 
 1564 , 26309.2619164196 
 1565 , 26257.7759501656 
 1566 , 26212.5864211856 
 1567 , 26187.8995706593 
 1568 , 26178.583872146 
 1569 , 26174.5049145182 
 1570 , 26177.3493210488 
 1571 , 26191.1960677617 
 1572 , 26199.8178943911 
 1573 , 26179.7812952329 
 1574 , 26133.9200960861 
 1575 , 26079.0879536451 
 1576 , 26021.0303034386 
 1577 , 25958.6520969109 
 1578 , 25899.6288691299 
 1579 , 25858.0898809409 
 1580 , 25842.1506016124 
 1581 , 25853.5940246604 
 1582 , 25872.9919576468 
 1583 , 25860.8514292153 
 1584 , 25810.4105659533 
 1585 , 25753.2791121305 
 1586 , 25705.8339738009 
 1587 , 25661.6528958555 
 1588 , 25617.4454315829 
 1589 , 25576.9867737806 
 1590 , 25546.461031822 
 1591 , 25535.0413364773 
 1592 , 25535.3485927064 
 1593 , 25507.3337666753 
 1594 , 25435.1626496771 
 1595 , 25364.9244991635 
 1596 , 25330.5852803946 
 1597 , 25314.6610746944 
 1598 , 25295.1341252644 
 1599 , 25259.8288629123 
 1600 , 25205.3863388803 
 1601 , 25151.4309569252 
 1602 , 25116.2812958801 
 1603 , 25096.2239740759 
 1604 , 25083.0577434557 
 1605 , 25071.0601968766 
 1606 , 25058.1802585011 
 1607 , 25056.6348876401 
 1608 , 25074.4745106694 
 1609 , 25075.2487943053 
 1610 , 25017.4055517862 
 1611 , 24916.9683521259 
 1612 , 24810.1061135218 
 1613 , 24725.1689045542 
 1614 , 24681.5947669271 
 1615 , 24655.9777612155 
 1616 , 24610.0665111921 
 1617 , 24545.3238183266 
 1618 , 24481.8327236426 
 1619 , 24426.3295384373 
 1620 , 24378.1380145192 
 1621 , 24337.0525909743 
 1622 , 24302.6527783798 
 1623 , 24267.9629050936 
 1624 , 24222.7870285149 
 1625 , 24171.7656237117 
 1626 , 24129.5603857139 
 1627 , 24100.9374402459 
 1628 , 24082.2307374211 
 1629 , 24059.8570196022 
 1630 , 24013.471446225 
 1631 , 23949.0360924888 
 1632 , 23895.5184890642 
 1633 , 23861.7357776868 
 1634 , 23836.3894983727 
 1635 , 23813.38852829 
 1636 , 23792.6412327155 
 1637 , 23766.7635913848 
 1638 , 23720.5454046385 
 1639 , 23656.6749410573 
 1640 , 23599.1766990731 
 1641 , 23562.0234435625 
 1642 , 23544.6210419729 
 1643 , 23529.5641668394 
 1644 , 23479.1165834395 
 1645 , 23393.2746171659 
 1646 , 23326.5825125795 
 1647 , 23305.6492637233 
 1648 , 23309.5121088765 
 1649 , 23315.9291721994 
 1650 , 23306.8271891349 
 1651 , 23274.2165124478 
 1652 , 23226.0986077455 
 1653 , 23174.1539949655 
 1654 , 23133.6913287561 
 1655 , 23106.7626196127 
 1656 , 23071.106129807 
 1657 , 23017.424135368 
 1658 , 22965.3724111291 
 1659 , 22930.1760140801 
 1660 , 22912.1887799772 
 1661 , 22900.9605392902 
 1662 , 22867.8233929142 
 1663 , 22802.677486237 
 1664 , 22738.6500167059 
 1665 , 22697.9203821833 
 1666 , 22667.4975037494 
 1667 , 22636.6099589208 
 1668 , 22609.4765347766 
 1669 , 22586.1947234323 
 1670 , 22552.9713237299 
 1671 , 22503.5579421059 
 1672 , 22453.6750285717 
 1673 , 22414.6845223766 
 1674 , 22380.234941359 
 1675 , 22343.6622736611 
 1676 , 22303.7388301607 
 1677 , 22258.0951814404 
 1678 , 22199.6369496984 
 1679 , 22134.6614798416 
 1680 , 22104.3322031244 
 1681 , 22123.3716572994 
 1682 , 22127.1882481971 
 1683 , 22072.0035022042 
 1684 , 21997.0564548273 
 1685 , 21938.5479312409 
 1686 , 21892.5680255229 
 1687 , 21850.139353939 
 1688 , 21805.2372999907 
 1689 , 21757.8049675125 
 1690 , 21721.6544280634 
 1691 , 21706.4222729913 
 1692 , 21705.8745910625 
 1693 , 21708.615415729 
 1694 , 21696.5232631823 
 1695 , 21660.7683865908 
 1696 , 21617.8958385314 
 1697 , 21580.4738810347 
 1698 , 21542.1328154277 
 1699 , 21500.5094780331 
 1700 , 21469.4997439575 
 1701 , 21454.1254016352 
 1702 , 21433.0970893669 
 1703 , 21394.2924595922 
 1704 , 21355.1890107432 
 1705 , 21326.8594481867 
 1706 , 21296.8393725083 
 1707 , 21256.1563591128 
 1708 , 21210.3777422342 
 1709 , 21163.8630474901 
 1710 , 21114.4107999694 
 1711 , 21063.8477011688 
 1712 , 21023.8807656278 
 1713 , 20998.6272942276 
 1714 , 20974.8743524566 
 1715 , 20943.6032394081 
 1716 , 20907.6585773368 
 1717 , 20872.4389699746 
 1718 , 20845.5224376434 
 1719 , 20829.4031018079 
 1720 , 20817.2681134294 
 1721 , 20802.3357972178 
 1722 , 20779.5262337009 
 1723 , 20748.7224615718 
 1724 , 20717.3838449141 
 1725 , 20687.9617405358 
 1726 , 20654.3080001104 
 1727 , 20612.1880119533 
 1728 , 20561.298195423 
 1729 , 20507.1714618748 
 1730 , 20462.5997332961 
 1731 , 20429.1294058498 
 1732 , 20393.4472951134 
 1733 , 20353.163155609 
 1734 , 20320.0896477327 
 1735 , 20297.8227706751 
 1736 , 20279.7025415771 
 1737 , 20262.253892964 
 1738 , 20245.928280608 
 1739 , 20229.0414538839 
 1740 , 20207.3664755637 
 1741 , 20172.4709071172 
 1742 , 20113.7583584978 
 1743 , 20051.0471564686 
 1744 , 20027.2303532703 
 1745 , 20028.2609008509 
 1746 , 19997.3097550103 
 1747 , 19934.2400992034 
 1748 , 19880.3243228082 
 1749 , 19851.242906589 
 1750 , 19843.1637307891 
 1751 , 19839.4917192458 
 1752 , 19818.001415933 
 1753 , 19779.280090815 
 1754 , 19737.0615757582 
 1755 , 19703.1356577947 
 1756 , 19685.80695292 
 1757 , 19674.253386841 
 1758 , 19650.8722220353 
 1759 , 19615.9790075281 
 1760 , 19577.6868576499 
 1761 , 19543.4762912878 
 1762 , 19517.866361728 
 1763 , 19489.8860547476 
 1764 , 19448.0472583618 
 1765 , 19406.422216567 
 1766 , 19383.1292164631 
 1767 , 19377.6626703911 
 1768 , 19382.0950485261 
 1769 , 19379.8963987102 
 1770 , 19356.2008661613 
 1771 , 19309.7766615135 
 1772 , 19248.3204319506 
 1773 , 19198.0470690706 
 1774 , 19180.8858377542 
 1775 , 19196.7912297604 
 1776 , 19229.472592158 
 1777 , 19232.3412986509 
 1778 , 19186.1734165759 
 1779 , 19140.1923850767 
 1780 , 19121.8876499335 
 1781 , 19100.8882743126 
 1782 , 19059.3797424114 
 1783 , 19011.2091974006 
 1784 , 18966.8536495054 
 1785 , 18927.4084609642 
 1786 , 18893.2761992105 
 1787 , 18864.9570938004 
 1788 , 18843.6708384232 
 1789 , 18831.3235675483 
 1790 , 18827.0673222736 
 1791 , 18827.0319671711 
 1792 , 18822.8049168761 
 1793 , 18803.6015827203 
 1794 , 18779.792193794 
 1795 , 18774.625833423 
 1796 , 18773.8422441667 
 1797 , 18742.8862582097 
 1798 , 18691.1637224031 
 1799 , 18649.7956760542 
 1800 , 18622.6149824379 
 1801 , 18600.9577153364 
 1802 , 18582.1511001356 
 1803 , 18566.2754769049 
 1804 , 18554.7340322271 
 1805 , 18546.660874642 
 1806 , 18528.2464062068 
 1807 , 18487.0556422926 
 1808 , 18431.2903632157 
 1809 , 18376.1693596399 
 1810 , 18343.1946839922 
 1811 , 18341.8262015838 
 1812 , 18344.6666325759 
 1813 , 18329.1733312984 
 1814 , 18298.720186183 
 1815 , 18265.353513809 
 1816 , 18250.5955732257 
 1817 , 18258.2614820045 
 1818 , 18261.8920699494 
 1819 , 18250.8152048024 
 1820 , 18239.3961522602 
 1821 , 18229.4137458299 
 1822 , 18206.6024971858 
 1823 , 18168.5094460753 
 1824 , 18125.1066666912 
 1825 , 18088.6190897988 
 1826 , 18071.0289797632 
 1827 , 18063.8463959771 
 1828 , 18046.707781689 
 1829 , 18017.9817275216 
 1830 , 17987.0872598017 
 1831 , 17966.8243456317 
 1832 , 17966.2719309544 
 1833 , 17962.8094054871 
 1834 , 17929.6812331498 
 1835 , 17877.850878621 
 1836 , 17827.471995633 
 1837 , 17789.9052314346 
 1838 , 17769.5643710957 
 1839 , 17755.8889776482 
 1840 , 17739.1510406876 
 1841 , 17719.0076060971 
 1842 , 17698.5547897214 
 1843 , 17684.8221036022 
 1844 , 17678.532049152 
 1845 , 17669.5400790495 
 1846 , 17656.2938165448 
 1847 , 17649.4999559934 
 1848 , 17647.5072862373 
 1849 , 17635.020222221 
 1850 , 17607.315480076 
 1851 , 17569.7395936018 
 1852 , 17530.8408568875 
 1853 , 17500.1633048159 
 1854 , 17477.2271976599 
 1855 , 17456.5453920117 
 1856 , 17437.6730104902 
 1857 , 17421.3277237125 
 1858 , 17401.7691257489 
 1859 , 17374.517991261 
 1860 , 17350.7234109764 
 1861 , 17337.1701027814 
 1862 , 17311.1832975042 
 1863 , 17259.5408716641 
 1864 , 17210.407152046 
 1865 , 17187.2983356929 
 1866 , 17190.0760960792 
 1867 , 17203.1778722674 
 1868 , 17191.6698689351 
 1869 , 17151.2937773645 
 1870 , 17117.6369268367 
 1871 , 17093.2666705027 
 1872 , 17047.8704890222 
 1873 , 16995.5871754898 
 1874 , 16981.6387522302 
 1875 , 16994.5376133467 
 1876 , 16992.0028501378 
 1877 , 16969.874996112 
 1878 , 16942.120910782 
 1879 , 16920.6475267226 
 1880 , 16912.2266552356 
 1881 , 16904.4420045629 
 1882 , 16884.7006226336 
 1883 , 16857.3989694503 
 1884 , 16831.1946391329 
 1885 , 16816.5101781487 
 1886 , 16813.0320083222 
 1887 , 16799.90564004 
 1888 , 16772.4603919822 
 1889 , 16752.1977337123 
 1890 , 16742.4894478331 
 1891 , 16724.8807031738 
 1892 , 16693.179658178 
 1893 , 16652.3518142593 
 1894 , 16603.3642168758 
 1895 , 16546.7933449202 
 1896 , 16503.6923637881 
 1897 , 16497.499656128 
 1898 , 16505.3042119786 
 1899 , 16495.4563181203 
 1900 , 16472.7549326935 
 1901 , 16448.7306769334 
 1902 , 16424.9165610873 
 1903 , 16401.0773314791 
 1904 , 16377.4471563776 
 1905 , 16353.849880624 
 1906 , 16329.4159029453 
 1907 , 16308.2717392899 
 1908 , 16300.1761837215 
 1909 , 16294.8377246078 
 1910 , 16264.1527598842 
 1911 , 16208.0017635888 
 1912 , 16147.7768851914 
 1913 , 16110.4801321816 
 1914 , 16118.7174786206 
 1915 , 16149.1923078477 
 1916 , 16164.4272243338 
 1917 , 16144.756370391 
 1918 , 16089.1619957708 
 1919 , 16040.3191021832 
 1920 , 16023.7131312508 
 1921 , 16005.0697166668 
 1922 , 15964.8296766512 
 1923 , 15922.1029572151 
 1924 , 15891.3312387439 
 1925 , 15876.2365582853 
 1926 , 15872.3969024085 
 1927 , 15869.1823255573 
 1928 , 15862.7803451327 
 1929 , 15853.2862259293 
 1930 , 15834.7637467777 
 1931 , 15800.7865935404 
 1932 , 15758.1852363059 
 1933 , 15718.0550206762 
 1934 , 15690.5837632275 
 1935 , 15679.0783982908 
 1936 , 15669.3783454687 
 1937 , 15655.778147486 
 1938 , 15653.2817755401 
 1939 , 15662.5761058203 
 1940 , 15663.1020322271 
 1941 , 15653.9487544246 
 1942 , 15652.3195520149 
 1943 , 15646.6388877757 
 1944 , 15610.794879618 
 1945 , 15567.1411106902 
 1946 , 15551.024986423 
 1947 , 15537.6871951602 
 1948 , 15498.8279960681 
 1949 , 15469.3357914062 
 1950 , 15470.3362832236 
 1951 , 15451.0893350688 
 1952 , 15388.9188029371 
 1953 , 15329.8902865581 
 1954 , 15299.3968196996 
 1955 , 15288.4159313406 
 1956 , 15288.0295170963 
 1957 , 15290.5666624775 
 1958 , 15280.2503214021 
 1959 , 15241.3328621369 
 1960 , 15193.5694535552 
 1961 , 15164.9533717978 
 1962 , 15151.3989557344 
 1963 , 15143.4584675352 
 1964 , 15143.614438701 
 1965 , 15146.266363853 
 1966 , 15124.8600726724 
 1967 , 15079.5551731798 
 1968 , 15050.7954870311 
 1969 , 15042.7643138249 
 1970 , 15023.0802081354 
 1971 , 14991.2899679087 
 1972 , 14967.9036721973 
 1973 , 14957.0750916737 
 1974 , 14952.9274633611 
 1975 , 14938.8272948239 
 1976 , 14905.6441398985 
 1977 , 14879.6235261973 
 1978 , 14878.5898679315 
 1979 , 14886.6257865953 
 1980 , 14888.6252095722 
 1981 , 14877.1926253488 
 1982 , 14847.2652500528 
 1983 , 14797.0623538552 
 1984 , 14744.3382102953 
 1985 , 14715.7943927692 
 1986 , 14706.2211728741 
 1987 , 14697.6793677415 
 1988 , 14681.2587065904 
 1989 , 14653.5653619049 
 1990 , 14619.7871702207 
 1991 , 14587.663775231 
 1992 , 14566.8126072739 
 1993 , 14568.6396020066 
 1994 , 14604.406996575 
 1995 , 14643.4596468323 
 1996 , 14625.7682390321 
 1997 , 14575.1720393782 
 1998 , 14554.4650020806 
 1999 , 14552.6430792932 
 2000 , 14539.5390220756 
 2001 , 14523.6815040489 
 2002 , 14515.0090900079 
 2003 , 14503.1174360608 
 2004 , 14479.9125691513 
 2005 , 14446.5306444267 
 2006 , 14414.659295173 
 2007 , 14403.7911637949 
 2008 , 14398.7377965666 
 2009 , 14366.4690863647 
 2010 , 14327.9435275411 
 2011 , 14318.2074952072 
 2012 , 14320.9554540308 
 2013 , 14313.1499704033 
 2014 , 14295.5279267087 
 2015 , 14273.7980817227 
 2016 , 14254.8255114794 
 2017 , 14240.9035314303 
 2018 , 14228.4562367431 
 2019 , 14209.4117342077 
 2020 , 14175.9081989483 
 2021 , 14148.7789412277 
 2022 , 14152.4193115458 
 2023 , 14157.6663185676 
 2024 , 14133.2770502568 
 2025 , 14092.1880052229 
 2026 , 14049.1479810549 
 2027 , 14006.6306715266 
 2028 , 13968.2004863084 
 2029 , 13940.2996034543 
 2030 , 13928.1333412019 
 2031 , 13933.655245703 
 2032 , 13941.037561942 
 2033 , 13932.0096687546 
 2034 , 13918.6488684142 
 2035 , 13912.2350138897 
 2036 , 13895.3160411493 
 2037 , 13862.3473938358 
 2038 , 13837.4356540475 
 2039 , 13821.4315784347 
 2040 , 13788.5137222773 
 2041 , 13753.1205782691 
 2042 , 13750.3450726632 
 2043 , 13748.1552304794 
 2044 , 13703.134442635 
 2045 , 13651.4619689297 
 2046 , 13628.7720971285 
 2047 , 13615.8529690706 
 2048 , 13599.890428962 
 2049 , 13590.5821585744 
 2050 , 13584.5953275441 
 2051 , 13565.7885450369 
 2052 , 13536.0889055369 
 2053 , 13507.2287590402 
 2054 , 13482.4594872409 
 2055 , 13463.9460660194 
 2056 , 13460.7925383983 
 2057 , 13466.5382315438 
 2058 , 13441.5125593801 
 2059 , 13388.7103882708 
 2060 , 13365.1646977866 
 2061 , 13372.3195556209 
 2062 , 13370.7657643684 
 2063 , 13354.5601636153 
 2064 , 13332.8123532508 
 2065 , 13310.1359175639 
 2066 , 13286.798544699 
 2067 , 13255.5592185377 
 2068 , 13222.6934603025 
 2069 , 13214.7626061144 
 2070 , 13225.6555484647 
 2071 , 13220.9024891587 
 2072 , 13194.886531884 
 2073 , 13159.8172721605 
 2074 , 13134.3981002257 
 2075 , 13126.8689677228 
 2076 , 13109.0896598642 
 2077 , 13069.4740485205 
 2078 , 13035.3343309788 
 2079 , 13016.605596975 
 2080 , 13001.5522680769 
 2081 , 12979.8827481909 
 2082 , 12945.1095613886 
 2083 , 12904.0701044254 
 2084 , 12869.4266002089 
 2085 , 12857.0031068576 
 2086 , 12863.7809524433 
 2087 , 12852.0436311138 
 2088 , 12816.2658137796 
 2089 , 12788.3027778251 
 2090 , 12777.5042521112 
 2091 , 12775.784986587 
 2092 , 12765.7455220446 
 2093 , 12735.7887139529 
 2094 , 12704.7705753327 
 2095 , 12686.7920245459 
 2096 , 12675.3294273611 
 2097 , 12666.8172307783 
 2098 , 12663.303924629 
 2099 , 12665.3527943537 
 2100 , 12670.8871964267 
 2101 , 12668.9614893112 
 2102 , 12649.5286871396 
 2103 , 12615.9265382639 
 2104 , 12578.8810726952 
 2105 , 12556.5605110753 
 2106 , 12542.4614468745 
 2107 , 12507.0332086032 
 2108 , 12457.6147664624 
 2109 , 12420.9807621648 
 2110 , 12404.5629573918 
 2111 , 12403.5434617093 
 2112 , 12396.9554071415 
 2113 , 12372.969294595 
 2114 , 12339.8536035321 
 2115 , 12317.279650014 
 2116 , 12327.8851835873 
 2117 , 12340.1079991431 
 2118 , 12307.0496555895 
 2119 , 12245.6059573242 
 2120 , 12190.3663540522 
 2121 , 12172.7377727216 
 2122 , 12187.3922726764 
 2123 , 12182.0708608448 
 2124 , 12155.0077009646 
 2125 , 12141.6371497543 
 2126 , 12137.5202760031 
 2127 , 12124.6829160891 
 2128 , 12102.3046106868 
 2129 , 12074.1034982357 
 2130 , 12044.8229002236 
 2131 , 12020.0303382707 
 2132 , 12005.0293831365 
 2133 , 11993.2842384387 
 2134 , 11972.9878008232 
 2135 , 11944.4316860326 
 2136 , 11913.2170070638 
 2137 , 11888.0191881358 
 2138 , 11868.9687980322 
 2139 , 11843.1988653377 
 2140 , 11814.4719615068 
 2141 , 11799.0135921809 
 2142 , 11791.4484976019 
 2143 , 11780.4560610841 
 2144 , 11772.1795803323 
 2145 , 11769.2762698594 
 2146 , 11758.8819170631 
 2147 , 11739.5331874372 
 2148 , 11723.0135308209 
 2149 , 11702.928743296 
 2150 , 11667.1087382406 
 2151 , 11634.3795002187 
 2152 , 11621.1194878944 
 2153 , 11610.3698177898 
 2154 , 11591.8325872523 
 2155 , 11572.3117503184 
 2156 , 11557.7084965358 
 2157 , 11550.8017378391 
 2158 , 11544.8067707 
 2159 , 11534.0200505834 
 2160 , 11529.3191253285 
 2161 , 11527.45426941 
 2162 , 11496.7836007699 
 2163 , 11446.4837954341 
 2164 , 11420.0337231522 
 2165 , 11405.7801157321 
 2166 , 11376.1454550376 
 2167 , 11353.995085255 
 2168 , 11351.8007640717 
 2169 , 11335.637920468 
 2170 , 11301.6795866478 
 2171 , 11281.8189032399 
 2172 , 11275.2368614569 
 2173 , 11265.1809657517 
 2174 , 11254.819412953 
 2175 , 11248.871381926 
 2176 , 11241.7456084568 
 2177 , 11228.3685542052 
 2178 , 11207.191200115 
 2179 , 11189.4623757046 
 2180 , 11188.7442331002 
 2181 , 11187.3375564439 
 2182 , 11168.06123427 
 2183 , 11141.7400774631 
 2184 , 11115.3648998297 
 2185 , 11085.7305098652 
 2186 , 11060.0760594419 
 2187 , 11049.9436465847 
 2188 , 11046.7750340676 
 2189 , 11039.4511488358 
 2190 , 11029.5129295568 
 2191 , 11017.6695521898 
 2192 , 11000.6349414813 
 2193 , 10977.1535283255 
 2194 , 10948.9837436697 
 2195 , 10925.701182516 
 2196 , 10912.6616908472 
 2197 , 10895.5987463539 
 2198 , 10866.3087600894 
 2199 , 10830.6009119905 
 2200 , 10804.2209165557 
 2201 , 10803.1667901507 
 2202 , 10806.9199870266 
 2203 , 10794.0625238191 
 2204 , 10777.2092971487 
 2205 , 10765.25924621 
 2206 , 10753.904619024 
 2207 , 10736.6000872491 
 2208 , 10707.3873823139 
 2209 , 10668.6414326528 
 2210 , 10628.6261424526 
 2211 , 10602.9923457663 
 2212 , 10593.0643632417 
 2213 , 10581.9726308772 
 2214 , 10574.2276803586 
 2215 , 10579.8541356035 
 2216 , 10561.3224710958 
 2217 , 10498.8476027308 
 2218 , 10449.4672199568 
 2219 , 10437.3649731292 
 2220 , 10436.5857121741 
 2221 , 10436.0258540762 
 2222 , 10432.4641341917 
 2223 , 10411.1246880554 
 2224 , 10370.1511397844 
 2225 , 10340.1805601501 
 2226 , 10324.3956441087 
 2227 , 10297.2709106135 
 2228 , 10265.8718049358 
 2229 , 10249.3993322494 
 2230 , 10247.1131367408 
 2231 , 10249.0796818178 
 2232 , 10238.5531090043 
 2233 , 10217.3663398286 
 2234 , 10200.6214248842 
 2235 , 10178.2961153948 
 2236 , 10140.8679644202 
 2237 , 10113.4722828619 
 2238 , 10101.9265078503 
 2239 , 10076.9442531434 
 2240 , 10044.7043292395 
 2241 , 10030.4406250988 
 2242 , 10013.8329979779 
 2243 , 9977.24131882915 
 2244 , 9946.6653708492 
 2245 , 9930.94720197661 
 2246 , 9912.68257750169 
 2247 , 9885.94369781218 
 2248 , 9855.6768618451 
 2249 , 9841.20649715269 
 2250 , 9844.36154238631 
 2251 , 9829.79256168352 
 2252 , 9800.64849329638 
 2253 , 9792.33189590251 
 2254 , 9799.37181531754 
 2255 , 9799.25025399263 
 2256 , 9772.64105620263 
 2257 , 9727.17350309634 
 2258 , 9703.52109453712 
 2259 , 9700.83326855454 
 2260 , 9693.97575230402 
 2261 , 9682.44908688181 
 2262 , 9665.43628836426 
 2263 , 9626.31562219953 
 2264 , 9574.85632217083 
 2265 , 9545.49500939184 
 2266 , 9541.61594320707 
 2267 , 9547.67795273799 
 2268 , 9536.54302265329 
 2269 , 9503.12155924134 
 2270 , 9476.71602344694 
 2271 , 9460.97651782523 
 2272 , 9442.78471378459 
 2273 , 9426.16805895996 
 2274 , 9415.67273285815 
 2275 , 9404.96637893498 
 2276 , 9393.24965040534 
 2277 , 9384.97668856271 
 2278 , 9370.03865789333 
 2279 , 9338.7872084167 
 2280 , 9305.6958021771 
 2281 , 9284.18799010324 
 2282 , 9277.49288081741 
 2283 , 9268.54054467764 
 2284 , 9234.95883971249 
 2285 , 9191.6232179262 
 2286 , 9159.97751026683 
 2287 , 9151.17519280792 
 2288 , 9153.96095018385 
 2289 , 9143.16591469496 
 2290 , 9133.21090808538 
 2291 , 9136.51076950099 
 2292 , 9113.23131570102 
 2293 , 9063.79244529238 
 2294 , 9044.02809744276 
 2295 , 9043.95621475719 
 2296 , 9026.16955739639 
 2297 , 9002.5185358277 
 2298 , 8983.06554362199 
 2299 , 8955.66118158716 
 2300 , 8924.80925541103 
 2301 , 8904.71106409939 
 2302 , 8884.71424985407 
 2303 , 8856.60130865539 
 2304 , 8835.5003861389 
 2305 , 8825.25649210643 
 2306 , 8815.87111977832 
 2307 , 8800.1204620473 
 2308 , 8779.53302233831 
 2309 , 8775.62524773084 
 2310 , 8777.61392465631 
 2311 , 8738.09133422498 
 2312 , 8690.04442147659 
 2313 , 8686.39771911512 
 2314 , 8681.22428545171 
 2315 , 8649.48127463495 
 2316 , 8631.68772116337 
 2317 , 8626.60376162669 
 2318 , 8607.64206218602 
 2319 , 8585.64301896843 
 2320 , 8570.36222418537 
 2321 , 8549.27652424456 
 2322 , 8534.86533855223 
 2323 , 8551.43947319183 
 2324 , 8554.96348936782 
 2325 , 8513.51705270297 
 2326 , 8480.45919685914 
 2327 , 8469.69740186033 
 2328 , 8447.94623027047 
 2329 , 8419.20464641852 
 2330 , 8401.08570990386 
 2331 , 8399.94339914458 
 2332 , 8397.64722745055 
 2333 , 8357.63814824924 
 2334 , 8315.26162232146 
 2335 , 8315.15461808357 
 2336 , 8309.29100014771 
 2337 , 8279.696189238 
 2338 , 8269.79366027572 
 2339 , 8266.39003758072 
