11-20-2017,17:25:14
Wavenumber(cm-1),Intensity
 250 , 10 
 251 , 10 
 252 , 10 
 253 , 10 
 254 , 10 
 255 , 53.2578125 
 256 , 82.87890625 
 257 , 105.359375 
 258 , 103.0078125 
 259 , 78.9609375 
 260 , 45.82421875 
 261 , 15.9921875 
 262 ,-6.73046875 
 263 ,-21.75390625 
 264 ,-29.13671875 
 265 ,-30.37109375 
 266 ,-26.93359375 
 267 ,-16.55859375 
 268 , 6.3984375 
 269 , 42.453125 
 270 , 76.02734375 
 271 , 88.98828125 
 272 , 77.54296875 
 273 , 54.3984375 
 274 , 33.3359375 
 275 , 22.84375 
 276 , 30.96484375 
 277 , 62.03125 
 278 , 100.73828125 
 279 , 126.18359375 
 280 , 127.7109375 
 281 , 114.8515625 
 282 , 99.625 
 283 , 90.1015625 
 284 , 90.89453125 
 285 , 106.12890625 
 286 , 134.36328125 
 287 , 171.3046875 
 288 , 211.7421875 
 289 , 253.828125 
 290 , 296.89453125 
 291 , 335.15625 
 292 , 354.23046875 
 293 , 341.35546875 
 294 , 305.5625 
 295 , 267.49609375 
 296 , 243.29296875 
 297 , 230.31640625 
 298 , 221.5859375 
 299 , 210.23046875 
 300 , 191.00390625 
 301 , 159.5234375 
 302 , 120.03515625 
 303 , 82.69140625 
 304 , 57.96484375 
 305 , 53.37890625 
 306 , 74.765625 
 307 , 114.4609375 
 308 , 146.0625 
 309 , 144.328125 
 310 , 112.828125 
 311 , 73.76953125 
 312 , 47.08203125 
 313 , 44.90234375 
 314 , 77.78515625 
 315 , 144.8203125 
 316 , 220.05859375 
 317 , 275.4765625 
 318 , 304.0546875 
 319 , 317.6953125 
 320 , 327.2265625 
 321 , 335.015625 
 322 , 340.8359375 
 323 , 347.28515625 
 324 , 360.42578125 
 325 , 385.77734375 
 326 , 418.5546875 
 327 , 445.1171875 
 328 , 454.66015625 
 329 , 456.35546875 
 330 , 467.2890625 
 331 , 497.71484375 
 332 , 541.203125 
 333 , 588.828125 
 334 , 631.23046875 
 335 , 658.546875 
 336 , 663.1015625 
 337 , 652.39453125 
 338 , 640.2734375 
 339 , 635.640625 
 340 , 634.6953125 
 341 , 631.75390625 
 342 , 624.39453125 
 343 , 613.828125 
 344 , 600.95703125 
 345 , 582.7734375 
 346 , 554.3984375 
 347 , 515.4765625 
 348 , 478.37109375 
 349 , 457.09765625 
 350 , 450.015625 
 351 , 437.9921875 
 352 , 404.44140625 
 353 , 358.546875 
 354 , 321.11328125 
 355 , 305.140625 
 356 , 302.27734375 
 357 , 300.83984375 
 358 , 294.87109375 
 359 , 284.66015625 
 360 , 270.9765625 
 361 , 255.6328125 
 362 , 240.76171875 
 363 , 230.96484375 
 364 , 237.8515625 
 365 , 273.26953125 
 366 , 324.48828125 
 367 , 352.76171875 
 368 , 326.46875 
 369 , 271.0546875 
 370 , 235.7890625 
 371 , 249.234375 
 372 , 288.921875 
 373 , 325.4765625 
 374 , 347.82421875 
 375 , 362.765625 
 376 , 375.87109375 
 377 , 380.3828125 
 378 , 364.9140625 
 379 , 328.93359375 
 380 , 296.40625 
 381 , 293.140625 
 382 , 317.69140625 
 383 , 344.34765625 
 384 , 351.1875 
 385 , 341.9609375 
 386 , 329.3515625 
 387 , 322.3203125 
 388 , 321.33203125 
 389 , 325.73828125 
 390 , 337.25 
 391 , 360.28125 
 392 , 395.8515625 
 393 , 427.796875 
 394 , 434.8515625 
 395 , 409.16015625 
 396 , 365.47265625 
 397 , 319.4921875 
 398 , 272.96875 
 399 , 218.921875 
 400 , 155.9296875 
 401 , 104.30859375 
 402 , 89.23046875 
 403 , 116.75 
 404 , 165.7734375 
 405 , 214.375 
 406 , 251.796875 
 407 , 272.703125 
 408 , 276.3828125 
 409 , 276.34765625 
 410 , 288.671875 
 411 , 319.14453125 
 412 , 362.40625 
 413 , 410.69921875 
 414 , 444.4921875 
 415 , 439.7109375 
 416 , 390.62890625 
 417 , 330.88671875 
 418 , 296.9453125 
 419 , 294.0703125 
 420 , 304.16015625 
 421 , 312.2734375 
 422 , 317.1953125 
 423 , 319.6328125 
 424 , 318.1015625 
 425 , 309.1640625 
 426 , 290.17578125 
 427 , 264.70703125 
 428 , 239.78125 
 429 , 220.21484375 
 430 , 206.2890625 
 431 , 198.9609375 
 432 , 197.05078125 
 433 , 195.03515625 
 434 , 188.58203125 
 435 , 184.859375 
 436 , 194.15234375 
 437 , 221.1640625 
 438 , 257.22265625 
 439 , 291.6796875 
 440 , 316.53125 
 441 , 328.6796875 
 442 , 327.4765625 
 443 , 320.41796875 
 444 , 316.7109375 
 445 , 318.66796875 
 446 , 317.31640625 
 447 , 303.3515625 
 448 , 273.96875 
 449 , 230.40234375 
 450 , 177.1015625 
 451 , 131.10546875 
 452 , 112.9609375 
 453 , 128.08984375 
 454 , 162.94140625 
 455 , 203.1171875 
 456 , 237.3828125 
 457 , 254.80859375 
 458 , 251.33203125 
 459 , 237.8125 
 460 , 226.4453125 
 461 , 221.09765625 
 462 , 219.7578125 
 463 , 220.6015625 
 464 , 222.93359375 
 465 , 226.50390625 
 466 , 229.25 
 467 , 226.46875 
 468 , 213.40625 
 469 , 186.6796875 
 470 , 143.375 
 471 , 87.29296875 
 472 , 39.7421875 
 473 , 24.0390625 
 474 , 41.734375 
 475 , 76.62890625 
 476 , 114.62109375 
 477 , 151.04296875 
 478 , 182.16796875 
 479 , 205.2890625 
 480 , 219.3828125 
 481 , 222.91015625 
 482 , 208.2109375 
 483 , 162.68359375 
 484 , 89.51171875 
 485 , 36.1953125 
 486 , 56.16796875 
 487 , 139.7265625 
 488 , 222.9765625 
 489 , 255.86328125 
 490 , 256.390625 
 491 , 259.42578125 
 492 , 281.3984375 
 493 , 314.23828125 
 494 , 350.0390625 
 495 , 386.62109375 
 496 , 419.0625 
 497 , 443.546875 
 498 , 467.55078125 
 499 , 504.60546875 
 500 , 552.59765625 
 501 , 588.8125 
 502 , 593.25 
 503 , 575.56640625 
 504 , 559.66015625 
 505 , 558.14453125 
 506 , 562.7109375 
 507 , 561.9140625 
 508 , 553.7109375 
 509 , 544.125 
 510 , 539.15234375 
 511 , 539.80859375 
 512 , 543.234375 
 513 , 543.5078125 
 514 , 534.75 
 515 , 514.75 
 516 , 491.51171875 
 517 , 474.796875 
 518 , 466.546875 
 519 , 461.08203125 
 520 , 453.953125 
 521 , 445.734375 
 522 , 438.3828125 
 523 , 433.0234375 
 524 , 429.3125 
 525 , 426.87890625 
 526 , 428.6328125 
 527 , 437.0234375 
 528 , 451.66796875 
 529 , 467.2109375 
 530 , 478.77734375 
 531 , 486.8828125 
 532 , 496.5546875 
 533 , 511.04296875 
 534 , 526.74609375 
 535 , 540.8359375 
 536 , 552.234375 
 537 , 558.80859375 
 538 , 556.30078125 
 539 , 542.36328125 
 540 , 519.046875 
 541 , 490.125 
 542 , 459.2421875 
 543 , 428.33203125 
 544 , 402.76953125 
 545 , 388.546875 
 546 , 387.203125 
 547 , 391.38671875 
 548 , 396.31640625 
 549 , 404.34375 
 550 , 419.80859375 
 551 , 442.91796875 
 552 , 468.09765625 
 553 , 492.61328125 
 554 , 514.07421875 
 555 , 529.0390625 
 556 , 535.94921875 
 557 , 547.44140625 
 558 , 577.61328125 
 559 , 625.2421875 
 560 , 667.9765625 
 561 , 688.8828125 
 562 , 691.57421875 
 563 , 682.5546875 
 564 , 663.3671875 
 565 , 636.3984375 
 566 , 610.49609375 
 567 , 593.234375 
 568 , 588.36328125 
 569 , 596.25390625 
 570 , 609.74609375 
 571 , 618.30078125 
 572 , 615.3125 
 573 , 604.07421875 
 574 , 593.984375 
 575 , 595.96484375 
 576 , 611.75390625 
 577 , 634.09375 
 578 , 651.12890625 
 579 , 656.69921875 
 580 , 650.60546875 
 581 , 633.9609375 
 582 , 610.80078125 
 583 , 592.33203125 
 584 , 590.6640625 
 585 , 608.09375 
 586 , 639.8984375 
 587 , 676.546875 
 588 , 696.93359375 
 589 , 676.71484375 
 590 , 621.1171875 
 591 , 560.74609375 
 592 , 519.00390625 
 593 , 487.1953125 
 594 , 452.75390625 
 595 , 412.7421875 
 596 , 369.7890625 
 597 , 324.140625 
 598 , 279.21484375 
 599 , 243.71875 
 600 , 222.12890625 
 601 , 209.8515625 
 602 , 200.32421875 
 603 , 196.0859375 
 604 , 205.48828125 
 605 , 230.11328125 
 606 , 255.84765625 
 607 , 262.90625 
 608 , 247.625 
 609 , 220.09375 
 610 , 192.69140625 
 611 , 177.0625 
 612 , 186.06640625 
 613 , 212.70703125 
 614 , 234.3125 
 615 , 236.7890625 
 616 , 234.02734375 
 617 , 245.359375 
 618 , 281.984375 
 619 , 341.91796875 
 620 , 413.390625 
 621 , 480.0234375 
 622 , 538.6171875 
 623 , 599.1171875 
 624 , 673.796875 
 625 , 759.4921875 
 626 , 821.08984375 
 627 , 822.11328125 
 628 , 768.4140625 
 629 , 703.74609375 
 630 , 664.109375 
 631 , 648.25 
 632 , 642.50390625 
 633 , 642.8125 
 634 , 661.09375 
 635 , 708.8671875 
 636 , 760.671875 
 637 , 770.85546875 
 638 , 723.34375 
 639 , 649.51953125 
 640 , 587.5859375 
 641 , 539.8203125 
 642 , 489.30859375 
 643 , 432.6796875 
 644 , 392.61328125 
 645 , 393.73046875 
 646 , 435.078125 
 647 , 502.51171875 
 648 , 572.625 
 649 , 612.00390625 
 650 , 593.578125 
 651 , 528.0390625 
 652 , 444.0859375 
 653 , 367.078125 
 654 , 312.83203125 
 655 , 291.12890625 
 656 , 294 
 657 , 304.44140625 
 658 , 310.56640625 
 659 , 312.48046875 
 660 , 314.09765625 
 661 , 319.3046875 
 662 , 329.74609375 
 663 , 342.88671875 
 664 , 352.17578125 
 665 , 352.515625 
 666 , 338.5234375 
 667 , 305.61328125 
 668 , 261.21484375 
 669 , 234.16796875 
 670 , 248.28515625 
 671 , 286.7734375 
 672 , 314.890625 
 673 , 318.30859375 
 674 , 315.01953125 
 675 , 316.44921875 
 676 , 312.25 
 677 , 288.15625 
 678 , 249.6875 
 679 , 224.6640625 
 680 , 229.97265625 
 681 , 254.20703125 
 682 , 278.09375 
 683 , 299.609375 
 684 , 334.86328125 
 685 , 390.55078125 
 686 , 440.6015625 
 687 , 446.03515625 
 688 , 398.19140625 
 689 , 342 
 690 , 318.8828125 
 691 , 323.78515625 
 692 , 328.515625 
 693 , 319.05078125 
 694 , 304.2421875 
 695 , 293.23046875 
 696 , 287.96875 
 697 , 290.02734375 
 698 , 305.1640625 
 699 , 336.16015625 
 700 , 376.96484375 
 701 , 420.1328125 
 702 , 461.5078125 
 703 , 500.6640625 
 704 , 538.890625 
 705 , 577.6484375 
 706 , 612.89453125 
 707 , 635.515625 
 708 , 634.44921875 
 709 , 602.61328125 
 710 , 544.86328125 
 711 , 484.16796875 
 712 , 443.13671875 
 713 , 421.1484375 
 714 , 396.7109375 
 715 , 362.0390625 
 716 , 328.41015625 
 717 , 305.51171875 
 718 , 289.1328125 
 719 , 271.66015625 
 720 , 251.67578125 
 721 , 223.46484375 
 722 , 175.12109375 
 723 , 111.58984375 
 724 , 72.22265625 
 725 , 94.56640625 
 726 , 149.4375 
 727 , 179.609375 
 728 , 164.1484375 
 729 , 137.3125 
 730 , 131.3984375 
 731 , 136.3125 
 732 , 128.55078125 
 733 , 107.70703125 
 734 , 100.13671875 
 735 , 122.99609375 
 736 , 161.83203125 
 737 , 197.9921875 
 738 , 228.796875 
 739 , 261.296875 
 740 , 291.7890625 
 741 , 309.5078125 
 742 , 312.23046875 
 743 , 313.38671875 
 744 , 328.96875 
 745 , 357.6640625 
 746 , 380.5703125 
 747 , 385.07421875 
 748 , 378.66796875 
 749 , 375.23046875 
 750 , 373.59375 
 751 , 362.18359375 
 752 , 339.9140625 
 753 , 325.0625 
 754 , 339.4375 
 755 , 377.2890625 
 756 , 391.3125 
 757 , 342.46875 
 758 , 265.01171875 
 759 , 228.09765625 
 760 , 260.296875 
 761 , 327.04296875 
 762 , 393.6953125 
 763 , 439.03515625 
 764 , 443.67578125 
 765 , 408.12890625 
 766 , 375.47265625 
 767 , 390.98828125 
 768 , 444.2578125 
 769 , 498.45703125 
 770 , 524.17578125 
 771 , 512.67578125 
 772 , 470.48046875 
 773 , 417.97265625 
 774 , 369.37890625 
 775 , 318.93359375 
 776 , 254.875 
 777 , 184.06640625 
 778 , 133.3125 
 779 , 121.625 
 780 , 134.37109375 
 781 , 141.421875 
 782 , 131.77734375 
 783 , 121.34375 
 784 , 122.2109375 
 785 , 120.953125 
 786 , 96.203125 
 787 , 47.16796875 
 788 , 5.8515625 
 789 , 1.67578125 
 790 , 26.52734375 
 791 , 55.22265625 
 792 , 75.56640625 
 793 , 98.2734375 
 794 , 136.88671875 
 795 , 183.4453125 
 796 , 216.69140625 
 797 , 222.87109375 
 798 , 215.8359375 
 799 , 218.4140625 
 800 , 236.26953125 
 801 , 261.7265625 
 802 , 277.73828125 
 803 , 271.71484375 
 804 , 250.91796875 
 805 , 237.23046875 
 806 , 244.11328125 
 807 , 265.62890625 
 808 , 291.671875 
 809 , 317.8671875 
 810 , 339.6796875 
 811 , 352.98046875 
 812 , 361.640625 
 813 , 372.66015625 
 814 , 389.0078125 
 815 , 410.62890625 
 816 , 438.11328125 
 817 , 467.05078125 
 818 , 488.68359375 
 819 , 489.33203125 
 820 , 455.7734375 
 821 , 392.40625 
 822 , 342.19921875 
 823 , 349.25390625 
 824 , 399.91015625 
 825 , 441.5078125 
 826 , 445.51171875 
 827 , 435.8125 
 828 , 438.2265625 
 829 , 456.9296875 
 830 , 487.77734375 
 831 , 523.80859375 
 832 , 548.9921875 
 833 , 547.30859375 
 834 , 520.29296875 
 835 , 478.5859375 
 836 , 437.1875 
 837 , 408.73828125 
 838 , 396.63671875 
 839 , 387.76171875 
 840 , 369.2890625 
 841 , 344.94921875 
 842 , 326.734375 
 843 , 316.1796875 
 844 , 303.45703125 
 845 , 283.30078125 
 846 , 265.5234375 
 847 , 263.24609375 
 848 , 279.3515625 
 849 , 308.6875 
 850 , 347.25390625 
 851 , 390.55859375 
 852 , 432.2109375 
 853 , 455.6875 
 854 , 437.46875 
 855 , 374.2734375 
 856 , 312.41796875 
 857 , 299.46875 
 858 , 327.859375 
 859 , 359.9140625 
 860 , 373.78515625 
 861 , 373.43359375 
 862 , 365.9375 
 863 , 361.90625 
 864 , 372.4609375 
 865 , 394.16796875 
 866 , 408.5 
 867 , 402.87890625 
 868 , 391.9375 
 869 , 397.3046875 
 870 , 421.80078125 
 871 , 450.7265625 
 872 , 473.50390625 
 873 , 499.5 
 874 , 542.26171875 
 875 , 600.81640625 
 876 , 664.0703125 
 877 , 724.50390625 
 878 , 790.484375 
 879 , 871.9921875 
 880 , 949.8984375 
 881 , 995.34765625 
 882 , 1010.921875 
 883 , 1028.79296875 
 884 , 1066.71875 
 885 , 1101.21875 
 886 , 1103.984375 
 887 , 1065.59765625 
 888 , 986.75390625 
 889 , 877.6796875 
 890 , 758.1953125 
 891 , 647.67578125 
 892 , 565.796875 
 893 , 530.15625 
 894 , 517.69140625 
 895 , 475 
 896 , 378.58984375 
 897 , 266.9609375 
 898 , 180.73828125 
 899 , 128.390625 
 900 , 105.6953125 
 901 , 106.5234375 
 902 , 122.30078125 
 903 , 141.72265625 
 904 , 142.78125 
 905 , 104.21875 
 906 , 47.4609375 
 907 , 22.6796875 
 908 , 52.23046875 
 909 , 105.140625 
 910 , 147.609375 
 911 , 171.86328125 
 912 , 181.3828125 
 913 , 179.4921875 
 914 , 164.7734375 
 915 , 139.04296875 
 916 , 122.05078125 
 917 , 135.18359375 
 918 , 166.3125 
 919 , 182.32421875 
 920 , 167.734375 
 921 , 140.015625 
 922 , 118.90234375 
 923 , 108.20703125 
 924 , 104.69140625 
 925 , 102.0078125 
 926 , 94.96484375 
 927 , 84.0859375 
 928 , 76.4765625 
 929 , 76.6796875 
 930 , 81.08203125 
 931 , 85.6328125 
 932 , 94.5390625 
 933 , 115.19140625 
 934 , 145.30078125 
 935 , 161.65625 
 936 , 142.14453125 
 937 , 101.21875 
 938 , 72.21484375 
 939 , 64.4453125 
 940 , 56.6640625 
 941 , 32.52734375 
 942 , 4.171875 
 943 ,-7.9921875 
 944 , 1.0390625 
 945 , 20.9609375 
 946 , 40.4765625 
 947 , 51.8359375 
 948 , 50.92578125 
 949 , 50.17578125 
 950 , 68.76171875 
 951 , 107.33203125 
 952 , 150.41015625 
 953 , 187.28515625 
 954 , 217.87109375 
 955 , 243.96484375 
 956 , 264.41796875 
 957 , 275.5625 
 958 , 271.0703125 
 959 , 242.21484375 
 960 , 187.6796875 
 961 , 133.2421875 
 962 , 108.7890625 
 963 , 112.25390625 
 964 , 118.69921875 
 965 , 114.0546875 
 966 , 109.515625 
 967 , 118.17578125 
 968 , 139.66796875 
 969 , 167.23828125 
 970 , 189.15234375 
 971 , 192.37890625 
 972 , 174.7734375 
 973 , 153.41796875 
 974 , 143.87109375 
 975 , 141.265625 
 976 , 133.9921875 
 977 , 124.703125 
 978 , 129.58984375 
 979 , 152.4921875 
 980 , 165.390625 
 981 , 141.5625 
 982 , 105.375 
 983 , 104.8828125 
 984 , 148.69921875 
 985 , 196.09765625 
 986 , 214.37890625 
 987 , 202.8125 
 988 , 167.1953125 
 989 , 124.97265625 
 990 , 101.73828125 
 991 , 103.421875 
 992 , 105.5859375 
 993 , 91.59765625 
 994 , 86.7421875 
 995 , 123.05859375 
 996 , 187.68359375 
 997 , 238.71875 
 998 , 265.1875 
 999 , 306.30078125 
 1000 , 397.953125 
 1001 , 544.96484375 
 1002 , 743.328125 
 1003 , 975.765625 
 1004 , 1215.26953125 
 1005 , 1426.703125 
 1006 , 1564.3828125 
 1007 , 1592.84375 
 1008 , 1517.1484375 
 1009 , 1352.34765625 
 1010 , 1124.89453125 
 1011 , 872.52734375 
 1012 , 630.0546875 
 1013 , 421.87890625 
 1014 , 264.1015625 
 1015 , 150.72265625 
 1016 , 72.32421875 
 1017 , 29.3671875 
 1018 , 26.875 
 1019 , 56.88671875 
 1020 , 89.40625 
 1021 , 99.78125 
 1022 , 97.265625 
 1023 , 99.29296875 
 1024 , 104.8515625 
 1025 , 99.98828125 
 1026 , 80.51953125 
 1027 , 62.12109375 
 1028 , 61.21484375 
 1029 , 81.18359375 
 1030 , 119.43359375 
 1031 , 162.90625 
 1032 , 192.69921875 
 1033 , 204.6015625 
 1034 , 217.87109375 
 1035 , 246.625 
 1036 , 276.19140625 
 1037 , 286.4609375 
 1038 , 279.0859375 
 1039 , 269.80078125 
 1040 , 265.5703125 
 1041 , 259.10546875 
 1042 , 244.98046875 
 1043 , 230.95703125 
 1044 , 227.6484375 
 1045 , 236.55078125 
 1046 , 252.5546875 
 1047 , 269.35546875 
 1048 , 280.59765625 
 1049 , 284.10546875 
 1050 , 291.09765625 
 1051 , 313.80078125 
 1052 , 347.1171875 
 1053 , 376.3671875 
 1054 , 394.2734375 
 1055 , 403.53125 
 1056 , 409.12109375 
 1057 , 420.10546875 
 1058 , 443.6328125 
 1059 , 467.48046875 
 1060 , 471.23046875 
 1061 , 452.53125 
 1062 , 428.62890625 
 1063 , 416.39453125 
 1064 , 430.30859375 
 1065 , 479.32421875 
 1066 , 537.453125 
 1067 , 565.828125 
 1068 , 551.03515625 
 1069 , 502.8671875 
 1070 , 435.5 
 1071 , 370.39453125 
 1072 , 325.37109375 
 1073 , 294.4765625 
 1074 , 264.89453125 
 1075 , 237.49609375 
 1076 , 223.8359375 
 1077 , 232.671875 
 1078 , 267.03125 
 1079 , 324.015625 
 1080 , 380.17578125 
 1081 , 410.73046875 
 1082 , 427.9296875 
 1083 , 464.67578125 
 1084 , 518.5390625 
 1085 , 540.58203125 
 1086 , 502.08203125 
 1087 , 445.46484375 
 1088 , 419.83984375 
 1089 , 421.71875 
 1090 , 424.01953125 
 1091 , 417.8125 
 1092 , 413.20703125 
 1093 , 414.5078125 
 1094 , 410.1796875 
 1095 , 389.7265625 
 1096 , 361.15234375 
 1097 , 337.83203125 
 1098 , 318.8515625 
 1099 , 292.6796875 
 1100 , 260.296875 
 1101 , 243.1171875 
 1102 , 253.640625 
 1103 , 263.62890625 
 1104 , 240.1484375 
 1105 , 195.4375 
 1106 , 165.609375 
 1107 , 161.8828125 
 1108 , 165.93359375 
 1109 , 164.9453125 
 1110 , 164.5703125 
 1111 , 172.05078125 
 1112 , 186.6796875 
 1113 , 204.4453125 
 1114 , 215.88671875 
 1115 , 207.23046875 
 1116 , 174.9609375 
 1117 , 133.67578125 
 1118 , 96.63671875 
 1119 , 65.73046875 
 1120 , 40.7421875 
 1121 , 22.77734375 
 1122 , 12.55859375 
 1123 , 14.96875 
 1124 , 42.60546875 
 1125 , 96.40625 
 1126 , 140.625 
 1127 , 140.71875 
 1128 , 114.5859375 
 1129 , 99.78515625 
 1130 , 104.90625 
 1131 , 112.9765625 
 1132 , 115.35546875 
 1133 , 121.859375 
 1134 , 139.04296875 
 1135 , 151.921875 
 1136 , 141.1953125 
 1137 , 108.484375 
 1138 , 66.60546875 
 1139 , 28.1015625 
 1140 , 5.90625 
 1141 , 7.33984375 
 1142 , 25.8671875 
 1143 , 53.13671875 
 1144 , 84.71875 
 1145 , 118.04296875 
 1146 , 145.2890625 
 1147 , 155.30078125 
 1148 , 144 
 1149 , 119.94140625 
 1150 , 93.47265625 
 1151 , 69.33984375 
 1152 , 50.125 
 1153 , 46.06640625 
 1154 , 72.203125 
 1155 , 116.3359375 
 1156 , 139.45703125 
 1157 , 131.74609375 
 1158 , 137.6875 
 1159 , 187.76953125 
 1160 , 244.58203125 
 1161 , 262.875 
 1162 , 250.40234375 
 1163 , 237.96875 
 1164 , 237.1171875 
 1165 , 243.80859375 
 1166 , 253.71875 
 1167 , 255.39453125 
 1168 , 241.9140625 
 1169 , 238.0234375 
 1170 , 273.921875 
 1171 , 341.4765625 
 1172 , 413.2421875 
 1173 , 472.33984375 
 1174 , 509.86328125 
 1175 , 521.44921875 
 1176 , 515.75390625 
 1177 , 502.8125 
 1178 , 487.7734375 
 1179 , 473.80859375 
 1180 , 463.25 
 1181 , 459.2109375 
 1182 , 466.0703125 
 1183 , 485.10546875 
 1184 , 503.22265625 
 1185 , 485.20703125 
 1186 , 412.2578125 
 1187 , 336.8203125 
 1188 , 321.78125 
 1189 , 366.7578125 
 1190 , 437.40234375 
 1191 , 494.31640625 
 1192 , 496.921875 
 1193 , 443.70703125 
 1194 , 401.3671875 
 1195 , 419.78515625 
 1196 , 463.97265625 
 1197 , 487.69140625 
 1198 , 493.4765625 
 1199 , 501.87890625 
 1200 , 511.76953125 
 1201 , 511.2265625 
 1202 , 500.6328125 
 1203 , 490.1796875 
 1204 , 484.0859375 
 1205 , 475.3046875 
 1206 , 458.3828125 
 1207 , 440.96484375 
 1208 , 434.54296875 
 1209 , 433.84375 
 1210 , 418.44921875 
 1211 , 386.5 
 1212 , 378.4453125 
 1213 , 414.46875 
 1214 , 410.9921875 
 1215 , 282.453125 
 1216 , 125.875 
 1217 , 107.23828125 
 1218 , 217.17578125 
 1219 , 309.98046875 
 1220 , 310.53125 
 1221 , 256.7890625 
 1222 , 193.63671875 
 1223 , 146.40234375 
 1224 , 129.5625 
 1225 , 136.73046875 
 1226 , 155.91796875 
 1227 , 171.546875 
 1228 , 168.109375 
 1229 , 145.703125 
 1230 , 116.0546875 
 1231 , 91.359375 
 1232 , 61.2421875 
 1233 , 16.47265625 
 1234 ,-14.44921875 
 1235 , 2.16796875 
 1236 , 53.2578125 
 1237 , 108.1875 
 1238 , 153.046875 
 1239 , 178.1875 
 1240 , 180.90234375 
 1241 , 196.89453125 
 1242 , 249.625 
 1243 , 298.55078125 
 1244 , 292.3984375 
 1245 , 255.25390625 
 1246 , 249.91796875 
 1247 , 283.81640625 
 1248 , 314.703125 
 1249 , 322.12890625 
 1250 , 321.78125 
 1251 , 327.5390625 
 1252 , 340.59765625 
 1253 , 357.7734375 
 1254 , 362.40234375 
 1255 , 336.0234375 
 1256 , 293.48828125 
 1257 , 267.91796875 
 1258 , 256.2265625 
 1259 , 222.125 
 1260 , 154.91796875 
 1261 , 82.796875 
 1262 , 34.07421875 
 1263 , 29.87109375 
 1264 , 80.5625 
 1265 , 152.1875 
 1266 , 204.1328125 
 1267 , 234.30078125 
 1268 , 253.24609375 
 1269 , 256.21875 
 1270 , 238.10546875 
 1271 , 208.515625 
 1272 , 178.6015625 
 1273 , 148.609375 
 1274 , 125.42578125 
 1275 , 126.0390625 
 1276 , 134.63671875 
 1277 , 113.3046875 
 1278 , 60.921875 
 1279 , 13.640625 
 1280 , 6.64453125 
 1281 , 59.20703125 
 1282 , 157.93359375 
 1283 , 241.08203125 
 1284 , 267.15625 
 1285 , 273.62109375 
 1286 , 306.28515625 
 1287 , 358.4140625 
 1288 , 400.16015625 
 1289 , 414.00390625 
 1290 , 395.5234375 
 1291 , 358.5078125 
 1292 , 328.171875 
 1293 , 312.515625 
 1294 , 295.89453125 
 1295 , 266.609375 
 1296 , 230.6015625 
 1297 , 198.4453125 
 1298 , 173.90625 
 1299 , 153.0390625 
 1300 , 135.5390625 
 1301 , 130.01171875 
 1302 , 139.4375 
 1303 , 152.1796875 
 1304 , 155.51953125 
 1305 , 149.44140625 
 1306 , 140.9453125 
 1307 , 134.6796875 
 1308 , 130.265625 
 1309 , 129.50390625 
 1310 , 136.7578125 
 1311 , 155.21875 
 1312 , 186.7890625 
 1313 , 207.81640625 
 1314 , 174.0078125 
 1315 , 91.4453125 
 1316 , 39.6796875 
 1317 , 67.34375 
 1318 , 131.29296875 
 1319 , 183.1875 
 1320 , 219.4453125 
 1321 , 249.1015625 
 1322 , 270.89453125 
 1323 , 276.140625 
 1324 , 261.8984375 
 1325 , 236.3671875 
 1326 , 206.90234375 
 1327 , 171.01953125 
 1328 , 132.7578125 
 1329 , 117.3046875 
 1330 , 142.71484375 
 1331 , 191.3515625 
 1332 , 240.28125 
 1333 , 278.8359375 
 1334 , 299.921875 
 1335 , 303.59375 
 1336 , 294.859375 
 1337 , 287.97265625 
 1338 , 305.39453125 
 1339 , 341.62109375 
 1340 , 355.68359375 
 1341 , 330.8828125 
 1342 , 303.828125 
 1343 , 306.046875 
 1344 , 326.44921875 
 1345 , 346.5859375 
 1346 , 374.5625 
 1347 , 427.38671875 
 1348 , 486.30859375 
 1349 , 515.0390625 
 1350 , 512.50390625 
 1351 , 503.91015625 
 1352 , 498.75390625 
 1353 , 492.25390625 
 1354 , 485.20703125 
 1355 , 478.26953125 
 1356 , 467.37109375 
 1357 , 453.59765625 
 1358 , 444.60546875 
 1359 , 448.48046875 
 1360 , 466.9453125 
 1361 , 483.59765625 
 1362 , 479.55078125 
 1363 , 450.62109375 
 1364 , 395.875 
 1365 , 332.23828125 
 1366 , 311.28125 
 1367 , 354.51171875 
 1368 , 406.03515625 
 1369 , 413.75390625 
 1370 , 382.69921875 
 1371 , 335.83984375 
 1372 , 304.19921875 
 1373 , 310.96484375 
 1374 , 336.046875 
 1375 , 340.390625 
 1376 , 315.4453125 
 1377 , 283.6328125 
 1378 , 262.11328125 
 1379 , 250.22265625 
 1380 , 241.65625 
 1381 , 229.34765625 
 1382 , 212.08984375 
 1383 , 197.046875 
 1384 , 187.0390625 
 1385 , 175.78125 
 1386 , 160.1015625 
 1387 , 143.13671875 
 1388 , 129.625 
 1389 , 115.9765625 
 1390 , 90.8359375 
 1391 , 62.66796875 
 1392 , 53.71484375 
 1393 , 65.58203125 
 1394 , 83.17578125 
 1395 , 96.98828125 
 1396 , 99.72265625 
 1397 , 85.8671875 
 1398 , 64.703125 
 1399 , 50.98828125 
 1400 , 41.5703125 
 1401 , 23.87890625 
 1402 , 6.1953125 
 1403 , 10.6796875 
 1404 , 32.33203125 
 1405 , 43.1015625 
 1406 , 35.15234375 
 1407 , 26.11328125 
 1408 , 30.09765625 
 1409 , 49.890625 
 1410 , 77.578125 
 1411 , 100.2734375 
 1412 , 116.73828125 
 1413 , 138.2890625 
 1414 , 167.11328125 
 1415 , 200.1640625 
 1416 , 243.1953125 
 1417 , 291.01171875 
 1418 , 323.21484375 
 1419 , 338.359375 
 1420 , 358.78125 
 1421 , 381.60546875 
 1422 , 365.80078125 
 1423 , 299.06640625 
 1424 , 224.58984375 
 1425 , 183.29296875 
 1426 , 186.6015625 
 1427 , 223.48828125 
 1428 , 260.5 
 1429 , 278.96875 
 1430 , 291.34375 
 1431 , 305.734375 
 1432 , 312.5859375 
 1433 , 304.16796875 
 1434 , 289.57421875 
 1435 , 279.20703125 
 1436 , 270.95703125 
 1437 , 260.10546875 
 1438 , 246.1640625 
 1439 , 232.48828125 
 1440 , 225.34375 
 1441 , 230.01171875 
 1442 , 251.6875 
 1443 , 300.0390625 
 1444 , 373.0859375 
 1445 , 436.95703125 
 1446 , 464.13671875 
 1447 , 465.4140625 
 1448 , 458.26953125 
 1449 , 459.21875 
 1450 , 484.5859375 
 1451 , 523.390625 
 1452 , 548.91796875 
 1453 , 573.59765625 
 1454 , 641.9765625 
 1455 , 752.8203125 
 1456 , 856.12109375 
 1457 , 917.0390625 
 1458 , 933.21484375 
 1459 , 922.3984375 
 1460 , 906.77734375 
 1461 , 886.53515625 
 1462 , 844.12109375 
 1463 , 778.265625 
 1464 , 712.64453125 
 1465 , 660.46875 
 1466 , 602.50390625 
 1467 , 525.6015625 
 1468 , 454.640625 
 1469 , 414.0546875 
 1470 , 383.78125 
 1471 , 330.78515625 
 1472 , 268.20703125 
 1473 , 236.6328125 
 1474 , 240.9140625 
 1475 , 254.01171875 
 1476 , 267.6484375 
 1477 , 297.77734375 
 1478 , 340.46875 
 1479 , 359.109375 
 1480 , 331.75 
 1481 , 271.49609375 
 1482 , 199.57421875 
 1483 , 144.65625 
 1484 , 128.453125 
 1485 , 147.2578125 
 1486 , 186.5703125 
 1487 , 208.1640625 
 1488 , 179.0859375 
 1489 , 136.7265625 
 1490 , 135.54296875 
 1491 , 165.5859375 
 1492 , 188.12890625 
 1493 , 196.578125 
 1494 , 207.7109375 
 1495 , 229.109375 
 1496 , 255.5078125 
 1497 , 275.9140625 
 1498 , 278.60546875 
 1499 , 265.421875 
 1500 , 254.375 
 1501 , 252.71484375 
 1502 , 244.0546875 
 1503 , 221.34765625 
 1504 , 210.37890625 
 1505 , 230.86328125 
 1506 , 261.6953125 
 1507 , 274.26171875 
 1508 , 261.86328125 
 1509 , 232.65234375 
 1510 , 202.6640625 
 1511 , 182.9140625 
 1512 , 160.875 
 1513 , 124.33203125 
 1514 , 78.58984375 
 1515 , 28.19140625 
 1516 ,-9.13671875 
 1517 ,-7.4609375 
 1518 , 21.4375 
 1519 , 40.3046875 
 1520 , 37.9453125 
 1521 , 26.0859375 
 1522 , 19.125 
 1523 , 40.73828125 
 1524 , 98.48828125 
 1525 , 172.89453125 
 1526 , 237.86328125 
 1527 , 252.7734375 
 1528 , 199.28125 
 1529 , 124.27734375 
 1530 , 76.0625 
 1531 , 57.8515625 
 1532 , 58.96875 
 1533 , 78.52734375 
 1534 , 126.5078125 
 1535 , 215.80859375 
 1536 , 341.6640625 
 1537 , 442.90234375 
 1538 , 453.5546875 
 1539 , 380.67578125 
 1540 , 264.1484375 
 1541 , 151.5625 
 1542 , 92.1796875 
 1543 , 77.85546875 
 1544 , 60.5703125 
 1545 , 35.57421875 
 1546 , 35.11328125 
 1547 , 62.6875 
 1548 , 88.88671875 
 1549 , 96.08203125 
 1550 , 92.71875 
 1551 , 90.62890625 
 1552 , 92.41015625 
 1553 , 98.1015625 
 1554 , 108.140625 
 1555 , 128.9140625 
 1556 , 180.72265625 
 1557 , 262.96484375 
 1558 , 321.51953125 
 1559 , 316.8203125 
 1560 , 273.84765625 
 1561 , 227.08984375 
 1562 , 192.56640625 
 1563 , 173.28515625 
 1564 , 157.21875 
 1565 , 138.63671875 
 1566 , 133.44140625 
 1567 , 153.81640625 
 1568 , 189.3671875 
 1569 , 228.921875 
 1570 , 276.04296875 
 1571 , 334.109375 
 1572 , 379.859375 
 1573 , 384.4140625 
 1574 , 355.42578125 
 1575 , 317.2734375 
 1576 , 276.80078125 
 1577 , 228.7578125 
 1578 , 182.8671875 
 1579 , 164.52734375 
 1580 , 189.21484375 
 1581 , 257.03515625 
 1582 , 337.65625 
 1583 , 377.05859375 
 1584 , 368.1640625 
 1585 , 352.3046875 
 1586 , 348.21484375 
 1587 , 348.40625 
 1588 , 350.62890625 
 1589 , 355.765625 
 1590 , 367.765625 
 1591 , 407.23046875 
 1592 , 473.15625 
 1593 , 502.3203125 
 1594 , 462.26171875 
 1595 , 423.1171875 
 1596 , 441.62109375 
 1597 , 487.3984375 
 1598 , 517.71875 
 1599 , 512.56640625 
 1600 , 470.38671875 
 1601 , 424.9375 
 1602 , 408.421875 
 1603 , 416.38671875 
 1604 , 434.89453125 
 1605 , 457.48828125 
 1606 , 486.41015625 
 1607 , 539.4375 
 1608 , 622.42578125 
 1609 , 678.3671875 
 1610 , 647.015625 
 1611 , 552.40234375 
 1612 , 446.140625 
 1613 , 370.16015625 
 1614 , 355.734375 
 1615 , 368.625 
 1616 , 350.4921875 
 1617 , 305.30078125 
 1618 , 269.21875 
 1619 , 252.6796875 
 1620 , 244.42578125 
 1621 , 238.65625 
 1622 , 240.56640625 
 1623 , 243.43359375 
 1624 , 228.71484375 
 1625 , 202.25 
 1626 , 191.3046875 
 1627 , 205.04296875 
 1628 , 229.85546875 
 1629 , 239.46484375 
 1630 , 208.27734375 
 1631 , 151.3984375 
 1632 , 114.76953125 
 1633 , 113.52734375 
 1634 , 134.61328125 
 1635 , 169.98828125 
 1636 , 208.63671875 
 1637 , 230.1875 
 1638 , 219.2890625 
 1639 , 188.703125 
 1640 , 170.15625 
 1641 , 178.59765625 
 1642 , 215.6484375 
 1643 , 256.984375 
 1644 , 236.1015625 
 1645 , 145.05078125 
 1646 , 75.13671875 
 1647 , 77.609375 
 1648 , 125.0234375 
 1649 , 185.8515625 
 1650 , 231.640625 
 1651 , 248.1796875 
 1652 , 244.671875 
 1653 , 235.125 
 1654 , 236.6640625 
 1655 , 246.609375 
 1656 , 236.5859375 
 1657 , 201.69921875 
 1658 , 170.6484375 
 1659 , 161.48828125 
 1660 , 177.11328125 
 1661 , 205.90625 
 1662 , 200.35546875 
 1663 , 139.98046875 
 1664 , 79.22265625 
 1665 , 58.1171875 
 1666 , 60.015625 
 1667 , 70.57421875 
 1668 , 93.18359375 
 1669 , 122.46484375 
 1670 , 136.39453125 
 1671 , 127.28125 
 1672 , 119.75 
 1673 , 130.2421875 
 1674 , 147.4921875 
 1675 , 160.19921875 
 1676 , 167.625 
 1677 , 167.73046875 
 1678 , 147 
 1679 , 111.7890625 
 1680 , 128.4140625 
 1681 , 222.5078125 
 1682 , 290.41796875 
 1683 , 261.1328125 
 1684 , 196.2890625 
 1685 , 152.53125 
 1686 , 127.62109375 
 1687 , 113.20703125 
 1688 , 95.19140625 
 1689 , 64.9921875 
 1690 , 50.4453125 
 1691 , 78.3828125 
 1692 , 134.59765625 
 1693 , 189.98046875 
 1694 , 219.81640625 
 1695 , 221.09765625 
 1696 , 217.68359375 
 1697 , 220.1015625 
 1698 , 214.98046875 
 1699 , 199.01171875 
 1700 , 194.01171875 
 1701 , 206.77734375 
 1702 , 204.2421875 
 1703 , 170.1171875 
 1704 , 138.33203125 
 1705 , 131.96484375 
 1706 , 128.39453125 
 1707 , 108.9609375 
 1708 , 82.16796875 
 1709 , 59.828125 
 1710 , 35.98828125 
 1711 , 9.3046875 
 1712 ,-1.53515625 
 1713 , 10.82421875 
 1714 , 24.125 
 1715 , 22.90625 
 1716 , 15.02734375 
 1717 , 13.39453125 
 1718 , 30.91015625 
 1719 , 73.39453125 
 1720 , 124.828125 
 1721 , 169.51953125 
 1722 , 196.05078125 
 1723 , 202.69921875 
 1724 , 204.8125 
 1725 , 210.046875 
 1726 , 209.4609375 
 1727 , 195.765625 
 1728 , 164.10546875 
 1729 , 120.140625 
 1730 , 89.2734375 
 1731 , 77.9765625 
 1732 , 59.015625 
 1733 , 25.50390625 
 1734 , 9.57421875 
 1735 , 27.17578125 
 1736 , 57.046875 
 1737 , 83.51953125 
 1738 , 112.4453125 
 1739 , 146.515625 
 1740 , 176.38671875 
 1741 , 184.71875 
 1742 , 151.62109375 
 1743 , 110.609375 
 1744 , 137.58203125 
 1745 , 208.51953125 
 1746 , 219.21484375 
 1747 , 166.58984375 
 1748 , 129.22265625 
 1749 , 138.9296875 
 1750 , 185.765625 
 1751 , 238.34375 
 1752 , 258.41015625 
 1753 , 247.5625 
 1754 , 230.3984375 
 1755 , 227.234375 
 1756 , 250.9296875 
 1757 , 284.40234375 
 1758 , 303.22265625 
 1759 , 307.7421875 
 1760 , 303.61328125 
 1761 , 298.99609375 
 1762 , 301.48046875 
 1763 , 291.69140625 
 1764 , 249.44921875 
 1765 , 202.41015625 
 1766 , 188.04296875 
 1767 , 209.67578125 
 1768 , 256.05859375 
 1769 , 296.171875 
 1770 , 298.61328125 
 1771 , 258.703125 
 1772 , 189.62109375 
 1773 , 139.40625 
 1774 , 149.34765625 
 1775 , 217.4296875 
 1776 , 311.38671875 
 1777 , 352.2421875 
 1778 , 310.953125 
 1779 , 269.7265625 
 1780 , 270.60546875 
 1781 , 265.22265625 
 1782 , 229.828125 
 1783 , 188.18359375 
 1784 , 155.64453125 
 1785 , 131.39453125 
 1786 , 113.69921875 
 1787 , 101.58984375 
 1788 , 95.0625 
 1789 , 93.99609375 
 1790 , 96.99609375 
 1791 , 107.83984375 
 1792 , 120.99609375 
 1793 , 119.703125 
 1794 , 122.30859375 
 1795 , 167.07421875 
 1796 , 226.13671875 
 1797 , 236.65234375 
 1798 , 211.5390625 
 1799 , 198.93359375 
 1800 , 203.359375 
 1801 , 213.34765625 
 1802 , 223.41015625 
 1803 , 227.64453125 
 1804 , 229.73828125 
 1805 , 236.57421875 
 1806 , 225.296875 
 1807 , 173.2421875 
 1808 , 97.53515625 
 1809 , 29.51171875 
 1810 , 4.65234375 
 1811 , 33.84765625 
 1812 , 72.12890625 
 1813 , 86.15234375 
 1814 , 76.58203125 
 1815 , 56.81640625 
 1816 , 69.49609375 
 1817 , 128.53125 
 1818 , 179.09375 
 1819 , 194.642578125 
 1820 , 204.609375 
 1821 , 217.294921875 
 1822 , 209.26171875 
 1823 , 176.775390625 
 1824 , 136.326171875 
 1825 , 110.13671875 
 1826 , 124.001953125 
 1827 , 162.78125 
 1828 , 182.431640625 
 1829 , 175.849609375 
 1830 , 161.328125 
 1831 , 164.033203125 
 1832 , 202.67578125 
 1833 , 236.91015625 
 1834 , 217.533203125 
 1835 , 165.705078125 
 1836 , 120.564453125 
 1837 , 102.80078125 
 1838 , 118.849609375 
 1839 , 147.486328125 
 1840 , 168.841796875 
 1841 , 180.6171875 
 1842 , 187.005859375 
 1843 , 199.501953125 
 1844 , 218.837890625 
 1845 , 229.142578125 
 1846 , 231.31640625 
 1847 , 249.091796875 
 1848 , 280.984375 
 1849 , 293.583984375 
 1850 , 275.451171875 
 1851 , 241.3125 
 1852 , 206.955078125 
 1853 , 180.693359375 
 1854 , 160.732421875 
 1855 , 147.97265625 
 1856 , 146.2734375 
 1857 , 154.21484375 
 1858 , 161.439453125 
 1859 , 162.224609375 
 1860 , 173.81640625 
 1861 , 202.107421875 
 1862 , 204.703125 
 1863 , 159.431640625 
 1864 , 117.541015625 
 1865 , 121.236328125 
 1866 , 173.029296875 
 1867 , 246.048828125 
 1868 , 269.177734375 
 1869 , 230.5859375 
 1870 , 205.87890625 
 1871 , 204.5546875 
 1872 , 158.384765625 
 1873 , 89.26171875 
 1874 , 94.017578125 
 1875 , 154.958984375 
 1876 , 182.583984375 
 1877 , 168.04296875 
 1878 , 147.189453125 
 1879 , 141.0625 
 1880 , 152.46875 
 1881 , 159.8515625 
 1882 , 148.333984375 
 1883 , 129.55078125 
 1884 , 120.068359375 
 1885 , 137.591796875 
 1886 , 178.970703125 
 1887 , 202.689453125 
 1888 , 197.779296875 
 1889 , 203.439453125 
 1890 , 227.03515625 
 1891 , 239.57421875 
 1892 , 232.23046875 
 1893 , 210.548828125 
 1894 , 174.076171875 
 1895 , 124.5546875 
 1896 , 99.6015625 
 1897 , 138.525390625 
 1898 , 197.541015625 
 1899 , 219.779296875 
 1900 , 215.671875 
 1901 , 207.39453125 
 1902 , 198.373046875 
 1903 , 188.978515625 
 1904 , 181.673828125 
 1905 , 178.48828125 
 1906 , 179.876953125 
 1907 , 193.4375 
 1908 , 231.162109375 
 1909 , 270.130859375 
 1910 , 262.09765625 
 1911 , 205.78515625 
 1912 , 130.517578125 
 1913 , 88.2734375 
 1914 , 135.9921875 
 1915 , 231.720703125 
 1916 , 297.28125 
 1917 , 296.751953125 
 1918 , 234.01953125 
 1919 , 188.7734375 
 1920 , 204.81640625 
 1921 , 213.11328125 
 1922 , 174.81640625 
 1923 , 130.919921875 
 1924 , 112.578125 
 1925 , 124.990234375 
 1926 , 158.341796875 
 1927 , 193.439453125 
 1928 , 220.1171875 
 1929 , 230.513671875 
 1930 , 215.068359375 
 1931 , 172.4453125 
 1932 , 119.08203125 
 1933 , 74.2734375 
 1934 , 57.25390625 
 1935 , 74.513671875 
 1936 , 96.765625 
 1937 , 110.34375 
 1938 , 141.91796875 
 1939 , 193.30078125 
 1940 , 232.287109375 
 1941 , 260.263671875 
 1942 , 303.560546875 
 1943 , 334.966796875 
 1944 , 303.359375 
 1945 , 252.048828125 
 1946 , 250.099609375 
 1947 , 253.00390625 
 1948 , 210.583984375 
 1949 , 189.71875 
 1950 , 228.720703125 
 1951 , 229.556640625 
 1952 , 147.859375 
 1953 , 66.830078125 
 1954 , 34.37109375 
 1955 , 45.314453125 
 1956 , 87.88671875 
 1957 , 138.640625 
 1958 , 161.4296875 
 1959 , 125.1171875 
 1960 , 67.421875 
 1961 , 41.912109375 
 1962 , 41.2265625 
 1963 , 48.923828125 
 1964 , 75.041015625 
 1965 , 112.712890625 
 1966 , 105.029296875 
 1967 , 48.875 
 1968 , 30.181640625 
 1969 , 58.7734375 
 1970 , 60.94140625 
 1971 , 36.291015625 
 1972 , 39.236328125 
 1973 , 74.1953125 
 1974 , 112.34375 
 1975 , 125.630859375 
 1976 , 110.01171875 
 1977 , 109.390625 
 1978 , 147.607421875 
 1979 , 200.490234375 
 1980 , 246.2265625 
 1981 , 268.421875 
 1982 , 254.23046875 
 1983 , 198.30859375 
 1984 , 135.556640625 
 1985 , 120.36328125 
 1986 , 143.220703125 
 1987 , 168.4765625 
 1988 , 176.92578125 
 1989 , 160.33984375 
 1990 , 131.732421875 
 1991 , 107.94140625 
 1992 , 100.20703125 
 1993 , 126.666015625 
 1994 , 217.1015625 
 1995 , 315.859375 
 1996 , 303.322265625 
 1997 , 226.7734375 
 1998 , 211.80859375 
 1999 , 238.2890625 
 2000 , 247.708984375 
 2001 , 253.35546875 
 2002 , 271.21484375 
 2003 , 285.125 
 2004 , 282.263671875 
 2005 , 258.89453125 
 2006 , 234.462890625 
 2007 , 250.29296875 
 2008 , 276.88671875 
 2009 , 246.3984375 
 2010 , 199.58984375 
 2011 , 206.4609375 
 2012 , 236.568359375 
 2013 , 246.673828125 
 2014 , 240.12890625 
 2015 , 228.158203125 
 2016 , 219.1875 
 2017 , 215.072265625 
 2018 , 212.341796875 
 2019 , 196.810546875 
 2020 , 151.748046875 
 2021 , 120.521484375 
 2022 , 155.568359375 
 2023 , 199.81640625 
 2024 , 190.431640625 
 2025 , 145.232421875 
 2026 , 91.275390625 
 2027 , 43.6484375 
 2028 , 13.361328125 
 2029 , 1.779296875 
 2030 , 17.54296875 
 2031 , 75.201171875 
 2032 , 135.798828125 
 2033 , 145.271484375 
 2034 , 138.205078125 
 2035 , 154.51171875 
 2036 , 154.783203125 
 2037 , 120.380859375 
 2038 , 109.55859375 
 2039 , 125.619140625 
 2040 , 101.35546875 
 2041 , 61.748046875 
 2042 , 88.18359375 
 2043 , 119.53515625 
 2044 , 66.029296875 
 2045 , 3.205078125 
 2046 , 5.501953125 
 2047 , 29.310546875 
 2048 , 43.783203125 
 2049 , 67.3515625 
 2050 , 93.990234375 
 2051 , 92.755859375 
 2052 , 68.9375 
 2053 , 45.6015625 
 2054 , 30.306640625 
 2055 , 29.654296875 
 2056 , 61.6875 
 2057 , 112.630859375 
 2058 , 102.4609375 
 2059 , 37.31640625 
 2060 , 32.5625 
 2061 , 91.3359375 
 2062 , 134.111328125 
 2063 , 147.92578125 
 2064 , 150.140625 
 2065 , 152.427734375 
 2066 , 156.83984375 
 2067 , 142.873046875 
 2068 , 119.8125 
 2069 , 146.052734375 
 2070 , 210.728515625 
 2071 , 241 
 2072 , 226.896484375 
 2073 , 197.166015625 
 2074 , 187.787109375 
 2075 , 212.279296875 
 2076 , 215.81640625 
 2077 , 176.318359375 
 2078 , 145.541015625 
 2079 , 141.1796875 
 2080 , 139.853515625 
 2081 , 125.80859375 
 2082 , 92.97265625 
 2083 , 49.84375 
 2084 , 15.236328125 
 2085 , 32.673828125 
 2086 , 101.23046875 
 2087 , 123.83984375 
 2088 , 83.921875 
 2089 , 65.525390625 
 2090 , 88.017578125 
 2091 , 121.390625 
 2092 , 139.26171875 
 2093 , 131.43359375 
 2094 , 121.671875 
 2095 , 126.15234375 
 2096 , 141.095703125 
 2097 , 162.501953125 
 2098 , 186.021484375 
 2099 , 217.99609375 
 2100 , 269.068359375 
 2101 , 318.61328125 
 2102 , 340.486328125 
 2103 , 330.927734375 
 2104 , 305.998046875 
 2105 , 309.5390625 
 2106 , 327.947265625 
 2107 , 290.869140625 
 2108 , 216.859375 
 2109 , 172.05078125 
 2110 , 169.814453125 
 2111 , 194.6328125 
 2112 , 204.16015625 
 2113 , 175.734375 
 2114 , 126.853515625 
 2115 , 102.44140625 
 2116 , 152.263671875 
 2117 , 208.029296875 
 2118 , 167.384765625 
 2119 , 71.244140625 
 2120 ,-2.841796875 
 2121 , 5.033203125 
 2122 , 81.1171875 
 2123 , 120.275390625 
 2124 , 119.078125 
 2125 , 148.212890625 
 2126 , 192.6640625 
 2127 , 213.21484375 
 2128 , 210.244140625 
 2129 , 192.7421875 
 2130 , 168.0625 
 2131 , 148.595703125 
 2132 , 150.666015625 
 2133 , 159.990234375 
 2134 , 147.875 
 2135 , 115.431640625 
 2136 , 77.01953125 
 2137 , 54.712890625 
 2138 , 51.716796875 
 2139 , 41.8359375 
 2140 , 30.404296875 
 2141 , 46.3203125 
 2142 , 75.00390625 
 2143 , 90.970703125 
 2144 , 108.28515625 
 2145 , 135.572265625 
 2146 , 151.099609375 
 2147 , 152.443359375 
 2148 , 159.51171875 
 2149 , 157.173828125 
 2150 , 119.31640625 
 2151 , 79.521484375 
 2152 , 68.83203125 
 2153 , 60.052734375 
 2154 , 37.66015625 
 2155 , 16.001953125 
 2156 , 10.61328125 
 2157 , 31.93359375 
 2158 , 60.873046875 
 2159 , 78.875 
 2160 , 109.96875 
 2161 , 148.9375 
 2162 , 128.591796875 
 2163 , 67.5078125 
 2164 , 56.603515625 
 2165 , 68.06640625 
 2166 , 40.671875 
 2167 , 26.328125 
 2168 , 56.427734375 
 2169 , 63.361328125 
 2170 , 38.537109375 
 2171 , 44.80078125 
 2172 , 79.08984375 
 2173 , 105.6328125 
 2174 , 127.666015625 
 2175 , 153.388671875 
 2176 , 174.673828125 
 2177 , 181.126953125 
 2178 , 165.470703125 
 2179 , 151.658203125 
 2180 , 171.220703125 
 2181 , 188.998046875 
 2182 , 170.8125 
 2183 , 142.080078125 
 2184 , 119.421875 
 2185 , 96.705078125 
 2186 , 88.12109375 
 2187 , 115.263671875 
 2188 , 153.1640625 
 2189 , 174.564453125 
 2190 , 190.373046875 
 2191 , 204.6328125 
 2192 , 204.91796875 
 2193 , 192.52734375 
 2194 , 178.986328125 
 2195 , 178.32421875 
 2196 , 194.466796875 
 2197 , 197.779296875 
 2198 , 170.474609375 
 2199 , 122.330078125 
 2200 , 87.85546875 
 2201 , 104.80078125 
 2202 , 134.12109375 
 2203 , 133.16015625 
 2204 , 127.75390625 
 2205 , 137.80859375 
 2206 , 157.427734375 
 2207 , 170.896484375 
 2208 , 161.443359375 
 2209 , 134.46484375 
 2210 , 107.083984375 
 2211 , 107.62109375 
 2212 , 135.931640625 
 2213 , 155.529296875 
 2214 , 176.787109375 
 2215 , 222.70703125 
 2216 , 213.251953125 
 2217 , 106.962890625 
 2218 , 30.90234375 
 2219 , 37.73828125 
 2220 , 67.73828125 
 2221 , 98.4375 
 2222 , 125.466796875 
 2223 , 113.33984375 
 2224 , 57.05078125 
 2225 , 31.703125 
 2226 , 43.63671875 
 2227 , 29.400390625 
 2228 , 6.578125 
 2229 , 21.013671875 
 2230 , 66.619140625 
 2231 , 118.244140625 
 2232 , 139.828125 
 2233 , 138.83203125 
 2234 , 152.634765625 
 2235 , 158.47265625 
 2236 , 132.552734375 
 2237 , 131.23046875 
 2238 , 163.103515625 
 2239 , 153.052734375 
 2240 , 119.794921875 
 2241 , 130.359375 
 2242 , 136.310546875 
 2243 , 94.63671875 
 2244 , 66.751953125 
 2245 , 72.927734375 
 2246 , 71.05859375 
 2247 , 46.4296875 
 2248 , 12.1015625 
 2249 , 20.921875 
 2250 , 78 
 2251 , 90.9453125 
 2252 , 65.177734375 
 2253 , 86.376953125 
 2254 , 139.033203125 
 2255 , 169.833984375 
 2256 , 141.197265625 
 2257 , 75.806640625 
 2258 , 69.30859375 
 2259 , 116.84375 
 2260 , 155.15625 
 2261 , 179.1484375 
 2262 , 185.541015625 
 2263 , 137.537109375 
 2264 , 58.556640625 
 2265 , 28.94921875 
 2266 , 57.65625 
 2267 , 108.583984375 
 2268 , 116.169921875 
 2269 , 70.349609375 
 2270 , 45.62890625 
 2271 , 50.412109375 
 2272 , 51.9140625 
 2273 , 62.05078125 
 2274 , 88.7421875 
 2275 , 105.7265625 
 2276 , 112.904296875 
 2277 , 129.875 
 2278 , 131.2265625 
 2279 , 93.55859375 
 2280 , 59.486328125 
 2281 , 63.119140625 
 2282 , 99.021484375 
 2283 , 124.306640625 
 2284 , 87.134765625 
 2285 , 23.1328125 
 2286 ,-15.236328125 
 2287 , 0.634765625 
 2288 , 43.9921875 
 2289 , 53.953125 
 2290 , 68.30859375 
 2291 , 118.158203125 
 2292 , 101.197265625 
 2293 , 23.46484375 
 2294 , 23.48828125 
 2295 , 73.568359375 
 2296 , 79.640625 
 2297 , 70.12890625 
 2298 , 73.083984375 
 2299 , 59.634765625 
 2300 , 33.40234375 
 2301 , 25.693359375 
 2302 , 17.791015625 
 2303 ,-7.28125 
 2304 ,-16.58203125 
 2305 , 3.71875 
 2306 , 36.447265625 
 2307 , 57.623046875 
 2308 , 64.625 
 2309 , 108.869140625 
 2310 , 163.205078125 
 2311 , 110.326171875 
 2312 , 33.84765625 
 2313 , 65.95703125 
 2314 , 91.0078125 
 2315 , 46.748046875 
 2316 , 36.931640625 
 2317 , 57.07421875 
 2318 , 37.509765625 
 2319 , 10.068359375 
 2320 , 1.6484375 
 2321 ,-15.16796875 
 2322 ,-13.220703125 
 2323 , 65.31640625 
 2324 , 118.607421875 
 2325 , 64.171875 
 2326 , 23.25390625 
 2327 , 32.546875 
 2328 , 24.44921875 
 2329 , 2.609375 
 2330 , 10 
 2331 , 10 
 2332 , 10 
 2333 , 10 
 2334 , 10 
 2335 , 10 
 2336 , 10 
 2337 , 10 
 2338 , 10 
 2339 , 10 
