11-20-2017,17:26:46
Wavenumber(cm-1),Intensity
 250 , 10 
 251 , 10 
 252 , 10 
 253 , 10 
 254 , 10 
 255 , 70.8125 
 256 , 48.30859375 
 257 , 38.48828125 
 258 , 49.88671875 
 259 , 60.18359375 
 260 , 41.70703125 
 261 ,-12.1328125 
 262 ,-60.40234375 
 263 ,-64.8125 
 264 ,-23.97265625 
 265 , 26.5859375 
 266 , 54.25 
 267 , 58.53515625 
 268 , 58.40234375 
 269 , 71.5078125 
 270 , 87.60546875 
 271 , 86.40234375 
 272 , 59.359375 
 273 , 21.61328125 
 274 ,-13.37109375 
 275 ,-30.77734375 
 276 ,-13.59375 
 277 , 48.39453125 
 278 , 132.75 
 279 , 207.0625 
 280 , 250.125 
 281 , 271.25390625 
 282 , 284.86328125 
 283 , 299.74609375 
 284 , 317.92578125 
 285 , 342.6640625 
 286 , 366.390625 
 287 , 376.43359375 
 288 , 363.66015625 
 289 , 333.78125 
 290 , 296.2421875 
 291 , 266.17578125 
 292 , 262.65234375 
 293 , 300.203125 
 294 , 357.2265625 
 295 , 394.484375 
 296 , 385.25 
 297 , 341.32421875 
 298 , 281.8671875 
 299 , 221.58203125 
 300 , 170.28515625 
 301 , 136.640625 
 302 , 121.3125 
 303 , 120.4140625 
 304 , 130.20703125 
 305 , 144.20703125 
 306 , 154.56640625 
 307 , 154.86328125 
 308 , 144.66015625 
 309 , 125.42578125 
 310 , 104.65625 
 311 , 91.890625 
 312 , 93.8984375 
 313 , 108.45703125 
 314 , 131.375 
 315 , 159.77734375 
 316 , 191.2421875 
 317 , 222.97265625 
 318 , 250.08203125 
 319 , 266.6953125 
 320 , 270.14453125 
 321 , 277.4765625 
 322 , 313.1640625 
 323 , 384.45703125 
 324 , 457.0625 
 325 , 492.34375 
 326 , 488.46875 
 327 , 479.71875 
 328 , 495.15234375 
 329 , 519.4921875 
 330 , 519.6171875 
 331 , 482.09765625 
 332 , 443.19921875 
 333 , 445.30859375 
 334 , 492.515625 
 335 , 549.03515625 
 336 , 582.30859375 
 337 , 595.73046875 
 338 , 608.09765625 
 339 , 629.7890625 
 340 , 649.1484375 
 341 , 651.3671875 
 342 , 632.61328125 
 343 , 601.10546875 
 344 , 564.85546875 
 345 , 525.64453125 
 346 , 482.31640625 
 347 , 435.59375 
 348 , 391.66796875 
 349 , 357.51171875 
 350 , 334.90625 
 351 , 319.66015625 
 352 , 307.0703125 
 353 , 290.6875 
 354 , 263.296875 
 355 , 223.36328125 
 356 , 184.703125 
 357 , 163.1953125 
 358 , 162.08984375 
 359 , 170.88671875 
 360 , 179.85546875 
 361 , 189.375 
 362 , 204.1640625 
 363 , 224.9296875 
 364 , 242.3515625 
 365 , 246.07421875 
 366 , 236.4296875 
 367 , 224.55078125 
 368 , 220.3203125 
 369 , 222.62109375 
 370 , 225.8828125 
 371 , 229.92578125 
 372 , 247.50390625 
 373 , 291.953125 
 374 , 350.35546875 
 375 , 384.4609375 
 376 , 363.08984375 
 377 , 304.59375 
 378 , 246.08203125 
 379 , 213 
 380 , 205.4375 
 381 , 219.8671875 
 382 , 245.9609375 
 383 , 267.01953125 
 384 , 270.29296875 
 385 , 266.234375 
 386 , 273.3125 
 387 , 300.27734375 
 388 , 335.9921875 
 389 , 367.3671875 
 390 , 389.94140625 
 391 , 406.59765625 
 392 , 419.21875 
 393 , 423.09375 
 394 , 411.24609375 
 395 , 380.875 
 396 , 336.64453125 
 397 , 283.83984375 
 398 , 226.1484375 
 399 , 166.390625 
 400 , 110.6953125 
 401 , 78.38671875 
 402 , 91.4375 
 403 , 146.375 
 404 , 204.046875 
 405 , 227.375 
 406 , 220.28125 
 407 , 207.7734375 
 408 , 208.80859375 
 409 , 225.3828125 
 410 , 256.5703125 
 411 , 296.60546875 
 412 , 334.45703125 
 413 , 360.3515625 
 414 , 374.84375 
 415 , 382.8515625 
 416 , 385.81640625 
 417 , 375.89453125 
 418 , 344.44921875 
 419 , 300.48046875 
 420 , 270.4453125 
 421 , 274.90625 
 422 , 298.42578125 
 423 , 312.81640625 
 424 , 305.19921875 
 425 , 289.97265625 
 426 , 283.1640625 
 427 , 285.1875 
 428 , 286.07421875 
 429 , 277.88671875 
 430 , 263.15234375 
 431 , 248.2109375 
 432 , 236.12890625 
 433 , 224.453125 
 434 , 211.5703125 
 435 , 205.359375 
 436 , 216.15625 
 437 , 247.671875 
 438 , 287.7734375 
 439 , 322.19921875 
 440 , 343.296875 
 441 , 351.62890625 
 442 , 349.13671875 
 443 , 340.3359375 
 444 , 329.8671875 
 445 , 322.26171875 
 446 , 322.2421875 
 447 , 333.50390625 
 448 , 347.3125 
 449 , 347.26171875 
 450 , 322.703125 
 451 , 284.140625 
 452 , 247.31640625 
 453 , 217.56640625 
 454 , 186.71484375 
 455 , 147.83984375 
 456 , 109.328125 
 457 , 84.80078125 
 458 , 82.0390625 
 459 , 96.734375 
 460 , 123.25390625 
 461 , 158.26171875 
 462 , 200.51953125 
 463 , 246.296875 
 464 , 281.23046875 
 465 , 288.7265625 
 466 , 262.296875 
 467 , 208.984375 
 468 , 137.93359375 
 469 , 68.01953125 
 470 , 22.50390625 
 471 , 14.61328125 
 472 , 34.15234375 
 473 , 67.99609375 
 474 , 100.984375 
 475 , 116.8984375 
 476 , 105.2890625 
 477 , 79.7265625 
 478 , 58.8828125 
 479 , 55.9375 
 480 , 76.1484375 
 481 , 121.20703125 
 482 , 166.671875 
 483 , 173.08984375 
 484 , 125.79296875 
 485 , 77.50390625 
 486 , 90.38671875 
 487 , 165.30859375 
 488 , 250.38671875 
 489 , 301.69140625 
 490 , 316.5546875 
 491 , 302.1015625 
 492 , 269.328125 
 493 , 237.09765625 
 494 , 225.26171875 
 495 , 245.84765625 
 496 , 301.91796875 
 497 , 384.26953125 
 498 , 461.15234375 
 499 , 504.07421875 
 500 , 517.05078125 
 501 , 524.31640625 
 502 , 541.75390625 
 503 , 561 
 504 , 573.34765625 
 505 , 577.19140625 
 506 , 575.21875 
 507 , 566.875 
 508 , 544.890625 
 509 , 502.5546875 
 510 , 443.9296875 
 511 , 392.1171875 
 512 , 368.62109375 
 513 , 376.20703125 
 514 , 406.1484375 
 515 , 448.92578125 
 516 , 490.6796875 
 517 , 516.61328125 
 518 , 517.796875 
 519 , 493.01953125 
 520 , 445.71484375 
 521 , 400.3359375 
 522 , 388.2890625 
 523 , 416.8046875 
 524 , 451.0703125 
 525 , 455.90625 
 526 , 436.078125 
 527 , 417.20703125 
 528 , 413.41796875 
 529 , 409.28125 
 530 , 386.859375 
 531 , 355.95703125 
 532 , 350.48828125 
 533 , 391.9609375 
 534 , 446.52734375 
 535 , 468.69140625 
 536 , 446.87109375 
 537 , 410.51171875 
 538 , 385.8203125 
 539 , 373.17578125 
 540 , 365.4921875 
 541 , 360.203125 
 542 , 360.35546875 
 543 , 367.69921875 
 544 , 381.8671875 
 545 , 399.83984375 
 546 , 415.3359375 
 547 , 416.29296875 
 548 , 394.26171875 
 549 , 363.52734375 
 550 , 354.69140625 
 551 , 387.5390625 
 552 , 444.03125 
 553 , 500.15625 
 554 , 540.23046875 
 555 , 557.73828125 
 556 , 550.046875 
 557 , 537.296875 
 558 , 544.74609375 
 559 , 574.44140625 
 560 , 592.62890625 
 561 , 571.26953125 
 562 , 526.1640625 
 563 , 489.87890625 
 564 , 481.08203125 
 565 , 494.74609375 
 566 , 527.0703125 
 567 , 561.7734375 
 568 , 570.29296875 
 569 , 536.5546875 
 570 , 494.3359375 
 571 , 485.49609375 
 572 , 516.20703125 
 573 , 560.046875 
 574 , 597.21484375 
 575 , 624.79296875 
 576 , 636.71484375 
 577 , 632.609375 
 578 , 627.5 
 579 , 637.578125 
 580 , 646.1875 
 581 , 621.609375 
 582 , 557.9921875 
 583 , 499.5390625 
 584 , 492.09765625 
 585 , 533.16015625 
 586 , 591.4140625 
 587 , 640.4140625 
 588 , 666.7890625 
 589 , 657.140625 
 590 , 614.21484375 
 591 , 555.8359375 
 592 , 497.33203125 
 593 , 438.53515625 
 594 , 378.37890625 
 595 , 319.82421875 
 596 , 266.43359375 
 597 , 218.7265625 
 598 , 176.98046875 
 599 , 145.5703125 
 600 , 129.95703125 
 601 , 133.296875 
 602 , 153.109375 
 603 , 171.77734375 
 604 , 169.33984375 
 605 , 146.92578125 
 606 , 132.03515625 
 607 , 144.09375 
 608 , 172.1796875 
 609 , 198.15234375 
 610 , 213.30078125 
 611 , 221.8828125 
 612 , 232.41015625 
 613 , 250.45703125 
 614 , 275.40234375 
 615 , 303.53125 
 616 , 331.8671875 
 617 , 360.30078125 
 618 , 396.36328125 
 619 , 445.4453125 
 620 , 503.3203125 
 621 , 559.12890625 
 622 , 612.734375 
 623 , 663.83203125 
 624 , 704.88671875 
 625 , 729.39453125 
 626 , 752.24609375 
 627 , 793.51171875 
 628 , 834.578125 
 629 , 820.98828125 
 630 , 720.80078125 
 631 , 593.6640625 
 632 , 516.0625 
 633 , 511.23828125 
 634 , 551.5234375 
 635 , 613.28515625 
 636 , 673.80078125 
 637 , 701.52734375 
 638 , 677.8359375 
 639 , 610.453125 
 640 , 521.26171875 
 641 , 447.22265625 
 642 , 422.53515625 
 643 , 447.43359375 
 644 , 483.18359375 
 645 , 498.72265625 
 646 , 502.09765625 
 647 , 512.4609375 
 648 , 528.82421875 
 649 , 523.40234375 
 650 , 473.7578125 
 651 , 399.33203125 
 652 , 338.765625 
 653 , 310.37109375 
 654 , 295.08203125 
 655 , 271.71875 
 656 , 248.5 
 657 , 246.06640625 
 658 , 272.28515625 
 659 , 314.28515625 
 660 , 359.6171875 
 661 , 398.28515625 
 662 , 419.59765625 
 663 , 417.4140625 
 664 , 398.1328125 
 665 , 370.55078125 
 666 , 336.35546875 
 667 , 294.27734375 
 668 , 249.02734375 
 669 , 214.69921875 
 670 , 201.6796875 
 671 , 203.125 
 672 , 206.67578125 
 673 , 207.453125 
 674 , 206.40625 
 675 , 198.04296875 
 676 , 181.62890625 
 677 , 166.80078125 
 678 , 167.00390625 
 679 , 184.80078125 
 680 , 210.8515625 
 681 , 231.2109375 
 682 , 237.140625 
 683 , 232.82421875 
 684 , 232.484375 
 685 , 242.7734375 
 686 , 259.74609375 
 687 , 278.875 
 688 , 299.03125 
 689 , 313.61328125 
 690 , 310.640625 
 691 , 287.921875 
 692 , 252.8515625 
 693 , 218.09375 
 694 , 199.55078125 
 695 , 209.58984375 
 696 , 239.84765625 
 697 , 273.48828125 
 698 , 306.5859375 
 699 , 352.39453125 
 700 , 416.4140625 
 701 , 481.1875 
 702 , 520.1171875 
 703 , 525.05078125 
 704 , 520.796875 
 705 , 532.890625 
 706 , 551.9140625 
 707 , 547.9140625 
 708 , 506.20703125 
 709 , 449.34375 
 710 , 410.1875 
 711 , 401.41015625 
 712 , 417.125 
 713 , 438.40625 
 714 , 442.26171875 
 715 , 420.26171875 
 716 , 384.73046875 
 717 , 348.1640625 
 718 , 313.66796875 
 719 , 286.640625 
 720 , 276.73828125 
 721 , 276.23046875 
 722 , 265.921875 
 723 , 236.4296875 
 724 , 201.1875 
 725 , 178.37109375 
 726 , 169.34375 
 727 , 165.92578125 
 728 , 159.09375 
 729 , 143.05078125 
 730 , 115.4765625 
 731 , 82.96484375 
 732 , 55.390625 
 733 , 42.703125 
 734 , 53.4765625 
 735 , 88.58984375 
 736 , 130.875 
 737 , 162.75 
 738 , 186.87109375 
 739 , 221.01953125 
 740 , 268.50390625 
 741 , 305.90625 
 742 , 313.16796875 
 743 , 300.59765625 
 744 , 295.93359375 
 745 , 309.73828125 
 746 , 329.73828125 
 747 , 347.25 
 748 , 362.14453125 
 749 , 372.28125 
 750 , 368.4609375 
 751 , 351.890625 
 752 , 334.91015625 
 753 , 323.5546875 
 754 , 310.78125 
 755 , 286.53515625 
 756 , 255.7578125 
 757 , 231.44140625 
 758 , 223.90625 
 759 , 236.1640625 
 760 , 263 
 761 , 298.35546875 
 762 , 339.9765625 
 763 , 377.5 
 764 , 392.640625 
 765 , 373.87109375 
 766 , 330.51953125 
 767 , 282.1328125 
 768 , 256.00390625 
 769 , 275.9453125 
 770 , 329.296875 
 771 , 367.1796875 
 772 , 359.15625 
 773 , 325.20703125 
 774 , 290.19921875 
 775 , 249.81640625 
 776 , 183.12890625 
 777 , 93.109375 
 778 , 27.234375 
 779 , 29.7578125 
 780 , 82.31640625 
 781 , 126.6875 
 782 , 132.234375 
 783 , 121.94140625 
 784 , 120.40234375 
 785 , 125.65234375 
 786 , 123.82421875 
 787 , 110.3203125 
 788 , 89.4921875 
 789 , 65.671875 
 790 , 46.1796875 
 791 , 39.734375 
 792 , 48.30859375 
 793 , 65.4921875 
 794 , 88.77734375 
 795 , 114.22265625 
 796 , 131.04296875 
 797 , 131.234375 
 798 , 124.1640625 
 799 , 127.69921875 
 800 , 146.84765625 
 801 , 175.203125 
 802 , 198.03125 
 803 , 204.66015625 
 804 , 199.32421875 
 805 , 190.3828125 
 806 , 178.3984375 
 807 , 163.6484375 
 808 , 153.6015625 
 809 , 155.40234375 
 810 , 164.31640625 
 811 , 174.26171875 
 812 , 184.296875 
 813 , 195.34375 
 814 , 208.45703125 
 815 , 227.3984375 
 816 , 255.8125 
 817 , 286.890625 
 818 , 308.39453125 
 819 , 312.88671875 
 820 , 302.9609375 
 821 , 287.55078125 
 822 , 276.2890625 
 823 , 275.67578125 
 824 , 282.1796875 
 825 , 287.5703125 
 826 , 289.171875 
 827 , 292.94921875 
 828 , 302.76171875 
 829 , 316.03125 
 830 , 329.35546875 
 831 , 347.69921875 
 832 , 384.515625 
 833 , 443.73046875 
 834 , 486.71875 
 835 , 465.91015625 
 836 , 390.36328125 
 837 , 322.34765625 
 838 , 303.9921875 
 839 , 314.109375 
 840 , 322.40234375 
 841 , 324.1796875 
 842 , 329.62890625 
 843 , 338.4765625 
 844 , 337.69140625 
 845 , 319.34375 
 846 , 298.609375 
 847 , 297.7265625 
 848 , 318.29296875 
 849 , 338.56640625 
 850 , 343.31640625 
 851 , 347.5546875 
 852 , 372.26171875 
 853 , 406.19140625 
 854 , 410.609375 
 855 , 367.7734375 
 856 , 314.5390625 
 857 , 291.33984375 
 858 , 297.08984375 
 859 , 308.296875 
 860 , 316.08984375 
 861 , 335.30078125 
 862 , 377.421875 
 863 , 421.140625 
 864 , 434.11328125 
 865 , 412.39453125 
 866 , 383.9453125 
 867 , 369.12890625 
 868 , 360.84765625 
 869 , 350.26171875 
 870 , 348.07421875 
 871 , 373.8828125 
 872 , 431.60546875 
 873 , 503.609375 
 874 , 575.13671875 
 875 , 643.765625 
 876 , 707.95703125 
 877 , 758.79296875 
 878 , 788.984375 
 879 , 806.1640625 
 880 , 844.53125 
 881 , 935.7734375 
 882 , 1057.71484375 
 883 , 1154.9453125 
 884 , 1192.8828125 
 885 , 1174.609375 
 886 , 1108.0234375 
 887 , 1015.87109375 
 888 , 928.4765625 
 889 , 861.8515625 
 890 , 812.09375 
 891 , 769.890625 
 892 , 714.015625 
 893 , 623.62890625 
 894 , 511.73828125 
 895 , 415 
 896 , 351.671875 
 897 , 299.328125 
 898 , 236.0390625 
 899 , 181.19921875 
 900 , 170.36328125 
 901 , 197.92578125 
 902 , 209.5625 
 903 , 167.70703125 
 904 , 101.046875 
 905 , 50.15234375 
 906 , 29.82421875 
 907 , 38.2109375 
 908 , 69.49609375 
 909 , 110.60546875 
 910 , 147.52734375 
 911 , 173.21484375 
 912 , 185.09375 
 913 , 186.8125 
 914 , 184.234375 
 915 , 181.33203125 
 916 , 183.16015625 
 917 , 195.66015625 
 918 , 215.421875 
 919 , 231.625 
 920 , 234.01953125 
 921 , 218.234375 
 922 , 187.5625 
 923 , 166.33203125 
 924 , 180.6484375 
 925 , 218.4296875 
 926 , 239.2421875 
 927 , 224.50390625 
 928 , 201.99609375 
 929 , 198.9609375 
 930 , 207.93359375 
 931 , 209.35546875 
 932 , 196.62109375 
 933 , 172.6640625 
 934 , 140.7578125 
 935 , 113.13671875 
 936 , 104.2578125 
 937 , 114.80859375 
 938 , 134.1953125 
 939 , 154.28125 
 940 , 165.65625 
 941 , 157.37890625 
 942 , 122.953125 
 943 , 54.2109375 
 944 ,-15.93359375 
 945 ,-22.74609375 
 946 , 55.26171875 
 947 , 142.39453125 
 948 , 163.57421875 
 949 , 137.9296875 
 950 , 118.703125 
 951 , 127.19140625 
 952 , 148.48046875 
 953 , 163.8125 
 954 , 172.51171875 
 955 , 177.40625 
 956 , 187.33984375 
 957 , 213.0078125 
 958 , 247.62890625 
 959 , 261.27734375 
 960 , 233.39453125 
 961 , 185.81640625 
 962 , 149.09375 
 963 , 130.2421875 
 964 , 119.40234375 
 965 , 111.1328125 
 966 , 112.75 
 967 , 131.94921875 
 968 , 162.90625 
 969 , 194.14453125 
 970 , 220.23046875 
 971 , 243.8828125 
 972 , 265.046875 
 973 , 271.203125 
 974 , 251 
 975 , 219.32421875 
 976 , 201.9453125 
 977 , 206.421875 
 978 , 219.39453125 
 979 , 229.1171875 
 980 , 234.88671875 
 981 , 238.41015625 
 982 , 241.72265625 
 983 , 246.76171875 
 984 , 250.0703125 
 985 , 241.15625 
 986 , 217.06640625 
 987 , 197.1328125 
 988 , 200.7890625 
 989 , 216.2578125 
 990 , 216.54296875 
 991 , 194.4296875 
 992 , 168.37890625 
 993 , 154.8046875 
 994 , 159.75 
 995 , 186.6484375 
 996 , 226.6640625 
 997 , 262.30078125 
 998 , 296.71875 
 999 , 366.68359375 
 1000 , 500.0078125 
 1001 , 675.8046875 
 1002 , 863.734375 
 1003 , 1070.3671875 
 1004 , 1326.35546875 
 1005 , 1611.453125 
 1006 , 1821.6484375 
 1007 , 1868.05859375 
 1008 , 1756.296875 
 1009 , 1517.6640625 
 1010 , 1201.515625 
 1011 , 873.01953125 
 1012 , 590.44140625 
 1013 , 394.8046875 
 1014 , 305.58984375 
 1015 , 261.08203125 
 1016 , 183.99609375 
 1017 , 81.82421875 
 1018 , 21.9921875 
 1019 , 32.328125 
 1020 , 68.59765625 
 1021 , 89.79296875 
 1022 , 103.0625 
 1023 , 127.87109375 
 1024 , 164.1328125 
 1025 , 197.78125 
 1026 , 211.890625 
 1027 , 186.859375 
 1028 , 116.23046875 
 1029 , 48.36328125 
 1030 , 41.30078125 
 1031 , 92.125 
 1032 , 155.98046875 
 1033 , 210.625 
 1034 , 272.11328125 
 1035 , 351.42578125 
 1036 , 424.4609375 
 1037 , 460.46484375 
 1038 , 457.3125 
 1039 , 431.7578125 
 1040 , 395.7578125 
 1041 , 353.26953125 
 1042 , 309 
 1043 , 274.21484375 
 1044 , 260.8671875 
 1045 , 266.50390625 
 1046 , 279 
 1047 , 291.55859375 
 1048 , 306.72265625 
 1049 , 326.16796875 
 1050 , 344.515625 
 1051 , 355.82421875 
 1052 , 364.390625 
 1053 , 379.796875 
 1054 , 402.0625 
 1055 , 419.36328125 
 1056 , 424.0078125 
 1057 , 422.421875 
 1058 , 422.78515625 
 1059 , 427.8828125 
 1060 , 438.2421875 
 1061 , 453.52734375 
 1062 , 472.05859375 
 1063 , 492.0703125 
 1064 , 512.6640625 
 1065 , 532.765625 
 1066 , 548.1640625 
 1067 , 553.54296875 
 1068 , 548.04296875 
 1069 , 534.53125 
 1070 , 510.45703125 
 1071 , 461.68359375 
 1072 , 381.21875 
 1073 , 306.50390625 
 1074 , 285.55859375 
 1075 , 313.49609375 
 1076 , 346.1171875 
 1077 , 358.3125 
 1078 , 358.375 
 1079 , 354.7421875 
 1080 , 344.6328125 
 1081 , 324.1015625 
 1082 , 303.01171875 
 1083 , 298.57421875 
 1084 , 315.765625 
 1085 , 343.85546875 
 1086 , 372.08984375 
 1087 , 392.71484375 
 1088 , 402.2265625 
 1089 , 424.55859375 
 1090 , 493.76171875 
 1091 , 589.11328125 
 1092 , 634.62890625 
 1093 , 593.75 
 1094 , 523.87890625 
 1095 , 482.9609375 
 1096 , 464.43359375 
 1097 , 441.671875 
 1098 , 409.578125 
 1099 , 379.3359375 
 1100 , 356.84375 
 1101 , 338.24609375 
 1102 , 319.734375 
 1103 , 301.47265625 
 1104 , 284.58984375 
 1105 , 269.27734375 
 1106 , 255.1015625 
 1107 , 240.6484375 
 1108 , 223.37109375 
 1109 , 203.40625 
 1110 , 187.84765625 
 1111 , 182.7421875 
 1112 , 181.1875 
 1113 , 171.9375 
 1114 , 152.609375 
 1115 , 128.15625 
 1116 , 101.78125 
 1117 , 73.12109375 
 1118 , 43.25 
 1119 , 20.01171875 
 1120 , 12.59765625 
 1121 , 14.7265625 
 1122 , 11.12109375 
 1123 , 7.97265625 
 1124 , 39.37109375 
 1125 , 115.9921875 
 1126 , 179.4609375 
 1127 , 173.71484375 
 1128 , 130.7109375 
 1129 , 112.55859375 
 1130 , 124.4375 
 1131 , 123.796875 
 1132 , 94.8046875 
 1133 , 69.96484375 
 1134 , 75.6171875 
 1135 , 96.86328125 
 1136 , 110.73828125 
 1137 , 110.34765625 
 1138 , 97.4375 
 1139 , 78.43359375 
 1140 , 64.8671875 
 1141 , 62.25 
 1142 , 60.79296875 
 1143 , 53.71484375 
 1144 , 61.32421875 
 1145 , 108.3984375 
 1146 , 169.53125 
 1147 , 187.56640625 
 1148 , 146.69140625 
 1149 , 87.53125 
 1150 , 45.88671875 
 1151 , 28.50390625 
 1152 , 34.43359375 
 1153 , 59.4375 
 1154 , 101.3203125 
 1155 , 152.64453125 
 1156 , 195.9765625 
 1157 , 221.23046875 
 1158 , 238.09375 
 1159 , 256.1953125 
 1160 , 271.4375 
 1161 , 274.49609375 
 1162 , 250.56640625 
 1163 , 186.33984375 
 1164 , 118.19140625 
 1165 , 126.30078125 
 1166 , 231.4921875 
 1167 , 341.5546875 
 1168 , 377.88671875 
 1169 , 366 
 1170 , 353.1875 
 1171 , 347.5390625 
 1172 , 337.88671875 
 1173 , 332.20703125 
 1174 , 354.64453125 
 1175 , 405.09765625 
 1176 , 440.609375 
 1177 , 426.85546875 
 1178 , 378.5078125 
 1179 , 321.9296875 
 1180 , 285.45703125 
 1181 , 298.28125 
 1182 , 360.375 
 1183 , 438.33203125 
 1184 , 495.36328125 
 1185 , 496.5546875 
 1186 , 425.734375 
 1187 , 336.51953125 
 1188 , 293.66015625 
 1189 , 307.98828125 
 1190 , 361.06640625 
 1191 , 423.49609375 
 1192 , 458.34765625 
 1193 , 450.046875 
 1194 , 417.8984375 
 1195 , 381.75 
 1196 , 359.69140625 
 1197 , 368.89453125 
 1198 , 391.953125 
 1199 , 390.9296875 
 1200 , 368.55859375 
 1201 , 375.6171875 
 1202 , 435.39453125 
 1203 , 505.359375 
 1204 , 539.72265625 
 1205 , 519.78125 
 1206 , 442.14453125 
 1207 , 355.7265625 
 1208 , 328.390625 
 1209 , 356.69140625 
 1210 , 374.5546875 
 1211 , 345.53125 
 1212 , 295.30078125 
 1213 , 252.93359375 
 1214 , 215.24609375 
 1215 , 170.53515625 
 1216 , 146.8671875 
 1217 , 190.8984375 
 1218 , 279.04296875 
 1219 , 330.76171875 
 1220 , 307.38671875 
 1221 , 234.6640625 
 1222 , 147.72265625 
 1223 , 68.25390625 
 1224 , 12.52734375 
 1225 ,-1.7578125 
 1226 , 40.66015625 
 1227 , 110.1484375 
 1228 , 151.4921875 
 1229 , 144.9609375 
 1230 , 112.73828125 
 1231 , 76.734375 
 1232 , 44.5390625 
 1233 , 16.6875 
 1234 , 5.34375 
 1235 , 23.421875 
 1236 , 54.7890625 
 1237 , 74.734375 
 1238 , 80.41796875 
 1239 , 78.59765625 
 1240 , 73.41015625 
 1241 , 82.16015625 
 1242 , 118.36328125 
 1243 , 156.12109375 
 1244 , 156.94140625 
 1245 , 120.5078125 
 1246 , 76.16796875 
 1247 , 68.2890625 
 1248 , 136.6484375 
 1249 , 260.11328125 
 1250 , 354.4609375 
 1251 , 367.12890625 
 1252 , 316.25390625 
 1253 , 234.8671875 
 1254 , 177.078125 
 1255 , 188.921875 
 1256 , 232.875 
 1257 , 240.57421875 
 1258 , 202.61328125 
 1259 , 154.39453125 
 1260 , 114.17578125 
 1261 , 73.1640625 
 1262 , 30.08203125 
 1263 , 9.1640625 
 1264 , 29.9609375 
 1265 , 71.71875 
 1266 , 105.9140625 
 1267 , 122.71484375 
 1268 , 115.69140625 
 1269 , 87.47265625 
 1270 , 62.92578125 
 1271 , 60.9765625 
 1272 , 68.21875 
 1273 , 63.28515625 
 1274 , 47.37890625 
 1275 , 37.11328125 
 1276 , 37.06640625 
 1277 , 34.03125 
 1278 , 23.8046875 
 1279 , 21.2734375 
 1280 , 38.8125 
 1281 , 72.7734375 
 1282 , 114.671875 
 1283 , 157.1015625 
 1284 , 194.49609375 
 1285 , 225.9453125 
 1286 , 253.41796875 
 1287 , 277.46875 
 1288 , 294.359375 
 1289 , 301.203125 
 1290 , 300.234375 
 1291 , 295.109375 
 1292 , 284.0234375 
 1293 , 263.69140625 
 1294 , 235.63671875 
 1295 , 203.7734375 
 1296 , 175.89453125 
 1297 , 160.15234375 
 1298 , 149.4140625 
 1299 , 127.5078125 
 1300 , 94.0078125 
 1301 , 64.15625 
 1302 , 50.34375 
 1303 , 53.4609375 
 1304 , 62.9921875 
 1305 , 63.18359375 
 1306 , 52.43359375 
 1307 , 52.16796875 
 1308 , 77.56640625 
 1309 , 117.30859375 
 1310 , 154.2734375 
 1311 , 174.5 
 1312 , 167.52734375 
 1313 , 142.6171875 
 1314 , 125.34375 
 1315 , 124.26953125 
 1316 , 126.3046875 
 1317 , 124.25 
 1318 , 120.08203125 
 1319 , 115.09375 
 1320 , 116.578125 
 1321 , 133.33203125 
 1322 , 154.37109375 
 1323 , 159.0859375 
 1324 , 151.6484375 
 1325 , 159.29296875 
 1326 , 188.57421875 
 1327 , 214.61328125 
 1328 , 222.36328125 
 1329 , 225.3125 
 1330 , 238.30859375 
 1331 , 263.76171875 
 1332 , 297.0859375 
 1333 , 315.69140625 
 1334 , 295.26953125 
 1335 , 254.546875 
 1336 , 233.73046875 
 1337 , 248.52734375 
 1338 , 295.1640625 
 1339 , 355.3359375 
 1340 , 393.69921875 
 1341 , 394.0234375 
 1342 , 380.37890625 
 1343 , 376.484375 
 1344 , 385.265625 
 1345 , 401.96875 
 1346 , 419.015625 
 1347 , 431.25390625 
 1348 , 438.50390625 
 1349 , 444.20703125 
 1350 , 453.0703125 
 1351 , 466.41015625 
 1352 , 483.203125 
 1353 , 507.33203125 
 1354 , 540.61328125 
 1355 , 566.10546875 
 1356 , 563.46875 
 1357 , 529.57421875 
 1358 , 474.41796875 
 1359 , 432.8359375 
 1360 , 438.26953125 
 1361 , 467.15625 
 1362 , 472.40234375 
 1363 , 444.7890625 
 1364 , 398.75390625 
 1365 , 352.1484375 
 1366 , 337.0625 
 1367 , 371.61328125 
 1368 , 432.64453125 
 1369 , 482.89453125 
 1370 , 470.6484375 
 1371 , 367.40234375 
 1372 , 253.68359375 
 1373 , 226.5859375 
 1374 , 272.05078125 
 1375 , 323.234375 
 1376 , 344.1015625 
 1377 , 330.38671875 
 1378 , 297.58203125 
 1379 , 272.20703125 
 1380 , 265.375 
 1381 , 267.67578125 
 1382 , 269.76171875 
 1383 , 260.24609375 
 1384 , 228.84375 
 1385 , 183.20703125 
 1386 , 140.1015625 
 1387 , 120.5546875 
 1388 , 136.26171875 
 1389 , 154.72265625 
 1390 , 112.66796875 
 1391 , 29.0859375 
 1392 ,-8.55078125 
 1393 , 25.0546875 
 1394 , 82.28515625 
 1395 , 126.07421875 
 1396 , 139.8203125 
 1397 , 116.92578125 
 1398 , 82.9609375 
 1399 , 71.8359375 
 1400 , 75.27734375 
 1401 , 71.828125 
 1402 , 55.37109375 
 1403 , 33.8125 
 1404 , 19.5234375 
 1405 , 19.76953125 
 1406 , 28.19140625 
 1407 , 33.01171875 
 1408 , 35.96875 
 1409 , 49.79296875 
 1410 , 80.453125 
 1411 , 130.03125 
 1412 , 195.87890625 
 1413 , 243.453125 
 1414 , 238.32421875 
 1415 , 208.6796875 
 1416 , 203.45703125 
 1417 , 230.45703125 
 1418 , 269.88671875 
 1419 , 304.02734375 
 1420 , 329.62890625 
 1421 , 336.09765625 
 1422 , 290.82421875 
 1423 , 205.578125 
 1424 , 162.484375 
 1425 , 192.68359375 
 1426 , 220.69140625 
 1427 , 201.77734375 
 1428 , 204.19140625 
 1429 , 281.5234375 
 1430 , 361.62109375 
 1431 , 365.09375 
 1432 , 335.35546875 
 1433 , 343.8671875 
 1434 , 364.078125 
 1435 , 329.92578125 
 1436 , 261.65625 
 1437 , 233.53515625 
 1438 , 252.2265625 
 1439 , 267.0859375 
 1440 , 261.96875 
 1441 , 259.6171875 
 1442 , 275.5859375 
 1443 , 314.234375 
 1444 , 369.765625 
 1445 , 411.484375 
 1446 , 418.59375 
 1447 , 416.55859375 
 1448 , 433.26171875 
 1449 , 468.09375 
 1450 , 514.33203125 
 1451 , 552.97265625 
 1452 , 556.9765625 
 1453 , 548.4140625 
 1454 , 585.46484375 
 1455 , 669.16796875 
 1456 , 744.6953125 
 1457 , 789.47265625 
 1458 , 829.6953125 
 1459 , 878.4609375 
 1460 , 907.41015625 
 1461 , 892.37890625 
 1462 , 846.53515625 
 1463 , 788.94140625 
 1464 , 722.125 
 1465 , 645.8203125 
 1466 , 577.42578125 
 1467 , 537.10546875 
 1468 , 512.32421875 
 1469 , 478.00390625 
 1470 , 431.6484375 
 1471 , 381.390625 
 1472 , 332.359375 
 1473 , 290.92578125 
 1474 , 262.203125 
 1475 , 245.265625 
 1476 , 234.4140625 
 1477 , 224.2109375 
 1478 , 216.671875 
 1479 , 218.81640625 
 1480 , 227.61328125 
 1481 , 227.19921875 
 1482 , 211.9609375 
 1483 , 200 
 1484 , 205.0234375 
 1485 , 216.1015625 
 1486 , 220.63671875 
 1487 , 219.73828125 
 1488 , 218.63671875 
 1489 , 230.75390625 
 1490 , 269.265625 
 1491 , 317.74609375 
 1492 , 345.67578125 
 1493 , 338.7890625 
 1494 , 298.53515625 
 1495 , 251.796875 
 1496 , 238.75390625 
 1497 , 262.98828125 
 1498 , 295.31640625 
 1499 , 316.09375 
 1500 , 318.8359375 
 1501 , 301.69921875 
 1502 , 265.1171875 
 1503 , 219.91015625 
 1504 , 206.15234375 
 1505 , 245.46484375 
 1506 , 286.73828125 
 1507 , 279.3515625 
 1508 , 239.95703125 
 1509 , 201.6953125 
 1510 , 170.47265625 
 1511 , 139.4296875 
 1512 , 106.91015625 
 1513 , 78.05859375 
 1514 , 55.80859375 
 1515 , 36.2578125 
 1516 , 19.3515625 
 1517 , 9.90234375 
 1518 , 6.54296875 
 1519 , 4.90625 
 1520 , 4.2890625 
 1521 , 5.078125 
 1522 , 8.625 
 1523 , 18.17578125 
 1524 , 38.7265625 
 1525 , 77.9296875 
 1526 , 134.51953125 
 1527 , 188.28515625 
 1528 , 212.3671875 
 1529 , 180.859375 
 1530 , 99.8125 
 1531 , 41.0390625 
 1532 , 57.7421875 
 1533 , 126.42578125 
 1534 , 215.578125 
 1535 , 299.65625 
 1536 , 351.35546875 
 1537 , 368.1875 
 1538 , 359.734375 
 1539 , 330.78125 
 1540 , 285.5 
 1541 , 234.7109375 
 1542 , 194.48046875 
 1543 , 171.1328125 
 1544 , 158.6953125 
 1545 , 149.62890625 
 1546 , 139.82421875 
 1547 , 126.52734375 
 1548 , 103.01171875 
 1549 , 74.109375 
 1550 , 68.0625 
 1551 , 95.22265625 
 1552 , 129.74609375 
 1553 , 151.5703125 
 1554 , 156.90625 
 1555 , 148.6875 
 1556 , 142.5390625 
 1557 , 149.7734375 
 1558 , 166.12890625 
 1559 , 182.875 
 1560 , 189.59765625 
 1561 , 184.62890625 
 1562 , 182.49609375 
 1563 , 190.1796875 
 1564 , 191.96484375 
 1565 , 178.65625 
 1566 , 174 
 1567 , 199.21875 
 1568 , 238.73828125 
 1569 , 271.49609375 
 1570 , 295.05859375 
 1571 , 310.9921875 
 1572 , 313.1484375 
 1573 , 296.15625 
 1574 , 265.48046875 
 1575 , 230.65625 
 1576 , 205.8125 
 1577 , 205.10546875 
 1578 , 218.17578125 
 1579 , 221.6171875 
 1580 , 218.72265625 
 1581 , 230.82421875 
 1582 , 254.640625 
 1583 , 266.91015625 
 1584 , 268.9375 
 1585 , 284.83203125 
 1586 , 320.6015625 
 1587 , 363.27734375 
 1588 , 402.796875 
 1589 , 428.3671875 
 1590 , 433.51171875 
 1591 , 430.59765625 
 1592 , 436.953125 
 1593 , 460.0546875 
 1594 , 492.8359375 
 1595 , 515.28515625 
 1596 , 519.70703125 
 1597 , 517.22265625 
 1598 , 513.09765625 
 1599 , 505.0859375 
 1600 , 495.40234375 
 1601 , 494.12890625 
 1602 , 509.9765625 
 1603 , 536.6171875 
 1604 , 563.015625 
 1605 , 584 
 1606 , 599.9609375 
 1607 , 614.7890625 
 1608 , 625.95703125 
 1609 , 615.1875 
 1610 , 568.30859375 
 1611 , 506.6875 
 1612 , 459.53515625 
 1613 , 434.48828125 
 1614 , 429.8125 
 1615 , 426.2265625 
 1616 , 398.26953125 
 1617 , 347.5546875 
 1618 , 293.01171875 
 1619 , 258.03515625 
 1620 , 257.38671875 
 1621 , 265.515625 
 1622 , 244.6796875 
 1623 , 208.56640625 
 1624 , 196.89453125 
 1625 , 210.03515625 
 1626 , 225.171875 
 1627 , 232.5703125 
 1628 , 226.625 
 1629 , 211.97265625 
 1630 , 208.62109375 
 1631 , 209.48828125 
 1632 , 180 
 1633 , 122.4453125 
 1634 , 78.16015625 
 1635 , 82.91015625 
 1636 , 154.5390625 
 1637 , 252.44140625 
 1638 , 287.81640625 
 1639 , 250.8671875 
 1640 , 214.58984375 
 1641 , 209.84765625 
 1642 , 217.65234375 
 1643 , 222.47265625 
 1644 , 208.69140625 
 1645 , 176.8828125 
 1646 , 162.2890625 
 1647 , 176.87890625 
 1648 , 186.98828125 
 1649 , 180.66796875 
 1650 , 184.91015625 
 1651 , 211.44921875 
 1652 , 241.58984375 
 1653 , 257.53515625 
 1654 , 246.95703125 
 1655 , 208.08984375 
 1656 , 166.9609375 
 1657 , 142.3046875 
 1658 , 119.29296875 
 1659 , 87.51171875 
 1660 , 64.41796875 
 1661 , 58.5625 
 1662 , 44.5234375 
 1663 , 16.80078125 
 1664 , 28.71484375 
 1665 , 97.46875 
 1666 , 141.70703125 
 1667 , 116.60546875 
 1668 , 83.671875 
 1669 , 84.35546875 
 1670 , 89.8984375 
 1671 , 88.65234375 
 1672 , 125.4453125 
 1673 , 212.8828125 
 1674 , 270.26171875 
 1675 , 246.85546875 
 1676 , 198.7890625 
 1677 , 178.12890625 
 1678 , 183.48046875 
 1679 , 207.81640625 
 1680 , 255.98828125 
 1681 , 314.84765625 
 1682 , 317.88671875 
 1683 , 237.86328125 
 1684 , 167.14453125 
 1685 , 168.9375 
 1686 , 191.05859375 
 1687 , 190.4453125 
 1688 , 180.0078125 
 1689 , 162.5 
 1690 , 112.0234375 
 1691 , 35.62890625 
 1692 , 11.62109375 
 1693 , 77.20703125 
 1694 , 163.2109375 
 1695 , 211.109375 
 1696 , 205.57421875 
 1697 , 151.05078125 
 1698 , 101.8671875 
 1699 , 98.67578125 
 1700 , 124.20703125 
 1701 , 153.90234375 
 1702 , 169.7734375 
 1703 , 163.56640625 
 1704 , 145.45703125 
 1705 , 127.58203125 
 1706 , 115.46875 
 1707 , 106.04296875 
 1708 , 91.33203125 
 1709 , 67.9375 
 1710 , 36.6328125 
 1711 , 6.8515625 
 1712 , 10.3203125 
 1713 , 51.05078125 
 1714 , 69.76171875 
 1715 , 39.39453125 
 1716 , 11.48046875 
 1717 , 19.41015625 
 1718 , 44.890625 
 1719 , 70.94140625 
 1720 , 94.16015625 
 1721 , 116.220703125 
 1722 , 147.107421875 
 1723 , 187.236328125 
 1724 , 222.494140625 
 1725 , 243.556640625 
 1726 , 247.638671875 
 1727 , 237.3984375 
 1728 , 220.25390625 
 1729 , 192.572265625 
 1730 , 141.6171875 
 1731 , 77.220703125 
 1732 , 31.466796875 
 1733 , 17.310546875 
 1734 , 33.5078125 
 1735 , 69.060546875 
 1736 , 88.51171875 
 1737 , 85.412109375 
 1738 , 97.162109375 
 1739 , 125.701171875 
 1740 , 129.94140625 
 1741 , 106.451171875 
 1742 , 89.76171875 
 1743 , 95.4921875 
 1744 , 122.146484375 
 1745 , 156.076171875 
 1746 , 171.642578125 
 1747 , 169.607421875 
 1748 , 175.796875 
 1749 , 190.662109375 
 1750 , 193.650390625 
 1751 , 195.625 
 1752 , 224.255859375 
 1753 , 247.638671875 
 1754 , 208.576171875 
 1755 , 139.083984375 
 1756 , 110.6875 
 1757 , 136.458984375 
 1758 , 200.06640625 
 1759 , 253.6640625 
 1760 , 243.513671875 
 1761 , 204.52734375 
 1762 , 199.466796875 
 1763 , 230.37890625 
 1764 , 272.95703125 
 1765 , 282.11328125 
 1766 , 228.95703125 
 1767 , 179.625 
 1768 , 199.265625 
 1769 , 240.4453125 
 1770 , 245.84375 
 1771 , 233.787109375 
 1772 , 231.15625 
 1773 , 236.12109375 
 1774 , 245.359375 
 1775 , 261.783203125 
 1776 , 280.076171875 
 1777 , 280.546875 
 1778 , 264.431640625 
 1779 , 271.900390625 
 1780 , 306.02734375 
 1781 , 302.62890625 
 1782 , 239.47265625 
 1783 , 166.857421875 
 1784 , 120.65234375 
 1785 , 107.556640625 
 1786 , 114.470703125 
 1787 , 106.9140625 
 1788 , 77.99609375 
 1789 , 52.2109375 
 1790 , 42.01953125 
 1791 , 52.693359375 
 1792 , 88.873046875 
 1793 , 148.373046875 
 1794 , 206.58203125 
 1795 , 225.01171875 
 1796 , 215.767578125 
 1797 , 220.71484375 
 1798 , 232.830078125 
 1799 , 220.828125 
 1800 , 207.125 
 1801 , 235.767578125 
 1802 , 287.912109375 
 1803 , 317.4453125 
 1804 , 298.89453125 
 1805 , 229.177734375 
 1806 , 153.357421875 
 1807 , 115.908203125 
 1808 , 107.052734375 
 1809 , 107.2578125 
 1810 , 85.20703125 
 1811 , 28.859375 
 1812 ,-1.080078125 
 1813 , 33.9296875 
 1814 , 78.537109375 
 1815 , 97.958984375 
 1816 , 137.240234375 
 1817 , 208.658203125 
 1818 , 243.90625 
 1819 , 222.91796875 
 1820 , 202.654296875 
 1821 , 209.3125 
 1822 , 222.203125 
 1823 , 220.736328125 
 1824 , 188.123046875 
 1825 , 142.068359375 
 1826 , 127.08203125 
 1827 , 137.357421875 
 1828 , 133.291015625 
 1829 , 127.7734375 
 1830 , 158.34765625 
 1831 , 198.248046875 
 1832 , 201.091796875 
 1833 , 181.240234375 
 1834 , 168.5234375 
 1835 , 161.435546875 
 1836 , 153.90234375 
 1837 , 154.408203125 
 1838 , 169.447265625 
 1839 , 190.916015625 
 1840 , 211.15625 
 1841 , 231.33203125 
 1842 , 248.76953125 
 1843 , 250.173828125 
 1844 , 228.412109375 
 1845 , 190.900390625 
 1846 , 165.837890625 
 1847 , 204.0234375 
 1848 , 284.958984375 
 1849 , 310.05078125 
 1850 , 263.029296875 
 1851 , 206.51171875 
 1852 , 180.8125 
 1853 , 198.251953125 
 1854 , 230.912109375 
 1855 , 239.685546875 
 1856 , 213.20703125 
 1857 , 153.7890625 
 1858 , 97.673828125 
 1859 , 85.091796875 
 1860 , 109.935546875 
 1861 , 150.599609375 
 1862 , 187.66015625 
 1863 , 211.03515625 
 1864 , 227.2109375 
 1865 , 238.3203125 
 1866 , 236.087890625 
 1867 , 222.310546875 
 1868 , 211.123046875 
 1869 , 207.765625 
 1870 , 213.130859375 
 1871 , 217.833984375 
 1872 , 193.880859375 
 1873 , 147.22265625 
 1874 , 120.044921875 
 1875 , 132.298828125 
 1876 , 176.521484375 
 1877 , 214.35546875 
 1878 , 212.55859375 
 1879 , 209.708984375 
 1880 , 242.359375 
 1881 , 251.7421875 
 1882 , 193.603515625 
 1883 , 142.017578125 
 1884 , 153.509765625 
 1885 , 182.224609375 
 1886 , 191.853515625 
 1887 , 194.9140625 
 1888 , 195.732421875 
 1889 , 180.02734375 
 1890 , 155.619140625 
 1891 , 157.55078125 
 1892 , 193.77734375 
 1893 , 242.99609375 
 1894 , 272.048828125 
 1895 , 250.138671875 
 1896 , 208.91015625 
 1897 , 198.208984375 
 1898 , 203.447265625 
 1899 , 195.99609375 
 1900 , 180.822265625 
 1901 , 169.015625 
 1902 , 163.953125 
 1903 , 166.205078125 
 1904 , 173.86328125 
 1905 , 184.01171875 
 1906 , 192.2734375 
 1907 , 201.31640625 
 1908 , 218.798828125 
 1909 , 230.009765625 
 1910 , 206.068359375 
 1911 , 154.6328125 
 1912 , 104.412109375 
 1913 , 88.544921875 
 1914 , 138.044921875 
 1915 , 205.064453125 
 1916 , 223.767578125 
 1917 , 215.693359375 
 1918 , 212.62109375 
 1919 , 186.412109375 
 1920 , 128.802734375 
 1921 , 109.787109375 
 1922 , 148.21875 
 1923 , 162.30078125 
 1924 , 126.67578125 
 1925 , 92.767578125 
 1926 , 88.212890625 
 1927 , 114.40625 
 1928 , 145.029296875 
 1929 , 140.697265625 
 1930 , 127.30078125 
 1931 , 153.830078125 
 1932 , 194.634765625 
 1933 , 206.517578125 
 1934 , 187.18359375 
 1935 , 151.0078125 
 1936 , 128.36328125 
 1937 , 131.564453125 
 1938 , 135.47265625 
 1939 , 130.67578125 
 1940 , 137.267578125 
 1941 , 166.40625 
 1942 , 212.927734375 
 1943 , 266.166015625 
 1944 , 312.55859375 
 1945 , 323.09765625 
 1946 , 275.005859375 
 1947 , 222.591796875 
 1948 , 221.263671875 
 1949 , 226.58203125 
 1950 , 202.41015625 
 1951 , 197.00390625 
 1952 , 225.6796875 
 1953 , 219.6953125 
 1954 , 156.947265625 
 1955 , 90.177734375 
 1956 , 51.154296875 
 1957 , 43.052734375 
 1958 , 81.41015625 
 1959 , 177.978515625 
 1960 , 241.7578125 
 1961 , 179.14453125 
 1962 , 90.06640625 
 1963 , 79.833984375 
 1964 , 98.818359375 
 1965 , 98.3203125 
 1966 , 87.666015625 
 1967 , 72.04296875 
 1968 , 47.107421875 
 1969 , 23.4609375 
 1970 , 19.08984375 
 1971 , 29.2578125 
 1972 , 43.287109375 
 1973 , 68.412109375 
 1974 , 106.537109375 
 1975 , 134.515625 
 1976 , 142.97265625 
 1977 , 165.248046875 
 1978 , 208.2734375 
 1979 , 219.4609375 
 1980 , 182.029296875 
 1981 , 135.34375 
 1982 , 106.03515625 
 1983 , 102.9296875 
 1984 , 114.189453125 
 1985 , 119.2421875 
 1986 , 128.63671875 
 1987 , 157.275390625 
 1988 , 173.75390625 
 1989 , 153.36328125 
 1990 , 136.482421875 
 1991 , 149.775390625 
 1992 , 163.310546875 
 1993 , 164.318359375 
 1994 , 176.265625 
 1995 , 198.32421875 
 1996 , 205.685546875 
 1997 , 202.953125 
 1998 , 208.43359375 
 1999 , 209.89453125 
 2000 , 192.40234375 
 2001 , 175.337890625 
 2002 , 178.091796875 
 2003 , 203.796875 
 2004 , 236.189453125 
 2005 , 228.7109375 
 2006 , 191.451171875 
 2007 , 195.6796875 
 2008 , 235.51171875 
 2009 , 253.01171875 
 2010 , 238.3046875 
 2011 , 207.189453125 
 2012 , 188.060546875 
 2013 , 196.1328125 
 2014 , 197.263671875 
 2015 , 176.7578125 
 2016 , 169.185546875 
 2017 , 185.611328125 
 2018 , 205.6015625 
 2019 , 208.794921875 
 2020 , 178.5625 
 2021 , 128.224609375 
 2022 , 86.767578125 
 2023 , 81.818359375 
 2024 , 121.2578125 
 2025 , 154.310546875 
 2026 , 150.28125 
 2027 , 142.41796875 
 2028 , 140.02734375 
 2029 , 112.091796875 
 2030 , 82.3359375 
 2031 , 112.548828125 
 2032 , 165.701171875 
 2033 , 167.515625 
 2034 , 135.521484375 
 2035 , 107.314453125 
 2036 , 78.037109375 
 2037 , 55.431640625 
 2038 , 85.263671875 
 2039 , 142.75390625 
 2040 , 115.06640625 
 2041 , 28.9296875 
 2042 ,-0.474609375 
 2043 , 9.865234375 
 2044 , 3.48828125 
 2045 , 17.689453125 
 2046 , 78.869140625 
 2047 , 117.744140625 
 2048 , 96.544921875 
 2049 , 56.3828125 
 2050 , 32.501953125 
 2051 , 50.169921875 
 2052 , 84.453125 
 2053 , 93.009765625 
 2054 , 100.69140625 
 2055 , 138.11328125 
 2056 , 170.119140625 
 2057 , 173.205078125 
 2058 , 176.482421875 
 2059 , 185.94921875 
 2060 , 173.908203125 
 2061 , 159.240234375 
 2062 , 187.005859375 
 2063 , 213.646484375 
 2064 , 180.88671875 
 2065 , 150.099609375 
 2066 , 171.64453125 
 2067 , 183.994140625 
 2068 , 157.990234375 
 2069 , 139.91015625 
 2070 , 143.6875 
 2071 , 148.46875 
 2072 , 151.478515625 
 2073 , 159.576171875 
 2074 , 168.564453125 
 2075 , 169.8046875 
 2076 , 155.955078125 
 2077 , 136.009765625 
 2078 , 142.62890625 
 2079 , 166.044921875 
 2080 , 155.791015625 
 2081 , 112.388671875 
 2082 , 68.587890625 
 2083 , 47.283203125 
 2084 , 58.04296875 
 2085 , 87.763671875 
 2086 , 120.978515625 
 2087 , 139.5546875 
 2088 , 141.423828125 
 2089 , 147.056640625 
 2090 , 159.2578125 
 2091 , 163.17578125 
 2092 , 136.91015625 
 2093 , 78.208984375 
 2094 , 45.12890625 
 2095 , 66.693359375 
 2096 , 101.763671875 
 2097 , 135.4140625 
 2098 , 184.33984375 
 2099 , 235.93359375 
 2100 , 262.748046875 
 2101 , 253.123046875 
 2102 , 213.552734375 
 2103 , 192.447265625 
 2104 , 214.443359375 
 2105 , 248.6171875 
 2106 , 271.087890625 
 2107 , 271.595703125 
 2108 , 262.150390625 
 2109 , 262.38671875 
 2110 , 252.775390625 
 2111 , 213.291015625 
 2112 , 164.587890625 
 2113 , 133.701171875 
 2114 , 143.279296875 
 2115 , 173.84375 
 2116 , 173.79296875 
 2117 , 149.220703125 
 2118 , 130.5859375 
 2119 , 118.75 
 2120 , 113.642578125 
 2121 , 131.501953125 
 2122 , 159.265625 
 2123 , 145.439453125 
 2124 , 107.83984375 
 2125 , 112.080078125 
 2126 , 158.20703125 
 2127 , 211.630859375 
 2128 , 220.59765625 
 2129 , 177.205078125 
 2130 , 166.416015625 
 2131 , 205.88671875 
 2132 , 229.41796875 
 2133 , 212.248046875 
 2134 , 164.966796875 
 2135 , 135.353515625 
 2136 , 145.16796875 
 2137 , 107.89453125 
 2138 , 18.240234375 
 2139 , 17.134765625 
 2140 , 105.81640625 
 2141 , 167.17578125 
 2142 , 185.041015625 
 2143 , 184.841796875 
 2144 , 159.85546875 
 2145 , 120.4296875 
 2146 , 125.994140625 
 2147 , 169.724609375 
 2148 , 170.87109375 
 2149 , 131.462890625 
 2150 , 100.8984375 
 2151 , 93.853515625 
 2152 , 102.548828125 
 2153 , 91.74609375 
 2154 , 54.498046875 
 2155 , 27.599609375 
 2156 , 23.716796875 
 2157 , 31.96875 
 2158 , 29.64453125 
 2159 , 8.34765625 
 2160 , 22.2265625 
 2161 , 75.48046875 
 2162 , 68.60546875 
 2163 , 23.85546875 
 2164 , 68.6484375 
 2165 , 159.31640625 
 2166 , 190.091796875 
 2167 , 141.474609375 
 2168 , 47.064453125 
 2169 , 0.52734375 
 2170 , 38.779296875 
 2171 , 126.779296875 
 2172 , 200.4453125 
 2173 , 200.44921875 
 2174 , 161.197265625 
 2175 , 135.42578125 
 2176 , 156.39453125 
 2177 , 203.7890625 
 2178 , 207.087890625 
 2179 , 175.826171875 
 2180 , 164.671875 
 2181 , 180.337890625 
 2182 , 209.3203125 
 2183 , 228.810546875 
 2184 , 223.6875 
 2185 , 193.486328125 
 2186 , 169.97265625 
 2187 , 193.509765625 
 2188 , 226.693359375 
 2189 , 229.435546875 
 2190 , 229.267578125 
 2191 , 236.076171875 
 2192 , 222.6796875 
 2193 , 194.828125 
 2194 , 174.90625 
 2195 , 136.0078125 
 2196 , 66.234375 
 2197 , 43.015625 
 2198 , 89.765625 
 2199 , 136.19921875 
 2200 , 159.43359375 
 2201 , 174.568359375 
 2202 , 186.927734375 
 2203 , 193.240234375 
 2204 , 179.369140625 
 2205 , 153.12109375 
 2206 , 151.05078125 
 2207 , 170.2890625 
 2208 , 183.365234375 
 2209 , 186.05078125 
 2210 , 190.482421875 
 2211 , 229.818359375 
 2212 , 275.693359375 
 2213 , 227.08203125 
 2214 , 125.1796875 
 2215 , 83.427734375 
 2216 , 87.90625 
 2217 , 92.220703125 
 2218 , 83.548828125 
 2219 , 57.544921875 
 2220 , 18.60546875 
 2221 ,-0.580078125 
 2222 , 30.7421875 
 2223 , 65.478515625 
 2224 , 73.185546875 
 2225 , 100.072265625 
 2226 , 138.73828125 
 2227 , 128.037109375 
 2228 , 105.072265625 
 2229 , 125.802734375 
 2230 , 145.171875 
 2231 , 123.849609375 
 2232 , 75.484375 
 2233 , 38.03125 
 2234 , 55.7109375 
 2235 , 104.47265625 
 2236 , 142.6796875 
 2237 , 164.03515625 
 2238 , 171.083984375 
 2239 , 170.216796875 
 2240 , 158.671875 
 2241 , 129.806640625 
 2242 , 107.431640625 
 2243 , 107.28125 
 2244 , 98 
 2245 , 83.12890625 
 2246 , 107.810546875 
 2247 , 139.916015625 
 2248 , 126.576171875 
 2249 , 113.40625 
 2250 , 127.8046875 
 2251 , 123.056640625 
 2252 , 95.55859375 
 2253 , 82.16015625 
 2254 , 99.751953125 
 2255 , 142.890625 
 2256 , 162.171875 
 2257 , 143.9453125 
 2258 , 134.8125 
 2259 , 153.255859375 
 2260 , 190.484375 
 2261 , 207.970703125 
 2262 , 184.541015625 
 2263 , 153.205078125 
 2264 , 127.033203125 
 2265 , 96.71484375 
 2266 , 84.943359375 
 2267 , 108.279296875 
 2268 , 113.41015625 
 2269 , 82.1484375 
 2270 , 66.068359375 
 2271 , 89.5703125 
 2272 , 144.001953125 
 2273 , 162.517578125 
 2274 , 109.94921875 
 2275 , 64.95703125 
 2276 , 62.240234375 
 2277 , 71.197265625 
 2278 , 63.734375 
 2279 , 35.365234375 
 2280 , 38.978515625 
 2281 , 82.2421875 
 2282 , 100.509765625 
 2283 , 73.8359375 
 2284 , 23.283203125 
 2285 , 9.19921875 
 2286 , 53.380859375 
 2287 , 76.794921875 
 2288 , 59.177734375 
 2289 , 40.318359375 
 2290 , 25.212890625 
 2291 , 4.18359375 
 2292 , 12.06640625 
 2293 , 35.4140625 
 2294 , 6.287109375 
 2295 ,-26.42578125 
 2296 , 17.302734375 
 2297 , 48.861328125 
 2298 , 20.138671875 
 2299 , 7.107421875 
 2300 , 20.517578125 
 2301 , 22.001953125 
 2302 , 12.70703125 
 2303 ,-2.56640625 
 2304 ,-3.162109375 
 2305 , 23.15234375 
 2306 , 71.75390625 
 2307 , 102.876953125 
 2308 , 89.265625 
 2309 , 70.5546875 
 2310 , 69.1796875 
 2311 , 72.611328125 
 2312 , 88.12109375 
 2313 , 120.107421875 
 2314 , 112.16796875 
 2315 , 58.41015625 
 2316 , 45.68359375 
 2317 , 78.796875 
 2318 , 104.818359375 
 2319 , 87.900390625 
 2320 , 32.521484375 
 2321 , 18.421875 
 2322 , 33.482421875 
 2323 , 7.46484375 
 2324 ,-6.49609375 
 2325 , 32.26953125 
 2326 , 53.671875 
 2327 , 37.53515625 
 2328 , 17.900390625 
 2329 , 21.603515625 
 2330 , 10 
 2331 , 10 
 2332 , 10 
 2333 , 10 
 2334 , 10 
 2335 , 10 
 2336 , 10 
 2337 , 10 
 2338 , 10 
 2339 , 10 
