11-20-2017,17:26:32
Wavenumber(cm-1),Intensity
 250 , 23449.9734339457 
 251 , 23491.0261109008 
 252 , 23530.9843551794 
 253 , 23565.165515961 
 254 , 23589.2792574559 
 255 , 23599.6804027142 
 256 , 23601.4049606218 
 257 , 23605.9459885102 
 258 , 23621.9049207303 
 259 , 23641.4274741812 
 260 , 23651.1668394469 
 261 , 23647.7638960447 
 262 , 23650.8594316946 
 263 , 23682.4596684358 
 264 , 23742.6964488522 
 265 , 23808.5845452605 
 266 , 23858.7882629683 
 267 , 23894.429032221 
 268 , 23927.5673949486 
 269 , 23966.1679869548 
 270 , 24004.3670950842 
 271 , 24033.5530035896 
 272 , 24050.9924816078 
 273 , 24062.5159130813 
 274 , 24074.8377996357 
 275 , 24097.2248145561 
 276 , 24140.6562853761 
 277 , 24211.6520149957 
 278 , 24295.7613355942 
 279 , 24372.4879341003 
 280 , 24430.1133037671 
 281 , 24474.1351364679 
 282 , 24511.9349593016 
 283 , 24548.6905112308 
 284 , 24587.6237047028 
 285 , 24630.5832588688 
 286 , 24671.0867706525 
 287 , 24699.3870638714 
 288 , 24710.3743675882 
 289 , 24710.9398166007 
 290 , 24709.924493423 
 291 , 24717.2747287433 
 292 , 24744.1911132901 
 293 , 24799.3681443904 
 294 , 24869.5521686369 
 295 , 24930.3795834372 
 296 , 24964.3411097015 
 297 , 24976.9888304196 
 298 , 24978.6240374516 
 299 , 24977.9349521826 
 300 , 24981.3378533491 
 301 , 24994.6907727145 
 302 , 25019.52928319 
 303 , 25054.6831660244 
 304 , 25097.9598555035 
 305 , 25143.0980276871 
 306 , 25182.8328702171 
 307 , 25213.9045545875 
 308 , 25239.8581271522 
 309 , 25264.838946735 
 310 , 25292.1223920605 
 311 , 25324.3344507146 
 312 , 25363.624566207 
 313 , 25409.8355767525 
 314 , 25462.0835970602 
 315 , 25518.5878530999 
 316 , 25575.7816829284 
 317 , 25629.9076955282 
 318 , 25677.5790446613 
 319 , 25715.7278563552 
 320 , 25743.7640082915 
 321 , 25775.4933405005 
 322 , 25829.8681629535 
 323 , 25912.181713301 
 324 , 25996.7608423697 
 325 , 26054.8959907278 
 326 , 26084.2291291744 
 327 , 26107.7409589192 
 328 , 26144.9369835942 
 329 , 26185.7333432915 
 330 , 26208.1323664812 
 331 , 26203.545941303 
 332 , 26196.96477742 
 333 , 26217.5085066745 
 334 , 26268.8495391026 
 335 , 26328.1674035322 
 336 , 26374.5213958909 
 337 , 26409.2533033733 
 338 , 26443.3957099298 
 339 , 26482.9874272612 
 340 , 26520.655021571 
 341 , 26547.0870852819 
 342 , 26560.3395566565 
 343 , 26566.5191487709 
 344 , 26571.4459578429 
 345 , 26575.7324764249 
 346 , 26577.632487125 
 347 , 26577.4833339361 
 348 , 26581.3793841736 
 349 , 26596.2110805919 
 350 , 26623.7039051096 
 351 , 26659.8399954162 
 352 , 26700.2481494124 
 353 , 26740.154788999 
 354 , 26774.6077822783 
 355 , 26802.2635272318 
 356 , 26831.6602357293 
 357 , 26872.7032295882 
 358 , 26926.8569630413 
 359 , 26986.3262814454 
 360 , 27043.9949420409 
 361 , 27101.1991634884 
 362 , 27163.0330191141 
 363 , 27230.9441201517 
 364 , 27296.7216411398 
 365 , 27350.923791681 
 366 , 27392.6987567305 
 367 , 27430.2077421809 
 368 , 27470.8144304325 
 369 , 27513.4805144195 
 370 , 27553.6524642501 
 371 , 27590.8955519271 
 372 , 27634.9152300119 
 373 , 27696.1082953442 
 374 , 27766.5500235148 
 375 , 27820.4873634425 
 376 , 27836.935183771 
 377 , 27829.0001386406 
 378 , 27822.7810175632 
 379 , 27836.0432243818 
 380 , 27868.0545855912 
 381 , 27915.3936515147 
 382 , 27970.7964264766 
 383 , 28023.6368780884 
 384 , 28065.8701753799 
 385 , 28103.995203739 
 386 , 28149.3451584926 
 387 , 28207.2596877947 
 388 , 28271.4801454042 
 389 , 28334.7355110045 
 390 , 28394.3759174137 
 391 , 28451.2745011929 
 392 , 28505.7259409103 
 393 , 28554.9899624575 
 394 , 28595.4995689403 
 395 , 28626.2136411655 
 396 , 28650.2374497917 
 397 , 28670.9478521029 
 398 , 28690.4080339069 
 399 , 28709.8366978673 
 400 , 28732.6650350522 
 401 , 28770.5773035752 
 402 , 28836.7696599701 
 403 , 28927.3199139394 
 404 , 29015.1161496003 
 405 , 29074.7106313645 
 406 , 29110.0724521003 
 407 , 29140.5609241566 
 408 , 29181.1427914637 
 409 , 29233.5430294236 
 410 , 29296.9508193397 
 411 , 29367.1266311458 
 412 , 29436.1037919565 
 413 , 29496.7835292641 
 414 , 29549.1139424561 
 415 , 29595.9193918438 
 416 , 29637.8648940937 
 417 , 29670.7397132181 
 418 , 29690.2953097993 
 419 , 29703.1751971446 
 420 , 29725.2455014223 
 421 , 29768.0842234724 
 422 , 29820.7636124834 
 423 , 29865.5921129084 
 424 , 29895.5528123241 
 425 , 29921.6929340632 
 426 , 29955.8506676286 
 427 , 29998.9439462001 
 428 , 30044.9289126311 
 429 , 30088.9471073719 
 430 , 30130.7057151896 
 431 , 30170.8618691504 
 432 , 30208.1733520814 
 433 , 30239.0317127957 
 434 , 30260.8214405686 
 435 , 30279.6306125118 
 436 , 30305.5422630752 
 437 , 30343.973590995 
 438 , 30388.8275631793 
 439 , 30432.4753928889 
 440 , 30471.1611287861 
 441 , 30504.5916708072 
 442 , 30533.1205317296 
 443 , 30559.7622601516 
 444 , 30588.3721085462 
 445 , 30622.7314146297 
 446 , 30666.4958941918 
 447 , 30722.4856523014 
 448 , 30784.4460564799 
 449 , 30840.4968506349 
 450 , 30882.8063255997 
 451 , 30917.2099230368 
 452 , 30952.122355316 
 453 , 30988.7147966684 
 454 , 31019.8422307544 
 455 , 31039.7087078148 
 456 , 31054.5881845066 
 457 , 31075.6742768698 
 458 , 31109.9051792022 
 459 , 31155.1555036775 
 460 , 31208.2475196791 
 461 , 31267.545086622 
 462 , 31332.5826038413 
 463 , 31400.9336762647 
 464 , 31462.0635411698 
 465 , 31503.5481378805 
 466 , 31520.492854909 
 467 , 31518.2116636778 
 468 , 31503.6676206984 
 469 , 31491.2136975446 
 470 , 31498.7318682177 
 471 , 31536.5878972757 
 472 , 31596.7106496966 
 473 , 31668.1634148963 
 474 , 31738.2671866166 
 475 , 31792.8583622562 
 476 , 31821.9612753122 
 477 , 31834.9130287188 
 478 , 31846.4757356013 
 479 , 31867.3965827783 
 480 , 31902.5130723801 
 481 , 31953.9897536172 
 482 , 32004.8750101198 
 483 , 32028.4283293002 
 484 , 32016.689500106 
 485 , 32010.2674822855 
 486 , 32054.9512299506 
 487 , 32149.9346077443 
 488 , 32253.4832666897 
 489 , 32329.4982217401 
 490 , 32374.4255448791 
 491 , 32394.1827120972 
 492 , 32397.6212343253 
 493 , 32397.8947501157 
 494 , 32407.996668714 
 495 , 32436.658488056 
 496 , 32490.4415823073 
 497 , 32567.1613546359 
 498 , 32643.0460695611 
 499 , 32692.5704255492 
 500 , 32715.946492273 
 501 , 32734.8059169182 
 502 , 32766.3305006232 
 503 , 32805.9186277589 
 504 , 32843.2822865657 
 505 , 32873.4077871787 
 506 , 32898.3613980093 
 507 , 32919.8770809818 
 508 , 32933.5234873448 
 509 , 32932.1330651608 
 510 , 32916.351402939 
 511 , 32903.8066073145 
 512 , 32913.2875588417 
 513 , 32949.0244834187 
 514 , 33004.7020749621 
 515 , 33072.8601743187 
 516 , 33142.788141743 
 517 , 33203.2002803909 
 518 , 33247.1867349644 
 519 , 33272.7822261991 
 520 , 33281.0483956615 
 521 , 33289.4158501519 
 522 , 33321.1063587982 
 523 , 33380.8635895702 
 524 , 33441.0981526778 
 525 , 33474.0698710937 
 526 , 33483.2638111495 
 527 , 33490.1811663065 
 528 , 33507.9678916937 
 529 , 33526.3418464635 
 530 , 33532.2269813188 
 531 , 33533.9977221188 
 532 , 33558.8101797143 
 533 , 33624.3192573266 
 534 , 33704.3824064632 
 535 , 33761.697899131 
 536 , 33785.0929705568 
 537 , 33797.4324902139 
 538 , 33820.8214045646 
 539 , 33856.5795502551 
 540 , 33897.3663341434 
 541 , 33938.7341476906 
 542 , 33981.8779541816 
 543 , 34028.512038895 
 544 , 34078.9747612489 
 545 , 34132.7471785219 
 546 , 34187.177354799 
 547 , 34233.5016017537 
 548 , 34262.7989204014 
 549 , 34284.0299772124 
 550 , 34322.204791572 
 551 , 34395.7402482285 
 552 , 34492.053633161 
 553 , 34590.3363645624 
 554 , 34675.6841552418 
 555 , 34740.7159780247 
 556 , 34781.450242074 
 557 , 34812.7261367449 
 558 , 34856.6788059055 
 559 , 34917.8500019925 
 560 , 34969.1269523938 
 561 , 34983.7352265958 
 562 , 34970.5002096105 
 563 , 34958.3499412928 
 564 , 34967.972750722 
 565 , 34998.5670463088 
 566 , 35045.2912857094 
 567 , 35092.8760912692 
 568 , 35117.9076080648 
 569 , 35107.9970198856 
 570 , 35091.1588292642 
 571 , 35103.3648209499 
 572 , 35152.0770164802 
 573 , 35214.5813749775 
 574 , 35269.6913992949 
 575 , 35311.2833118936 
 576 , 35338.1211610944 
 577 , 35355.458227463 
 578 , 35377.7404624374 
 579 , 35416.370784903 
 580 , 35456.2634147185 
 581 , 35471.0933970747 
 582 , 35455.6347897088 
 583 , 35444.508371455 
 584 , 35472.8512815792 
 585 , 35536.9337653607 
 586 , 35610.7115334755 
 587 , 35672.5472722054 
 588 , 35712.4789457275 
 589 , 35723.2711412758 
 590 , 35711.0410268617 
 591 , 35691.8801363271 
 592 , 35678.1705658087 
 593 , 35669.2490360676 
 594 , 35661.9041034842 
 595 , 35655.9264479001 
 596 , 35653.9712849524 
 597 , 35658.6159351968 
 598 , 35671.6045666794 
 599 , 35694.452387627 
 600 , 35728.5683476841 
 601 , 35775.2337023105 
 602 , 35833.4870474792 
 603 , 35889.8017911317 
 604 , 35926.5639473674 
 605 , 35942.5838475485 
 606 , 35961.2670344069 
 607 , 36004.5941516083 
 608 , 36069.6401116057 
 609 , 36142.5727846195 
 610 , 36214.6253081275 
 611 , 36286.4794828253 
 612 , 36359.5702869428 
 613 , 36432.8438855569 
 614 , 36503.8963776509 
 615 , 36570.331189634 
 616 , 36629.7986052348 
 617 , 36680.4856531359 
 618 , 36726.8894638846 
 619 , 36777.644112631 
 620 , 36838.5386418789 
 621 , 36907.345093211 
 622 , 36980.3026140782 
 623 , 37051.0859802703 
 624 , 37111.3691443146 
 625 , 37158.1099547385 
 626 , 37205.9123601456 
 627 , 37271.3441389019 
 628 , 37337.9170045237 
 629 , 37358.9003843818 
 630 , 37306.0957789398 
 631 , 37228.5579824874 
 632 , 37192.6230721456 
 633 , 37221.1646304757 
 634 , 37291.0927499408 
 635 , 37377.3819811821 
 636 , 37456.2520573708 
 637 , 37504.7261073607 
 638 , 37514.5621818279 
 639 , 37495.3004749343 
 640 , 37459.8785352454 
 641 , 37433.6919152325 
 642 , 37445.6836001955 
 643 , 37499.3918364331 
 644 , 37563.798123984 
 645 , 37610.803364448 
 646 , 37645.1147442295 
 647 , 37683.5058773219 
 648 , 37727.402502651 
 649 , 37754.9578719771 
 650 , 37747.5335854838 
 651 , 37721.7587897339 
 652 , 37708.7905237674 
 653 , 37721.0927861951 
 654 , 37739.9237124181 
 655 , 37746.9556178422 
 656 , 37749.4920381247 
 657 , 37766.5165404643 
 658 , 37806.9741926378 
 659 , 37861.5499619288 
 660 , 37919.2134737091 
 661 , 37970.6426879414 
 662 , 38007.4094607238 
 663 , 38026.4894458947 
 664 , 38035.3181196396 
 665 , 38041.8054041214 
 666 , 38047.3435947535 
 667 , 38049.9039989691 
 668 , 38051.6441626578 
 669 , 38063.3681469245 
 670 , 38095.4578619847 
 671 , 38144.1171286602 
 672 , 38197.6864890881 
 673 , 38247.2943666805 
 674 , 38290.215569018 
 675 , 38325.139504245 
 676 , 38356.9777466625 
 677 , 38394.2045236357 
 678 , 38441.5854026355 
 679 , 38495.6211384072 
 680 , 38551.6179825747 
 681 , 38603.932325482 
 682 , 38646.381842006 
 683 , 38677.0372272148 
 684 , 38703.4985233805 
 685 , 38734.0178536211 
 686 , 38770.1880501434 
 687 , 38809.6454573805 
 688 , 38848.0045960971 
 689 , 38876.4675816439 
 690 , 38886.6642510843 
 691 , 38880.8206953343 
 692 , 38867.4159873593 
 693 , 38856.2956705802 
 694 , 38860.1490868154 
 695 , 38890.2949300582 
 696 , 38940.4225895927 
 697 , 38994.0642608187 
 698 , 39041.9933543621 
 699 , 39090.8452945107 
 700 , 39147.516887318 
 701 , 39201.531310895 
 702 , 39232.7736537822 
 703 , 39234.9561070067 
 704 , 39230.6160467466 
 705 , 39242.4562849937 
 706 , 39262.1269810184 
 707 , 39264.8042898127 
 708 , 39241.7738945726 
 709 , 39216.213090094 
 710 , 39212.5354517729 
 711 , 39234.2293168839 
 712 , 39274.2216142274 
 713 , 39322.8148787073 
 714 , 39365.6457557251 
 715 , 39389.6525722868 
 716 , 39395.7455969299 
 717 , 39391.3790441554 
 718 , 39385.1170484068 
 719 , 39387.3408888488 
 720 , 39406.0656504402 
 721 , 39431.5033534564 
 722 , 39446.4718413357 
 723 , 39446.5878759657 
 724 , 39447.2826349932 
 725 , 39462.9757041146 
 726 , 39491.1908337797 
 727 , 39522.991720475 
 728 , 39551.4404389013 
 729 , 39572.3991787933 
 730 , 39583.3008903186 
 731 , 39589.0592428588 
 732 , 39597.127696467 
 733 , 39614.5353849153 
 734 , 39647.7831062538 
 735 , 39700.1262432337 
 736 , 39759.5240577616 
 737 , 39809.9102809921 
 738 , 39849.2963155877 
 739 , 39891.029117863 
 740 , 39943.7888883669 
 741 , 39994.0737308127 
 742 , 40023.653792529 
 743 , 40033.5738274902 
 744 , 40043.1107006389 
 745 , 40066.919082422 
 746 , 40101.2790406327 
 747 , 40138.581572378 
 748 , 40172.2158242445 
 749 , 40196.3840686012 
 750 , 40209.1937336951 
 751 , 40219.9006088098 
 752 , 40238.6874665574 
 753 , 40262.3298675481 
 754 , 40278.443313848 
 755 , 40280.7715665357 
 756 , 40278.0276739353 
 757 , 40280.4144521967 
 758 , 40291.4025691418 
 759 , 40310.6291764338 
 760 , 40337.6788123963 
 761 , 40372.1201297716 
 762 , 40412.1618080214 
 763 , 40445.5406476506 
 764 , 40455.3140397214 
 765 , 40436.5510798166 
 766 , 40403.3709527155 
 767 , 40372.1496418302 
 768 , 40362.7000196703 
 769 , 40395.4024337971 
 770 , 40464.0689085877 
 771 , 40528.6013623035 
 772 , 40555.7083029066 
 773 , 40554.1016818996 
 774 , 40544.0345654532 
 775 , 40529.4491401744 
 776 , 40497.6656194138 
 777 , 40445.6155230087 
 778 , 40407.2476966427 
 779 , 40421.7880301195 
 780 , 40480.733080335 
 781 , 40537.2590153565 
 782 , 40560.834025912 
 783 , 40568.1007963586 
 784 , 40581.8429250003 
 785 , 40604.9980409387 
 786 , 40628.1577293944 
 787 , 40645.2279380496 
 788 , 40657.3147753019 
 789 , 40666.906709786 
 790 , 40680.4033536495 
 791 , 40705.9703662728 
 792 , 40746.5918867751 
 793 , 40797.1856657436 
 794 , 40851.16036848 
 795 , 40897.3332127035 
 796 , 40923.3634596084 
 797 , 40930.9040747975 
 798 , 40937.9531056355 
 799 , 40959.0883285518 
 800 , 40991.3172137906 
 801 , 41027.3585540859 
 802 , 41062.6685098254 
 803 , 41095.0832087832 
 804 , 41122.0761104966 
 805 , 41139.8518524225 
 806 , 41145.2263834627 
 807 , 41144.5891826514 
 808 , 41150.3866942191 
 809 , 41168.9202047667 
 810 , 41193.7512789479 
 811 , 41217.5748529994 
 812 , 41238.2585382399 
 813 , 41256.0652769024 
 814 , 41273.1954426082 
 815 , 41294.6500613196 
 816 , 41323.4455123209 
 817 , 41351.4284863487 
 818 , 41367.288052054 
 819 , 41368.7642928074 
 820 , 41362.9569518224 
 821 , 41356.6621798278 
 822 , 41354.1732894824 
 823 , 41358.8026951263 
 824 , 41367.6987425294 
 825 , 41373.5466589369 
 826 , 41372.2403073312 
 827 , 41367.2396401612 
 828 , 41362.7127355394 
 829 , 41359.9439650831 
 830 , 41358.8602126993 
 831 , 41364.1735035461 
 832 , 41388.0270076209 
 833 , 41436.0385922843 
 834 , 41475.8166642774 
 835 , 41464.2826239576 
 836 , 41405.5821683643 
 837 , 41353.5649876331 
 838 , 41347.531336794 
 839 , 41369.5107623048 
 840 , 41390.9881914942 
 841 , 41404.1116715515 
 842 , 41415.6128545014 
 843 , 41427.9295059547 
 844 , 41433.515327584 
 845 , 41425.729914994 
 846 , 41414.889823973 
 847 , 41418.8337540642 
 848 , 41440.5362907212 
 849 , 41461.9619484475 
 850 , 41469.3240587517 
 851 , 41475.9073776622 
 852 , 41501.4066140504 
 853 , 41537.0235515073 
 854 , 41547.8382653766 
 855 , 41515.6589529815 
 856 , 41472.3640809979 
 857 , 41455.0734907905 
 858 , 41464.4602804601 
 859 , 41479.9449008886 
 860 , 41493.2270974117 
 861 , 41517.9874486387 
 862 , 41564.7671589419 
 863 , 41612.8421875727 
 864 , 41631.2032770481 
 865 , 41616.7978687662 
 866 , 41597.304670092 
 867 , 41594.5787089241 
 868 , 41605.2789726416 
 869 , 41621.7001601421 
 870 , 41648.6789466106 
 871 , 41699.5661779364 
 872 , 41779.0584602025 
 873 , 41874.0948467278 
 874 , 41970.4001977389 
 875 , 42059.847757705 
 876 , 42136.9378653123 
 877 , 42199.4707100939 
 878 , 42249.2514167472 
 879 , 42292.8360986858 
 880 , 42353.7263427303 
 881 , 42456.3702616263 
 882 , 42582.8806002678 
 883 , 42684.3656438909 
 884 , 42726.9790854982 
 885 , 42710.5042549029 
 886 , 42641.5951590679 
 887 , 42544.843923543 
 888 , 42452.0905500851 
 889 , 42379.2609246971 
 890 , 42322.4259337703 
 891 , 42273.6953555139 
 892 , 42214.8787843956 
 893 , 42127.5873947752 
 894 , 42024.3530698235 
 895 , 41940.1125725076 
 896 , 41891.1479728349 
 897 , 41853.8734086401 
 898 , 41805.8973653428 
 899 , 41766.1928565238 
 900 , 41769.4651619066 
 901 , 41810.1855538291 
 902 , 41835.3510590008 
 903 , 41807.4418617773 
 904 , 41752.6142540815 
 905 , 41708.9682769757 
 906 , 41690.6625125848 
 907 , 41695.8396090908 
 908 , 41718.5372607449 
 909 , 41745.6675715881 
 910 , 41765.053450062 
 911 , 41774.3807688136 
 912 , 41774.9217285328 
 913 , 41768.4785828595 
 914 , 41757.396468559 
 915 , 41745.4502394844 
 916 , 41740.5663475922 
 917 , 41750.0610471005 
 918 , 41767.8755847208 
 919 , 41780.4985589445 
 920 , 41779.5525209561 
 921 , 41764.7564411546 
 922 , 41739.8574890205 
 923 , 41724.0702074248 
 924 , 41739.2367992044 
 925 , 41775.6470217528 
 926 , 41797.307500598 
 927 , 41785.69310201 
 928 , 41764.384546571 
 929 , 41758.9645342036 
 930 , 41767.0100533435 
 931 , 41774.0339933875 
 932 , 41770.5881060034 
 933 , 41753.3096229836 
 934 , 41723.5202373299 
 935 , 41697.2266348586 
 936 , 41691.8241157069 
 937 , 41705.5677886254 
 938 , 41724.8284963551 
 939 , 41739.4954085191 
 940 , 41745.6428377559 
 941 , 41739.1152069815 
 942 , 41711.7399015607 
 943 , 41656.1691844157 
 944 , 41601.2643875431 
 945 , 41606.6782628311 
 946 , 41692.5720389865 
 947 , 41786.0004916879 
 948 , 41813.6939813481 
 949 , 41790.6372108147 
 950 , 41768.1956676547 
 951 , 41767.2988973629 
 952 , 41774.1597635927 
 953 , 41777.1021758052 
 954 , 41776.8721832141 
 955 , 41777.0031147484 
 956 , 41784.6788869966 
 957 , 41808.8491461127 
 958 , 41843.5783489723 
 959 , 41861.013889871 
 960 , 41841.0186744637 
 961 , 41802.5379307183 
 962 , 41772.8988703341 
 963 , 41756.5224698688 
 964 , 41741.4921075823 
 965 , 41724.0178488158 
 966 , 41716.0925154075 
 967 , 41727.9587338891 
 968 , 41751.4094288851 
 969 , 41772.7481763546 
 970 , 41789.802578132 
 971 , 41810.57523028 
 972 , 41836.0217145477 
 973 , 41850.0669401589 
 974 , 41838.6119910355 
 975 , 41816.6564007334 
 976 , 41810.2993618751 
 977 , 41825.0206677183 
 978 , 41844.371907318 
 979 , 41856.0465726874 
 980 , 41862.2049324811 
 981 , 41867.4617965702 
 982 , 41876.104601958 
 983 , 41892.0882366383 
 984 , 41913.3023968387 
 985 , 41930.1210283459 
 986 , 41937.9678377921 
 987 , 41950.3271469381 
 988 , 41981.8239366117 
 989 , 42022.3276216036 
 990 , 42048.1258780054 
 991 , 42051.4622543418 
 992 , 42047.2768212032 
 993 , 42050.5773115691 
 994 , 42070.2284656115 
 995 , 42112.1762994926 
 996 , 42165.7213049592 
 997 , 42210.0630228501 
 998 , 42246.7669990952 
 999 , 42312.5086094511 
 1000 , 42435.581309262 
 1001 , 42596.8566789359 
 1002 , 42767.717333395 
 1003 , 42954.9425794284 
 1004 , 43188.8621348594 
 1005 , 43452.9610330125 
 1006 , 43651.3614439806 
 1007 , 43699.156759596 
 1008 , 43594.191880613 
 1009 , 43359.3810664126 
 1010 , 43044.9316244544 
 1011 , 42720.5720956069 
 1012 , 42442.8232543664 
 1013 , 42244.2536073622 
 1014 , 42140.2148402845 
 1015 , 42077.392238014 
 1016 , 41987.9307311102 
 1017 , 41879.8035982146 
 1018 , 41816.6761046597 
 1019 , 41824.4516962882 
 1020 , 41859.2281295971 
 1021 , 41879.6515006158 
 1022 , 41890.1599142519 
 1023 , 41907.3615191269 
 1024 , 41930.6527280204 
 1025 , 41946.7219787881 
 1026 , 41942.7812015661 
 1027 , 41907.4927279482 
 1028 , 41839.2879148497 
 1029 , 41780.6238215351 
 1030 , 41782.4908862423 
 1031 , 41841.2330321926 
 1032 , 41914.2554589536 
 1033 , 41978.4739955963 
 1034 , 42045.3758459376 
 1035 , 42122.9211723612 
 1036 , 42189.2509057417 
 1037 , 42216.548592634 
 1038 , 42203.3154304097 
 1039 , 42165.8030928245 
 1040 , 42115.7821309131 
 1041 , 42057.3779392294 
 1042 , 41996.1752475592 
 1043 , 41946.2600367494 
 1044 , 41922.0882529719 
 1045 , 41918.8424657704 
 1046 , 41919.9152613886 
 1047 , 41918.0813629561 
 1048 , 41919.9136186083 
 1049 , 41930.2574648094 
 1050 , 41944.0464128204 
 1051 , 41954.973718824 
 1052 , 41965.7891596621 
 1053 , 41984.0448167226 
 1054 , 42009.2288752745 
 1055 , 42030.4594961215 
 1056 , 42039.8174812623 
 1057 , 42040.4975020885 
 1058 , 42037.5513885211 
 1059 , 42033.9766129035 
 1060 , 42031.6808429305 
 1061 , 42029.6533733496 
 1062 , 42023.6790013571 
 1063 , 42011.5579361595 
 1064 , 41996.6870657458 
 1065 , 41982.7317633518 
 1066 , 41969.3355219985 
 1067 , 41954.6076324019 
 1068 , 41938.2144397978 
 1069 , 41921.2337679375 
 1070 , 41899.2683846018 
 1071 , 41856.2847594052 
 1072 , 41783.0782597352 
 1073 , 41713.5444616847 
 1074 , 41692.1828083701 
 1075 , 41714.8438475843 
 1076 , 41740.8301041415 
 1077 , 41745.7126754251 
 1078 , 41734.0414773236 
 1079 , 41712.5169119339 
 1080 , 41685.2627275341 
 1081 , 41655.9273203481 
 1082 , 41629.9829298048 
 1083 , 41613.8611495002 
 1084 , 41608.6489444485 
 1085 , 41608.3401384125 
 1086 , 41606.9995141431 
 1087 , 41600.3894473028 
 1088 , 41587.0619347066 
 1089 , 41584.2408853795 
 1090 , 41616.0490939203 
 1091 , 41667.9001301211 
 1092 , 41686.0109893808 
 1093 , 41642.1756145956 
 1094 , 41569.6427663823 
 1095 , 41504.6111522026 
 1096 , 41453.9670309465 
 1097 , 41414.3106028209 
 1098 , 41375.5842655645 
 1099 , 41322.8574154702 
 1100 , 41252.4437955406 
 1101 , 41179.2870972302 
 1102 , 41116.6963044694 
 1103 , 41065.3176132651 
 1104 , 41022.8485385343 
 1105 , 40987.2934070081 
 1106 , 40956.7761881279 
 1107 , 40927.9214731926 
 1108 , 40895.5980534892 
 1109 , 40858.2055220838 
 1110 , 40823.5040480519 
 1111 , 40798.5979367276 
 1112 , 40777.5239949918 
 1113 , 40749.9197710042 
 1114 , 40714.1233099025 
 1115 , 40675.6320014147 
 1116 , 40638.9052694207 
 1117 , 40606.2137393155 
 1118 , 40579.1505790625 
 1119 , 40557.5032480769 
 1120 , 40540.6176597138 
 1121 , 40527.8836999064 
 1122 , 40518.8869121478 
 1123 , 40518.5773923021 
 1124 , 40538.1743174437 
 1125 , 40575.7275039437 
 1126 , 40595.203317123 
 1127 , 40564.6078688598 
 1128 , 40506.0397358584 
 1129 , 40458.7115833339 
 1130 , 40426.5038281598 
 1131 , 40386.212289082 
 1132 , 40331.094366092 
 1133 , 40281.9523169032 
 1134 , 40254.5794182454 
 1135 , 40238.5008711295 
 1136 , 40218.7311124564 
 1137 , 40190.4706093506 
 1138 , 40154.0098344039 
 1139 , 40112.1828116734 
 1140 , 40070.3566539124 
 1141 , 40031.605285417 
 1142 , 39993.9387795962 
 1143 , 39958.2753738102 
 1144 , 39942.0747164496 
 1145 , 39963.8697516473 
 1146 , 40000.4442050691 
 1147 , 40003.3326222116 
 1148 , 39955.9098325752 
 1149 , 39882.5128133412 
 1150 , 39808.1300042763 
 1151 , 39752.4655931377 
 1152 , 39729.6630571685 
 1153 , 39726.2140556695 
 1154 , 39719.7896126403 
 1155 , 39706.5469500092 
 1156 , 39696.5582581868 
 1157 , 39694.3018313087 
 1158 , 39695.2276074356 
 1159 , 39694.9749350103 
 1160 , 39692.1909206475 
 1161 , 39684.3204007175 
 1162 , 39656.0840867146 
 1163 , 39589.1734102722 
 1164 , 39510.0447247946 
 1165 , 39483.6558632337 
 1166 , 39526.2307502615 
 1167 , 39567.14248837 
 1168 , 39548.6793783829 
 1169 , 39491.636789778 
 1170 , 39430.7152461947 
 1171 , 39368.8967131573 
 1172 , 39294.9683585816 
 1173 , 39221.4804393818 
 1174 , 39183.6083695969 
 1175 , 39189.2507483148 
 1176 , 39193.0124238774 
 1177 , 39156.3073145619 
 1178 , 39090.7303801594 
 1179 , 39020.0402421968 
 1180 , 38966.2792843615 
 1181 , 38949.7313494983 
 1182 , 38970.329063982 
 1183 , 39007.5261009216 
 1184 , 39034.5013478113 
 1185 , 39013.8898892751 
 1186 , 38924.5143147494 
 1187 , 38815.6595045307 
 1188 , 38748.8236018749 
 1189 , 38736.1657791675 
 1190 , 38763.5482327745 
 1191 , 38801.1964719309 
 1192 , 38804.0737908295 
 1193 , 38752.233573273 
 1194 , 38675.5843492336 
 1195 , 38605.0821703405 
 1196 , 38553.3647938087 
 1197 , 38526.432424231 
 1198 , 38512.3709437114 
 1199 , 38491.4199526545 
 1200 , 38467.4820339646 
 1201 , 38466.9618673848 
 1202 , 38496.6942478649 
 1203 , 38526.2752847513 
 1204 , 38525.1631557384 
 1205 , 38476.623201409 
 1206 , 38374.0875248356 
 1207 , 38264.3115402295 
 1208 , 38214.8090228901 
 1209 , 38226.6833501027 
 1210 , 38243.4054886834 
 1211 , 38227.8280841773 
 1212 , 38177.5261716204 
 1213 , 38096.4824158642 
 1214 , 37998.8783885433 
 1215 , 37903.1556124453 
 1216 , 37842.2690500924 
 1217 , 37850.8990344695 
 1218 , 37904.7906876818 
 1219 , 37935.8653569599 
 1220 , 37907.4586828366 
 1221 , 37828.2089179291 
 1222 , 37714.3499270808 
 1223 , 37593.3024870836 
 1224 , 37493.5437126173 
 1225 , 37439.5194940056 
 1226 , 37450.1837526583 
 1227 , 37498.1257789975 
 1228 , 37528.0199374207 
 1229 , 37513.8589303674 
 1230 , 37463.5549295664 
 1231 , 37389.0822598377 
 1232 , 37307.0696080773 
 1233 , 37234.6935871888 
 1234 , 37188.9737390365 
 1235 , 37182.4217401194 
 1236 , 37191.0478098808 
 1237 , 37174.8021706961 
 1238 , 37126.8168091124 
 1239 , 37069.7309333088 
 1240 , 37017.3125495794 
 1241 , 36967.4488410426 
 1242 , 36916.9700638517 
 1243 , 36863.81838121 
 1244 , 36805.8164728989 
 1245 , 36738.8936130372 
 1246 , 36661.0514753148 
 1247 , 36603.5016583624 
 1248 , 36617.5169626717 
 1249 , 36693.4718738503 
 1250 , 36749.7640474293 
 1251 , 36732.7170045729 
 1252 , 36656.4266176827 
 1253 , 36550.1166543665 
 1254 , 36468.8808094385 
 1255 , 36463.1117158249 
 1256 , 36497.3852693242 
 1257 , 36499.7832849312 
 1258 , 36455.7510618695 
 1259 , 36398.1262671273 
 1260 , 36344.4375526176 
 1261 , 36287.9376429217 
 1262 , 36228.7547518877 
 1263 , 36189.8686630376 
 1264 , 36189.3445797196 
 1265 , 36203.4190015109 
 1266 , 36198.5971589402 
 1267 , 36169.7901021718 
 1268 , 36127.479941012 
 1269 , 36079.5142803665 
 1270 , 36031.0640483763 
 1271 , 35988.4100291554 
 1272 , 35959.8570433685 
 1273 , 35947.8040337516 
 1274 , 35936.5224923267 
 1275 , 35910.6266245491 
 1276 , 35875.0931177216 
 1277 , 35840.9769562131 
 1278 , 35809.7243309602 
 1279 , 35777.172166167 
 1280 , 35744.7554595532 
 1281 , 35719.7626619642 
 1282 , 35705.7129015664 
 1283 , 35698.9479471914 
 1284 , 35694.7860620027 
 1285 , 35687.6482969647 
 1286 , 35672.8005990808 
 1287 , 35651.3556193607 
 1288 , 35626.0877468453 
 1289 , 35595.1845272013 
 1290 , 35554.2091131739 
 1291 , 35504.1031654795 
 1292 , 35451.4384127647 
 1293 , 35400.8542514594 
 1294 , 35353.1289387171 
 1295 , 35308.5543040552 
 1296 , 35267.1329284986 
 1297 , 35228.1119646886 
 1298 , 35186.9023828889 
 1299 , 35138.2413590432 
 1300 , 35083.3493552118 
 1301 , 35027.3606806016 
 1302 , 34977.8892370617 
 1303 , 34944.729428043 
 1304 , 34924.9094129843 
 1305 , 34894.6960169148 
 1306 , 34841.2680918905 
 1307 , 34786.9199949209 
 1308 , 34754.1289127923 
 1309 , 34737.4991603499 
 1310 , 34723.4544342088 
 1311 , 34700.1881212202 
 1312 , 34657.8028011432 
 1313 , 34603.7733168769 
 1314 , 34559.9423031157 
 1315 , 34531.7718311145 
 1316 , 34501.4752423191 
 1317 , 34457.2867080564 
 1318 , 34405.0886153857 
 1319 , 34353.0900657691 
 1320 , 34309.0062470697 
 1321 , 34278.5012783179 
 1322 , 34254.0601718887 
 1323 , 34223.9147692742 
 1324 , 34192.1639946245 
 1325 , 34173.2629319979 
 1326 , 34166.598393008 
 1327 , 34154.8150682143 
 1328 , 34129.3008419375 
 1329 , 34098.497433774 
 1330 , 34070.2263495553 
 1331 , 34045.3547695285 
 1332 , 34020.663632857 
 1333 , 33978.9020686883 
 1334 , 33902.7052139797 
 1335 , 33811.5199209506 
 1336 , 33742.3250893875 
 1337 , 33709.6726621555 
 1338 , 33709.2621587173 
 1339 , 33723.4883696614 
 1340 , 33718.3682481096 
 1341 , 33676.468854583 
 1342 , 33616.688140629 
 1343 , 33558.5886291876 
 1344 , 33508.8678514245 
 1345 , 33470.2555466749 
 1346 , 33438.3861726969 
 1347 , 33406.7537189926 
 1348 , 33372.2275628904 
 1349 , 33333.7798688859 
 1350 , 33294.0467360867 
 1351 , 33258.7891569943 
 1352 , 33229.8932619067 
 1353 , 33203.781756438 
 1354 , 33174.9582314151 
 1355 , 33134.6513341662 
 1356 , 33075.2091980887 
 1357 , 32994.3227785043 
 1358 , 32895.5067663153 
 1359 , 32808.7932075397 
 1360 , 32767.9579177582 
 1361 , 32752.9239470077 
 1362 , 32715.6681769722 
 1363 , 32644.8972531256 
 1364 , 32561.1126735526 
 1365 , 32485.8883313587 
 1366 , 32440.7576147739 
 1367 , 32434.3119251983 
 1368 , 32449.1259870831 
 1369 , 32458.3471890578 
 1370 , 32415.1541317354 
 1371 , 32288.2448579429 
 1372 , 32145.0776349689 
 1373 , 32073.061434628 
 1374 , 32065.7309511447 
 1375 , 32071.5932169092 
 1376 , 32059.9972393657 
 1377 , 32016.8780998939 
 1378 , 31947.2481843366 
 1379 , 31877.0311002282 
 1380 , 31820.6373060226 
 1381 , 31771.0789154959 
 1382 , 31720.507590795 
 1383 , 31664.2017580632 
 1384 , 31599.8356931269 
 1385 , 31532.7488635365 
 1386 , 31470.5668167557 
 1387 , 31423.1520200214 
 1388 , 31397.6062082262 
 1389 , 31363.0869935371 
 1390 , 31270.0173501372 
 1391 , 31139.0344452655 
 1392 , 31051.3603898287 
 1393 , 31034.7646186385 
 1394 , 31045.3256993384 
 1395 , 31046.6738446186 
 1396 , 31025.9620864551 
 1397 , 30980.2203737253 
 1398 , 30927.2703921404 
 1399 , 30883.9824402724 
 1400 , 30846.6393906828 
 1401 , 30806.656151301 
 1402 , 30760.9683080845 
 1403 , 30709.5040895724 
 1404 , 30659.6986229866 
 1405 , 30622.9145892258 
 1406 , 30597.1931203337 
 1407 , 30568.8965150671 
 1408 , 30535.8718244654 
 1409 , 30511.2616309344 
 1410 , 30502.7191597532 
 1411 , 30505.7438512248 
 1412 , 30510.1807258272 
 1413 , 30493.9936666 
 1414 , 30441.9454739251 
 1415 , 30375.0984553213 
 1416 , 30320.3881054255 
 1417 , 30283.2612870828 
 1418 , 30260.1657521739 
 1419 , 30240.1770052485 
 1420 , 30208.3566226183 
 1421 , 30151.0465773525 
 1422 , 30056.7614141245 
 1423 , 29946.0388622963 
 1424 , 29874.6263330828 
 1425 , 29856.4126949053 
 1426 , 29836.0625210402 
 1427 , 29786.0086085719 
 1428 , 29755.4282390797 
 1429 , 29776.7648101604 
 1430 , 29792.8760821867 
 1431 , 29747.4012972437 
 1432 , 29676.1310553699 
 1433 , 29632.2373664884 
 1434 , 29595.410427627 
 1435 , 29519.4867467791 
 1436 , 29423.5726040244 
 1437 , 29363.7381981216 
 1438 , 29342.1611359181 
 1439 , 29315.5505792917 
 1440 , 29268.8188273812 
 1441 , 29221.7007511591 
 1442 , 29188.710454123 
 1443 , 29172.5798999367 
 1444 , 29167.3998902427 
 1445 , 29150.0970641548 
 1446 , 29106.3923194185 
 1447 , 29057.8692370754 
 1448 , 29027.684689767 
 1449 , 29013.2257224937 
 1450 , 29004.0585219936 
 1451 , 28986.9061370735 
 1452 , 28950.4828727258 
 1453 , 28913.9017058551 
 1454 , 28910.6483006644 
 1455 , 28934.7603531764 
 1456 , 28950.9353940089 
 1457 , 28946.6275800055 
 1458 , 28933.3740776241 
 1459 , 28913.8032199675 
 1460 , 28876.6388350697 
 1461 , 28816.7290614127 
 1462 , 28742.4249431424 
 1463 , 28661.2895837405 
 1464 , 28574.9865777462 
 1465 , 28486.2616242239 
 1466 , 28405.079144093 
 1467 , 28339.2307968108 
 1468 , 28277.7119356805 
 1469 , 28206.0227720264 
 1470 , 28125.8575843916 
 1471 , 28045.3436608634 
 1472 , 27968.2421463083 
 1473 , 27895.8622484787 
 1474 , 27830.346243029 
 1475 , 27774.3077965965 
 1476 , 27726.1319745924 
 1477 , 27680.0972377931 
 1478 , 27636.1248287006 
 1479 , 27601.7196580986 
 1480 , 27577.3552836413 
 1481 , 27550.4283162462 
 1482 , 27514.7243279248 
 1483 , 27481.7423579453 
 1484 , 27459.7250416048 
 1485 , 27439.2255890121 
 1486 , 27410.1109565524 
 1487 , 27373.5136681333 
 1488 , 27334.4814925616 
 1489 , 27303.6116974523 
 1490 , 27290.7025145242 
 1491 , 27284.6716671928 
 1492 , 27265.7479715973 
 1493 , 27224.1077129603 
 1494 , 27157.2759283105 
 1495 , 27083.048816104 
 1496 , 27033.6909373999 
 1497 , 27013.9886284618 
 1498 , 27001.1381869909 
 1499 , 26978.7340389319 
 1500 , 26940.1061057085 
 1501 , 26882.7669259508 
 1502 , 26810.0745889453 
 1503 , 26733.8289916028 
 1504 , 26682.3799733551 
 1505 , 26668.8611379935 
 1506 , 26659.485463409 
 1507 , 26624.0900032094 
 1508 , 26573.1304775367 
 1509 , 26522.874653831 
 1510 , 26475.0662134247 
 1511 , 26427.290778868 
 1512 , 26377.2803362388 
 1513 , 26323.1559369483 
 1514 , 26265.6902064048 
 1515 , 26207.0856656904 
 1516 , 26151.3238550162 
 1517 , 26103.0401024178 
 1518 , 26060.9042080604 
 1519 , 26019.2404442222 
 1520 , 25975.6164566861 
 1521 , 25930.7795183966 
 1522 , 25886.5757268958 
 1523 , 25846.0140164321 
 1524 , 25813.4246300447 
 1525 , 25794.8854228786 
 1526 , 25790.511876119 
 1527 , 25789.4720238533 
 1528 , 25776.1048346718 
 1529 , 25726.5413703749 
 1530 , 25636.0780332366 
 1531 , 25556.5466712331 
 1532 , 25531.8664067245 
 1533 , 25544.0245689432 
 1534 , 25564.1560197356 
 1535 , 25575.2534459973 
 1536 , 25566.1523575602 
 1537 , 25539.9595796442 
 1538 , 25504.0572710663 
 1539 , 25461.4501311577 
 1540 , 25413.6334750501 
 1541 , 25365.2302496062 
 1542 , 25322.126024668 
 1543 , 25285.9954395127 
 1544 , 25255.7068348136 
 1545 , 25228.1968217964 
 1546 , 25199.0571469892 
 1547 , 25165.8686012279 
 1548 , 25128.308974599 
 1549 , 25092.5453709319 
 1550 , 25071.48377162 
 1551 , 25064.8980450611 
 1552 , 25054.9060776332 
 1553 , 25030.1112656938 
 1554 , 24991.2662543881 
 1555 , 24943.8006598484 
 1556 , 24899.9199076022 
 1557 , 24867.9576210102 
 1558 , 24845.8339588643 
 1559 , 24828.263028226 
 1560 , 24805.1450886207 
 1561 , 24770.6372983557 
 1562 , 24735.3350201911 
 1563 , 24707.9928554155 
 1564 , 24677.1655237396 
 1565 , 24632.3711111113 
 1566 , 24590.7690240513 
 1567 , 24572.4659251281 
 1568 , 24568.6175197835 
 1569 , 24562.4077774237 
 1570 , 24551.4652460396 
 1571 , 24538.5174497418 
 1572 , 24519.1566808327 
 1573 , 24486.3606031812 
 1574 , 24441.5901253894 
 1575 , 24391.4717643662 
 1576 , 24346.6780609028 
 1577 , 24319.2723959395 
 1578 , 24303.0318636452 
 1579 , 24278.8089145604 
 1580 , 24246.5685093911 
 1581 , 24222.6010267689 
 1582 , 24205.9569144926 
 1583 , 24178.3357482567 
 1584 , 24138.7613303847 
 1585 , 24106.8066407949 
 1586 , 24089.8822016911 
 1587 , 24077.9143199475 
 1588 , 24062.4002900911 
 1589 , 24039.0265463966 
 1590 , 24006.7424158145 
 1591 , 23969.500120739 
 1592 , 23932.8069571963 
 1593 , 23904.210247069 
 1594 , 23884.4881617449 
 1595 , 23858.9230661287 
 1596 , 23818.4468968755 
 1597 , 23773.4523276553 
 1598 , 23733.7772714329 
 1599 , 23699.0399200642 
 1600 , 23668.4840183489 
 1601 , 23646.0450292209 
 1602 , 23634.5195316926 
 1603 , 23628.9874143865 
 1604 , 23623.1237497472 
 1605 , 23612.1698675154 
 1606 , 23593.0532824784 
 1607 , 23568.7275150265 
 1608 , 23541.4768465291 
 1609 , 23500.5882674014 
 1610 , 23435.2259726248 
 1611 , 23359.5475124787 
 1612 , 23294.646721174 
 1613 , 23246.0723237472 
 1614 , 23211.4984291624 
 1615 , 23177.5250659184 
 1616 , 23127.6557602611 
 1617 , 23061.8645291144 
 1618 , 22989.0925921241 
 1619 , 22924.652941534 
 1620 , 22884.5783895365 
 1621 , 22855.4003818009 
 1622 , 22808.7233241587 
 1623 , 22751.1948031204 
 1624 , 22710.7113460232 
 1625 , 22688.2031230081 
 1626 , 22665.6964949162 
 1627 , 22635.7120005039 
 1628 , 22599.5368575951 
 1629 , 22563.5878137739 
 1630 , 22537.4587831922 
 1631 , 22512.8360286627 
 1632 , 22466.2605092152 
 1633 , 22398.3256643295 
 1634 , 22333.3831669922 
 1635 , 22293.8877904229 
 1636 , 22297.9125615733 
 1637 , 22324.459225188 
 1638 , 22311.0600261722 
 1639 , 22246.2430023946 
 1640 , 22180.5609638873 
 1641 , 22138.008748843 
 1642 , 22104.8195950046 
 1643 , 22069.3715715891 
 1644 , 22026.3041541959 
 1645 , 21980.6872752156 
 1646 , 21951.338585966 
 1647 , 21940.071291913 
 1648 , 21922.1719067873 
 1649 , 21888.118660633 
 1650 , 21855.3546230155 
 1651 , 21832.3624347964 
 1652 , 21809.0973537609 
 1653 , 21776.7513761109 
 1654 , 21731.6609435663 
 1655 , 21676.3196752473 
 1656 , 21623.3011618255 
 1657 , 21578.6539474275 
 1658 , 21534.2973523073 
 1659 , 21487.1845924007 
 1660 , 21447.0208359355 
 1661 , 21416.3357592312 
 1662 , 21380.3200375775 
 1663 , 21338.1214938653 
 1664 , 21322.2039909179 
 1665 , 21340.4950884166 
 1666 , 21339.2946197097 
 1667 , 21288.824357261 
 1668 , 21229.8867485086 
 1669 , 21191.8357367649 
 1670 , 21156.5856776606 
 1671 , 21115.4516433702 
 1672 , 21096.7355347121 
 1673 , 21109.2372617275 
 1674 , 21103.1571684686 
 1675 , 21047.3605788535 
 1676 , 20976.2250358867 
 1677 , 20921.1085836563 
 1678 , 20882.2666916524 
 1679 , 20857.4448626583 
 1680 , 20849.7125273658 
 1681 , 20849.9636762599 
 1682 , 20816.6915219015 
 1683 , 20733.1619134523 
 1684 , 20657.4411339451 
 1685 , 20629.6046081571 
 1686 , 20615.1093100334 
 1687 , 20583.8750602889 
 1688 , 20546.3546850739 
 1689 , 20509.1491652958 
 1690 , 20453.3249665511 
 1691 , 20376.8865918787 
 1692 , 20330.161115883 
 1693 , 20341.8247126411 
 1694 , 20366.6614627008 
 1695 , 20362.3275008989 
 1696 , 20321.3754857577 
 1697 , 20252.4175484089 
 1698 , 20190.2151975335 
 1699 , 20159.080868818 
 1700 , 20149.0761740945 
 1701 , 20146.1335014708 
 1702 , 20138.2532430476 
 1703 , 20118.2727133667 
 1704 , 20089.4426621917 
 1705 , 20056.3850888288 
 1706 , 20023.5226008362 
 1707 , 19992.024011913 
 1708 , 19956.0474556844 
 1709 , 19911.5679951829 
 1710 , 19860.3882465436 
 1711 , 19810.6778092185 
 1712 , 19781.9740520927 
 1713 , 19776.2187019654 
 1714 , 19758.0463541616 
 1715 , 19711.5188043905 
 1716 , 19665.8361494643 
 1717 , 19638.8868536998 
 1718 , 19618.6890409194 
 1719 , 19595.5635261724 
 1720 , 19569.481877151 
 1721 , 19543.8877007687 
 1722 , 19526.3052286927 
 1723 , 19517.7729028917 
 1724 , 19508.3949827381 
 1725 , 19490.618368045 
 1726 , 19462.0180056453 
 1727 , 19424.2657819101 
 1728 , 19384.1649757563 
 1729 , 19341.6476978117 
 1730 , 19287.066574572 
 1731 , 19224.1584589748 
 1732 , 19174.4520289483 
 1733 , 19147.112764226 
 1734 , 19134.6868014894 
 1735 , 19125.209578135 
 1736 , 19103.354539771 
 1737 , 19070.7795053744 
 1738 , 19046.6476388268 
 1739 , 19029.0037599978 
 1740 , 18994.9323550537 
 1741 , 18944.1239563667 
 1742 , 18897.6583102823 
 1743 , 18864.7990120821 
 1744 , 18843.4266432849 
 1745 , 18825.6228252416 
 1746 , 18800.0074961725 
 1747 , 18768.4870034311 
 1748 , 18741.9687600309 
 1749 , 18718.1661624023 
 1750 , 18687.0756217605 
 1751 , 18656.4792725996 
 1752 , 18642.1735113043 
 1753 , 18625.3648544261 
 1754 , 18572.7282832981 
 1755 , 18502.8690519966 
 1756 , 18457.781860762 
 1757 , 18443.9721843206 
 1758 , 18448.6153274013 
 1759 , 18444.3412852915 
 1760 , 18405.0194522234 
 1761 , 18353.3499947589 
 1762 , 18325.3384480906 
 1763 , 18322.1728935465 
 1764 , 18329.9952358574 
 1765 , 18321.5246469191 
 1766 , 18277.2940549519 
 1767 , 18232.726556181 
 1768 , 18223.5084505829 
 1769 , 18223.6757769835 
 1770 , 18203.4229694786 
 1771 , 18174.5004056362 
 1772 , 18152.3427085124 
 1773 , 18134.9134561659 
 1774 , 18118.9295792377 
 1775 , 18107.1264928288 
 1776 , 18098.4114621596 
 1777 , 18079.8797379593 
 1778 , 18049.5788510276 
 1779 , 18032.7480755824 
 1780 , 18034.6070071671 
 1781 , 18016.0466360024 
 1782 , 17960.3743434456 
 1783 , 17896.4269875089 
 1784 , 17846.1620235219 
 1785 , 17814.7914236469 
 1786 , 17796.2123913066 
 1787 , 17771.9835523568 
 1788 , 17739.3940117761 
 1789 , 17714.096841439 
 1790 , 17703.0330087475 
 1791 , 17703.5312020917 
 1792 , 17713.2262212232 
 1793 , 17729.5970559768 
 1794 , 17738.7984458808 
 1795 , 17720.8161389239 
 1796 , 17683.8987898613 
 1797 , 17652.23754616 
 1798 , 17623.8206934255 
 1799 , 17585.0356360625 
 1800 , 17549.7382715305 
 1801 , 17540.3689437212 
 1802 , 17546.6800754197 
 1803 , 17546.199044171 
 1804 , 17524.1353291122 
 1805 , 17474.6201030264 
 1806 , 17421.2010479565 
 1807 , 17388.5266523145 
 1808 , 17371.0999556543 
 1809 , 17355.288842878 
 1810 , 17325.27570796 
 1811 , 17277.5412557906 
 1812 , 17243.7548595615 
 1813 , 17241.7106024877 
 1814 , 17243.2610044104 
 1815 , 17233.3798181301 
 1816 , 17234.7937925561 
 1817 , 17251.1979014349 
 1818 , 17248.779205612 
 1819 , 17219.0463409166 
 1820 , 17192.3289077385 
 1821 , 17180.4723780374 
 1822 , 17170.8272925677 
 1823 , 17151.5834437746 
 1824 , 17114.1908701264 
 1825 , 17068.4556253337 
 1826 , 17036.8547400516 
 1827 , 17016.0702159309 
 1828 , 16987.9631989893 
 1829 , 16961.7738301444 
 1830 , 16957.5229908766 
 1831 , 16959.464120665 
 1832 , 16940.9583072794 
 1833 , 16909.5391058549 
 1834 , 16881.8598379438 
 1835 , 16856.4266215413 
 1836 , 16828.6217538099 
 1837 , 16803.123510807 
 1838 , 16784.3544721802 
 1839 , 16768.8918566336 
 1840 , 16753.6296326146 
 1841 , 16740.0516133231 
 1842 , 16727.4491383985 
 1843 , 16709.306980693 
 1844 , 16682.0502036158 
 1845 , 16648.3143907467 
 1846 , 16621.5343108036 
 1847 , 16627.2844554711 
 1848 , 16653.5813212493 
 1849 , 16649.4658938962 
 1850 , 16607.526286368 
 1851 , 16559.3423448813 
 1852 , 16526.7795951083 
 1853 , 16521.2552112045 
 1854 , 16528.0712231827 
 1855 , 16520.3363022187 
 1856 , 16489.4750676931 
 1857 , 16438.1847177301 
 1858 , 16386.0625323592 
 1859 , 16353.6301015121 
 1860 , 16339.2187442944 
 1861 , 16334.4831042591 
 1862 , 16329.150310652 
 1863 , 16316.5670427682 
 1864 , 16300.6863161461 
 1865 , 16283.4015757856 
 1866 , 16258.9038113925 
 1867 , 16227.1977749526 
 1868 , 16199.0425032987 
 1869 , 16179.1715818469 
 1870 , 16163.2729693796 
 1871 , 16143.9109336509 
 1872 , 16112.0347962168 
 1873 , 16073.0958424104 
 1874 , 16043.3791180142 
 1875 , 16031.7233366051 
 1876 , 16039.4990118527 
 1877 , 16046.6779662919 
 1878 , 16030.4888933311 
 1879 , 16012.2092428739 
 1880 , 16016.4034429879 
 1881 , 16010.7792895899 
 1882 , 15967.2612398442 
 1883 , 15923.7870340073 
 1884 , 15910.4007750368 
 1885 , 15903.4513876287 
 1886 , 15884.8449168643 
 1887 , 15862.5445367728 
 1888 , 15839.9537481871 
 1889 , 15810.0174635477 
 1890 , 15776.4058186066 
 1891 , 15754.9343612615 
 1892 , 15748.3937290942 
 1893 , 15747.2742081422 
 1894 , 15735.0815877237 
 1895 , 15695.1671767184 
 1896 , 15645.4376480174 
 1897 , 15614.8294519639 
 1898 , 15595.8817360355 
 1899 , 15571.9358344557 
 1900 , 15544.9266059246 
 1901 , 15520.5253902422 
 1902 , 15500.2504591985 
 1903 , 15483.9876177215 
 1904 , 15469.7254583897 
 1905 , 15454.7449340622 
 1906 , 15435.6965309041 
 1907 , 15414.1089775317 
 1908 , 15397.2889348089 
 1909 , 15379.1827802397 
 1910 , 15342.003028619 
 1911 , 15290.2655430116 
 1912 , 15244.6847770322 
 1913 , 15222.4025482136 
 1914 , 15232.8564505759 
 1915 , 15249.7522419999 
 1916 , 15241.8975800417 
 1917 , 15219.7229843682 
 1918 , 15196.9242748742 
 1919 , 15159.7677507486 
 1920 , 15106.4765504647 
 1921 , 15075.2344371708 
 1922 , 15076.4488528711 
 1923 , 15065.3539232114 
 1924 , 15027.0875117363 
 1925 , 14989.4268820445 
 1926 , 14967.4016629166 
 1927 , 14961.0982800533 
 1928 , 14958.2136748656 
 1929 , 14942.2367661517 
 1930 , 14925.6835498417 
 1931 , 14928.590096836 
 1932 , 14936.0180767684 
 1933 , 14926.5468022199 
 1934 , 14899.2003387473 
 1935 , 14861.4070462344 
 1936 , 14829.9133370025 
 1937 , 14812.3881671747 
 1938 , 14796.922808041 
 1939 , 14778.4137470225 
 1940 , 14763.595492828 
 1941 , 14756.6868647188 
 1942 , 14758.3842660252 
 1943 , 14765.5107894257 
 1944 , 14771.3074745742 
 1945 , 14760.8069806922 
 1946 , 14722.0282216486 
 1947 , 14681.2929952488 
 1948 , 14664.8597746883 
 1949 , 14650.1906642456 
 1950 , 14620.0021837204 
 1951 , 14598.9302009952 
 1952 , 14594.9627134658 
 1953 , 14575.7735643692 
 1954 , 14530.756162436 
 1955 , 14481.015681619 
 1956 , 14440.2091098899 
 1957 , 14414.1289449452 
 1958 , 14413.3330019836 
 1959 , 14443.9943160433 
 1960 , 14459.7897646266 
 1961 , 14413.2862495876 
 1962 , 14355.4493752575 
 1963 , 14339.2685054284 
 1964 , 14336.792651325 
 1965 , 14321.0897881252 
 1966 , 14299.4198117771 
 1967 , 14276.069619565 
 1968 , 14245.4511753389 
 1969 , 14212.2225527014 
 1970 , 14190.6343749879 
 1971 , 14177.9841290888 
 1972 , 14161.9066819396 
 1973 , 14147.9083959569 
 1974 , 14145.325282137 
 1975 , 14140.1346007999 
 1976 , 14120.8589024603 
 1977 , 14108.1497472209 
 1978 , 14110.9463494979 
 1979 , 14099.1007787169 
 1980 , 14060.3058596259 
 1981 , 14015.4653344823 
 1982 , 13979.4344888555 
 1983 , 13957.5084041694 
 1984 , 13943.710071395 
 1985 , 13926.8322401254 
 1986 , 13911.8757745369 
 1987 , 13906.4853293192 
 1988 , 13895.5256314332 
 1989 , 13867.2382375144 
 1990 , 13840.7086154048 
 1991 , 13828.6610254532 
 1992 , 13819.7315738056 
 1993 , 13809.6299000829 
 1994 , 13806.6264701608 
 1995 , 13807.8471385613 
 1996 , 13801.0887419647 
 1997 , 13788.6652098289 
 1998 , 13779.2649694904 
 1999 , 13765.9168569332 
 2000 , 13740.4870871346 
 2001 , 13714.4745545404 
 2002 , 13699.4305830036 
 2003 , 13694.7899510804 
 2004 , 13690.7967080856 
 2005 , 13666.8533550503 
 2006 , 13629.8627636144 
 2007 , 13614.4529187954 
 2008 , 13617.3190184927 
 2009 , 13610.3344907316 
 2010 , 13589.0039267577 
 2011 , 13561.169543846 
 2012 , 13540.1350293143 
 2013 , 13532.2660500808 
 2014 , 13519.534896801 
 2015 , 13494.6302258482 
 2016 , 13477.3995219868 
 2017 , 13474.6778647671 
 2018 , 13474.4788910383 
 2019 , 13465.7252636639 
 2020 , 13440.5286172148 
 2021 , 13404.6877667742 
 2022 , 13370.9268211816 
 2023 , 13352.6432701931 
 2024 , 13354.4395878381 
 2025 , 13353.7937166951 
 2026 , 13336.8417037202 
 2027 , 13315.4259832704 
 2028 , 13292.3515062454 
 2029 , 13257.5793674296 
 2030 , 13223.7820133189 
 2031 , 13216.889984656 
 2032 , 13221.7815066469 
 2033 , 13209.6710212841 
 2034 , 13184.3653364301 
 2035 , 13156.1348141632 
 2036 , 13125.4350434191 
 2037 , 13098.7156841587 
 2038 , 13095.1201654086 
 2039 , 13100.7518037812 
 2040 , 13067.6461253823 
 2041 , 13010.2866199632 
 2042 , 12980.7166000263 
 2043 , 12969.3149082872 
 2044 , 12949.0518737596 
 2045 , 12937.1792025238 
 2046 , 12945.3478744086 
 2047 , 12941.5057292216 
 2048 , 12909.9247549713 
 2049 , 12870.5687095526 
 2050 , 12841.3136797438 
 2051 , 12832.8791115839 
 2052 , 12833.0232580372 
 2053 , 12821.2339059767 
 2054 , 12809.0568263464 
 2055 , 12810.6129131454 
 2056 , 12808.6956118368 
 2057 , 12792.1314165769 
 2058 , 12775.1070967134 
 2059 , 12760.4605289245 
 2060 , 12734.721606797 
 2061 , 12707.1658765887 
 2062 , 12699.7134382375 
 2063 , 12691.3098593566 
 2064 , 12653.8826446195 
 2065 , 12616.5324686887 
 2066 , 12603.2282917336 
 2067 , 12586.4471217664 
 2068 , 12553.5632124888 
 2069 , 12525.357450238 
 2070 , 12507.9010793227 
 2071 , 12492.0508438952 
 2072 , 12475.699587686 
 2073 , 12460.4576273384 
 2074 , 12445.3763812223 
 2075 , 12427.8393993278 
 2076 , 12402.9192244707 
 2077 , 12374.1730838962 
 2078 , 12359.4923416646 
 2079 , 12355.3971339778 
 2080 , 12337.0347918977 
 2081 , 12302.1598300034 
 2082 , 12263.3217503887 
 2083 , 12234.1836745147 
 2084 , 12222.7184422871 
 2085 , 12217.5710037017 
 2086 , 12208.8530225176 
 2087 , 12196.5859488194 
 2088 , 12182.0969893533 
 2089 , 12166.9545706456 
 2090 , 12152.5277504358 
 2091 , 12137.753381548 
 2092 , 12107.6399145061 
 2093 , 12054.7894854876 
 2094 , 12014.1797390268 
 2095 , 12005.7013990268 
 2096 , 12005.1042388877 
 2097 , 12003.6707023373 
 2098 , 12013.3284058387 
 2099 , 12025.6830240921 
 2100 , 12020.7717941005 
 2101 , 11992.0426738394 
 2102 , 11945.0139179868 
 2103 , 11907.6730514217 
 2104 , 11894.5649105531 
 2105 , 11888.3052965594 
 2106 , 11877.5195945122 
 2107 , 11861.0735062863 
 2108 , 11843.2656963266 
 2109 , 11828.9867261153 
 2110 , 11810.043922858 
 2111 , 11779.3310512814 
 2112 , 11745.8288965153 
 2113 , 11721.3764361185 
 2114 , 11716.6948215634 
 2115 , 11721.5240375627 
 2116 , 11709.4339481954 
 2117 , 11684.2598050182 
 2118 , 11662.3871029446 
 2119 , 11641.7865747592 
 2120 , 11620.2533846456 
 2121 , 11608.206837622 
 2122 , 11600.7152966998 
 2123 , 11571.1719500471 
 2124 , 11527.8813948461 
 2125 , 11503.7676531529 
 2126 , 11500.7393222106 
 2127 , 11503.8435425205 
 2128 , 11487.6859744802 
 2129 , 11447.83141626 
 2130 , 11425.4654866939 
 2131 , 11428.6146421881 
 2132 , 11423.9980474327 
 2133 , 11400.1471896627 
 2134 , 11363.6074627316 
 2135 , 11336.5632130709 
 2136 , 11328.1354802264 
 2137 , 11296.1585916405 
 2138 , 11236.8945343965 
 2139 , 11215.8213228261 
 2140 , 11234.6079569792 
 2141 , 11241.0033245867 
 2142 , 11228.9078586361 
 2143 , 11210.7783851694 
 2144 , 11183.0871251042 
 2145 , 11149.3790645408 
 2146 , 11134.7393288186 
 2147 , 11135.6326677162 
 2148 , 11116.8557281832 
 2149 , 11080.0010652116 
 2150 , 11047.992324732 
 2151 , 11030.6713487513 
 2152 , 11026.3094579355 
 2153 , 11014.4388929943 
 2154 , 10988.8203419672 
 2155 , 10966.8325689666 
 2156 , 10953.0359766199 
 2157 , 10940.4226076463 
 2158 , 10920.4359739636 
 2159 , 10891.9029439718 
 2160 , 10879.7342969914 
 2161 , 10885.0455274375 
 2162 , 10861.2493849499 
 2163 , 10819.1968335092 
 2164 , 10818.6874751349 
 2165 , 10841.5876362563 
 2166 , 10839.1814891036 
 2167 , 10801.6077915624 
 2168 , 10742.5140619366 
 2169 , 10702.3899448704 
 2170 , 10698.336838288 
 2171 , 10716.9041441284 
 2172 , 10729.2443309155 
 2173 , 10707.8969301149 
 2174 , 10670.2948632677 
 2175 , 10641.9247961896 
 2176 , 10635.3323038276 
 2177 , 10641.311846327 
 2178 , 10629.3302524595 
 2179 , 10604.051100479 
 2180 , 10589.6425437687 
 2181 , 10587.5583938041 
 2182 , 10590.1856510214 
 2183 , 10586.3592326771 
 2184 , 10568.6130628678 
 2185 , 10536.3504045024 
 2186 , 10504.8107799227 
 2187 , 10493.9967810816 
 2188 , 10489.5382418263 
 2189 , 10474.430073142 
 2190 , 10457.9374973461 
 2191 , 10443.4777436238 
 2192 , 10420.9490739937 
 2193 , 10391.2137803957 
 2194 , 10361.1358907404 
 2195 , 10321.6048024494 
 2196 , 10270.6786186922 
 2197 , 10242.4871458288 
 2198 , 10247.3444080765 
 2199 , 10254.8351080123 
 2200 , 10254.8526739439 
 2201 , 10253.25671558 
 2202 , 10249.6757989503 
 2203 , 10240.5634647051 
 2204 , 10220.464309683 
 2205 , 10192.8437008759 
 2206 , 10172.6179274099 
 2207 , 10158.9739987199 
 2208 , 10141.0253962878 
 2209 , 10116.8053556592 
 2210 , 10092.2979684993 
 2211 , 10085.1131162665 
 2212 , 10083.9629393756 
 2213 , 10043.2839521491 
 2214 , 9981.40343647276 
 2215 , 9948.63093016813 
 2216 , 9936.46678051783 
 2217 , 9923.88146663221 
 2218 , 9905.17861043874 
 2219 , 9879.1751158363 
 2220 , 9848.42842594861 
 2221 , 9826.40180615907 
 2222 , 9825.62026862905 
 2223 , 9826.11862386503 
 2224 , 9814.42639113016 
 2225 , 9808.64293590487 
 2226 , 9805.84504679058 
 2227 , 9781.89012208261 
 2228 , 9751.60406812282 
 2229 , 9739.13678676766 
 2230 , 9726.50462100283 
 2231 , 9697.52133234195 
 2232 , 9657.39316021388 
 2233 , 9621.36895840479 
 2234 , 9607.49049922193 
 2235 , 9605.3810614585 
 2236 , 9597.44927991146 
 2237 , 9581.40626251595 
 2238 , 9560.40469898447 
 2239 , 9540.53770231838 
 2240 , 9518.71402571817 
 2241 , 9488.33865047319 
 2242 , 9460.48588812119 
 2243 , 9442.92981512091 
 2244 , 9421.42341808316 
 2245 , 9397.58660083201 
 2246 , 9391.7619929031 
 2247 , 9390.42627085726 
 2248 , 9370.05163038727 
 2249 , 9347.04433356732 
 2250 , 9332.91661282967 
 2251 , 9311.80310151413 
 2252 , 9282.88506285274 
 2253 , 9260.62971197298 
 2254 , 9253.4477440442 
 2255 , 9259.36134953441 
 2256 , 9254.11774699251 
 2257 , 9229.82974058616 
 2258 , 9206.14734131301 
 2259 , 9192.21743019886 
 2260 , 9186.13531599913 
 2261 , 9172.99108380448 
 2262 , 9144.31547674405 
 2263 , 9113.30595495008 
 2264 , 9085.28595795743 
 2265 , 9056.5057553358 
 2266 , 9036.26774987983 
 2267 , 9031.44191303527 
 2268 , 9020.04485960855 
 2269 , 8993.56056392162 
 2270 , 8971.68291292611 
 2271 , 8964.82793655011 
 2272 , 8970.04256488192 
 2273 , 8958.03720214206 
 2274 , 8915.15919677914 
 2275 , 8879.21437938763 
 2276 , 8864.17450024444 
 2277 , 8853.44002194949 
 2278 , 8835.68216362642 
 2279 , 8809.20219967504 
 2280 , 8792.91363545763 
 2281 , 8790.23488571166 
 2282 , 8777.6141502954 
 2283 , 8747.79099584511 
 2284 , 8709.3934580266 
 2285 , 8687.48778771254 
 2286 , 8690.55145446339 
 2287 , 8685.15980617583 
 2288 , 8662.68192078686 
 2289 , 8639.78227559498 
 2290 , 8616.31075415123 
 2291 , 8590.5779121447 
 2292 , 8577.13393440494 
 2293 , 8569.94061055463 
 2294 , 8538.77421339806 
 2295 , 8505.55815741292 
 2296 , 8504.90374235179 
 2297 , 8500.05287837632 
 2298 , 8469.46103823624 
 2299 , 8444.67576878116 
 2300 , 8432.71814026779 
 2301 , 8419.71336880079 
 2302 , 8401.0070256645 
 2303 , 8378.83580921763 
 2304 , 8363.1231764172 
 2305 , 8357.31052646351 
 2306 , 8356.24614654421 
 2307 , 8346.27864325658 
 2308 , 8318.94835798323 
 2309 , 8290.83682997966 
 2310 , 8271.31641777204 
 2311 , 8255.81287978333 
 2312 , 8246.57190415654 
 2313 , 8244.13609997289 
 2314 , 8226.90237954839 
 2315 , 8192.85312641184 
 2316 , 8176.1340150532 
 2317 , 8178.4440491178 
 2318 , 8177.96150525933 
 2319 , 8159.77810368897 
 2320 , 8126.27942420035 
 2321 , 8106.93932994249 
 2322 , 8097.86355673483 
 2323 , 8072.06999541006 
 2324 , 8049.38615857382 
 2325 , 8047.64453794184 
 2326 , 8040.06964843461 
 2327 , 8015.68622475827 
 2328 , 7986.6247933852 
 2329 , 7969.48858084034 
 2330 , 7969.069864208 
 2331 , 7953.78792555811 
 2332 , 7916.23919632615 
 2333 , 7883.41334683798 
 2334 , 7867.17103519352 
 2335 , 7863.24780975795 
 2336 , 7844.17828174849 
 2337 , 7807.88083414049 
 2338 , 7789.74236453648 
 2339 , 7788.65684676589 
