11-20-2017,17:28:50
Wavenumber(cm-1),Intensity
 250 , 10 
 251 , 10 
 252 , 10 
 253 , 10 
 254 , 10 
 255 , 26.85546875 
 256 , 24.66015625 
 257 , 30.8984375 
 258 , 53.42578125 
 259 , 73.78515625 
 260 , 66.27734375 
 261 , 26.65234375 
 262 ,-16.83984375 
 263 ,-34.53515625 
 264 ,-19.390625 
 265 , 14.484375 
 266 , 53.14453125 
 267 , 88.48828125 
 268 , 106.47265625 
 269 , 97.90234375 
 270 , 67.60546875 
 271 , 27.91015625 
 272 ,-10.57421875 
 273 ,-31.30859375 
 274 ,-18.75 
 275 , 23.40234375 
 276 , 79.359375 
 277 , 132.6953125 
 278 , 166.5859375 
 279 , 168.76953125 
 280 , 142.68359375 
 281 , 117.04296875 
 282 , 117.015625 
 283 , 146.02734375 
 284 , 185.73828125 
 285 , 219.7890625 
 286 , 246.21484375 
 287 , 267.87890625 
 288 , 286.69921875 
 289 , 307.13671875 
 290 , 334.65234375 
 291 , 367.28515625 
 292 , 391.8125 
 293 , 395.359375 
 294 , 376.9296875 
 295 , 342.22265625 
 296 , 297.5 
 297 , 247.28125 
 298 , 195.234375 
 299 , 146.015625 
 300 , 107.19140625 
 301 , 86.25390625 
 302 , 88.44921875 
 303 , 118.05078125 
 304 , 172.33203125 
 305 , 215.46875 
 306 , 202.8828125 
 307 , 126.8828125 
 308 , 46.2578125 
 309 , 22.921875 
 310 , 58.796875 
 311 , 108.43359375 
 312 , 134.26953125 
 313 , 148.53125 
 314 , 179.62109375 
 315 , 238.44921875 
 316 , 298.890625 
 317 , 331.56640625 
 318 , 332.078125 
 319 , 318.3671875 
 320 , 307.49609375 
 321 , 308.6484375 
 322 , 328.53125 
 323 , 367.98046875 
 324 , 411.6015625 
 325 , 441.94140625 
 326 , 455.9609375 
 327 , 465.43359375 
 328 , 481.40234375 
 329 , 505.703125 
 330 , 536.35546875 
 331 , 570.44921875 
 332 , 603.1875 
 333 , 629.68359375 
 334 , 648.05078125 
 335 , 659.41015625 
 336 , 664.98828125 
 337 , 664.76953125 
 338 , 658.0234375 
 339 , 644.76953125 
 340 , 627.54296875 
 341 , 609.3359375 
 342 , 591.6171875 
 343 , 574.30859375 
 344 , 556.94140625 
 345 , 536.78125 
 346 , 509.9140625 
 347 , 473.40234375 
 348 , 427.27734375 
 349 , 372.50390625 
 350 , 319.36328125 
 351 , 288.2734375 
 352 , 296.16015625 
 353 , 330.3046875 
 354 , 364.578125 
 355 , 379.18359375 
 356 , 371.5 
 357 , 342.1875 
 358 , 301.95703125 
 359 , 272.4609375 
 360 , 272.38671875 
 361 , 294.9609375 
 362 , 322.1171875 
 363 , 339.42578125 
 364 , 342.7578125 
 365 , 330.03125 
 366 , 305.8984375 
 367 , 281.625 
 368 , 267.546875 
 369 , 266.3828125 
 370 , 277.8203125 
 371 , 298.61328125 
 372 , 317.97265625 
 373 , 324.484375 
 374 , 319.75 
 375 , 318.17578125 
 376 , 332.28125 
 377 , 359.59765625 
 378 , 391.91796875 
 379 , 420.16796875 
 380 , 433.96484375 
 381 , 423.66015625 
 382 , 393.9609375 
 383 , 361.46484375 
 384 , 341.08203125 
 385 , 337.50390625 
 386 , 352.3984375 
 387 , 382.81640625 
 388 , 415.6640625 
 389 , 437.17578125 
 390 , 445.02734375 
 391 , 446.54296875 
 392 , 448.89453125 
 393 , 456.1953125 
 394 , 471.0546875 
 395 , 488.10546875 
 396 , 489.609375 
 397 , 458.1796875 
 398 , 391.03125 
 399 , 294.8671875 
 400 , 182.2265625 
 401 , 87.4921875 
 402 , 49.53515625 
 403 , 75.9453125 
 404 , 130.72265625 
 405 , 178.31640625 
 406 , 214.83984375 
 407 , 252.6015625 
 408 , 297.5703125 
 409 , 337.97265625 
 410 , 359.70703125 
 411 , 360.03125 
 412 , 348.515625 
 413 , 336.421875 
 414 , 342.97265625 
 415 , 390.68359375 
 416 , 478.15625 
 417 , 548.734375 
 418 , 541.34375 
 419 , 457.109375 
 420 , 352.48828125 
 421 , 279.109375 
 422 , 252.3359375 
 423 , 274.01953125 
 424 , 331.90625 
 425 , 391.640625 
 426 , 419.70703125 
 427 , 410.73046875 
 428 , 376.69921875 
 429 , 329.01171875 
 430 , 279.3125 
 431 , 240.88671875 
 432 , 223.00390625 
 433 , 228.32421875 
 434 , 256.23828125 
 435 , 284.9765625 
 436 , 280.9609375 
 437 , 233.11328125 
 438 , 186.16796875 
 439 , 190.6953125 
 440 , 250.44140625 
 441 , 329.8203125 
 442 , 396.80859375 
 443 , 440.98046875 
 444 , 458.08203125 
 445 , 449.2734375 
 446 , 425.21484375 
 447 , 396.85546875 
 448 , 366.84765625 
 449 , 332.72265625 
 450 , 292.8046875 
 451 , 250.40234375 
 452 , 211.35546875 
 453 , 182.17578125 
 454 , 168.359375 
 455 , 173.203125 
 456 , 188.26171875 
 457 , 199.27734375 
 458 , 194.9765625 
 459 , 170.765625 
 460 , 124.54296875 
 461 , 78.0859375 
 462 , 71.625 
 463 , 129.52734375 
 464 , 209.7578125 
 465 , 254.56640625 
 466 , 242.69140625 
 467 , 201.90234375 
 468 , 160.47265625 
 469 , 123.5546875 
 470 , 85 
 471 , 44.78515625 
 472 , 19.01171875 
 473 , 25.51953125 
 474 , 58.6171875 
 475 , 93.44921875 
 476 , 110.84375 
 477 , 117.8046875 
 478 , 126.81640625 
 479 , 144.02734375 
 480 , 166.375 
 481 , 189.5078125 
 482 , 203.59765625 
 483 , 194.203125 
 484 , 157.2578125 
 485 , 119.28125 
 486 , 112.3828125 
 487 , 138.9609375 
 488 , 176.3671875 
 489 , 205.87109375 
 490 , 226.8984375 
 491 , 241.7421875 
 492 , 254.84765625 
 493 , 276.2421875 
 494 , 316.54296875 
 495 , 375.359375 
 496 , 441.16796875 
 497 , 501.6875 
 498 , 551.5859375 
 499 , 591.64453125 
 500 , 619.10546875 
 501 , 620.65625 
 502 , 587.15625 
 503 , 544.33984375 
 504 , 533.1328125 
 505 , 566.30859375 
 506 , 613.17578125 
 507 , 640.08984375 
 508 , 635.796875 
 509 , 603.0234375 
 510 , 550.30078125 
 511 , 493.765625 
 512 , 447.2578125 
 513 , 421.19140625 
 514 , 425.74609375 
 515 , 463.8046875 
 516 , 509.4765625 
 517 , 531.1796875 
 518 , 521.89453125 
 519 , 503.51171875 
 520 , 496.0703125 
 521 , 495.39453125 
 522 , 488.14453125 
 523 , 470.28125 
 524 , 453.84765625 
 525 , 451.046875 
 526 , 461.70703125 
 527 , 476.1640625 
 528 , 485.89453125 
 529 , 488.55078125 
 530 , 484.14453125 
 531 , 478.15625 
 532 , 480.63671875 
 533 , 497.21875 
 534 , 515.33984375 
 535 , 520.48046875 
 536 , 511.30078125 
 537 , 500.19921875 
 538 , 496.234375 
 539 , 495.56640625 
 540 , 492.65625 
 541 , 489.68359375 
 542 , 500.16796875 
 543 , 534.9765625 
 544 , 583.4453125 
 545 , 620.1171875 
 546 , 624.40234375 
 547 , 594.29296875 
 548 , 536.04296875 
 549 , 477.55859375 
 550 , 461.68359375 
 551 , 513.265625 
 552 , 589.96484375 
 553 , 636.953125 
 554 , 637.03125 
 555 , 619.171875 
 556 , 610.7890625 
 557 , 612.65625 
 558 , 611.06640625 
 559 , 597.890625 
 560 , 581.328125 
 561 , 575.5546875 
 562 , 583.703125 
 563 , 593.98046875 
 564 , 593.65234375 
 565 , 581.3515625 
 566 , 564.14453125 
 567 , 552.52734375 
 568 , 556.83984375 
 569 , 581.5859375 
 570 , 614.64453125 
 571 , 638.73046875 
 572 , 646.2734375 
 573 , 645.76171875 
 574 , 651.73828125 
 575 , 678.4765625 
 576 , 730.20703125 
 577 , 790.25390625 
 578 , 820.44140625 
 579 , 792.66796875 
 580 , 724.265625 
 581 , 650.6484375 
 582 , 596.1171875 
 583 , 565.71875 
 584 , 562.8203125 
 585 , 584.09375 
 586 , 621.0078125 
 587 , 659.8671875 
 588 , 674.4609375 
 589 , 636.00390625 
 590 , 556.6484375 
 591 , 482.42578125 
 592 , 446.97265625 
 593 , 433.84375 
 594 , 419.3984375 
 595 , 395.5078125 
 596 , 365.25390625 
 597 , 327.99609375 
 598 , 279.60546875 
 599 , 220.04296875 
 600 , 162.31640625 
 601 , 130.97265625 
 602 , 141.4765625 
 603 , 172.296875 
 604 , 192.234375 
 605 , 190.515625 
 606 , 181.21484375 
 607 , 172.64453125 
 608 , 165.44140625 
 609 , 163.45703125 
 610 , 168.80859375 
 611 , 175.4921875 
 612 , 180.87109375 
 613 , 188.3203125 
 614 , 199.33203125 
 615 , 214.8828125 
 616 , 243.1875 
 617 , 294.66015625 
 618 , 366.21875 
 619 , 438.046875 
 620 , 490.6015625 
 621 , 527.66015625 
 622 , 569.953125 
 623 , 635.96484375 
 624 , 734.47265625 
 625 , 853.58203125 
 626 , 933.1640625 
 627 , 910.36328125 
 628 , 801.4921875 
 629 , 694.35546875 
 630 , 656.79296875 
 631 , 667.15625 
 632 , 679.265625 
 633 , 674.19921875 
 634 , 667.6640625 
 635 , 677.90625 
 636 , 695.67578125 
 637 , 693.8515625 
 638 , 661.37109375 
 639 , 618.421875 
 640 , 592.734375 
 641 , 585.1796875 
 642 , 580.23046875 
 643 , 567.86328125 
 644 , 553.23828125 
 645 , 546.12109375 
 646 , 551.0078125 
 647 , 566.78515625 
 648 , 582.55078125 
 649 , 576.6640625 
 650 , 532.5859375 
 651 , 463.859375 
 652 , 398.66015625 
 653 , 353.64453125 
 654 , 322.234375 
 655 , 294.88671875 
 656 , 277.10546875 
 657 , 280.140625 
 658 , 303.46875 
 659 , 327.98046875 
 660 , 337.44140625 
 661 , 334.76953125 
 662 , 330.12890625 
 663 , 327.9921875 
 664 , 325.8125 
 665 , 322.109375 
 666 , 315.25 
 667 , 304.2734375 
 668 , 290.0703125 
 669 , 274.08984375 
 670 , 255.10546875 
 671 , 237.71484375 
 672 , 234.03125 
 673 , 253.79296875 
 674 , 290.09375 
 675 , 324.9921875 
 676 , 335.30078125 
 677 , 303.5 
 678 , 240.82421875 
 679 , 200.1953125 
 680 , 222.8046875 
 681 , 288.171875 
 682 , 348.53515625 
 683 , 382.16015625 
 684 , 405.30859375 
 685 , 428.84375 
 686 , 445.26953125 
 687 , 442.56640625 
 688 , 422.109375 
 689 , 400.73828125 
 690 , 389.703125 
 691 , 385.078125 
 692 , 378.1953125 
 693 , 364.62109375 
 694 , 340.31640625 
 695 , 301.61328125 
 696 , 268.5 
 697 , 278.26953125 
 698 , 351.33984375 
 699 , 459.671875 
 700 , 561.71875 
 701 , 626.8515625 
 702 , 634.671875 
 703 , 589.0078125 
 704 , 537.72265625 
 705 , 528.67578125 
 706 , 555.796875 
 707 , 582.0390625 
 708 , 581.34765625 
 709 , 557.3671875 
 710 , 526.02734375 
 711 , 498.81640625 
 712 , 475.78125 
 713 , 449.33203125 
 714 , 419.7890625 
 715 , 400.00390625 
 716 , 389.08203125 
 717 , 369.49609375 
 718 , 329.59375 
 719 , 287.6640625 
 720 , 267.86328125 
 721 , 264.8203125 
 722 , 256.15234375 
 723 , 230.65234375 
 724 , 202.859375 
 725 , 191.41796875 
 726 , 188.98828125 
 727 , 175.24609375 
 728 , 144.7578125 
 729 , 117.59375 
 730 , 112.56640625 
 731 , 122.0078125 
 732 , 129.81640625 
 733 , 131.359375 
 734 , 134.328125 
 735 , 141.953125 
 736 , 152.64453125 
 737 , 168.0625 
 738 , 192.546875 
 739 , 225.84375 
 740 , 257.24609375 
 741 , 273.375 
 742 , 270.61328125 
 743 , 262.41015625 
 744 , 266.10546875 
 745 , 282.92578125 
 746 , 300.6796875 
 747 , 313.66015625 
 748 , 325.44921875 
 749 , 337.28515625 
 750 , 341.5703125 
 751 , 338.9296875 
 752 , 341.796875 
 753 , 357.125 
 754 , 378.53125 
 755 , 392.640625 
 756 , 393.96484375 
 757 , 385.8671875 
 758 , 380.5625 
 759 , 388.8671875 
 760 , 407.16015625 
 761 , 420.44921875 
 762 , 420.40234375 
 763 , 418.328125 
 764 , 429.671875 
 765 , 451.015625 
 766 , 460.0546875 
 767 , 446.19140625 
 768 , 432.22265625 
 769 , 446.40625 
 770 , 480.4921875 
 771 , 490.96875 
 772 , 454.4609375 
 773 , 400.99609375 
 774 , 365.25390625 
 775 , 347.28515625 
 776 , 326.33984375 
 777 , 299.19921875 
 778 , 281 
 779 , 279.47265625 
 780 , 280.52734375 
 781 , 263.45703125 
 782 , 225.5703125 
 783 , 186.87109375 
 784 , 163.73046875 
 785 , 153.4765625 
 786 , 139.609375 
 787 , 116.046875 
 788 , 79.390625 
 789 , 27.76171875 
 790 ,-11.29296875 
 791 , 2.67578125 
 792 , 75.89453125 
 793 , 162.66796875 
 794 , 225.84765625 
 795 , 272.01953125 
 796 , 312.96484375 
 797 , 341.01171875 
 798 , 331.04296875 
 799 , 278.75390625 
 800 , 222.375 
 801 , 199.7109375 
 802 , 206.25 
 803 , 212.6171875 
 804 , 211.296875 
 805 , 218.00390625 
 806 , 241.60546875 
 807 , 272.25 
 808 , 296.42578125 
 809 , 310.41015625 
 810 , 318.6171875 
 811 , 325.5859375 
 812 , 334.2734375 
 813 , 346.40625 
 814 , 361.94140625 
 815 , 381.13671875 
 816 , 405.796875 
 817 , 436.09765625 
 818 , 468.9140625 
 819 , 495.5234375 
 820 , 507.00390625 
 821 , 501.66015625 
 822 , 481.296875 
 823 , 446.37109375 
 824 , 407.71484375 
 825 , 386.44921875 
 826 , 394.83984375 
 827 , 419.7109375 
 828 , 443.36328125 
 829 , 463.1015625 
 830 , 486.12109375 
 831 , 516.27734375 
 832 , 547.21484375 
 833 , 569.46484375 
 834 , 574.984375 
 835 , 559.77734375 
 836 , 530.6328125 
 837 , 498.79296875 
 838 , 469.0390625 
 839 , 438.05078125 
 840 , 403.90625 
 841 , 372.6875 
 842 , 352.609375 
 843 , 344.54296875 
 844 , 344.8828125 
 845 , 353.265625 
 846 , 367.0546875 
 847 , 379.1796875 
 848 , 383.58203125 
 849 , 382.08984375 
 850 , 378.5234375 
 851 , 374.42578125 
 852 , 369.39453125 
 853 , 363.14453125 
 854 , 357.71484375 
 855 , 357.4765625 
 856 , 364.875 
 857 , 379.4375 
 858 , 394.65625 
 859 , 402.609375 
 860 , 402.52734375 
 861 , 403.66015625 
 862 , 414.5234375 
 863 , 434.02734375 
 864 , 457.21875 
 865 , 474.92578125 
 866 , 474.1640625 
 867 , 449.40625 
 868 , 425.37109375 
 869 , 433.4921875 
 870 , 474.80078125 
 871 , 524.89453125 
 872 , 562.796875 
 873 , 586.4609375 
 874 , 602.1953125 
 875 , 630.55859375 
 876 , 692.58203125 
 877 , 776.90234375 
 878 , 844.328125 
 879 , 874.78515625 
 880 , 894.17578125 
 881 , 931.83203125 
 882 , 988.73828125 
 883 , 1051.8203125 
 884 , 1107.703125 
 885 , 1133.8828125 
 886 , 1108.50390625 
 887 , 1038.4140625 
 888 , 944.375 
 889 , 841.77734375 
 890 , 737.0546875 
 891 , 636.33984375 
 892 , 550.9375 
 893 , 492.87890625 
 894 , 455.6953125 
 895 , 418.546875 
 896 , 370.23828125 
 897 , 318.6796875 
 898 , 272.2109375 
 899 , 231.1015625 
 900 , 192.82421875 
 901 , 154.6640625 
 902 , 113.34765625 
 903 , 70.26171875 
 904 , 41.19921875 
 905 , 42.8828125 
 906 , 70.2109375 
 907 , 104.203125 
 908 , 129.7109375 
 909 , 138.80859375 
 910 , 126.6796875 
 911 , 110.5859375 
 912 , 116.921875 
 913 , 152.4609375 
 914 , 199.21875 
 915 , 235.6171875 
 916 , 240.5 
 917 , 198.890625 
 918 , 137.63671875 
 919 , 104.12109375 
 920 , 110.0390625 
 921 , 116.78125 
 922 , 95.69921875 
 923 , 71.27734375 
 924 , 78.74609375 
 925 , 113.0625 
 926 , 139.35546875 
 927 , 139.44140625 
 928 , 129.078125 
 929 , 124.22265625 
 930 , 125.0546875 
 931 , 127.84375 
 932 , 131.8203125 
 933 , 133.1953125 
 934 , 126.82421875 
 935 , 115.76171875 
 936 , 106.42578125 
 937 , 102.15234375 
 938 , 101.79296875 
 939 , 102.5859375 
 940 , 105.23828125 
 941 , 106.609375 
 942 , 96.00390625 
 943 , 64.7578125 
 944 , 22.98828125 
 945 ,-6.17578125 
 946 ,-9.953125 
 947 , 6.2421875 
 948 , 36.203125 
 949 , 73.05078125 
 950 , 107.78125 
 951 , 133.92578125 
 952 , 157.37109375 
 953 , 183.7265625 
 954 , 208.546875 
 955 , 227.46484375 
 956 , 247.7421875 
 957 , 281.796875 
 958 , 321.546875 
 959 , 330.43359375 
 960 , 283.734375 
 961 , 210.49609375 
 962 , 151.109375 
 963 , 119.38671875 
 964 , 110.00390625 
 965 , 113.46875 
 966 , 117.51953125 
 967 , 113.52734375 
 968 , 104.85546875 
 969 , 96.9765625 
 970 , 92.55859375 
 971 , 94.80859375 
 972 , 106.0234375 
 973 , 120.45703125 
 974 , 130.51171875 
 975 , 131.5625 
 976 , 121.53125 
 977 , 106.66796875 
 978 , 100.44140625 
 979 , 110.0078125 
 980 , 128.3125 
 981 , 146.5546875 
 982 , 157.50390625 
 983 , 154.953125 
 984 , 144.4921875 
 985 , 145.9296875 
 986 , 172.734375 
 987 , 210.94921875 
 988 , 240.46484375 
 989 , 247.48828125 
 990 , 224.14453125 
 991 , 178.83203125 
 992 , 140.1015625 
 993 , 129.6640625 
 994 , 142.703125 
 995 , 169.703125 
 996 , 206.1875 
 997 , 249.48828125 
 998 , 300.46875 
 999 , 366.81640625 
 1000 , 458.125 
 1001 , 590.06640625 
 1002 , 777.46875 
 1003 , 1000.75390625 
 1004 , 1216.46875 
 1005 , 1391.79296875 
 1006 , 1515.45703125 
 1007 , 1576.03125 
 1008 , 1542.65234375 
 1009 , 1381.3203125 
 1010 , 1118.109375 
 1011 , 825.26171875 
 1012 , 562.31640625 
 1013 , 359.84375 
 1014 , 235.87890625 
 1015 , 175.3125 
 1016 , 155.59375 
 1017 , 153.21875 
 1018 , 141.5859375 
 1019 , 109.6484375 
 1020 , 75.5078125 
 1021 , 58.17578125 
 1022 , 64.76953125 
 1023 , 97.16796875 
 1024 , 138.08984375 
 1025 , 156.78515625 
 1026 , 138.6875 
 1027 , 100.51171875 
 1028 , 62.72265625 
 1029 , 41.11328125 
 1030 , 47.1796875 
 1031 , 72.97265625 
 1032 , 98.23828125 
 1033 , 113.30859375 
 1034 , 125.14453125 
 1035 , 140.53125 
 1036 , 161.63671875 
 1037 , 189.3984375 
 1038 , 217.02734375 
 1039 , 232.234375 
 1040 , 234.4140625 
 1041 , 241.79296875 
 1042 , 267.65625 
 1043 , 299.703125 
 1044 , 320.87890625 
 1045 , 327.83984375 
 1046 , 324.95703125 
 1047 , 319.359375 
 1048 , 323.56640625 
 1049 , 345.5546875 
 1050 , 374.23828125 
 1051 , 395.71875 
 1052 , 410.40234375 
 1053 , 426.19921875 
 1054 , 442.74609375 
 1055 , 449.359375 
 1056 , 440.94140625 
 1057 , 430.44140625 
 1058 , 432.328125 
 1059 , 448.26171875 
 1060 , 473.99609375 
 1061 , 502.4609375 
 1062 , 523.03515625 
 1063 , 533.26171875 
 1064 , 553.21484375 
 1065 , 600.94140625 
 1066 , 656.40234375 
 1067 , 685.2578125 
 1068 , 674.6015625 
 1069 , 631.0859375 
 1070 , 566.47265625 
 1071 , 501.7109375 
 1072 , 455.33203125 
 1073 , 427.14453125 
 1074 , 410.87890625 
 1075 , 400.87890625 
 1076 , 392.37890625 
 1077 , 384.19140625 
 1078 , 380.56640625 
 1079 , 383.65625 
 1080 , 386.1640625 
 1081 , 380.640625 
 1082 , 378.64453125 
 1083 , 401.8125 
 1084 , 444.37890625 
 1085 , 464.78515625 
 1086 , 438.01953125 
 1087 , 396.89453125 
 1088 , 382.36328125 
 1089 , 413.2109375 
 1090 , 496.21875 
 1091 , 598.64453125 
 1092 , 648.1484375 
 1093 , 610.3828125 
 1094 , 540.1328125 
 1095 , 492.9453125 
 1096 , 464.65234375 
 1097 , 432.62109375 
 1098 , 394.4296875 
 1099 , 362.9296875 
 1100 , 345.640625 
 1101 , 340.28515625 
 1102 , 342.01171875 
 1103 , 340.171875 
 1104 , 324.01953125 
 1105 , 293.41796875 
 1106 , 254.1015625 
 1107 , 214.9375 
 1108 , 188.390625 
 1109 , 181.26171875 
 1110 , 185 
 1111 , 189.38671875 
 1112 , 190.09765625 
 1113 , 185.046875 
 1114 , 172.015625 
 1115 , 149.48046875 
 1116 , 116.43359375 
 1117 , 77.61328125 
 1118 , 39.43359375 
 1119 , 10.56640625 
 1120 ,-0.578125 
 1121 , 2.6015625 
 1122 , 9.51171875 
 1123 , 20.71875 
 1124 , 52.7578125 
 1125 , 111.90625 
 1126 , 169.61328125 
 1127 , 198.55078125 
 1128 , 207.578125 
 1129 , 219.32421875 
 1130 , 234.8671875 
 1131 , 235.421875 
 1132 , 212.94921875 
 1133 , 181.30859375 
 1134 , 154.3125 
 1135 , 134.23828125 
 1136 , 120.69921875 
 1137 , 119.8046875 
 1138 , 140.55859375 
 1139 , 171.23828125 
 1140 , 179.61328125 
 1141 , 155.10546875 
 1142 , 132.38671875 
 1143 , 140.84765625 
 1144 , 162.4921875 
 1145 , 169 
 1146 , 159.03125 
 1147 , 146.45703125 
 1148 , 137.203125 
 1149 , 130.28125 
 1150 , 127.125 
 1151 , 129.4296875 
 1152 , 135.92578125 
 1153 , 143.1875 
 1154 , 150.32421875 
 1155 , 147.921875 
 1156 , 114.01953125 
 1157 , 55.12890625 
 1158 , 30.14453125 
 1159 , 80.0625 
 1160 , 166.1796875 
 1161 , 237.1484375 
 1162 , 277.3515625 
 1163 , 288.33984375 
 1164 , 281.11328125 
 1165 , 275.9765625 
 1166 , 284.015625 
 1167 , 292.15625 
 1168 , 287.65625 
 1169 , 280.35546875 
 1170 , 287.171875 
 1171 , 316.75 
 1172 , 371.95703125 
 1173 , 443.796875 
 1174 , 509.52734375 
 1175 , 550.765625 
 1176 , 563.6796875 
 1177 , 549.5234375 
 1178 , 518.58203125 
 1179 , 482.9375 
 1180 , 456.5859375 
 1181 , 454.828125 
 1182 , 473.66796875 
 1183 , 485.45703125 
 1184 , 473.30859375 
 1185 , 449.42578125 
 1186 , 427.5703125 
 1187 , 408.47265625 
 1188 , 390.1015625 
 1189 , 379.6328125 
 1190 , 387.44921875 
 1191 , 406.47265625 
 1192 , 415.40625 
 1193 , 407.19140625 
 1194 , 395.86328125 
 1195 , 391.6015625 
 1196 , 392.83203125 
 1197 , 399.05078125 
 1198 , 410.2421875 
 1199 , 421.46875 
 1200 , 433.2890625 
 1201 , 461.4609375 
 1202 , 510.0234375 
 1203 , 547.12109375 
 1204 , 542.6015625 
 1205 , 500.8125 
 1206 , 437.84765625 
 1207 , 380.28515625 
 1208 , 356.37109375 
 1209 , 359.046875 
 1210 , 350.04296875 
 1211 , 319.625 
 1212 , 317.42578125 
 1213 , 370.921875 
 1214 , 392.56640625 
 1215 , 289.484375 
 1216 , 144.28515625 
 1217 , 108.1484375 
 1218 , 191.15625 
 1219 , 292.0859375 
 1220 , 340.86328125 
 1221 , 324.75 
 1222 , 252.20703125 
 1223 , 160.54296875 
 1224 , 84.51171875 
 1225 , 42.9453125 
 1226 , 48.51171875 
 1227 , 86.87109375 
 1228 , 129.640625 
 1229 , 149.76171875 
 1230 , 129.3125 
 1231 , 73.1328125 
 1232 , 20.86328125 
 1233 , 2.65234375 
 1234 , 8.59765625 
 1235 , 22.73046875 
 1236 , 45.625 
 1237 , 89.6328125 
 1238 , 146.6484375 
 1239 , 178.59765625 
 1240 , 172.37109375 
 1241 , 168.89453125 
 1242 , 202.8046875 
 1243 , 242.47265625 
 1244 , 241.81640625 
 1245 , 216.78515625 
 1246 , 218.9609375 
 1247 , 270.94140625 
 1248 , 361.1796875 
 1249 , 449.3828125 
 1250 , 471.734375 
 1251 , 407.31640625 
 1252 , 324.53125 
 1253 , 285.56640625 
 1254 , 279.81640625 
 1255 , 278.02734375 
 1256 , 268.12109375 
 1257 , 250.75390625 
 1258 , 222.5078125 
 1259 , 173.22265625 
 1260 , 108.21875 
 1261 , 55.96875 
 1262 , 34.7890625 
 1263 , 32.31640625 
 1264 , 35.6015625 
 1265 , 55.52734375 
 1266 , 109.03515625 
 1267 , 174.9765625 
 1268 , 204.8359375 
 1269 , 187.83984375 
 1270 , 163.88671875 
 1271 , 161.38671875 
 1272 , 162.71875 
 1273 , 142.9453125 
 1274 , 108.75 
 1275 , 80.5546875 
 1276 , 63.08203125 
 1277 , 39.44921875 
 1278 , 9.796875 
 1279 ,-0.8984375 
 1280 , 27.47265625 
 1281 , 95.8203125 
 1282 , 184.203125 
 1283 , 246.515625 
 1284 , 253.08203125 
 1285 , 233.2421875 
 1286 , 227.84765625 
 1287 , 241.9765625 
 1288 , 266.00390625 
 1289 , 289.3359375 
 1290 , 305.90234375 
 1291 , 314.32421875 
 1292 , 310.42578125 
 1293 , 290.4375 
 1294 , 258.88671875 
 1295 , 221.234375 
 1296 , 181.3046875 
 1297 , 145.2578125 
 1298 , 119.79296875 
 1299 , 105.2734375 
 1300 , 93.72265625 
 1301 , 79.90234375 
 1302 , 72.1875 
 1303 , 82.92578125 
 1304 , 105.55078125 
 1305 , 116.04296875 
 1306 , 104.38671875 
 1307 , 84.96875 
 1308 , 69.73046875 
 1309 , 63.390625 
 1310 , 69.4765625 
 1311 , 82.15234375 
 1312 , 91.8984375 
 1313 , 95.515625 
 1314 , 95.18359375 
 1315 , 93.4296875 
 1316 , 95.92578125 
 1317 , 109.3515625 
 1318 , 133.5390625 
 1319 , 163.1484375 
 1320 , 190.9765625 
 1321 , 212.546875 
 1322 , 223.8828125 
 1323 , 218.21875 
 1324 , 195.8203125 
 1325 , 169.0703125 
 1326 , 152.43359375 
 1327 , 153.546875 
 1328 , 170.37109375 
 1329 , 192.9375 
 1330 , 212.4453125 
 1331 , 217.5390625 
 1332 , 201.796875 
 1333 , 191.9453125 
 1334 , 219.671875 
 1335 , 277.88671875 
 1336 , 340.234375 
 1337 , 382.171875 
 1338 , 382.6484375 
 1339 , 340.3359375 
 1340 , 280.43359375 
 1341 , 233.5078125 
 1342 , 235.89453125 
 1343 , 303.49609375 
 1344 , 377.5625 
 1345 , 395.13671875 
 1346 , 377.11328125 
 1347 , 372.8125 
 1348 , 388.3046875 
 1349 , 406.66796875 
 1350 , 422.98828125 
 1351 , 438.484375 
 1352 , 451.7890625 
 1353 , 466.4140625 
 1354 , 492.375 
 1355 , 538.48046875 
 1356 , 594.50390625 
 1357 , 606.3046875 
 1358 , 532.9296875 
 1359 , 432.84375 
 1360 , 386.87890625 
 1361 , 395.4296875 
 1362 , 421.734375 
 1363 , 449.0390625 
 1364 , 468.23828125 
 1365 , 468.72265625 
 1366 , 449.4375 
 1367 , 418.2890625 
 1368 , 387.87109375 
 1369 , 364.64453125 
 1370 , 349.109375 
 1371 , 344.71484375 
 1372 , 350.1015625 
 1373 , 356.625 
 1374 , 351.890625 
 1375 , 324.09765625 
 1376 , 290.203125 
 1377 , 295.37890625 
 1378 , 341.93359375 
 1379 , 372.09375 
 1380 , 344.6640625 
 1381 , 259.58203125 
 1382 , 144.7421875 
 1383 , 83.1875 
 1384 , 129.91796875 
 1385 , 203.67578125 
 1386 , 211.51171875 
 1387 , 179.02734375 
 1388 , 171.35546875 
 1389 , 179.20703125 
 1390 , 148.10546875 
 1391 , 81.6484375 
 1392 , 31.1796875 
 1393 , 15.140625 
 1394 , 17.6171875 
 1395 , 30.09765625 
 1396 , 51.98828125 
 1397 , 75.69140625 
 1398 , 83.640625 
 1399 , 68.828125 
 1400 , 54.82421875 
 1401 , 61.1015625 
 1402 , 73.3828125 
 1403 , 72.9375 
 1404 , 62.50390625 
 1405 , 50.68359375 
 1406 , 37.1484375 
 1407 , 20.82421875 
 1408 , 11.76171875 
 1409 , 24.41015625 
 1410 , 51.8515625 
 1411 , 53.30078125 
 1412 , 17.5859375 
 1413 , 4.0078125 
 1414 , 57.24609375 
 1415 , 153.171875 
 1416 , 259.48046875 
 1417 , 330.96484375 
 1418 , 313.6953125 
 1419 , 243.9140625 
 1420 , 220.0703125 
 1421 , 255.16796875 
 1422 , 278.20703125 
 1423 , 261.1328125 
 1424 , 248.7109375 
 1425 , 266.5703125 
 1426 , 282.23828125 
 1427 , 269.734375 
 1428 , 252.3515625 
 1429 , 261.30078125 
 1430 , 303.57421875 
 1431 , 369.23046875 
 1432 , 424.64453125 
 1433 , 438.93359375 
 1434 , 417.875 
 1435 , 378.40625 
 1436 , 339.078125 
 1437 , 322.5703125 
 1438 , 322.3671875 
 1439 , 307.984375 
 1440 , 280.3671875 
 1441 , 273.8515625 
 1442 , 299.25390625 
 1443 , 330.36328125 
 1444 , 351.91796875 
 1445 , 377.06640625 
 1446 , 417.06640625 
 1447 , 467.25390625 
 1448 , 516.95703125 
 1449 , 546.09765625 
 1450 , 540.58203125 
 1451 , 515.375 
 1452 , 489.09375 
 1453 , 483.88671875 
 1454 , 533.8203125 
 1455 , 625.3359375 
 1456 , 696.23046875 
 1457 , 732.56640625 
 1458 , 785.9296875 
 1459 , 866.73828125 
 1460 , 902.33203125 
 1461 , 854.41796875 
 1462 , 787 
 1463 , 751.91015625 
 1464 , 717.30859375 
 1465 , 649.046875 
 1466 , 572.4609375 
 1467 , 522.671875 
 1468 , 488.66015625 
 1469 , 442.390625 
 1470 , 379.35546875 
 1471 , 306.51953125 
 1472 , 231.3203125 
 1473 , 165.55078125 
 1474 , 132.71875 
 1475 , 158.20703125 
 1476 , 223.6328125 
 1477 , 272.4765625 
 1478 , 283.828125 
 1479 , 280.890625 
 1480 , 275.7109375 
 1481 , 261.13671875 
 1482 , 233.71484375 
 1483 , 199.82421875 
 1484 , 168.15625 
 1485 , 149.42578125 
 1486 , 149.48046875 
 1487 , 153.046875 
 1488 , 143.44140625 
 1489 , 132.6328125 
 1490 , 141.14453125 
 1491 , 172.265625 
 1492 , 218.52734375 
 1493 , 264.01953125 
 1494 , 293.0546875 
 1495 , 302.20703125 
 1496 , 292.66796875 
 1497 , 272.50390625 
 1498 , 260.484375 
 1499 , 261.9765625 
 1500 , 263.68359375 
 1501 , 257.359375 
 1502 , 240.73828125 
 1503 , 216.28125 
 1504 , 203.734375 
 1505 , 215.02734375 
 1506 , 221.640625 
 1507 , 194.86328125 
 1508 , 152.8046875 
 1509 , 124.3828125 
 1510 , 103.22265625 
 1511 , 71.54296875 
 1512 , 40.8125 
 1513 , 34.36328125 
 1514 , 41.07421875 
 1515 , 30.2734375 
 1516 , 8.5546875 
 1517 , 8.34765625 
 1518 , 23.05859375 
 1519 , 20.39453125 
 1520 , 4.59765625 
 1521 , 11.25 
 1522 , 51.1328125 
 1523 , 105.4375 
 1524 , 153.26171875 
 1525 , 172.55859375 
 1526 , 153.09375 
 1527 , 108.4921875 
 1528 , 52.17578125 
 1529 , 9.5625 
 1530 , 5.8203125 
 1531 , 36.34765625 
 1532 , 85.79296875 
 1533 , 149.453125 
 1534 , 227.328125 
 1535 , 293.6171875 
 1536 , 315.24609375 
 1537 , 307.640625 
 1538 , 301.22265625 
 1539 , 294.1171875 
 1540 , 271.98828125 
 1541 , 227.921875 
 1542 , 163.6796875 
 1543 , 102.95703125 
 1544 , 74.73828125 
 1545 , 73.5625 
 1546 , 73.2890625 
 1547 , 68.83203125 
 1548 , 68.5390625 
 1549 , 66.5234375 
 1550 , 52.80078125 
 1551 , 37.48046875 
 1552 , 45.18359375 
 1553 , 79.16015625 
 1554 , 110.8984375 
 1555 , 128.40234375 
 1556 , 159.0546875 
 1557 , 213.296875 
 1558 , 250.47265625 
 1559 , 241.8359375 
 1560 , 215.1015625 
 1561 , 201.9921875 
 1562 , 202.19921875 
 1563 , 203.625 
 1564 , 194.89453125 
 1565 , 174.8515625 
 1566 , 164.25 
 1567 , 179.50390625 
 1568 , 210.6328125 
 1569 , 245.2109375 
 1570 , 283.17578125 
 1571 , 324.1171875 
 1572 , 347.8046875 
 1573 , 330.75 
 1574 , 276.671875 
 1575 , 203.56640625 
 1576 , 146.45703125 
 1577 , 146.2421875 
 1578 , 185.3671875 
 1579 , 208.83984375 
 1580 , 211.68359375 
 1581 , 227.05078125 
 1582 , 247.71875 
 1583 , 231.10546875 
 1584 , 188.62890625 
 1585 , 187.91796875 
 1586 , 235.09375 
 1587 , 258.8515625 
 1588 , 253.1640625 
 1589 , 309.859375 
 1590 , 441.1640625 
 1591 , 521.02734375 
 1592 , 491.81640625 
 1593 , 439.1796875 
 1594 , 424.5546875 
 1595 , 436.2734375 
 1596 , 459.71875 
 1597 , 479.96484375 
 1598 , 480.6640625 
 1599 , 460.828125 
 1600 , 431.33203125 
 1601 , 420.8125 
 1602 , 451.45703125 
 1603 , 503.7734375 
 1604 , 548.72265625 
 1605 , 569.58203125 
 1606 , 560.890625 
 1607 , 538.75390625 
 1608 , 519.81640625 
 1609 , 514.7890625 
 1610 , 530.50390625 
 1611 , 539.8828125 
 1612 , 508.26171875 
 1613 , 450.95703125 
 1614 , 402.94921875 
 1615 , 376.3203125 
 1616 , 367.91796875 
 1617 , 346.55859375 
 1618 , 277.76953125 
 1619 , 198.546875 
 1620 , 170.8046875 
 1621 , 180.9375 
 1622 , 181.34375 
 1623 , 167.92578125 
 1624 , 158.8125 
 1625 , 154.24609375 
 1626 , 147.17578125 
 1627 , 144.87890625 
 1628 , 157.09375 
 1629 , 171.796875 
 1630 , 168.546875 
 1631 , 150.07421875 
 1632 , 135.12109375 
 1633 , 127.24609375 
 1634 , 118.0546875 
 1635 , 116.46875 
 1636 , 140.13671875 
 1637 , 184.40234375 
 1638 , 233.97265625 
 1639 , 283.453125 
 1640 , 325.80859375 
 1641 , 338.375 
 1642 , 290.34375 
 1643 , 205.609375 
 1644 , 170.5625 
 1645 , 202.203125 
 1646 , 227.22265625 
 1647 , 217.078125 
 1648 , 211.60546875 
 1649 , 224.49609375 
 1650 , 219.5703125 
 1651 , 190.765625 
 1652 , 188.78515625 
 1653 , 229.28515625 
 1654 , 257.11328125 
 1655 , 240.24609375 
 1656 , 211.60546875 
 1657 , 198.69921875 
 1658 , 190.73046875 
 1659 , 174.92578125 
 1660 , 156.0546875 
 1661 , 142.109375 
 1662 , 133.23046875 
 1663 , 126.98046875 
 1664 , 126.80859375 
 1665 , 135.5546875 
 1666 , 147.77734375 
 1667 , 156.71484375 
 1668 , 151.49609375 
 1669 , 131.0703125 
 1670 , 126.8046875 
 1671 , 154.515625 
 1672 , 176.578125 
 1673 , 168.93359375 
 1674 , 161.0390625 
 1675 , 174.515625 
 1676 , 193.91015625 
 1677 , 206.83984375 
 1678 , 217.55859375 
 1679 , 227.2109375 
 1680 , 229.203125 
 1681 , 218.74609375 
 1682 , 194.53125 
 1683 , 164.02734375 
 1684 , 154.93359375 
 1685 , 183.03125 
 1686 , 232.16796875 
 1687 , 276.30078125 
 1688 , 263.39453125 
 1689 , 169.19140625 
 1690 , 70.40234375 
 1691 , 37.7265625 
 1692 , 63.02734375 
 1693 , 118.6171875 
 1694 , 183.98046875 
 1695 , 242.4375 
 1696 , 259.0703125 
 1697 , 219.5625 
 1698 , 185.40234375 
 1699 , 196.24609375 
 1700 , 204.609375 
 1701 , 176 
 1702 , 140.64453125 
 1703 , 123.6875 
 1704 , 115.8046875 
 1705 , 110.2734375 
 1706 , 112.390625 
 1707 , 118.80078125 
 1708 , 113.1015625 
 1709 , 97.1171875 
 1710 , 92.5078125 
 1711 , 103.31640625 
 1712 , 83.47265625 
 1713 , 20.90625 
 1714 ,-18.7578125 
 1715 , 3.875 
 1716 , 65.80078125 
 1717 , 139.21484375 
 1718 , 196.859375 
 1719 , 222.4921875 
 1720 , 215.84765625 
 1721 , 199.453125 
 1722 , 213.328125 
 1723 , 264.55078125 
 1724 , 306.4375 
 1725 , 314.0859375 
 1726 , 300.5859375 
 1727 , 270.59375 
 1728 , 211.234375 
 1729 , 135.06640625 
 1730 , 96.8046875 
 1731 , 120.38671875 
 1732 , 177.64453125 
 1733 , 218.82421875 
 1734 , 186.80859375 
 1735 , 99.40625 
 1736 , 42.109375 
 1737 , 38.453125 
 1738 , 55.56640625 
 1739 , 85.0078125 
 1740 , 136.96484375 
 1741 , 190.125 
 1742 , 197.57421875 
 1743 , 167.19140625 
 1744 , 154.94140625 
 1745 , 176.6171875 
 1746 , 209.3046875 
 1747 , 229.4140625 
 1748 , 223.44140625 
 1749 , 208.984375 
 1750 , 215.51953125 
 1751 , 232.375 
 1752 , 228.609375 
 1753 , 205.1875 
 1754 , 182.32421875 
 1755 , 182.921875 
 1756 , 224.6875 
 1757 , 282.859375 
 1758 , 319.9453125 
 1759 , 328.25 
 1760 , 309.7109375 
 1761 , 282.63671875 
 1762 , 272.328125 
 1763 , 288.6328125 
 1764 , 326.859375 
 1765 , 339.04296875 
 1766 , 284.3671875 
 1767 , 207.8984375 
 1768 , 164.7109375 
 1769 , 152.0234375 
 1770 , 150.4140625 
 1771 , 143.125 
 1772 , 126.1328125 
 1773 , 131.10546875 
 1774 , 177.8359375 
 1775 , 228.09765625 
 1776 , 252.82421875 
 1777 , 278.578125 
 1778 , 319.15234375 
 1779 , 331.796875 
 1780 , 292.83203125 
 1781 , 241.7578125 
 1782 , 210.04296875 
 1783 , 193.40625 
 1784 , 179.87890625 
 1785 , 154.5 
 1786 , 117.97265625 
 1787 , 91.37890625 
 1788 , 80.16796875 
 1789 , 69.80078125 
 1790 , 56.78125 
 1791 , 56.14453125 
 1792 , 75.94921875 
 1793 , 111.66796875 
 1794 , 151.48046875 
 1795 , 178.3671875 
 1796 , 191.796875 
 1797 , 201.8984375 
 1798 , 203.98828125 
 1799 , 187.78125 
 1800 , 190.625 
 1801 , 260.4765625 
 1802 , 326.75 
 1803 , 290.65625 
 1804 , 199.99609375 
 1805 , 143.01171875 
 1806 , 129.61328125 
 1807 , 140.50390625 
 1808 , 145.609375 
 1809 , 123.64453125 
 1810 , 81.546875 
 1811 , 33.97265625 
 1812 , 14.85546875 
 1813 , 49.19140625 
 1814 , 117.75 
 1815 , 186.84765625 
 1816 , 222.0703125 
 1817 , 219.69140625 
 1818 , 212.8125 
 1819 , 208.328125 
 1820 , 183.22265625 
 1821 , 140.73046875 
 1822 , 112.2890625 
 1823 , 110.60546875 
 1824 , 127.376953125 
 1825 , 150.14453125 
 1826 , 167.52734375 
 1827 , 179.060546875 
 1828 , 186.0078125 
 1829 , 182.60546875 
 1830 , 165.015625 
 1831 , 148.4609375 
 1832 , 152.61328125 
 1833 , 169.626953125 
 1834 , 185.103515625 
 1835 , 208.396484375 
 1836 , 245.703125 
 1837 , 257.4296875 
 1838 , 216.625 
 1839 , 173.794921875 
 1840 , 167.76953125 
 1841 , 170.5 
 1842 , 159.609375 
 1843 , 144.87890625 
 1844 , 137.734375 
 1845 , 147.69140625 
 1846 , 177.013671875 
 1847 , 217.892578125 
 1848 , 257.505859375 
 1849 , 274.892578125 
 1850 , 263.7265625 
 1851 , 235.9765625 
 1852 , 199.15234375 
 1853 , 151.98046875 
 1854 , 106.931640625 
 1855 , 89.5625 
 1856 , 105.080078125 
 1857 , 142.576171875 
 1858 , 180.5234375 
 1859 , 200.94921875 
 1860 , 206.615234375 
 1861 , 205.142578125 
 1862 , 213.384765625 
 1863 , 238.904296875 
 1864 , 252.189453125 
 1865 , 233.607421875 
 1866 , 200.76953125 
 1867 , 172.943359375 
 1868 , 158.1015625 
 1869 , 150.794921875 
 1870 , 140.029296875 
 1871 , 135.01953125 
 1872 , 152.423828125 
 1873 , 179.2265625 
 1874 , 192.021484375 
 1875 , 188.41796875 
 1876 , 171.798828125 
 1877 , 164.833984375 
 1878 , 196.587890625 
 1879 , 232.087890625 
 1880 , 221.375 
 1881 , 184.541015625 
 1882 , 158.685546875 
 1883 , 155.0390625 
 1884 , 168.654296875 
 1885 , 170.380859375 
 1886 , 153.9375 
 1887 , 163.861328125 
 1888 , 205.642578125 
 1889 , 221.537109375 
 1890 , 192.595703125 
 1891 , 151.3203125 
 1892 , 128.216796875 
 1893 , 142.505859375 
 1894 , 174.22265625 
 1895 , 184.67578125 
 1896 , 173.890625 
 1897 , 159.453125 
 1898 , 161.244140625 
 1899 , 189.48046875 
 1900 , 198.576171875 
 1901 , 154.318359375 
 1902 , 108.62890625 
 1903 , 105.931640625 
 1904 , 133.978515625 
 1905 , 169.234375 
 1906 , 182.88671875 
 1907 , 177.369140625 
 1908 , 190.93359375 
 1909 , 219.958984375 
 1910 , 226.240234375 
 1911 , 212.65234375 
 1912 , 203.7578125 
 1913 , 202.318359375 
 1914 , 208.283203125 
 1915 , 225.513671875 
 1916 , 249.619140625 
 1917 , 260.935546875 
 1918 , 248.427734375 
 1919 , 229.203125 
 1920 , 216.740234375 
 1921 , 208.322265625 
 1922 , 199.1875 
 1923 , 187.5546875 
 1924 , 175.013671875 
 1925 , 163.16796875 
 1926 , 151.107421875 
 1927 , 137.96875 
 1928 , 126.265625 
 1929 , 119.076171875 
 1930 , 135.439453125 
 1931 , 190.46875 
 1932 , 204.986328125 
 1933 , 114 
 1934 , 39.25 
 1935 , 79.591796875 
 1936 , 154.73828125 
 1937 , 195.40234375 
 1938 , 208.4921875 
 1939 , 209.291015625 
 1940 , 215.966796875 
 1941 , 230.869140625 
 1942 , 236.376953125 
 1943 , 229.08984375 
 1944 , 217.685546875 
 1945 , 203.54296875 
 1946 , 187.04296875 
 1947 , 184.986328125 
 1948 , 210.392578125 
 1949 , 235.001953125 
 1950 , 238.70703125 
 1951 , 251.109375 
 1952 , 271.13671875 
 1953 , 227.60546875 
 1954 , 116.9765625 
 1955 , 34.013671875 
 1956 , 28.984375 
 1957 , 94.9453125 
 1958 , 168.22265625 
 1959 , 170.9609375 
 1960 , 144.955078125 
 1961 , 157.951171875 
 1962 , 162.375 
 1963 , 117.505859375 
 1964 , 105.99609375 
 1965 , 165.0078125 
 1966 , 184.3125 
 1967 , 129.080078125 
 1968 , 101.50390625 
 1969 , 122.1171875 
 1970 , 119.19140625 
 1971 , 100.9609375 
 1972 , 130.71484375 
 1973 , 185.76171875 
 1974 , 207.7109375 
 1975 , 212.55078125 
 1976 , 232.8203125 
 1977 , 248.90625 
 1978 , 234.92578125 
 1979 , 191.830078125 
 1980 , 141.673828125 
 1981 , 123.4375 
 1982 , 142.8125 
 1983 , 172.353515625 
 1984 , 189.4453125 
 1985 , 179.330078125 
 1986 , 148.556640625 
 1987 , 114.7890625 
 1988 , 103.693359375 
 1989 , 130.033203125 
 1990 , 170.884765625 
 1991 , 205.982421875 
 1992 , 229.158203125 
 1993 , 231.95703125 
 1994 , 208.19921875 
 1995 , 175.22265625 
 1996 , 165.5234375 
 1997 , 184.009765625 
 1998 , 217.470703125 
 1999 , 240.73046875 
 2000 , 232.515625 
 2001 , 202.4609375 
 2002 , 173.064453125 
 2003 , 184.90234375 
 2004 , 242.18359375 
 2005 , 281.82421875 
 2006 , 283.2109375 
 2007 , 279.06640625 
 2008 , 272.2109375 
 2009 , 245.484375 
 2010 , 216.248046875 
 2011 , 207.833984375 
 2012 , 194.92578125 
 2013 , 159.14453125 
 2014 , 141.583984375 
 2015 , 173.98828125 
 2016 , 248.0078125 
 2017 , 300.775390625 
 2018 , 224.326171875 
 2019 , 84.837890625 
 2020 , 60.7578125 
 2021 , 134.685546875 
 2022 , 206.4765625 
 2023 , 252.962890625 
 2024 , 266.255859375 
 2025 , 221.892578125 
 2026 , 122.498046875 
 2027 , 35.255859375 
 2028 , 2.166015625 
 2029 , 17.95703125 
 2030 , 56.16796875 
 2031 , 83.580078125 
 2032 , 84.388671875 
 2033 , 55.21875 
 2034 , 43.185546875 
 2035 , 84.166015625 
 2036 , 105.291015625 
 2037 , 70.056640625 
 2038 , 47.375 
 2039 , 55.048828125 
 2040 , 41.45703125 
 2041 , 16.28125 
 2042 , 40.140625 
 2043 , 61.103515625 
 2044 , 12.2109375 
 2045 ,-16.564453125 
 2046 , 43.62890625 
 2047 , 100.552734375 
 2048 , 109.75390625 
 2049 , 139.9609375 
 2050 , 187.94921875 
 2051 , 177.130859375 
 2052 , 126.703125 
 2053 , 95.669921875 
 2054 , 105.966796875 
 2055 , 151.375 
 2056 , 178.09375 
 2057 , 157.3671875 
 2058 , 131.158203125 
 2059 , 127.369140625 
 2060 , 144.29296875 
 2061 , 167.138671875 
 2062 , 175.341796875 
 2063 , 169.001953125 
 2064 , 161.435546875 
 2065 , 183.015625 
 2066 , 233.6484375 
 2067 , 223.38671875 
 2068 , 133.962890625 
 2069 , 74.884765625 
 2070 , 89.263671875 
 2071 , 146.931640625 
 2072 , 204.41796875 
 2073 , 224.767578125 
 2074 , 229.765625 
 2075 , 243.40234375 
 2076 , 244.146484375 
 2077 , 222.2109375 
 2078 , 199.009765625 
 2079 , 172.828125 
 2080 , 120.91796875 
 2081 , 76.849609375 
 2082 , 91.197265625 
 2083 , 100 
 2084 , 43.205078125 
 2085 , 15.775390625 
 2086 , 75.39453125 
 2087 , 146.2578125 
 2088 , 172.546875 
 2089 , 146.064453125 
 2090 , 97.599609375 
 2091 , 72.103515625 
 2092 , 82.033203125 
 2093 , 119.529296875 
 2094 , 136.29296875 
 2095 , 111.708984375 
 2096 , 99.892578125 
 2097 , 127.529296875 
 2098 , 177.91796875 
 2099 , 226.291015625 
 2100 , 251.37890625 
 2101 , 259.349609375 
 2102 , 260.3984375 
 2103 , 248.0546875 
 2104 , 229.5078125 
 2105 , 243.3984375 
 2106 , 285.8828125 
 2107 , 306.7421875 
 2108 , 292.625 
 2109 , 260.40625 
 2110 , 252.48828125 
 2111 , 280.201171875 
 2112 , 244.40234375 
 2113 , 125.703125 
 2114 , 60.564453125 
 2115 , 85.39453125 
 2116 , 132.599609375 
 2117 , 155.134765625 
 2118 , 133.107421875 
 2119 , 116.166015625 
 2120 , 140.4609375 
 2121 , 156.435546875 
 2122 , 142.26171875 
 2123 , 132.375 
 2124 , 133.220703125 
 2125 , 128.5859375 
 2126 , 127.1953125 
 2127 , 142.48046875 
 2128 , 163.330078125 
 2129 , 172.365234375 
 2130 , 151.59375 
 2131 , 114.78515625 
 2132 , 107.6953125 
 2133 , 127.888671875 
 2134 , 142.671875 
 2135 , 128.90625 
 2136 , 85.775390625 
 2137 , 65.0546875 
 2138 , 81.822265625 
 2139 , 83.232421875 
 2140 , 65.810546875 
 2141 , 67.328125 
 2142 , 78.013671875 
 2143 , 76.33203125 
 2144 , 85.408203125 
 2145 , 116.26953125 
 2146 , 133.435546875 
 2147 , 126.330078125 
 2148 , 116.841796875 
 2149 , 110.7421875 
 2150 , 102.58203125 
 2151 , 84.19921875 
 2152 , 54.451171875 
 2153 , 25.962890625 
 2154 , 8.0234375 
 2155 , 1.82421875 
 2156 , 10.12109375 
 2157 , 33.5546875 
 2158 , 44.40625 
 2159 , 22.73828125 
 2160 , 13.7421875 
 2161 , 41.640625 
 2162 , 73.138671875 
 2163 , 90.341796875 
 2164 , 96.328125 
 2165 , 80.763671875 
 2166 , 39.611328125 
 2167 , 23.134765625 
 2168 , 53.09765625 
 2169 , 66.96484375 
 2170 , 57.455078125 
 2171 , 82.076171875 
 2172 , 126.853515625 
 2173 , 144.767578125 
 2174 , 140.859375 
 2175 , 134.32421875 
 2176 , 140.001953125 
 2177 , 160.638671875 
 2178 , 184.09375 
 2179 , 184.44921875 
 2180 , 140.40234375 
 2181 , 100.0703125 
 2182 , 106.28125 
 2183 , 129.375 
 2184 , 146.20703125 
 2185 , 157.79296875 
 2186 , 169.048828125 
 2187 , 184.5 
 2188 , 196.951171875 
 2189 , 196.76171875 
 2190 , 178.173828125 
 2191 , 153.763671875 
 2192 , 158.46875 
 2193 , 179.521484375 
 2194 , 174.126953125 
 2195 , 141.173828125 
 2196 , 104.42578125 
 2197 , 109.357421875 
 2198 , 154.46875 
 2199 , 172.125 
 2200 , 156.134765625 
 2201 , 143.041015625 
 2202 , 136.537109375 
 2203 , 128.53515625 
 2204 , 114.447265625 
 2205 , 99.03125 
 2206 , 96.609375 
 2207 , 101.7265625 
 2208 , 98.20703125 
 2209 , 87.123046875 
 2210 , 87.6953125 
 2211 , 150.11328125 
 2212 , 248.19140625 
 2213 , 260.24609375 
 2214 , 193.724609375 
 2215 , 132.115234375 
 2216 , 88.6171875 
 2217 , 59.076171875 
 2218 , 53.587890625 
 2219 , 69.572265625 
 2220 , 87.38671875 
 2221 , 89.986328125 
 2222 , 68.0625 
 2223 , 40.77734375 
 2224 , 31.095703125 
 2225 , 49.693359375 
 2226 , 73.9140625 
 2227 , 59.205078125 
 2228 , 40.66015625 
 2229 , 70.0859375 
 2230 , 110.357421875 
 2231 , 124.443359375 
 2232 , 112.513671875 
 2233 , 95.806640625 
 2234 , 102.544921875 
 2235 , 105.63671875 
 2236 , 78.17578125 
 2237 , 65.498046875 
 2238 , 87.775390625 
 2239 , 112.017578125 
 2240 , 137.095703125 
 2241 , 174.98046875 
 2242 , 182.439453125 
 2243 , 134.71484375 
 2244 , 93.0625 
 2245 , 86.1015625 
 2246 , 90.73828125 
 2247 , 87.873046875 
 2248 , 73.76171875 
 2249 , 89.48828125 
 2250 , 139.283203125 
 2251 , 146.138671875 
 2252 , 103.0859375 
 2253 , 65.91796875 
 2254 , 52.861328125 
 2255 , 59.564453125 
 2256 , 59.927734375 
 2257 , 56.501953125 
 2258 , 93.974609375 
 2259 , 156.76953125 
 2260 , 195.0703125 
 2261 , 196.478515625 
 2262 , 172.75 
 2263 , 160.052734375 
 2264 , 169.439453125 
 2265 , 183.296875 
 2266 , 174.517578125 
 2267 , 130.845703125 
 2268 , 104.251953125 
 2269 , 116.076171875 
 2270 , 126.8125 
 2271 , 104.203125 
 2272 , 41.126953125 
 2273 , 1.82421875 
 2274 , 27.369140625 
 2275 , 51.802734375 
 2276 , 55.396484375 
 2277 , 59.9296875 
 2278 , 38.609375 
 2279 ,-17.9296875 
 2280 , 6.701171875 
 2281 , 122.0625 
 2282 , 167.474609375 
 2283 , 124.130859375 
 2284 , 70.97265625 
 2285 , 56.0703125 
 2286 , 86.458984375 
 2287 , 86.3125 
 2288 , 64.16015625 
 2289 , 99.427734375 
 2290 , 148.9375 
 2291 , 141.59375 
 2292 , 101.2109375 
 2293 , 52.595703125 
 2294 , 4.390625 
 2295 ,-13.548828125 
 2296 , 22.4140625 
 2297 , 44.716796875 
 2298 , 19.791015625 
 2299 , 8.099609375 
 2300 , 14.435546875 
 2301 , 6.8984375 
 2302 , 4.44921875 
 2303 , 16.595703125 
 2304 , 22.501953125 
 2305 , 26.263671875 
 2306 , 54.478515625 
 2307 , 107.046875 
 2308 , 161.677734375 
 2309 , 155.46484375 
 2310 , 90.90625 
 2311 , 59.099609375 
 2312 , 68 
 2313 , 80.90234375 
 2314 , 93.291015625 
 2315 , 108.16796875 
 2316 , 121.486328125 
 2317 , 112.458984375 
 2318 , 60.05859375 
 2319 , 11.080078125 
 2320 ,-3.1328125 
 2321 ,-16.755859375 
 2322 ,-24.6953125 
 2323 , 8.984375 
 2324 , 47.099609375 
 2325 , 50.9140625 
 2326 , 55.087890625 
 2327 , 68.728515625 
 2328 , 62.607421875 
 2329 , 45.060546875 
 2330 , 10 
 2331 , 10 
 2332 , 10 
 2333 , 10 
 2334 , 10 
 2335 , 10 
 2336 , 10 
 2337 , 10 
 2338 , 10 
 2339 , 10 
