11-20-2017,17:28:36
Wavenumber(cm-1),Intensity
 250 , 26319.2663927028 
 251 , 26326.7140330776 
 252 , 26339.2502120941 
 253 , 26363.6306643712 
 254 , 26391.5960799985 
 255 , 26414.2711991714 
 256 , 26432.8029411444 
 257 , 26455.792701662 
 258 , 26489.4792348408 
 259 , 26526.37592131 
 260 , 26554.4126718723 
 261 , 26569.2936781776 
 262 , 26584.626476921 
 263 , 26616.0558868953 
 264 , 26667.1897239178 
 265 , 26728.9149746656 
 266 , 26791.7404917836 
 267 , 26848.0608917648 
 268 , 26891.1900127401 
 269 , 26917.2388190413 
 270 , 26931.5751189147 
 271 , 26941.4974634165 
 272 , 26955.0247827517 
 273 , 26981.2254356208 
 274 , 27028.3283990345 
 275 , 27093.2462052864 
 276 , 27165.2974001733 
 277 , 27234.0230599105 
 278 , 27290.6589126909 
 279 , 27327.0035869366 
 280 , 27343.4665914138 
 281 , 27357.344740139 
 282 , 27387.0479987796 
 283 , 27435.0688137534 
 284 , 27489.7730892325 
 285 , 27540.2979859003 
 286 , 27583.832918452 
 287 , 27620.7361040325 
 288 , 27653.0123783553 
 289 , 27686.9011034026 
 290 , 27729.0556275605 
 291 , 27778.5118975945 
 292 , 27825.6614646563 
 293 , 27861.4847483519 
 294 , 27885.9670190364 
 295 , 27903.6521083832 
 296 , 27918.2215879487 
 297 , 27930.374365569 
 298 , 27940.2335182036 
 299 , 27949.934581109 
 300 , 27964.4475533193 
 301 , 27988.9093417285 
 302 , 28027.9387489622 
 303 , 28085.8302524735 
 304 , 28161.0846882602 
 305 , 28228.1899428253 
 306 , 28255.7591018449 
 307 , 28239.7490918927 
 308 , 28222.5768031556 
 309 , 28248.0749835272 
 310 , 28315.7972721027 
 311 , 28392.2454474562 
 312 , 28450.3962243069 
 313 , 28499.5912721825 
 314 , 28560.422587341 
 315 , 28640.1549200616 
 316 , 28719.5011631428 
 317 , 28777.0553718239 
 318 , 28809.6895386401 
 319 , 28830.0096655672 
 320 , 28850.527478212 
 321 , 28880.2070600236 
 322 , 28926.7007680237 
 323 , 28991.1313811353 
 324 , 29059.8302359011 
 325 , 29117.6468470368 
 326 , 29161.343142149 
 327 , 29199.1356177491 
 328 , 29238.7124014847 
 329 , 29281.2400494063 
 330 , 29325.251052282 
 331 , 29369.1328917071 
 332 , 29410.9291813356 
 333 , 29448.701613299 
 334 , 29482.2668332247 
 335 , 29513.268553555 
 336 , 29543.1014387735 
 337 , 29570.7697908539 
 338 , 29594.2393563941 
 339 , 29612.5893307871 
 340 , 29627.877097285 
 341 , 29642.6187191548 
 342 , 29658.4636720616 
 343 , 29676.1144554065 
 344 , 29695.859965998 
 345 , 29715.2506904633 
 346 , 29730.597483353 
 347 , 29739.788515181 
 348 , 29745.0627280702 
 349 , 29749.5525898797 
 350 , 29760.6807095729 
 351 , 29790.6402564199 
 352 , 29849.3772816954 
 353 , 29927.9723206563 
 354 , 30008.8907980513 
 355 , 30078.5619225062 
 356 , 30134.3881104423 
 357 , 30175.8801903914 
 358 , 30209.3134660199 
 359 , 30248.3838518941 
 360 , 30305.0865494208 
 361 , 30376.1555336621 
 362 , 30451.5298898944 
 363 , 30522.5251631715 
 364 , 30584.1677243387 
 365 , 30632.3304905272 
 366 , 30668.9707319996 
 367 , 30702.429718962 
 368 , 30740.4502082771 
 369 , 30784.5930014203 
 370 , 30833.8191772718 
 371 , 30885.5715284723 
 372 , 30933.5878039664 
 373 , 30971.4361628905 
 374 , 31001.1978667756 
 375 , 31033.2381164843 
 376 , 31076.6341147675 
 377 , 31130.3651311673 
 378 , 31189.545174977 
 379 , 31248.2825081126 
 380 , 31298.4770877958 
 381 , 31332.3223338294 
 382 , 31352.7928112985 
 383 , 31372.2960514129 
 384 , 31401.9591711991 
 385 , 31444.2806446765 
 386 , 31498.8408159763 
 387 , 31562.8193939528 
 388 , 31628.7574860672 
 389 , 31689.1029677926 
 390 , 31742.7477285538 
 391 , 31793.4963461476 
 392 , 31845.1988028045 
 393 , 31901.3491880625 
 394 , 31965.2554936933 
 395 , 32034.2452796249 
 396 , 32095.8290884561 
 397 , 32137.4637415212 
 398 , 32156.5337625691 
 399 , 32156.8059329198 
 400 , 32146.0063511226 
 401 , 32146.1472381858 
 402 , 32182.0583196005 
 403 , 32257.5134619773 
 404 , 32347.7627735173 
 405 , 32428.5998652179 
 406 , 32498.6545278954 
 407 , 32568.5028355049 
 408 , 32644.0581758561 
 409 , 32717.2903215599 
 410 , 32777.9348387022 
 411 , 32823.8279296578 
 412 , 32861.6115039974 
 413 , 32899.1759859234 
 414 , 32949.7910431896 
 415 , 33028.8533883564 
 416 , 33135.0399357536 
 417 , 33229.4112049967 
 418 , 33270.3429174507 
 419 , 33258.7318686701 
 420 , 33231.4786650239 
 421 , 33222.0937768555 
 422 , 33241.8401204802 
 423 , 33295.0207761111 
 424 , 33375.4363432441 
 425 , 33459.1206928158 
 426 , 33522.1932458194 
 427 , 33561.3913221658 
 428 , 33586.5964998298 
 429 , 33607.0046374105 
 430 , 33628.6529181268 
 431 , 33656.8171996248 
 432 , 33694.396026546 
 433 , 33741.326257595 
 434 , 33795.5943545757 
 435 , 33841.7292308696 
 436 , 33858.1099794887 
 437 , 33839.662926637 
 438 , 33822.0444163307 
 439 , 33845.1964188909 
 440 , 33913.8887759892 
 441 , 34001.4425746014 
 442 , 34083.3445859439 
 443 , 34151.6856929624 
 444 , 34203.8596499342 
 445 , 34241.1942927507 
 446 , 34271.6704833709 
 447 , 34303.367507712 
 448 , 34338.3640381379 
 449 , 34375.0183563779 
 450 , 34412.1191286811 
 451 , 34450.0621522507 
 452 , 34489.6077813305 
 453 , 34532.4965575989 
 454 , 34581.5943602891 
 455 , 34638.6448938871 
 456 , 34697.482687265 
 457 , 34748.7154557922 
 458 , 34785.2179101467 
 459 , 34804.697095217 
 460 , 34806.6775337631 
 461 , 34808.2786335779 
 462 , 34839.9797197393 
 463 , 34920.3970487388 
 464 , 35018.4522572886 
 465 , 35091.0443817148 
 466 , 35122.2031712116 
 467 , 35132.7427581347 
 468 , 35143.9554338784 
 469 , 35159.9699242769 
 470 , 35176.6799178557 
 471 , 35194.4846748575 
 472 , 35224.9305227646 
 473 , 35280.2177147253 
 474 , 35354.700013156 
 475 , 35427.5243270842 
 476 , 35481.9580037985 
 477 , 35522.274471153 
 478 , 35558.6421444053 
 479 , 35596.5649958678 
 480 , 35634.6813148851 
 481 , 35670.6847798019 
 482 , 35698.8388969449 
 483 , 35711.6607610904 
 484 , 35709.5909676068 
 485 , 35713.5111789298 
 486 , 35746.3111692092 
 487 , 35808.1048731218 
 488 , 35879.0003742144 
 489 , 35941.7098392003 
 490 , 35994.1565534876 
 491 , 36038.6949980256 
 492 , 36079.2789615383 
 493 , 36122.2073796798 
 494 , 36173.1981098276 
 495 , 36231.4637848414 
 496 , 36292.9424495789 
 497 , 36353.6762000495 
 498 , 36410.0260546184 
 499 , 36458.307634307 
 500 , 36493.2530020447 
 501 , 36508.2763260539 
 502 , 36502.0938875787 
 503 , 36496.2300836251 
 504 , 36517.7810018415 
 505 , 36572.3087017026 
 506 , 36636.4693806506 
 507 , 36687.0248905788 
 508 , 36716.6061431287 
 509 , 36725.0152962852 
 510 , 36716.0164874576 
 511 , 36701.8958264396 
 512 , 36695.8443700513 
 513 , 36708.1575006826 
 514 , 36747.0328438148 
 515 , 36814.4879069962 
 516 , 36890.613373998 
 517 , 36951.2476365977 
 518 , 36990.9377611918 
 519 , 37025.371082436 
 520 , 37068.2591467533 
 521 , 37114.8784573121 
 522 , 37153.8238585773 
 523 , 37180.9172998763 
 524 , 37204.6385416877 
 525 , 37233.8328305812 
 526 , 37268.1984150693 
 527 , 37302.1544805215 
 528 , 37331.5699954478 
 529 , 37356.4503459198 
 530 , 37377.7293246583 
 531 , 37400.5214897233 
 532 , 37433.6020088845 
 533 , 37482.3820756847 
 534 , 37537.2025288174 
 535 , 37584.5914855684 
 536 , 37621.1265544939 
 537 , 37656.4765888378 
 538 , 37699.6024659645 
 539 , 37748.6326547456 
 540 , 37797.2142312072 
 541 , 37844.3056936616 
 542 , 37899.1511574693 
 543 , 37970.6711169312 
 544 , 38051.2332732705 
 545 , 38122.9212507981 
 546 , 38172.0986764306 
 547 , 38197.9133268907 
 548 , 38202.6993003968 
 549 , 38205.892096065 
 550 , 38242.2762541305 
 551 , 38334.6320519925 
 552 , 38451.4288760384 
 553 , 38547.2248119852 
 554 , 38605.5531411164 
 555 , 38646.8668129106 
 556 , 38690.8743706137 
 557 , 38736.9798074492 
 558 , 38776.5686802018 
 559 , 38806.3316731984 
 560 , 38832.5313406282 
 561 , 38861.6052881943 
 562 , 38891.9368484764 
 563 , 38917.3625395694 
 564 , 38934.1230284805 
 565 , 38944.6913065352 
 566 , 38952.6628941709 
 567 , 38963.906445291 
 568 , 38986.0659602212 
 569 , 39023.2976979917 
 570 , 39067.0529457967 
 571 , 39106.2360401053 
 572 , 39137.5735782626 
 573 , 39166.0716031729 
 574 , 39197.4424683068 
 575 , 39238.9587291238 
 576 , 39298.0778016523 
 577 , 39367.6113398566 
 578 , 39419.6177290365 
 579 , 39429.707701211 
 580 , 39409.8013963099 
 581 , 39387.4133170885 
 582 , 39381.6163409725 
 583 , 39395.4582172331 
 584 , 39429.6714871785 
 585 , 39479.5957133016 
 586 , 39537.4630637469 
 587 , 39591.9157032685 
 588 , 39622.7186527034 
 589 , 39610.6072974337 
 590 , 39569.7130883601 
 591 , 39539.1137488846 
 592 , 39546.0513045057 
 593 , 39576.689864306 
 594 , 39609.3015344047 
 595 , 39634.4012667134 
 596 , 39654.1857678974 
 597 , 39670.500296893 
 598 , 39681.6459897507 
 599 , 39685.2537821029 
 600 , 39688.479235621 
 601 , 39709.9244000134 
 602 , 39763.4549062335 
 603 , 39832.4952046792 
 604 , 39890.1282609453 
 605 , 39925.1929546651 
 606 , 39950.1324630584 
 607 , 39978.4512830811 
 608 , 40017.3253088831 
 609 , 40071.1034935309 
 610 , 40139.7793181077 
 611 , 40215.3192850659 
 612 , 40289.3467850662 
 613 , 40358.3534890544 
 614 , 40421.4826559405 
 615 , 40480.3001229571 
 616 , 40541.7945162899 
 617 , 40612.7511135023 
 618 , 40688.6626508942 
 619 , 40757.6196066927 
 620 , 40813.6453553884 
 621 , 40867.4228328205 
 622 , 40932.174815258 
 623 , 41016.5862218319 
 624 , 41125.7966797202 
 625 , 41252.5777438804 
 626 , 41349.1186774395 
 627 , 41362.5477149881 
 628 , 41305.2869332475 
 629 , 41249.4943510606 
 630 , 41250.6081079567 
 631 , 41289.6669082852 
 632 , 41330.3682420528 
 633 , 41360.4641713149 
 634 , 41393.1455207976 
 635 , 41437.9539888913 
 636 , 41481.9762933188 
 637 , 41506.3684386939 
 638 , 41510.0844515572 
 639 , 41513.5578281328 
 640 , 41534.1777838373 
 641 , 41566.2677769165 
 642 , 41596.6848904272 
 643 , 41620.5140335186 
 644 , 41644.0376773703 
 645 , 41673.55779779 
 646 , 41710.6204756788 
 647 , 41754.8695948926 
 648 , 41799.5517946375 
 649 , 41828.2323177547 
 650 , 41827.3478625946 
 651 , 41808.5361432146 
 652 , 41793.8429083407 
 653 , 41793.9287543279 
 654 , 41800.4392316117 
 655 , 41804.9829762331 
 656 , 41812.5846120418 
 657 , 41834.3417567946 
 658 , 41872.2549995579 
 659 , 41911.8204894547 
 660 , 41938.7140448947 
 661 , 41954.583036108 
 662 , 41968.9843116934 
 663 , 41988.2517268227 
 664 , 42012.3620405667 
 665 , 42040.4905584844 
 666 , 42071.1552424723 
 667 , 42102.5296194775 
 668 , 42133.2974110649 
 669 , 42163.1947723863 
 670 , 42192.6903363248 
 671 , 42228.025077648 
 672 , 42278.6132320855 
 673 , 42347.7684079479 
 674 , 42425.6765312179 
 675 , 42500.6042131548 
 676 , 42558.5500042673 
 677 , 42584.2927063223 
 678 , 42579.7605039052 
 679 , 42584.6963144944 
 680 , 42638.9832235983 
 681 , 42732.1028108615 
 682 , 42823.9684136284 
 683 , 42889.3419138051 
 684 , 42937.0478079366 
 685 , 42979.2642525238 
 686 , 43014.9901806131 
 687 , 43035.441569975 
 688 , 43038.0211955085 
 689 , 43034.2178819178 
 690 , 43036.3527978889 
 691 , 43045.5876501923 
 692 , 43056.5061935521 
 693 , 43063.7578231969 
 694 , 43062.3247297115 
 695 , 43049.3775698591 
 696 , 43043.6651878774 
 697 , 43076.3108020378 
 698 , 43159.0538663141 
 699 , 43261.5618433448 
 700 , 43349.3687335296 
 701 , 43400.8675169959 
 702 , 43401.7729873701 
 703 , 43356.5024989001 
 704 , 43307.9993050913 
 705 , 43298.7286607068 
 706 , 43323.2799528732 
 707 , 43350.7457795724 
 708 , 43362.812990368 
 709 , 43366.3343997101 
 710 , 43370.2223223962 
 711 , 43376.059235017 
 712 , 43381.7691548922 
 713 , 43388.4305186042 
 714 , 43402.9582884748 
 715 , 43430.6837337628 
 716 , 43459.8064556256 
 717 , 43470.7216477696 
 718 , 43459.3987113774 
 719 , 43448.2609490499 
 720 , 43458.1756598061 
 721 , 43481.1860477591 
 722 , 43497.2581102445 
 723 , 43500.7995817882 
 724 , 43508.5976316441 
 725 , 43535.3010373559 
 726 , 43570.2624440707 
 727 , 43593.4563850854 
 728 , 43601.2504910519 
 729 , 43612.854892553 
 730 , 43644.716949633 
 731 , 43688.8576705658 
 732 , 43729.2405072584 
 733 , 43759.4613742937 
 734 , 43785.0573262635 
 735 , 43811.6287357696 
 736 , 43841.5437154399 
 737 , 43876.1279606082 
 738 , 43914.5102002992 
 739 , 43953.426191199 
 740 , 43989.4433125334 
 741 , 44018.9348981272 
 742 , 44038.5354752378 
 743 , 44051.3573643198 
 744 , 44066.6402092503 
 745 , 44091.0784944234 
 746 , 44121.777546414 
 747 , 44153.842609028 
 748 , 44183.3777123469 
 749 , 44207.2998965864 
 750 , 44225.8103376998 
 751 , 44248.4750060599 
 752 , 44285.4688088149 
 753 , 44333.5614386664 
 754 , 44380.3544637347 
 755 , 44416.8830444526 
 756 , 44442.7560278814 
 757 , 44459.1676713561 
 758 , 44470.6785606024 
 759 , 44483.7255224914 
 760 , 44499.8205740927 
 761 , 44510.8511201113 
 762 , 44509.4956860187 
 763 , 44503.0769602821 
 764 , 44505.5542040928 
 765 , 44519.9778093895 
 766 , 44532.0761947027 
 767 , 44530.4565158454 
 768 , 44530.2474071492 
 769 , 44555.7489545674 
 770 , 44605.3421173619 
 771 , 44644.3079097728 
 772 , 44645.2903870876 
 773 , 44625.2846504764 
 774 , 44613.3453379802 
 775 , 44618.2911702102 
 776 , 44628.3188075883 
 777 , 44634.1494884121 
 778 , 44638.839898361 
 779 , 44647.6262097052 
 780 , 44656.5635134781 
 781 , 44654.3409824623 
 782 , 44636.1591042124 
 783 , 44615.4622631611 
 784 , 44607.4571453313 
 785 , 44612.8774002094 
 786 , 44623.4387621092 
 787 , 44631.1228878364 
 788 , 44628.7393257257 
 789 , 44612.832252662 
 790 , 44608.5597485058 
 791 , 44654.1104618347 
 792 , 44756.4153751433 
 793 , 44873.7226595832 
 794 , 44966.6654264059 
 795 , 45033.062571072 
 796 , 45083.4219976936 
 797 , 45117.4173018727 
 798 , 45122.0524207109 
 799 , 45091.7398571096 
 800 , 45053.7458254969 
 801 , 45042.0777996634 
 802 , 45062.4841627336 
 803 , 45096.1448600557 
 804 , 45129.0079010233 
 805 , 45163.0596262549 
 806 , 45202.5554793567 
 807 , 45244.9969848903 
 808 , 45283.6022015879 
 809 , 45314.4088179405 
 810 , 45339.3494459506 
 811 , 45360.9331075115 
 812 , 45380.5967965267 
 813 , 45399.2958265648 
 814 , 45418.3339205425 
 815 , 45439.5251910861 
 816 , 45464.1314538957 
 817 , 45490.4135068215 
 818 , 45515.6722512728 
 819 , 45536.9143652322 
 820 , 45550.8426803898 
 821 , 45554.0768238376 
 822 , 45543.0009644574 
 823 , 45514.9281506155 
 824 , 45480.6121047972 
 825 , 45460.5231787425 
 826 , 45464.5386705659 
 827 , 45477.8150910294 
 828 , 45484.1854062174 
 829 , 45485.1921640778 
 830 , 45491.0948713619 
 831 , 45505.5651044902 
 832 , 45521.9658316871 
 833 , 45533.4727452619 
 834 , 45536.9707395406 
 835 , 45530.7034988636 
 836 , 45516.2855147527 
 837 , 45498.877644764 
 838 , 45482.3833344099 
 839 , 45465.8772028354 
 840 , 45447.6915056189 
 841 , 45429.8382314763 
 842 , 45416.9261186052 
 843 , 45412.7373443984 
 844 , 45419.1418109218 
 845 , 45436.7702754243 
 846 , 45458.6818336513 
 847 , 45474.5666875735 
 848 , 45480.2776301542 
 849 , 45480.3800375547 
 850 , 45479.24080885 
 851 , 45477.2584431804 
 852 , 45473.8027488848 
 853 , 45470.6577286646 
 854 , 45471.8208917294 
 855 , 45480.0269099472 
 856 , 45494.2052446251 
 857 , 45512.3884235333 
 858 , 45530.2630915485 
 859 , 45542.1979063763 
 860 , 45547.6202791119 
 861 , 45554.8471870171 
 862 , 45571.5274854037 
 863 , 45596.1745486982 
 864 , 45623.8877757488 
 865 , 45646.7292201623 
 866 , 45653.4300266429 
 867 , 45641.3505017557 
 868 , 45637.823520177 
 869 , 45673.7203941494 
 870 , 45744.1611924269 
 871 , 45819.8908297832 
 872 , 45881.7685438301 
 873 , 45931.9707728116 
 874 , 45976.35330813 
 875 , 46028.2997687389 
 876 , 46103.7029821034 
 877 , 46198.661916538 
 878 , 46285.1839690973 
 879 , 46343.0696668647 
 880 , 46386.8778431534 
 881 , 46438.1303789045 
 882 , 46501.5918347753 
 883 , 46569.6870227439 
 884 , 46629.0338519728 
 885 , 46654.4682415126 
 886 , 46623.810319997 
 887 , 46546.5216985182 
 888 , 46445.4308058997 
 889 , 46335.9152557193 
 890 , 46224.0090901777 
 891 , 46116.8353681549 
 892 , 46027.8654000918 
 893 , 45970.6386147728 
 894 , 45938.8901592201 
 895 , 45911.9818171396 
 896 , 45877.5529609597 
 897 , 45841.1423152845 
 898 , 45809.5709610808 
 899 , 45783.2860998742 
 900 , 45760.0946072127 
 901 , 45737.1871493208 
 902 , 45711.0380372998 
 903 , 45681.88962147 
 904 , 45663.3036828175 
 905 , 45670.1060009962 
 906 , 45697.0810022439 
 907 , 45725.6716677901 
 908 , 45740.8004517678 
 909 , 45734.3468517669 
 910 , 45703.2205197525 
 911 , 45669.2150095737 
 912 , 45662.0874137339 
 913 , 45686.5323277686 
 914 , 45721.3789654658 
 915 , 45745.552370785 
 916 , 45741.7733151555 
 917 , 45697.1527509608 
 918 , 45634.7597555496 
 919 , 45597.4355699655 
 920 , 45598.3417186923 
 921 , 45604.2400421214 
 922 , 45587.8504283468 
 923 , 45568.1181272813 
 924 , 45575.4477314881 
 925 , 45607.1678044368 
 926 , 45633.0284829637 
 927 , 45634.8403292883 
 928 , 45624.1516919101 
 929 , 45615.4296731802 
 930 , 45614.149604145 
 931 , 45621.6969378262 
 932 , 45634.0425246957 
 933 , 45640.704094835 
 934 , 45634.9351315667 
 935 , 45623.9557496483 
 936 , 45617.1673007186 
 937 , 45615.321777639 
 938 , 45613.813864668 
 939 , 45610.6035752045 
 940 , 45608.0767797295 
 941 , 45607.3897183072 
 942 , 45601.5960704304 
 943 , 45582.0760479825 
 944 , 45554.452536918 
 945 , 45536.4994631912 
 946 , 45539.9627568091 
 947 , 45561.824744087 
 948 , 45596.2520194153 
 949 , 45632.2178688828 
 950 , 45656.8546873088 
 951 , 45667.8621028767 
 952 , 45674.9481419305 
 953 , 45685.4806412258 
 954 , 45697.5174711491 
 955 , 45708.2069476064 
 956 , 45723.3996159052 
 957 , 45753.4901215726 
 958 , 45790.8897037943 
 959 , 45801.4913021993 
 960 , 45761.1617772115 
 961 , 45695.6912619104 
 962 , 45641.8290758683 
 963 , 45610.4608902956 
 964 , 45593.9375000618 
 965 , 45584.6354449126 
 966 , 45575.7306764967 
 967 , 45561.6441606313 
 968 , 45542.9531205915 
 969 , 45522.4487215218 
 970 , 45506.2044371731 
 971 , 45503.1750204057 
 972 , 45516.717265252 
 973 , 45537.0728061151 
 974 , 45553.6154381349 
 975 , 45562.1918981612 
 976 , 45561.5035675428 
 977 , 45555.5708160846 
 978 , 45554.0494122006 
 979 , 45563.2256297928 
 980 , 45579.2572062098 
 981 , 45596.6587957454 
 982 , 45610.789119316 
 983 , 45617.727764442 
 984 , 45624.4029812664 
 985 , 45651.1852724635 
 986 , 45709.6665955314 
 987 , 45779.9654444762 
 988 , 45837.1008828512 
 989 , 45869.011942439 
 990 , 45871.1625799439 
 991 , 45851.2016215757 
 992 , 45833.8290084999 
 993 , 45839.2043957887 
 994 , 45865.6858983507 
 995 , 45906.5476089478 
 996 , 45955.2486230176 
 997 , 46005.4544271904 
 998 , 46056.3130393061 
 999 , 46115.5138399962 
 1000 , 46193.2449560757 
 1001 , 46306.9941980849 
 1002 , 46473.2977627195 
 1003 , 46672.8962833839 
 1004 , 46862.2810423951 
 1005 , 47012.8004929429 
 1006 , 47121.5185389015 
 1007 , 47180.8866132086 
 1008 , 47151.8262556998 
 1009 , 46991.6101792358 
 1010 , 46727.3146467035 
 1011 , 46436.1101322524 
 1012 , 46175.6431662007 
 1013 , 45967.3291918947 
 1014 , 45824.6856400149 
 1015 , 45741.6071166155 
 1016 , 45705.5649093713 
 1017 , 45693.6916000617 
 1018 , 45675.6607932316 
 1019 , 45638.4543729871 
 1020 , 45600.2910983833 
 1021 , 45579.5875589005 
 1022 , 45580.5356669699 
 1023 , 45601.9835984437 
 1024 , 45626.121102623 
 1025 , 45623.0604563203 
 1026 , 45582.7714822107 
 1027 , 45530.8036598696 
 1028 , 45492.818171894 
 1029 , 45478.363090689 
 1030 , 45491.4311202586 
 1031 , 45523.2165983363 
 1032 , 45555.8293502372 
 1033 , 45578.6384555518 
 1034 , 45593.6755537814 
 1035 , 45604.4545212717 
 1036 , 45615.5873189899 
 1037 , 45631.1636397054 
 1038 , 45645.084924124 
 1039 , 45644.5412917959 
 1040 , 45628.7094764042 
 1041 , 45615.9910960822 
 1042 , 45620.6030875155 
 1043 , 45633.3371026834 
 1044 , 45639.9210551034 
 1045 , 45634.4634736292 
 1046 , 45616.4253672313 
 1047 , 45592.44559998 
 1048 , 45579.4069205153 
 1049 , 45588.7257845275 
 1050 , 45609.6613449408 
 1051 , 45627.9389975818 
 1052 , 45642.2732926597 
 1053 , 45658.3960383828 
 1054 , 45675.3313713513 
 1055 , 45683.437453478 
 1056 , 45677.3513028571 
 1057 , 45666.5048117865 
 1058 , 45661.9902404345 
 1059 , 45665.6819440136 
 1060 , 45674.8543877184 
 1061 , 45681.6880988725 
 1062 , 45672.8046445124 
 1063 , 45645.3032633199 
 1064 , 45623.9123873764 
 1065 , 45631.7555735127 
 1066 , 45652.9969312838 
 1067 , 45657.0976735277 
 1068 , 45631.7903310536 
 1069 , 45581.7824871592 
 1070 , 45516.7494360449 
 1071 , 45455.4772657928 
 1072 , 45414.0543569798 
 1073 , 45388.5789574302 
 1074 , 45369.0332337336 
 1075 , 45350.524690425 
 1076 , 45332.0424311359 
 1077 , 45313.0907007051 
 1078 , 45293.8815174227 
 1079 , 45274.6829095469 
 1080 , 45255.7140205818 
 1081 , 45237.7544067747 
 1082 , 45227.6074139336 
 1083 , 45235.1896211226 
 1084 , 45250.5216027835 
 1085 , 45237.2369830493 
 1086 , 45175.6543690337 
 1087 , 45102.3230648243 
 1088 , 45060.2674460959 
 1089 , 45060.9702311746 
 1090 , 45100.5527423202 
 1091 , 45152.9815556754 
 1092 , 45169.9288162686 
 1093 , 45126.0707678191 
 1094 , 45050.0559984618 
 1095 , 44973.8948382473 
 1096 , 44908.0088797983 
 1097 , 44854.8744312396 
 1098 , 44806.6704794558 
 1099 , 44747.965820681 
 1100 , 44675.8908031503 
 1101 , 44608.4760631797 
 1102 , 44559.4007471601 
 1103 , 44518.6534090979 
 1104 , 44471.9121618487 
 1105 , 44416.7144811442 
 1106 , 44357.1521594838 
 1107 , 44299.8519568429 
 1108 , 44254.3314952818 
 1109 , 44225.400958743 
 1110 , 44205.3094864973 
 1111 , 44185.2237069998 
 1112 , 44161.881019804 
 1113 , 44134.0965102446 
 1114 , 44100.3343274257 
 1115 , 44058.8077410947 
 1116 , 44011.2392089152 
 1117 , 43965.502334332 
 1118 , 43928.2455517551 
 1119 , 43898.8229491576 
 1120 , 43875.2886616062 
 1121 , 43860.5258143138 
 1122 , 43859.9138843937 
 1123 , 43872.6365899014 
 1124 , 43890.566313619 
 1125 , 43906.5043401695 
 1126 , 43916.6457148592 
 1127 , 43917.9203561245 
 1128 , 43908.4697585918 
 1129 , 43886.9798806855 
 1130 , 43853.7733142254 
 1131 , 43810.4372880052 
 1132 , 43758.5486210152 
 1133 , 43699.6147695642 
 1134 , 43636.3274396275 
 1135 , 43575.5533228992 
 1136 , 43525.107007506 
 1137 , 43493.0749113331 
 1138 , 43486.7215975927 
 1139 , 43490.7423692938 
 1140 , 43467.0783571024 
 1141 , 43402.859657308 
 1142 , 43340.3624175903 
 1143 , 43316.5518855141 
 1144 , 43311.139545487 
 1145 , 43290.2502808235 
 1146 , 43254.4094479579 
 1147 , 43225.1954524586 
 1148 , 43207.1058705731 
 1149 , 43182.5335767165 
 1150 , 43142.006204581 
 1151 , 43101.3707251984 
 1152 , 43075.7596727337 
 1153 , 43051.7112588896 
 1154 , 43006.5188872881 
 1155 , 42934.7870862548 
 1156 , 42844.4854056279 
 1157 , 42757.3206611101 
 1158 , 42715.371405878 
 1159 , 42743.6330696259 
 1160 , 42807.315754812 
 1161 , 42863.5486758021 
 1162 , 42896.2193779557 
 1163 , 42901.0427074933 
 1164 , 42879.0613252029 
 1165 , 42835.9396549185 
 1166 , 42778.2917780761 
 1167 , 42714.1108278753 
 1168 , 42650.8711689165 
 1169 , 42593.6597417033 
 1170 , 42546.8590996234 
 1171 , 42513.5480349989 
 1172 , 42495.9100816021 
 1173 , 42490.4480610477 
 1174 , 42488.2246968597 
 1175 , 42480.4475470375 
 1176 , 42459.0121607243 
 1177 , 42418.967598991 
 1178 , 42367.4908834181 
 1179 , 42314.5078068772 
 1180 , 42267.8727343455 
 1181 , 42233.9374775626 
 1182 , 42208.8656441512 
 1183 , 42178.6541098196 
 1184 , 42136.207414697 
 1185 , 42088.8488255254 
 1186 , 42043.5016410656 
 1187 , 41998.6914363468 
 1188 , 41952.0912654506 
 1189 , 41912.5604207015 
 1190 , 41893.8038422166 
 1191 , 41887.2123218586 
 1192 , 41861.8901902529 
 1193 , 41805.5889378989 
 1194 , 41744.0401851225 
 1195 , 41699.9228903246 
 1196 , 41666.805003269 
 1197 , 41633.0746461161 
 1198 , 41603.7733993429 
 1199 , 41591.7577559522 
 1200 , 41598.9743635983 
 1201 , 41616.8292013614 
 1202 , 41632.6189930579 
 1203 , 41626.9357081077 
 1204 , 41585.1339466211 
 1205 , 41512.4208201553 
 1206 , 41420.3572675392 
 1207 , 41334.5507716254 
 1208 , 41285.266433119 
 1209 , 41270.5632045702 
 1210 , 41260.6952585388 
 1211 , 41243.5733983268 
 1212 , 41237.3864069886 
 1213 , 41242.6266795179 
 1214 , 41194.8323080702 
 1215 , 41038.4391483717 
 1216 , 40858.5995664232 
 1217 , 40787.8577559192 
 1218 , 40833.430949964 
 1219 , 40908.2785147898 
 1220 , 40947.3035406531 
 1221 , 40919.272763368 
 1222 , 40815.0753807323 
 1223 , 40677.3590251517 
 1224 , 40553.2227951009 
 1225 , 40468.8242787167 
 1226 , 40440.8184086711 
 1227 , 40456.4246720565 
 1228 , 40484.4886788201 
 1229 , 40493.215282313 
 1230 , 40450.5595968419 
 1231 , 40350.9018155926 
 1232 , 40244.1259746746 
 1233 , 40175.2594991298 
 1234 , 40141.2026627187 
 1235 , 40127.3260787202 
 1236 , 40124.5937394176 
 1237 , 40126.3965452892 
 1238 , 40120.3989648529 
 1239 , 40089.3664346178 
 1240 , 40030.1741319226 
 1241 , 39962.5953966808 
 1242 , 39901.5722347351 
 1243 , 39841.4634523182 
 1244 , 39775.7493660379 
 1245 , 39715.0191191933 
 1246 , 39675.517269165 
 1247 , 39667.4274472538 
 1248 , 39695.9133966222 
 1249 , 39734.6493583382 
 1250 , 39720.5571936404 
 1251 , 39628.6772435175 
 1252 , 39519.0991208251 
 1253 , 39447.6531669366 
 1254 , 39410.3422553994 
 1255 , 39389.0964122098 
 1256 , 39371.8202481859 
 1257 , 39349.1927623213 
 1258 , 39311.8164849005 
 1259 , 39250.5149240683 
 1260 , 39171.1123414618 
 1261 , 39101.170594691 
 1262 , 39058.9024492625 
 1263 , 39033.7497483141 
 1264 , 39013.9594490144 
 1265 , 39004.4686080448 
 1266 , 39012.8851591562 
 1267 , 39023.9694456856 
 1268 , 39010.9176175363 
 1269 , 38969.6410436043 
 1270 , 38917.9644054229 
 1271 , 38869.8780018153 
 1272 , 38831.5059757661 
 1273 , 38803.629947303 
 1274 , 38773.3598950335 
 1275 , 38728.2890649028 
 1276 , 38672.6064924108 
 1277 , 38615.8381191804 
 1278 , 38563.7854913297 
 1279 , 38520.1547573553 
 1280 , 38492.8023088842 
 1281 , 38493.7226106372 
 1282 , 38516.8330776051 
 1283 , 38523.6130003736 
 1284 , 38487.7278752613 
 1285 , 38431.5317843976 
 1286 , 38383.0888971704 
 1287 , 38348.618133182 
 1288 , 38325.9734638839 
 1289 , 38306.4191097115 
 1290 , 38277.4920454228 
 1291 , 38235.3289672876 
 1292 , 38185.0928558341 
 1293 , 38131.5895106645 
 1294 , 38078.2519744523 
 1295 , 38026.5426505018 
 1296 , 37972.3323433473 
 1297 , 37912.4648327702 
 1298 , 37854.9367585973 
 1299 , 37810.0085499779 
 1300 , 37772.2158761871 
 1301 , 37727.6757920526 
 1302 , 37680.1367698914 
 1303 , 37650.3583552476 
 1304 , 37639.4061318526 
 1305 , 37615.3923453582 
 1306 , 37557.1025796792 
 1307 , 37480.8242982719 
 1308 , 37406.9229442067 
 1309 , 37344.7046781874 
 1310 , 37299.0592929859 
 1311 , 37265.3853734259 
 1312 , 37234.5110497632 
 1313 , 37202.7716439146 
 1314 , 37171.1865015673 
 1315 , 37139.748977117 
 1316 , 37106.8358187722 
 1317 , 37072.5346843539 
 1318 , 37041.1133862345 
 1319 , 37015.4188125219 
 1320 , 36990.4728616922 
 1321 , 36960.1212776144 
 1322 , 36923.230584777 
 1323 , 36880.7436093023 
 1324 , 36833.3376049524 
 1325 , 36781.6914446357 
 1326 , 36731.69373736 
 1327 , 36694.8832513292 
 1328 , 36674.3544177753 
 1329 , 36657.6916455169 
 1330 , 36631.5932419655 
 1331 , 36584.8308139835 
 1332 , 36512.7277163229 
 1333 , 36441.343084692 
 1334 , 36402.2844481247 
 1335 , 36392.4858125139 
 1336 , 36391.1219437633 
 1337 , 36377.9644381415 
 1338 , 36333.8181177953 
 1339 , 36255.8260081624 
 1340 , 36162.2527260522 
 1341 , 36075.8940741505 
 1342 , 36025.9899802132 
 1343 , 36025.113366401 
 1344 , 36026.9188686573 
 1345 , 35984.5763388399 
 1346 , 35918.5825084892 
 1347 , 35869.1136676473 
 1348 , 35838.1598430694 
 1349 , 35806.8659683749 
 1350 , 35769.5251967724 
 1351 , 35732.1490073043 
 1352 , 35696.5747428383 
 1353 , 35658.4031320601 
 1354 , 35618.6330103823 
 1355 , 35590.8254647193 
 1356 , 35576.5221453831 
 1357 , 35530.0285948207 
 1358 , 35411.3321653805 
 1359 , 35270.7084031994 
 1360 , 35182.5385010196 
 1361 , 35146.9630350104 
 1362 , 35123.9693403846 
 1363 , 35095.5617830895 
 1364 , 35062.9268133637 
 1365 , 35024.1632082862 
 1366 , 34972.5641282388 
 1367 , 34907.7183209011 
 1368 , 34842.5219535699 
 1369 , 34787.1906678821 
 1370 , 34738.4216997448 
 1371 , 34691.0008945958 
 1372 , 34643.5463756882 
 1373 , 34595.4324046699 
 1374 , 34542.2408705294 
 1375 , 34478.9569098662 
 1376 , 34419.0936925272 
 1377 , 34388.9651279348 
 1378 , 34381.8667758538 
 1379 , 34353.6996868491 
 1380 , 34275.8557141516 
 1381 , 34149.4025059532 
 1382 , 33997.7258596445 
 1383 , 33894.5036519036 
 1384 , 33891.6401952438 
 1385 , 33920.6706832154 
 1386 , 33898.1319914899 
 1387 , 33838.8070359874 
 1388 , 33790.5051856127 
 1389 , 33742.8944692476 
 1390 , 33653.7883020406 
 1391 , 33531.4718329727 
 1392 , 33428.2184999693 
 1393 , 33366.5020662031 
 1394 , 33328.3810293446 
 1395 , 33300.3955663778 
 1396 , 33282.7661751275 
 1397 , 33271.8284476068 
 1398 , 33248.3137714069 
 1399 , 33198.11031857 
 1400 , 33142.1582132635 
 1401 , 33105.925610025 
 1402 , 33079.7857672546 
 1403 , 33041.4421016562 
 1404 , 32990.5504454042 
 1405 , 32939.8455951494 
 1406 , 32892.5428635307 
 1407 , 32843.398365184 
 1408 , 32796.2292512315 
 1409 , 32766.7489015864 
 1410 , 32751.8952960441 
 1411 , 32712.088118808 
 1412 , 32629.8445203681 
 1413 , 32559.3965524979 
 1414 , 32549.9835625454 
 1415 , 32580.0623563759 
 1416 , 32610.2497475818 
 1417 , 32603.4191631094 
 1418 , 32529.8693681161 
 1419 , 32422.8608609374 
 1420 , 32346.9237745437 
 1421 , 32307.1499003588 
 1422 , 32262.2323996882 
 1423 , 32201.7621731306 
 1424 , 32151.1747402267 
 1425 , 32119.2039529992 
 1426 , 32085.118823136 
 1427 , 32036.7729429203 
 1428 , 31987.3655946979 
 1429 , 31950.9689563031 
 1430 , 31933.07932064 
 1431 , 31932.4793868982 
 1432 , 31924.0876018755 
 1433 , 31880.281815975 
 1434 , 31806.4323370078 
 1435 , 31722.0661053456 
 1436 , 31645.0596423863 
 1437 , 31590.8857108017 
 1438 , 31551.2262777634 
 1439 , 31498.3468127557 
 1440 , 31430.3242822006 
 1441 , 31376.0778001542 
 1442 , 31346.5614330529 
 1443 , 31320.6480666474 
 1444 , 31285.0162132501 
 1445 , 31250.7566599776 
 1446 , 31228.4889099182 
 1447 , 31216.4950253547 
 1448 , 31208.1655838662 
 1449 , 31185.7872061673 
 1450 , 31132.9428992021 
 1451 , 31062.7611907582 
 1452 , 30999.7831167748 
 1453 , 30963.2420114802 
 1454 , 30967.2337614114 
 1455 , 30994.0988274424 
 1456 , 31003.3785600516 
 1457 , 30989.4927401896 
 1458 , 30982.8262102158 
 1459 , 30983.3678120325 
 1460 , 30946.7107175833 
 1461 , 30857.9649093362 
 1462 , 30764.1317372032 
 1463 , 30697.1766695141 
 1464 , 30632.5339035604 
 1465 , 30547.4340558134 
 1466 , 30457.659741508 
 1467 , 30381.8413892128 
 1468 , 30310.0154780184 
 1469 , 30225.779386688 
 1470 , 30129.5671611895 
 1471 , 30028.7694638322 
 1472 , 29928.8948660508 
 1473 , 29835.0922372054 
 1474 , 29763.2283282196 
 1475 , 29735.8579556397 
 1476 , 29741.9309349586 
 1477 , 29737.2398208605 
 1478 , 29704.4546954951 
 1479 , 29663.4570303093 
 1480 , 29626.2304357285 
 1481 , 29586.6492770413 
 1482 , 29539.9646567808 
 1483 , 29488.7603963036 
 1484 , 29437.391042743 
 1485 , 29392.500518913 
 1486 , 29357.64766079 
 1487 , 29321.7419525165 
 1488 , 29273.5903876152 
 1489 , 29222.7791537302 
 1490 , 29184.6103553703 
 1491 , 29162.7242909796 
 1492 , 29154.577743369 
 1493 , 29149.1116933061 
 1494 , 29130.8650650896 
 1495 , 29095.0278837347 
 1496 , 29045.3159629512 
 1497 , 28990.1067658746 
 1498 , 28941.9142815751 
 1499 , 28902.6074350203 
 1500 , 28860.3240933203 
 1501 , 28807.7387232325 
 1502 , 28746.4097201083 
 1503 , 28682.2755629215 
 1504 , 28628.7322718414 
 1505 , 28591.6826896504 
 1506 , 28554.1602539381 
 1507 , 28502.4688227186 
 1508 , 28448.0219429682 
 1509 , 28403.4245877679 
 1510 , 28361.2328165834 
 1511 , 28311.1590852509 
 1512 , 28260.5613980856 
 1513 , 28220.7056028586 
 1514 , 28181.7226459373 
 1515 , 28126.2440885276 
 1516 , 28064.0859503522 
 1517 , 28019.4288644931 
 1518 , 27987.1720768761 
 1519 , 27941.3092432947 
 1520 , 27882.852092896 
 1521 , 27838.0778600393 
 1522 , 27815.6693852995 
 1523 , 27802.6517379086 
 1524 , 27784.4584840833 
 1525 , 27746.0956904928 
 1526 , 27682.5032912775 
 1527 , 27606.4811285747 
 1528 , 27531.9269987684 
 1529 , 27471.0432988165 
 1530 , 27431.9400208305 
 1531 , 27411.9545825793 
 1532 , 27406.5512734901 
 1533 , 27411.1577059221 
 1534 , 27418.8817199406 
 1535 , 27412.656288135 
 1536 , 27378.0448951972 
 1537 , 27330.6245906282 
 1538 , 27292.8121782546 
 1539 , 27262.8314750608 
 1540 , 27229.0177754222 
 1541 , 27183.2622833171 
 1542 , 27120.9492918129 
 1543 , 27055.8633103318 
 1544 , 27011.7368593354 
 1545 , 26987.1157241178 
 1546 , 26961.9428554694 
 1547 , 26932.120709358 
 1548 , 26908.2453016923 
 1549 , 26889.1270715995 
 1550 , 26860.3209569661 
 1551 , 26820.920237583 
 1552 , 26788.5552402885 
 1553 , 26768.3582018878 
 1554 , 26743.903356975 
 1555 , 26710.3713960419 
 1556 , 26688.2870977736 
 1557 , 26685.3774463997 
 1558 , 26674.2459116394 
 1559 , 26635.7927425975 
 1560 , 26586.3163511263 
 1561 , 26542.867835683 
 1562 , 26505.7217086563 
 1563 , 26470.6628579989 
 1564 , 26429.2183084395 
 1565 , 26376.2065327886 
 1566 , 26326.754995227 
 1567 , 26298.0267820346 
 1568 , 26285.1836529977 
 1569 , 26277.2137283081 
 1570 , 26273.3024769786 
 1571 , 26274.9323928651 
 1572 , 26267.9584943945 
 1573 , 26232.6523332998 
 1574 , 26169.1375122742 
 1575 , 26089.8900291575 
 1576 , 26020.0448506768 
 1577 , 25990.1692734908 
 1578 , 25989.1388730009 
 1579 , 25975.8772761294 
 1580 , 25944.5330078745 
 1581 , 25919.6364483945 
 1582 , 25897.6275577108 
 1583 , 25846.8538290545 
 1584 , 25773.1811103686 
 1585 , 25726.1085125078 
 1586 , 25713.2689888748 
 1587 , 25684.7901824474 
 1588 , 25634.8625663202 
 1589 , 25629.0352552468 
 1590 , 25678.9583810289 
 1591 , 25694.4316704872 
 1592 , 25629.9361699791 
 1593 , 25546.2762884144 
 1594 , 25490.8958441593 
 1595 , 25454.5239701443 
 1596 , 25423.0912835741 
 1597 , 25389.60180012 
 1598 , 25349.8321458647 
 1599 , 25304.3604730706 
 1600 , 25258.0874709547 
 1601 , 25227.195610821 
 1602 , 25223.2766476493 
 1603 , 25232.5315706389 
 1604 , 25236.6748208284 
 1605 , 25223.1419077142 
 1606 , 25184.7531516475 
 1607 , 25132.6866117696 
 1608 , 25082.2766008303 
 1609 , 25042.1971596176 
 1610 , 25015.3934358573 
 1611 , 24983.7340478978 
 1612 , 24926.0438217465 
 1613 , 24853.0996530789 
 1614 , 24786.8957948669 
 1615 , 24734.7575707405 
 1616 , 24694.929724354 
 1617 , 24645.5704913933 
 1618 , 24560.1122472863 
 1619 , 24462.9253592997 
 1620 , 24401.5899095607 
 1621 , 24370.6582181903 
 1622 , 24334.9559504195 
 1623 , 24289.2714879397 
 1624 , 24247.4692153858 
 1625 , 24210.4844564308 
 1626 , 24170.4957819561 
 1627 , 24131.0688268992 
 1628 , 24103.8251942029 
 1629 , 24084.4806500523 
 1630 , 24056.0145076082 
 1631 , 24016.3028436675 
 1632 , 23976.5664130304 
 1633 , 23938.1123444162 
 1634 , 23892.7134696475 
 1635 , 23845.3522063439 
 1636 , 23814.5590245313 
 1637 , 23803.0728334665 
 1638 , 23795.6259513541 
 1639 , 23783.0805121171 
 1640 , 23764.3887709577 
 1641 , 23729.3875922808 
 1642 , 23656.745461223 
 1643 , 23560.2449225699 
 1644 , 23500.371511657 
 1645 , 23492.9206222815 
 1646 , 23486.7565093556 
 1647 , 23457.3628999776 
 1648 , 23426.9503273412 
 1649 , 23402.2780889803 
 1650 , 23360.3384899006 
 1651 , 23298.3884116915 
 1652 , 23250.8973965021 
 1653 , 23230.4610239212 
 1654 , 23206.3191101292 
 1655 , 23161.9710093949 
 1656 , 23114.127743449 
 1657 , 23074.0313800425 
 1658 , 23036.2295671846 
 1659 , 22996.4436925863 
 1660 , 22956.2425325683 
 1661 , 22917.6119923538 
 1662 , 22882.0210148627 
 1663 , 22850.7100942398 
 1664 , 22824.5607761182 
 1665 , 22802.2666278603 
 1666 , 22777.9109899621 
 1667 , 22745.5284913306 
 1668 , 22700.4024836213 
 1669 , 22645.4274237388 
 1670 , 22600.3552707273 
 1671 , 22573.5811471458 
 1672 , 22541.7410706836 
 1673 , 22490.9287830801 
 1674 , 22440.311286915 
 1675 , 22403.7625780587 
 1676 , 22370.8270791135 
 1677 , 22332.6697243531 
 1678 , 22293.2230919629 
 1679 , 22255.5186316649 
 1680 , 22215.6039608935 
 1681 , 22169.534359428 
 1682 , 22116.0562547136 
 1683 , 22059.7381162824 
 1684 , 22018.7355334365 
 1685 , 22004.0204198702 
 1686 , 22003.106692268 
 1687 , 21996.1240133706 
 1688 , 21953.806012618 
 1689 , 21866.6102396667 
 1690 , 21778.3510647826 
 1691 , 21725.5449145243 
 1692 , 21705.6566874513 
 1693 , 21708.1086572954 
 1694 , 21717.2898539491 
 1695 , 21715.954568015 
 1696 , 21684.7803797615 
 1697 , 21621.3302408463 
 1698 , 21564.8547499043 
 1699 , 21539.0446194822 
 1700 , 21515.6649260722 
 1701 , 21474.7507802948 
 1702 , 21433.4583228676 
 1703 , 21404.7069135854 
 1704 , 21379.5521808272 
 1705 , 21351.1381325413 
 1706 , 21324.0789896631 
 1707 , 21299.1821517887 
 1708 , 21265.6334731102 
 1709 , 21220.7043111109 
 1710 , 21181.8800950297 
 1711 , 21153.4467563039 
 1712 , 21107.611613566 
 1713 , 21036.7610078044 
 1714 , 20980.7199798892 
 1715 , 20963.7245094568 
 1716 , 20969.7632588999 
 1717 , 20979.5319744522 
 1718 , 20976.0333772918 
 1719 , 20949.9353688928 
 1720 , 20905.021004282 
 1721 , 20854.4291661751 
 1722 , 20824.423067481 
 1723 , 20820.5076434373 
 1724 , 20813.270360596 
 1725 , 20785.8002006107 
 1726 , 20744.8499966782 
 1727 , 20693.3999535124 
 1728 , 20626.469674667 
 1729 , 20553.7197987749 
 1730 , 20505.1767260963 
 1731 , 20492.6853905618 
 1732 , 20502.3319358543 
 1733 , 20506.4474656857 
 1734 , 20464.2417142733 
 1735 , 20380.4594233662 
 1736 , 20311.4203982804 
 1737 , 20276.6475677156 
 1738 , 20253.7724437002 
 1739 , 20234.5594510362 
 1740 , 20226.1545947165 
 1741 , 20217.8008463774 
 1742 , 20183.059468863 
 1743 , 20126.8207837906 
 1744 , 20080.4534119009 
 1745 , 20053.1591297401 
 1746 , 20035.298150778 
 1747 , 20014.6977416319 
 1748 , 19979.2283726592 
 1749 , 19936.4172497646 
 1750 , 19905.3123630458 
 1751 , 19881.3042254271 
 1752 , 19846.3753049611 
 1753 , 19800.7266709197 
 1754 , 19755.5429045452 
 1755 , 19724.0959514972 
 1756 , 19717.4488773096 
 1757 , 19720.3582270328 
 1758 , 19707.7146807418 
 1759 , 19675.236757942 
 1760 , 19628.9569417185 
 1761 , 19582.1927420499 
 1762 , 19549.572906493 
 1763 , 19536.7616256424 
 1764 , 19541.0733203381 
 1765 , 19533.478956586 
 1766 , 19487.5114561303 
 1767 , 19426.4566920202 
 1768 , 19380.1884406113 
 1769 , 19348.2618699603 
 1770 , 19322.5848178798 
 1771 , 19295.0052002556 
 1772 , 19263.4168262402 
 1773 , 19244.742124269 
 1774 , 19248.702061827 
 1775 , 19254.754603469 
 1776 , 19248.4827440314 
 1777 , 19243.0760792332 
 1778 , 19243.500525236 
 1779 , 19228.2361859764 
 1780 , 19187.6519116701 
 1781 , 19141.0838853653 
 1782 , 19101.9061079107 
 1783 , 19068.0937128017 
 1784 , 19034.6934472713 
 1785 , 18994.8258049964 
 1786 , 18950.3045226021 
 1787 , 18914.0656841129 
 1788 , 18890.3822862147 
 1789 , 18873.0606802858 
 1790 , 18860.0555401718 
 1791 , 18853.820203226 
 1792 , 18853.5900770135 
 1793 , 18855.455572764 
 1794 , 18852.7884894609 
 1795 , 18837.7465301698 
 1796 , 18811.5172965877 
 1797 , 18780.5146663547 
 1798 , 18744.1984537714 
 1799 , 18700.979225906 
 1800 , 18673.1112653226 
 1801 , 18685.0593797933 
 1802 , 18697.7755455202 
 1803 , 18659.5893876698 
 1804 , 18596.5425360162 
 1805 , 18553.3853196955 
 1806 , 18533.9692767255 
 1807 , 18528.0441718995 
 1808 , 18517.4751022325 
 1809 , 18488.1376685364 
 1810 , 18445.6524129901 
 1811 , 18401.5638949039 
 1812 , 18372.4870024088 
 1813 , 18368.3063289831 
 1814 , 18381.2739202937 
 1815 , 18397.2262450339 
 1816 , 18394.6133939289 
 1817 , 18368.0900610028 
 1818 , 18339.7797250636 
 1819 , 18317.5329327512 
 1820 , 18286.6281215302 
 1821 , 18246.0238740297 
 1822 , 18211.8812841988 
 1823 , 18190.7957542219 
 1824 , 18178.9903061426 
 1825 , 18169.4888513726 
 1826 , 18153.7336256606 
 1827 , 18131.3947589035 
 1828 , 18107.1477135292 
 1829 , 18080.0744578397 
 1830 , 18047.4005895054 
 1831 , 18016.453714335 
 1832 , 17996.8546772902 
 1833 , 17983.8550288448 
 1834 , 17969.7949274549 
 1835 , 17959.1109150706 
 1836 , 17953.8210664246 
 1837 , 17932.23547303 
 1838 , 17880.5714716035 
 1839 , 17827.6442665066 
 1840 , 17795.8164317737 
 1841 , 17770.6262649617 
 1842 , 17740.640180474 
 1843 , 17711.9758444375 
 1844 , 17691.1771698228 
 1845 , 17681.9223608023 
 1846 , 17683.3926251722 
 1847 , 17689.1048182435 
 1848 , 17691.2261775535 
 1849 , 17681.2510091422 
 1850 , 17657.2418181271 
 1851 , 17623.0435979909 
 1852 , 17582.7034149429 
 1853 , 17540.5723568178 
 1854 , 17503.9236709996 
 1855 , 17480.6547835787 
 1856 , 17471.0437224556 
 1857 , 17470.6425562861 
 1858 , 17467.6346757806 
 1859 , 17450.8861350732 
 1860 , 17423.7204926857 
 1861 , 17393.9141058786 
 1862 , 17370.8420990006 
 1863 , 17357.2779538054 
 1864 , 17337.7369288914 
 1865 , 17302.4362049888 
 1866 , 17259.4544415373 
 1867 , 17218.1412183577 
 1868 , 17186.1171820751 
 1869 , 17162.4693546198 
 1870 , 17136.2061364119 
 1871 , 17109.7500123367 
 1872 , 17098.366324546 
 1873 , 17097.4425331509 
 1874 , 17087.6815167445 
 1875 , 17065.83614523 
 1876 , 17039.47190943 
 1877 , 17021.3008451078 
 1878 , 17021.6169179002 
 1879 , 17022.304639439 
 1880 , 17001.9278232009 
 1881 , 16970.3695144861 
 1882 , 16942.844105096 
 1883 , 16923.5233757342 
 1884 , 16909.5345074312 
 1885 , 16886.2474450469 
 1886 , 16851.7272492641 
 1887 , 16831.1018716044 
 1888 , 16828.4235993685 
 1889 , 16813.4697648919 
 1890 , 16775.6411326334 
 1891 , 16729.2594631839 
 1892 , 16689.0717355181 
 1893 , 16667.2432283123 
 1894 , 16654.3097466702 
 1895 , 16629.3523763342 
 1896 , 16593.5520427881 
 1897 , 16558.9409986035 
 1898 , 16536.3480159176 
 1899 , 16529.5367350004 
 1900 , 16513.6731893051 
 1901 , 16470.5268533362 
 1902 , 16427.2486476003 
 1903 , 16406.8265007969 
 1904 , 16401.7069234827 
 1905 , 16398.2230666065 
 1906 , 16380.0909926963 
 1907 , 16348.749813887 
 1908 , 16327.8062768685 
 1909 , 16317.1070987725 
 1910 , 16293.7895950649 
 1911 , 16259.8720642807 
 1912 , 16234.2511456166 
 1913 , 16218.1791667623 
 1914 , 16204.4123820558 
 1915 , 16193.6595041324 
 1916 , 16187.0761514247 
 1917 , 16173.4615788777 
 1918 , 16143.9578811306 
 1919 , 16108.5260429206 
 1920 , 16076.8729117998 
 1921 , 16049.3566500874 
 1922 , 16024.1570041381 
 1923 , 15998.0726416138 
 1924 , 15970.1469167648 
 1925 , 15942.2630781621 
 1926 , 15914.6565504933 
 1927 , 15886.2340188899 
 1928 , 15859.7674053837 
 1929 , 15841.014465166 
 1930 , 15838.8689872104 
 1931 , 15855.4564588058 
 1932 , 15847.9471029399 
 1933 , 15783.6959317692 
 1934 , 15726.122105531 
 1935 , 15726.4298713844 
 1936 , 15743.9738361807 
 1937 , 15744.2256400377 
 1938 , 15731.9891168278 
 1939 , 15714.9458509596 
 1940 , 15698.5999615223 
 1941 , 15682.5253070937 
 1942 , 15661.2161496615 
 1943 , 15635.4200742019 
 1944 , 15609.865641617 
 1945 , 15585.2418087221 
 1946 , 15561.4783762415 
 1947 , 15545.4404674206 
 1948 , 15541.3970591411 
 1949 , 15535.174973391 
 1950 , 15517.82766126 
 1951 , 15504.3684819392 
 1952 , 15494.3641889382 
 1953 , 15454.4425605159 
 1954 , 15383.5917985789 
 1955 , 15324.1588679667 
 1956 , 15299.1429808134 
 1957 , 15309.3319460784 
 1958 , 15324.759854505 
 1959 , 15305.6973028394 
 1960 , 15274.0039382936 
 1961 , 15264.9560831228 
 1962 , 15253.8641151336 
 1963 , 15218.8310836313 
 1964 , 15199.5450193163 
 1965 , 15212.9603292664 
 1966 , 15205.2024470146 
 1967 , 15160.189390071 
 1968 , 15126.690400443 
 1969 , 15114.3677361483 
 1970 , 15091.8818990428 
 1971 , 15063.1798652484 
 1972 , 15053.2620906624 
 1973 , 15052.4261485753 
 1974 , 15039.7890427187 
 1975 , 15021.1722163298 
 1976 , 15006.0183795705 
 1977 , 14988.2396555847 
 1978 , 14960.4551112465 
 1979 , 14919.5321947747 
 1980 , 14872.6587367455 
 1981 , 14840.5545488611 
 1982 , 14827.4997090902 
 1983 , 14820.4397751428 
 1984 , 14807.9627498739 
 1985 , 14781.7802986077 
 1986 , 14744.8658508798 
 1987 , 14706.2885271057 
 1988 , 14679.8116761831 
 1989 , 14673.6189842846 
 1990 , 14674.7118673529 
 1991 , 14672.087076814 
 1992 , 14666.6193647997 
 1993 , 14656.3388621489 
 1994 , 14634.3347144899 
 1995 , 14606.7464449787 
 1996 , 14590.2997191453 
 1997 , 14587.4684377228 
 1998 , 14591.005594351 
 1999 , 14587.3641182538 
 2000 , 14565.1666662211 
 2001 , 14531.1100532319 
 2002 , 14498.4340530153 
 2003 , 14485.314569519 
 2004 , 14492.1997288336 
 2005 , 14490.3116240796 
 2006 , 14471.2066953046 
 2007 , 14450.0775671896 
 2008 , 14428.0055384683 
 2009 , 14397.4172936754 
 2010 , 14367.51591374 
 2011 , 14349.9006600151 
 2012 , 14330.8549095467 
 2013 , 14299.8107604113 
 2014 , 14276.4623073436 
 2015 , 14276.8058061491 
 2016 , 14299.2797862437 
 2017 , 14313.707083944 
 2018 , 14264.030746213 
 2019 , 14182.5730416828 
 2020 , 14159.4030893228 
 2021 , 14184.8664592192 
 2022 , 14206.7543719826 
 2023 , 14212.5186500391 
 2024 , 14199.6924257692 
 2025 , 14158.7927307678 
 2026 , 14092.7599979918 
 2027 , 14030.1719897645 
 2028 , 13990.1174219991 
 2029 , 13975.7708804427 
 2030 , 13974.6056535535 
 2031 , 13964.7762329436 
 2032 , 13942.0866809985 
 2033 , 13913.5736935069 
 2034 , 13897.9229615519 
 2035 , 13903.1389903163 
 2036 , 13896.3930855786 
 2037 , 13862.7855143605 
 2038 , 13831.7549648168 
 2039 , 13811.3907264474 
 2040 , 13782.6376062705 
 2041 , 13754.5305447509 
 2042 , 13750.3449490614 
 2043 , 13742.884491773 
 2044 , 13700.0745161714 
 2045 , 13665.2869869268 
 2046 , 13671.5021569935 
 2047 , 13675.1100576356 
 2048 , 13656.6454842345 
 2049 , 13650.7709780199 
 2050 , 13655.5236390818 
 2051 , 13633.1091113905 
 2052 , 13590.2173898254 
 2053 , 13557.7911531878 
 2054 , 13545.9244809345 
 2055 , 13550.4213066873 
 2056 , 13544.896177051 
 2057 , 13515.4451263786 
 2058 , 13482.724669326 
 2059 , 13460.3661255717 
 2060 , 13447.6901230537 
 2061 , 13437.3557123237 
 2062 , 13419.0016631712 
 2063 , 13393.1043721522 
 2064 , 13366.7701845625 
 2065 , 13353.7653899037 
 2066 , 13353.2564051142 
 2067 , 13324.0038957035 
 2068 , 13258.8748602761 
 2069 , 13209.4703829632 
 2070 , 13196.0445499288 
 2071 , 13204.9106746301 
 2072 , 13214.0448775907 
 2073 , 13203.5970808508 
 2074 , 13185.3765754415 
 2075 , 13172.7613248794 
 2076 , 13153.8182113011 
 2077 , 13122.9300851319 
 2078 , 13092.6594480802 
 2079 , 13063.5295101214 
 2080 , 13024.1261914353 
 2081 , 12988.0922483872 
 2082 , 12976.4168522071 
 2083 , 12960.7402203797 
 2084 , 12915.528571335 
 2085 , 12881.5522728768 
 2086 , 12884.1801843324 
 2087 , 12895.9465418016 
 2088 , 12892.3298183982 
 2089 , 12860.6149451941 
 2090 , 12815.729852416 
 2091 , 12785.8019445804 
 2092 , 12772.1237276823 
 2093 , 12764.1622067672 
 2094 , 12746.0465857349 
 2095 , 12714.2607824885 
 2096 , 12690.1150495405 
 2097 , 12684.7642644776 
 2098 , 12694.311842696 
 2099 , 12704.3920725004 
 2100 , 12697.6196580974 
 2101 , 12675.9274301761 
 2102 , 12646.6960236874 
 2103 , 12611.9337623907 
 2104 , 12578.1014429909 
 2105 , 12560.869870761 
 2106 , 12558.3799709859 
 2107 , 12550.650625558 
 2108 , 12529.8437899221 
 2109 , 12499.3000008465 
 2110 , 12480.335608098 
 2111 , 12480.8703530229 
 2112 , 12452.9087354644 
 2113 , 12386.1579448194 
 2114 , 12345.4292425375 
 2115 , 12346.9731297856 
 2116 , 12356.6647746763 
 2117 , 12353.1156864329 
 2118 , 12328.8901626608 
 2119 , 12305.0160147674 
 2120 , 12296.3520165053 
 2121 , 12282.2381018133 
 2122 , 12253.6991844096 
 2123 , 12224.7267537236 
 2124 , 12198.1735416866 
 2125 , 12168.3749245254 
 2126 , 12141.5364861932 
 2127 , 12125.4514308734 
 2128 , 12113.7681215283 
 2129 , 12097.4949239365 
 2130 , 12069.4737534372 
 2131 , 12035.9394511365 
 2132 , 12016.0912662425 
 2133 , 12008.9268555026 
 2134 , 12000.7224704858 
 2135 , 11980.3884162552 
 2136 , 11946.4145831921 
 2137 , 11921.4044595664 
 2138 , 11911.047521418 
 2139 , 11889.9789151274 
 2140 , 11857.8591663488 
 2141 , 11835.0901943403 
 2142 , 11818.5609103256 
 2143 , 11798.7911344209 
 2144 , 11786.1255631996 
 2145 , 11784.3082015066 
 2146 , 11774.0998648982 
 2147 , 11750.2545057675 
 2148 , 11725.4912545161 
 2149 , 11703.0186321389 
 2150 , 11680.0994725508 
 2151 , 11656.7895731255 
 2152 , 11634.2220960454 
 2153 , 11613.8790835677 
 2154 , 11596.9846857414 
 2155 , 11584.2700396722 
 2156 , 11575.7473385604 
 2157 , 11569.5752369484 
 2158 , 11554.9616071306 
 2159 , 11525.5860729893 
 2160 , 11502.2696573197 
 2161 , 11495.5294850668 
 2162 , 11488.7385729232 
 2163 , 11474.4720874703 
 2164 , 11455.678309095 
 2165 , 11428.8413311202 
 2166 , 11392.7551822641 
 2167 , 11369.4838710009 
 2168 , 11367.0847558275 
 2169 , 11353.9679643473 
 2170 , 11326.8981220498 
 2171 , 11315.3114444704 
 2172 , 11313.3802208734 
 2173 , 11299.2085391029 
 2174 , 11276.8260527287 
 2175 , 11255.9900831329 
 2176 , 11241.6050261791 
 2177 , 11234.5799203049 
 2178 , 11231.1306464519 
 2179 , 11219.7415874744 
 2180 , 11189.8574195309 
 2181 , 11161.7910092481 
 2182 , 11153.5243563857 
 2183 , 11150.7321722329 
 2184 , 11142.236936363 
 2185 , 11128.0861251291 
 2186 , 11111.2890399643 
 2187 , 11095.6493343816 
 2188 , 11080.7393853675 
 2189 , 11063.4556842831 
 2190 , 11037.7515672641 
 2191 , 11008.2252608585 
 2192 , 10993.060598147 
 2193 , 10984.5950675269 
 2194 , 10959.9621627396 
 2195 , 10921.9296463228 
 2196 , 10884.86474785 
 2197 , 10868.4088505416 
 2198 , 10871.6407198537 
 2199 , 10865.4429900885 
 2200 , 10847.2419323719 
 2201 , 10832.4997939495 
 2202 , 10819.9482272019 
 2203 , 10803.7599640452 
 2204 , 10782.8344313782 
 2205 , 10759.2514797354 
 2206 , 10737.8227999183 
 2207 , 10716.6230480741 
 2208 , 10689.9346738097 
 2209 , 10658.1695211851 
 2210 , 10630.5076921962 
 2211 , 10632.3373457327 
 2212 , 10653.3260273733 
 2213 , 10638.6404737142 
 2214 , 10591.5830448211 
 2215 , 10549.1486338593 
 2216 , 10515.2956404177 
 2217 , 10486.7920159261 
 2218 , 10468.615299079 
 2219 , 10460.3868570726 
 2220 , 10453.996502196 
 2221 , 10440.7588242097 
 2222 , 10415.2673717661 
 2223 , 10387.1566747795 
 2224 , 10366.6442436871 
 2225 , 10355.9189143322 
 2226 , 10345.325324821 
 2227 , 10317.7353619016 
 2228 , 10287.9599809911 
 2229 , 10277.7893819003 
 2230 , 10272.8329197518 
 2231 , 10257.9632260284 
 2232 , 10232.3986574268 
 2233 , 10204.0120848367 
 2234 , 10183.7265577471 
 2235 , 10159.903508915 
 2236 , 10121.5065381694 
 2237 , 10088.8560531626 
 2238 , 10072.83064896 
 2239 , 10062.4673441302 
 2240 , 10055.280644229 
 2241 , 10052.5471112153 
 2242 , 10036.2373320371 
 2243 , 9996.66212668519 
 2244 , 9959.7627863083 
 2245 , 9938.00137091978 
 2246 , 9922.20127445006 
 2247 , 9904.52133643613 
 2248 , 9882.63288084459 
 2249 , 9870.77330356065 
 2250 , 9870.4016291587 
 2251 , 9852.83098879559 
 2252 , 9815.87240025774 
 2253 , 9782.08533324358 
 2254 , 9760.52725435464 
 2255 , 9749.70561862816 
 2256 , 9735.21729381334 
 2257 , 9716.01413610406 
 2258 , 9710.8680097477 
 2259 , 9714.34470417772 
 2260 , 9707.10264735892 
 2261 , 9685.55561430332 
 2262 , 9655.33678308913 
 2263 , 9630.88011766625 
 2264 , 9616.65780594914 
 2265 , 9605.39107423035 
 2266 , 9585.18574318865 
 2267 , 9550.69883937675 
 2268 , 9524.35421527621 
 2269 , 9515.00883165211 
 2270 , 9503.2455708875 
 2271 , 9475.52399928526 
 2272 , 9429.66745403531 
 2273 , 9391.89383029458 
 2274 , 9379.61477515588 
 2275 , 9371.74052750272 
 2276 , 9358.56966932376 
 2277 , 9345.19578822101 
 2278 , 9320.87554280972 
 2279 , 9282.26304276174 
 2280 , 9274.34384161947 
 2281 , 9301.3949688265 
 2282 , 9299.66421188743 
 2283 , 9262.47401315223 
 2284 , 9222.72963713232 
 2285 , 9201.52793114251 
 2286 , 9199.27707022274 
 2287 , 9183.98997485473 
 2288 , 9159.55394156129 
 2289 , 9159.13366640765 
 2290 , 9162.96659955034 
 2291 , 9142.44278396236 
 2292 , 9108.31167739294 
 2293 , 9070.57538166595 
 2294 , 9030.8401611847 
 2295 , 9002.90212440882 
 2296 , 8997.83767288923 
 2297 , 8987.55549938418 
 2298 , 8957.96397698041 
 2299 , 8933.05683532339 
 2300 , 8916.93907901098 
 2301 , 8898.49617059432 
 2302 , 8881.35472878687 
 2303 , 8869.13793128785 
 2304 , 8854.63637396049 
 2305 , 8837.81000290358 
 2306 , 8826.4492062673 
 2307 , 8823.41869299175 
 2308 , 8822.1717609677 
 2309 , 8796.57315234156 
 2310 , 8748.78622319604 
 2311 , 8717.03037566492 
 2312 , 8703.05893387942 
 2313 , 8690.92053391593 
 2314 , 8680.07997823139 
 2315 , 8671.58710652694 
 2316 , 8662.82781203986 
 2317 , 8645.46874009553 
 2318 , 8612.63868780427 
 2319 , 8582.17298171216 
 2320 , 8565.02444140553 
 2321 , 8545.92346077565 
 2322 , 8528.09507434879 
 2323 , 8527.4560077412 
 2324 , 8526.96467921746 
 2325 , 8511.35284723116 
 2326 , 8497.38612446043 
 2327 , 8487.49588348815 
 2328 , 8467.67815129276 
 2329 , 8443.71209125651 
 2330 , 8425.08251669441 
 2331 , 8406.45930628215 
 2332 , 8385.07469919013 
 2333 , 8363.73186203403 
 2334 , 8340.69584855346 
 2335 , 8312.23003080529 
 2336 , 8276.59884039124 
 2337 , 8245.64298133228 
 2338 , 8244.47191504846 
 2339 , 8250.20124791759 
