11-20-2017,16:47:15
Wavenumber(cm-1),Intensity
 250 , 23060.1637224399 
 251 , 23095.4638834101 
 252 , 23123.2234255501 
 253 , 23141.496882464 
 254 , 23155.4889940722 
 255 , 23170.6026526312 
 256 , 23186.1152601562 
 257 , 23196.7480914246 
 258 , 23199.3513137358 
 259 , 23202.8648352403 
 260 , 23220.2621424122 
 261 , 23256.7645451859 
 262 , 23299.7418359879 
 263 , 23334.5604980736 
 264 , 23359.3039569532 
 265 , 23385.4950341338 
 266 , 23423.8220501051 
 267 , 23472.931330607 
 268 , 23525.6029351369 
 269 , 23574.4838531655 
 270 , 23611.9102240367 
 271 , 23630.3802548349 
 272 , 23633.9506404905 
 273 , 23643.5161625506 
 274 , 23679.4161041302 
 275 , 23738.860522595 
 276 , 23803.5384320495 
 277 , 23858.6847830202 
 278 , 23907.4313330865 
 279 , 23958.0847573863 
 280 , 24013.3897470475 
 281 , 24065.1817823927 
 282 , 24104.5289937015 
 283 , 24131.8787842811 
 284 , 24156.0025113529 
 285 , 24185.0997536029 
 286 , 24221.8765545674 
 287 , 24266.8708489395 
 288 , 24316.6247731159 
 289 , 24357.3706396636 
 290 , 24374.2945797377 
 291 , 24370.0113548986 
 292 , 24366.9141214597 
 293 , 24385.7659016815 
 294 , 24424.3150685185 
 295 , 24468.6593090117 
 296 , 24507.656798528 
 297 , 24539.6386068553 
 298 , 24564.8844907021 
 299 , 24582.9110570193 
 300 , 24592.1600480773 
 301 , 24591.6042852595 
 302 , 24587.0472850507 
 303 , 24588.5684722745 
 304 , 24603.8246294191 
 305 , 24630.1506179178 
 306 , 24662.2332369395 
 307 , 24696.9446428178 
 308 , 24734.870142099 
 309 , 24776.7693551103 
 310 , 24820.7370388061 
 311 , 24862.8787797422 
 312 , 24901.0451519799 
 313 , 24942.0569429475 
 314 , 24995.4925715674 
 315 , 25065.3185174165 
 316 , 25144.3219103947 
 317 , 25224.0613310394 
 318 , 25297.7982660842 
 319 , 25360.2600975509 
 320 , 25407.2906063879 
 321 , 25440.9680574881 
 322 , 25465.6275120903 
 323 , 25486.0646283841 
 324 , 25508.1117303796 
 325 , 25537.5205434546 
 326 , 25575.2504132061 
 327 , 25617.6524967032 
 328 , 25660.846369771 
 329 , 25700.6552937026 
 330 , 25732.7924911769 
 331 , 25756.5971199599 
 332 , 25780.4663492786 
 333 , 25813.7511160888 
 334 , 25854.9761636242 
 335 , 25891.3951790325 
 336 , 25912.1932772615 
 337 , 25924.1258812071 
 338 , 25941.585589631 
 339 , 25972.6327741763 
 340 , 26008.3717528465 
 341 , 26037.5091507668 
 342 , 26059.4856298269 
 343 , 26085.4716274287 
 344 , 26124.517072582 
 345 , 26165.3275832557 
 346 , 26187.3980325028 
 347 , 26181.093097217 
 348 , 26166.7691831806 
 349 , 26169.1257538783 
 350 , 26191.4517233126 
 351 , 26213.227856748 
 352 , 26216.9374468895 
 353 , 26217.1553620016 
 354 , 26243.1005369431 
 355 , 26309.8924291144 
 356 , 26393.8432689362 
 357 , 26465.4073455778 
 358 , 26514.8162681387 
 359 , 26553.99731211 
 360 , 26594.8888022524 
 361 , 26641.3784511528 
 362 , 26693.7691437983 
 363 , 26752.8894341572 
 364 , 26820.9970009796 
 365 , 26900.2364971484 
 366 , 26984.0671220377 
 367 , 27056.8348737483 
 368 , 27104.967683859 
 369 , 27132.1435354863 
 370 , 27149.2760674711 
 371 , 27165.1698316685 
 372 , 27183.391110904 
 373 , 27206.7749393131 
 374 , 27239.4247785563 
 375 , 27286.6783731892 
 376 , 27351.1199217997 
 377 , 27417.9666845338 
 378 , 27465.8469899018 
 379 , 27483.6560629593 
 380 , 27483.0366546524 
 381 , 27478.4853065319 
 382 , 27480.9316387686 
 383 , 27498.1843926598 
 384 , 27536.0990851463 
 385 , 27590.5575276065 
 386 , 27654.0951565241 
 387 , 27719.6477400672 
 388 , 27780.9300630938 
 389 , 27832.267316289 
 390 , 27875.6729543373 
 391 , 27919.0216925345 
 392 , 27968.2478453436 
 393 , 28019.7871212828 
 394 , 28067.4107767806 
 395 , 28107.3724730722 
 396 , 28140.0011086716 
 397 , 28166.2575373805 
 398 , 28190.0344834913 
 399 , 28217.1094691625 
 400 , 28252.8346563161 
 401 , 28300.8701243352 
 402 , 28364.3056794521 
 403 , 28438.6012166833 
 404 , 28508.8806126747 
 405 , 28561.5707456764 
 406 , 28601.1925280789 
 407 , 28641.7319673239 
 408 , 28692.9851793257 
 409 , 28752.2510653948 
 410 , 28814.6993890383 
 411 , 28879.3572496322 
 412 , 28949.4448209 
 413 , 29025.8191301901 
 414 , 29092.1498060957 
 415 , 29125.1455598454 
 416 , 29118.7226865446 
 417 , 29105.5436508433 
 418 , 29121.6836043401 
 419 , 29170.6466699531 
 420 , 29228.358148169 
 421 , 29274.5758111449 
 422 , 29312.1717800644 
 423 , 29351.0226142619 
 424 , 29394.4834690187 
 425 , 29434.8723916582 
 426 , 29464.3551180854 
 427 , 29485.5554992044 
 428 , 29507.7643712214 
 429 , 29536.4814685569 
 430 , 29563.4903261642 
 431 , 29577.941777228 
 432 , 29582.5333716709 
 433 , 29596.8393266402 
 434 , 29638.1118094554 
 435 , 29697.8253373675 
 436 , 29755.6055847448 
 437 , 29799.1108532955 
 438 , 29835.8871521366 
 439 , 29876.0888030621 
 440 , 29922.4723567705 
 441 , 29971.1797319381 
 442 , 30018.441371853 
 443 , 30062.1186356451 
 444 , 30100.6168235923 
 445 , 30134.5032625605 
 446 , 30168.0031077728 
 447 , 30205.3331648911 
 448 , 30246.7227583453 
 449 , 30289.9289301372 
 450 , 30332.8210664071 
 451 , 30373.7622163493 
 452 , 30411.2433555267 
 453 , 30444.5333923565 
 454 , 30473.7943675542 
 455 , 30499.8033734986 
 456 , 30527.1169854404 
 457 , 30561.8170212735 
 458 , 30606.0481493481 
 459 , 30653.5887322725 
 460 , 30697.6651376138 
 461 , 30739.0742407254 
 462 , 30784.3612556194 
 463 , 30837.2221586844 
 464 , 30889.1593664376 
 465 , 30928.7461408324 
 466 , 30952.1059537697 
 467 , 30965.5990082491 
 468 , 30976.2205299141 
 469 , 30990.2122743434 
 470 , 31013.4425930757 
 471 , 31047.9978305794 
 472 , 31086.7206541867 
 473 , 31121.6188111972 
 474 , 31154.371238316 
 475 , 31194.8976161341 
 476 , 31249.8524287386 
 477 , 31309.7996901019 
 478 , 31360.9206064753 
 479 , 31399.9213465846 
 480 , 31438.9990146666 
 481 , 31489.3404702245 
 482 , 31542.5696485589 
 483 , 31580.2708495849 
 484 , 31593.3357679705 
 485 , 31596.8365907755 
 486 , 31608.9218455561 
 487 , 31633.6994234283 
 488 , 31662.944195567 
 489 , 31690.0440263475 
 490 , 31717.7994285512 
 491 , 31751.6544513182 
 492 , 31792.9276442821 
 493 , 31836.886048005 
 494 , 31878.8441021463 
 495 , 31918.6036341643 
 496 , 31958.2252298908 
 497 , 31999.6640102551 
 498 , 32044.5717912713 
 499 , 32094.1210317566 
 500 , 32142.1720028389 
 501 , 32176.4995067868 
 502 , 32189.1770528413 
 503 , 32191.4223020619 
 504 , 32199.3804181336 
 505 , 32221.6315053723 
 506 , 32256.6007920375 
 507 , 32301.1964502616 
 508 , 32346.345386099 
 509 , 32380.306936361 
 510 , 32396.4755667946 
 511 , 32399.4164901542 
 512 , 32395.3356125053 
 513 , 32392.8585297697 
 514 , 32402.3633368061 
 515 , 32430.2135838807 
 516 , 32468.2805044591 
 517 , 32505.4634769563 
 518 , 32538.352925025 
 519 , 32572.2299338864 
 520 , 32611.4960985488 
 521 , 32652.5758233778 
 522 , 32689.0107640771 
 523 , 32718.1962096761 
 524 , 32744.2750252509 
 525 , 32771.7034345862 
 526 , 32801.2517448208 
 527 , 32831.5624482149 
 528 , 32861.5013934533 
 529 , 32890.6151808736 
 530 , 32918.8891594667 
 531 , 32952.2332228088 
 532 , 33001.7446987543 
 533 , 33073.2342612955 
 534 , 33148.9113234174 
 535 , 33205.0227576349 
 536 , 33233.8844550679 
 537 , 33248.745050706 
 538 , 33262.8879077631 
 539 , 33280.2417228693 
 540 , 33300.8614659677 
 541 , 33328.9529045903 
 542 , 33376.7622697344 
 543 , 33455.5661364217 
 544 , 33555.7775771465 
 545 , 33654.8476054426 
 546 , 33735.8414970769 
 547 , 33798.5711499489 
 548 , 33845.8996144318 
 549 , 33881.6739729459 
 550 , 33910.62450739 
 551 , 33938.2128837088 
 552 , 33972.930473224 
 553 , 34023.7458949463 
 554 , 34086.884967749 
 555 , 34142.3369862169 
 556 , 34174.434334705 
 557 , 34202.4008424325 
 558 , 34259.073038819 
 559 , 34352.7382270716 
 560 , 34447.4982811084 
 561 , 34506.6374256521 
 562 , 34530.5261917075 
 563 , 34540.4811645116 
 564 , 34550.8887561041 
 565 , 34557.9447350316 
 566 , 34555.4845218208 
 567 , 34544.7201787831 
 568 , 34532.6254726636 
 569 , 34525.8898788232 
 570 , 34529.6308428441 
 571 , 34548.4238815584 
 572 , 34582.0217056813 
 573 , 34625.0723431109 
 574 , 34671.7375974427 
 575 , 34714.9606152065 
 576 , 34747.4510768494 
 577 , 34769.1133638351 
 578 , 34790.0469355714 
 579 , 34819.2568294595 
 580 , 34852.5183463496 
 581 , 34879.9578840637 
 582 , 34898.3759790989 
 583 , 34917.1932576617 
 584 , 34945.9259223294 
 585 , 34981.1024380301 
 586 , 35011.8038691663 
 587 , 35032.0579779961 
 588 , 35048.4736486653 
 589 , 35068.965193842 
 590 , 35092.4731762459 
 591 , 35111.2347061222 
 592 , 35119.6622402164 
 593 , 35119.8862962943 
 594 , 35115.7757937342 
 595 , 35114.3097261745 
 596 , 35125.4346264517 
 597 , 35154.9870024073 
 598 , 35190.4719565479 
 599 , 35214.8877973853 
 600 , 35226.3308972194 
 601 , 35241.0422261983 
 602 , 35272.9109438252 
 603 , 35316.5588957279 
 604 , 35360.0150659697 
 605 , 35398.6884385021 
 606 , 35439.0468722758 
 607 , 35486.9086333504 
 608 , 35536.8290382215 
 609 , 35578.4856014087 
 610 , 35609.4054418822 
 611 , 35641.6619990054 
 612 , 35687.4744737589 
 613 , 35745.8221006548 
 614 , 35808.5083923393 
 615 , 35868.8120563433 
 616 , 35923.5110566887 
 617 , 35970.5895469312 
 618 , 36016.6586694403 
 619 , 36073.9820541619 
 620 , 36148.5467364122 
 621 , 36228.8195254805 
 622 , 36301.1922483482 
 623 , 36365.9393600294 
 624 , 36434.1718607275 
 625 , 36510.5632046542 
 626 , 36577.5509523205 
 627 , 36613.7873862471 
 628 , 36613.7619398488 
 629 , 36586.4531193291 
 630 , 36545.3994065619 
 631 , 36519.9715079513 
 632 , 36542.1552434938 
 633 , 36611.41027098 
 634 , 36692.7984081859 
 635 , 36756.1221176195 
 636 , 36800.6542078028 
 637 , 36834.0701261578 
 638 , 36861.1974136987 
 639 , 36883.4257970263 
 640 , 36901.8454386632 
 641 , 36917.0428710922 
 642 , 36929.492873898 
 643 , 36942.0647641073 
 644 , 36960.8848235228 
 645 , 36991.101201632 
 646 , 37030.4928337255 
 647 , 37074.0528244275 
 648 , 37115.9726255808 
 649 , 37149.2374584479 
 650 , 37167.7805334267 
 651 , 37172.7190255449 
 652 , 37168.1739562688 
 653 , 37157.7251143679 
 654 , 37144.0340986313 
 655 , 37130.1257630202 
 656 , 37122.4515860521 
 657 , 37128.9719780096 
 658 , 37151.3315475312 
 659 , 37179.7422271395 
 660 , 37204.5477757488 
 661 , 37227.2169458446 
 662 , 37254.7113110044 
 663 , 37289.7631851294 
 664 , 37326.8316061254 
 665 , 37359.9872658603 
 666 , 37388.3382930084 
 667 , 37413.647805461 
 668 , 37436.0641103364 
 669 , 37452.3752468154 
 670 , 37460.5700125404 
 671 , 37474.0637963625 
 672 , 37514.7680577602 
 673 , 37591.0316305957 
 674 , 37681.9854094539 
 675 , 37764.6668772929 
 676 , 37832.8511930194 
 677 , 37889.9411248642 
 678 , 37938.1835086356 
 679 , 37977.0241741757 
 680 , 38006.0445848817 
 681 , 38030.0607164609 
 682 , 38056.9456889506 
 683 , 38090.0914407939 
 684 , 38122.7780527474 
 685 , 38148.3750382671 
 686 , 38175.4348364337 
 687 , 38221.4455263512 
 688 , 38290.1668230687 
 689 , 38354.3465523339 
 690 , 38385.4454408329 
 691 , 38385.1180234215 
 692 , 38372.7933850892 
 693 , 38362.9946240782 
 694 , 38358.8875448957 
 695 , 38362.329446931 
 696 , 38377.3185690393 
 697 , 38409.0692243312 
 698 , 38458.7526943255 
 699 , 38518.8007515312 
 700 , 38579.9307576011 
 701 , 38627.2668588652 
 702 , 38642.8849871208 
 703 , 38621.7123761438 
 704 , 38585.3327776384 
 705 , 38557.0208832424 
 706 , 38545.3544882291 
 707 , 38551.0272508194 
 708 , 38571.4415239521 
 709 , 38597.6920987158 
 710 , 38621.2154839221 
 711 , 38642.5529877959 
 712 , 38666.7966244416 
 713 , 38695.7481108282 
 714 , 38725.1109706885 
 715 , 38750.5966062566 
 716 , 38773.0420361533 
 717 , 38795.5610631275 
 718 , 38812.11526243 
 719 , 38801.1426606976 
 720 , 38746.3065092859 
 721 , 38678.3845839013 
 722 , 38647.7391320095 
 723 , 38671.8309844727 
 724 , 38717.181880457 
 725 , 38752.3426780725 
 726 , 38785.734674028 
 727 , 38840.5760945704 
 728 , 38914.9607528007 
 729 , 38971.9723176707 
 730 , 38981.0046923313 
 731 , 38960.2771491984 
 732 , 38944.1751503403 
 733 , 38949.9346691998 
 734 , 38973.5299334096 
 735 , 39009.5435070195 
 736 , 39052.2237751941 
 737 , 39095.7857125924 
 738 , 39136.2225994197 
 739 , 39171.4648331878 
 740 , 39200.8996798548 
 741 , 39229.4554258613 
 742 , 39263.1217021455 
 743 , 39300.5775982172 
 744 , 39333.5872612354 
 745 , 39357.4761472013 
 746 , 39380.763186509 
 747 , 39414.3146514543 
 748 , 39461.0712706582 
 749 , 39517.5450810289 
 750 , 39576.4842411684 
 751 , 39620.3589899263 
 752 , 39631.8779488895 
 753 , 39619.9087414351 
 754 , 39611.1916178516 
 755 , 39620.597460448 
 756 , 39633.9981903693 
 757 , 39634.9726632007 
 758 , 39625.9906573314 
 759 , 39620.237088319 
 760 , 39625.930165793 
 761 , 39641.3825613718 
 762 , 39663.8641229299 
 763 , 39691.3977496342 
 764 , 39722.2604913937 
 765 , 39748.6374879178 
 766 , 39753.0709387825 
 767 , 39723.2243934391 
 768 , 39682.6823872583 
 769 , 39667.7882200936 
 770 , 39692.368657156 
 771 , 39741.4855412678 
 772 , 39797.4750144659 
 773 , 39838.6926568914 
 774 , 39843.2890351482 
 775 , 39812.1109026331 
 776 , 39769.1328425603 
 777 , 39737.4366200666 
 778 , 39733.1970448274 
 779 , 39769.295779542 
 780 , 39830.6492594876 
 781 , 39879.7276301388 
 782 , 39892.4558972678 
 783 , 39883.0123664078 
 784 , 39871.076065921 
 785 , 39866.0160737886 
 786 , 39870.749403976 
 787 , 39884.1661348903 
 788 , 39897.0768169041 
 789 , 39901.8072083376 
 790 , 39910.4470215982 
 791 , 39944.2185367935 
 792 , 40010.7337642037 
 793 , 40096.3750008513 
 794 , 40185.8956694766 
 795 , 40265.194585668 
 796 , 40320.9224030934 
 797 , 40350.5720643682 
 798 , 40364.2985661618 
 799 , 40370.8012039606 
 800 , 40369.9949906262 
 801 , 40360.1319653977 
 802 , 40349.5456333975 
 803 , 40355.3276465554 
 804 , 40386.3344816292 
 805 , 40426.9439884824 
 806 , 40458.4453178479 
 807 , 40476.7168412598 
 808 , 40486.9149736224 
 809 , 40491.7866400769 
 810 , 40488.8566107608 
 811 , 40476.9373778142 
 812 , 40469.3396740748 
 813 , 40485.6162883633 
 814 , 40526.7640305867 
 815 , 40566.7403364987 
 816 , 40583.1967663099 
 817 , 40583.2850951374 
 818 , 40583.173132164 
 819 , 40591.6590920213 
 820 , 40609.917326486 
 821 , 40636.4319900205 
 822 , 40661.7288590202 
 823 , 40675.4656512324 
 824 , 40678.6055295133 
 825 , 40680.2959885931 
 826 , 40683.4621528993 
 827 , 40676.3807636128 
 828 , 40648.4159691985 
 829 , 40615.0922452501 
 830 , 40604.6799787648 
 831 , 40627.8851798592 
 832 , 40668.0488448473 
 833 , 40706.292424371 
 834 , 40724.4456701522 
 835 , 40705.6956206818 
 836 , 40661.6038133735 
 837 , 40633.5903481914 
 838 , 40649.6181838424 
 839 , 40687.2752017758 
 840 , 40715.0585173755 
 841 , 40722.0734664244 
 842 , 40711.9970045686 
 843 , 40689.2363213411 
 844 , 40659.1167761937 
 845 , 40628.4744677457 
 846 , 40614.7948485973 
 847 , 40639.9102278734 
 848 , 40698.5734236633 
 849 , 40747.3323704803 
 850 , 40750.9025769481 
 851 , 40725.2759110528 
 852 , 40700.3875148817 
 853 , 40687.870521692 
 854 , 40682.5661099346 
 855 , 40679.5163342516 
 856 , 40676.0914032623 
 857 , 40670.2091155887 
 858 , 40661.2104141292 
 859 , 40649.3438011511 
 860 , 40641.0205580163 
 861 , 40653.4255145069 
 862 , 40699.5360729758 
 863 , 40761.4376153691 
 864 , 40810.7479471801 
 865 , 40838.3414816149 
 866 , 40856.2656387965 
 867 , 40873.9484156823 
 868 , 40888.202861944 
 869 , 40894.1638791143 
 870 , 40899.6334434353 
 871 , 40921.0415691359 
 872 , 40970.0791594375 
 873 , 41048.5580019081 
 874 , 41154.9597744436 
 875 , 41273.3734548725 
 876 , 41382.3814874195 
 877 , 41474.5161759145 
 878 , 41559.3026151007 
 879 , 41645.9816615213 
 880 , 41738.867316345 
 881 , 41840.2313734807 
 882 , 41939.9943051564 
 883 , 42019.0560634521 
 884 , 42067.0673576875 
 885 , 42092.7945988641 
 886 , 42103.2799414178 
 887 , 42076.1591295816 
 888 , 41977.6660189722 
 889 , 41817.116859902 
 890 , 41657.5395393654 
 891 , 41547.0499360501 
 892 , 41464.4711172611 
 893 , 41374.4690896939 
 894 , 41272.8909761536 
 895 , 41178.2625299478 
 896 , 41103.6683469429 
 897 , 41049.8035436676 
 898 , 41014.7596804725 
 899 , 40989.5311561353 
 900 , 40962.5017604319 
 901 , 40931.75475215 
 902 , 40906.814047974 
 903 , 40893.8566607709 
 904 , 40885.0583821539 
 905 , 40871.118669322 
 906 , 40862.006103429 
 907 , 40880.3482063261 
 908 , 40927.6337675764 
 909 , 40965.4161891915 
 910 , 40959.4868832584 
 911 , 40925.861522389 
 912 , 40897.8253022294 
 913 , 40887.1979649443 
 914 , 40883.6332326784 
 915 , 40879.1292827912 
 916 , 40875.6231325809 
 917 , 40876.1234336081 
 918 , 40876.2813777919 
 919 , 40867.7960329162 
 920 , 40854.0631620512 
 921 , 40856.6975992528 
 922 , 40890.2500479384 
 923 , 40929.1807537348 
 924 , 40938.3637522293 
 925 , 40917.3395177025 
 926 , 40894.5660691176 
 927 , 40889.1285761784 
 928 , 40896.4719256956 
 929 , 40908.9091683226 
 930 , 40920.083709532 
 931 , 40924.490892836 
 932 , 40925.4460022748 
 933 , 40936.8044126724 
 934 , 40963.2452620379 
 935 , 40976.200624569 
 936 , 40944.1215931052 
 937 , 40880.601216355 
 938 , 40827.1323508675 
 939 , 40807.3200481848 
 940 , 40814.1482105809 
 941 , 40838.054910319 
 942 , 40871.2831395723 
 943 , 40906.5356106887 
 944 , 40934.873964292 
 945 , 40945.9935568023 
 946 , 40938.5478411759 
 947 , 40931.8940759735 
 948 , 40944.3005355911 
 949 , 40966.3510335269 
 950 , 40977.4655105339 
 951 , 40973.879730705 
 952 , 40970.9723270791 
 953 , 40980.0939778231 
 954 , 40996.8280671003 
 955 , 41014.0067183246 
 956 , 41027.4570572279 
 957 , 41034.7854448827 
 958 , 41038.6575007121 
 959 , 41049.1492484636 
 960 , 41070.9206418254 
 961 , 41083.829455543 
 962 , 41063.6621569725 
 963 , 41017.5530921153 
 964 , 40974.9584590667 
 965 , 40950.4001542264 
 966 , 40929.7085829672 
 967 , 40898.9318585298 
 968 , 40861.8991216718 
 969 , 40828.204136103 
 970 , 40805.1765359343 
 971 , 40798.122472532 
 972 , 40808.4041911083 
 973 , 40828.4662414184 
 974 , 40849.842971341 
 975 , 40866.3353658354 
 976 , 40873.0240407893 
 977 , 40874.0469214594 
 978 , 40883.1506017574 
 979 , 40909.2397456608 
 980 , 40946.4613500942 
 981 , 40986.2631304136 
 982 , 41018.8334437428 
 983 , 41034.0079573027 
 984 , 41030.7895254461 
 985 , 41019.5494954965 
 986 , 41009.9540772719 
 987 , 41007.0458993013 
 988 , 41014.4890232472 
 989 , 41031.7323638602 
 990 , 41055.8007656306 
 991 , 41081.1974229897 
 992 , 41098.9104783257 
 993 , 41104.9207376274 
 994 , 41114.889287269 
 995 , 41146.9815886453 
 996 , 41195.7711756996 
 997 , 41241.3673756198 
 998 , 41286.5683231526 
 999 , 41369.8909658951 
 1000 , 41517.3237196512 
 1001 , 41690.0018520791 
 1002 , 41837.997465845 
 1003 , 41983.8658861171 
 1004 , 42198.7763279677 
 1005 , 42487.1285497578 
 1006 , 42739.7149075194 
 1007 , 42855.983683856 
 1008 , 42822.402590197 
 1009 , 42651.0696031909 
 1010 , 42372.8373329638 
 1011 , 42032.2199725817 
 1012 , 41685.9979113558 
 1013 , 41411.9621435374 
 1014 , 41267.6815225472 
 1015 , 41206.9498501878 
 1016 , 41156.708244016 
 1017 , 41089.6578698343 
 1018 , 41012.4358409174 
 1019 , 40938.574357558 
 1020 , 40892.4993273618 
 1021 , 40891.7295746672 
 1022 , 40916.155058991 
 1023 , 40936.1240550077 
 1024 , 40942.5872991364 
 1025 , 40941.7100728203 
 1026 , 40939.3425852707 
 1027 , 40940.1491644059 
 1028 , 40947.3191865087 
 1029 , 40957.8466915867 
 1030 , 40967.4301893694 
 1031 , 40978.1809809375 
 1032 , 40996.766292179 
 1033 , 41026.5095998002 
 1034 , 41064.8879985387 
 1035 , 41107.5268748497 
 1036 , 41144.4865348752 
 1037 , 41165.14433546 
 1038 , 41169.1202162577 
 1039 , 41162.9351769682 
 1040 , 41150.9032680565 
 1041 , 41133.6286351073 
 1042 , 41111.0991390478 
 1043 , 41082.1616765424 
 1044 , 41046.2378174093 
 1045 , 41012.2404993301 
 1046 , 40994.7058662985 
 1047 , 40994.4339595832 
 1048 , 40992.2767672467 
 1049 , 40980.827042136 
 1050 , 40999.7020206895 
 1051 , 41089.8951882594 
 1052 , 41206.4679600601 
 1053 , 41258.5986558093 
 1054 , 41220.1074730798 
 1055 , 41148.0519634817 
 1056 , 41090.8633736735 
 1057 , 41054.0517874466 
 1058 , 41034.518312827 
 1059 , 41025.6253552447 
 1060 , 41019.1329568098 
 1061 , 41009.3556635262 
 1062 , 40993.4459783615 
 1063 , 40973.5668309724 
 1064 , 40964.3672388673 
 1065 , 40977.4971731288 
 1066 , 40992.1759686859 
 1067 , 40976.0930076204 
 1068 , 40926.3893459494 
 1069 , 40867.4469029321 
 1070 , 40816.621378335 
 1071 , 40774.3195097203 
 1072 , 40737.974438889 
 1073 , 40700.7064756247 
 1074 , 40655.4474121173 
 1075 , 40612.6988437332 
 1076 , 40595.9880128748 
 1077 , 40609.8077608972 
 1078 , 40625.9837053127 
 1079 , 40622.5174167198 
 1080 , 40614.9609827501 
 1081 , 40626.4627558572 
 1082 , 40660.625738009 
 1083 , 40709.1089305177 
 1084 , 40753.3983387561 
 1085 , 40761.7344068975 
 1086 , 40718.5260081092 
 1087 , 40660.0970308161 
 1088 , 40626.3915927093 
 1089 , 40610.3960491658 
 1090 , 40584.7543279236 
 1091 , 40548.796392176 
 1092 , 40528.9530364081 
 1093 , 40533.3999764873 
 1094 , 40526.538490733 
 1095 , 40475.4216805463 
 1096 , 40393.5963756821 
 1097 , 40309.2383688752 
 1098 , 40236.4732697359 
 1099 , 40178.7417639123 
 1100 , 40136.5101552151 
 1101 , 40105.8029507502 
 1102 , 40080.0286377497 
 1103 , 40044.2908967557 
 1104 , 39984.1504780699 
 1105 , 39907.7393866489 
 1106 , 39835.2551766375 
 1107 , 39778.9017400249 
 1108 , 39741.3343096332 
 1109 , 39720.4663768132 
 1110 , 39703.3956351816 
 1111 , 39679.0879972559 
 1112 , 39658.3776172907 
 1113 , 39658.740842611 
 1114 , 39671.1407647213 
 1115 , 39664.9404169583 
 1116 , 39630.2449003497 
 1117 , 39594.5662373248 
 1118 , 39579.2130835993 
 1119 , 39566.0653552522 
 1120 , 39530.7911272285 
 1121 , 39482.9969978412 
 1122 , 39450.4912593192 
 1123 , 39438.1381622153 
 1124 , 39423.6287293515 
 1125 , 39394.6177824536 
 1126 , 39367.7789713155 
 1127 , 39359.0048630122 
 1128 , 39353.5575896666 
 1129 , 39327.050129014 
 1130 , 39275.7337749414 
 1131 , 39211.8900500423 
 1132 , 39152.0232711739 
 1133 , 39118.7445464573 
 1134 , 39123.4551675643 
 1135 , 39136.3152045184 
 1136 , 39123.6887825342 
 1137 , 39094.8327214338 
 1138 , 39078.6630056904 
 1139 , 39072.8618291026 
 1140 , 39043.4086158258 
 1141 , 38979.7863741605 
 1142 , 38923.9186551183 
 1143 , 38910.3488488527 
 1144 , 38908.3141573263 
 1145 , 38873.0764586356 
 1146 , 38816.1137017389 
 1147 , 38783.0079004994 
 1148 , 38780.3425635568 
 1149 , 38764.5081607152 
 1150 , 38712.5965825926 
 1151 , 38665.0958412288 
 1152 , 38661.9658825868 
 1153 , 38678.9939620785 
 1154 , 38671.025064167 
 1155 , 38628.9100136825 
 1156 , 38570.8719117836 
 1157 , 38519.3594145068 
 1158 , 38502.2072741413 
 1159 , 38535.1269366946 
 1160 , 38593.8186748351 
 1161 , 38647.1513485499 
 1162 , 38671.8358336717 
 1163 , 38649.3705008009 
 1164 , 38586.899419948 
 1165 , 38513.8265595742 
 1166 , 38450.3256969876 
 1167 , 38399.2478248294 
 1168 , 38360.9052437 
 1169 , 38332.6676146541 
 1170 , 38311.5878462843 
 1171 , 38297.5550179497 
 1172 , 38291.6307898424 
 1173 , 38290.6878549794 
 1174 , 38287.5435222788 
 1175 , 38271.553566478 
 1176 , 38225.8379046316 
 1177 , 38143.8366318587 
 1178 , 38062.3974139535 
 1179 , 38023.1612024866 
 1180 , 38016.5960720361 
 1181 , 38008.0605282863 
 1182 , 37989.7014781603 
 1183 , 37980.6500723351 
 1184 , 37983.5646305201 
 1185 , 37966.4834256987 
 1186 , 37908.1527800105 
 1187 , 37846.9277775625 
 1188 , 37828.9393511669 
 1189 , 37836.0889859086 
 1190 , 37818.4684215858 
 1191 , 37761.9498047747 
 1192 , 37688.575680135 
 1193 , 37617.7573953642 
 1194 , 37560.7484488753 
 1195 , 37528.1024048071 
 1196 , 37531.2900264573 
 1197 , 37576.9413580093 
 1198 , 37629.1029240499 
 1199 , 37633.0420500657 
 1200 , 37587.5482903108 
 1201 , 37542.4957538674 
 1202 , 37520.9198192005 
 1203 , 37493.309284263 
 1204 , 37433.1929880142 
 1205 , 37345.3165080297 
 1206 , 37243.2828310623 
 1207 , 37154.1925678638 
 1208 , 37109.452000705 
 1209 , 37106.4355817898 
 1210 , 37112.9668391244 
 1211 , 37103.635201375 
 1212 , 37065.6670171334 
 1213 , 36994.0329054699 
 1214 , 36904.5810031303 
 1215 , 36815.8653088824 
 1216 , 36737.2285028082 
 1217 , 36675.3167263647 
 1218 , 36650.8826190055 
 1219 , 36694.1768779665 
 1220 , 36782.38510577 
 1221 , 36818.4752496246 
 1222 , 36740.3137192385 
 1223 , 36592.3713399943 
 1224 , 36438.2108351132 
 1225 , 36350.4028332906 
 1226 , 36393.1263678983 
 1227 , 36504.5599818275 
 1228 , 36547.7640110396 
 1229 , 36487.4378356035 
 1230 , 36405.2170878657 
 1231 , 36351.4318818976 
 1232 , 36297.3375471613 
 1233 , 36218.3835259146 
 1234 , 36147.5194406743 
 1235 , 36125.3289223027 
 1236 , 36135.5428641713 
 1237 , 36135.6755922174 
 1238 , 36112.2825216599 
 1239 , 36077.8414111431 
 1240 , 36038.6368018769 
 1241 , 35989.5686700021 
 1242 , 35925.58347728 
 1243 , 35844.826424402 
 1244 , 35751.5571478976 
 1245 , 35682.0818750136 
 1246 , 35679.2392675041 
 1247 , 35725.5458030634 
 1248 , 35764.4765103704 
 1249 , 35768.4799141858 
 1250 , 35744.9632067176 
 1251 , 35703.5887600161 
 1252 , 35654.5465284463 
 1253 , 35606.2147412526 
 1254 , 35559.51169555 
 1255 , 35513.9155762968 
 1256 , 35472.0775038342 
 1257 , 35437.549469266 
 1258 , 35404.2446942208 
 1259 , 35358.3952398081 
 1260 , 35301.8350425825 
 1261 , 35259.3537789414 
 1262 , 35246.2508616743 
 1263 , 35248.4386036299 
 1264 , 35248.8611295406 
 1265 , 35238.9938173309 
 1266 , 35213.05269553 
 1267 , 35166.6407792668 
 1268 , 35096.8253868494 
 1269 , 35015.6679605871 
 1270 , 34949.4516032698 
 1271 , 34910.8710306418 
 1272 , 34889.0367619744 
 1273 , 34873.3221818966 
 1274 , 34860.5136231035 
 1275 , 34848.4862347324 
 1276 , 34833.5591736695 
 1277 , 34811.6044399796 
 1278 , 34779.4139559474 
 1279 , 34734.810818843 
 1280 , 34687.2605591238 
 1281 , 34658.1532025206 
 1282 , 34655.3860574009 
 1283 , 34661.9122709891 
 1284 , 34663.1247178107 
 1285 , 34660.1117042516 
 1286 , 34655.8160219335 
 1287 , 34646.2171943318 
 1288 , 34626.0130969271 
 1289 , 34603.0395366008 
 1290 , 34592.1199093884 
 1291 , 34579.5796487344 
 1292 , 34522.2717393772 
 1293 , 34408.96519236 
 1294 , 34286.9612642466 
 1295 , 34197.6088666362 
 1296 , 34145.9537912985 
 1297 , 34126.9363923104 
 1298 , 34117.9614109149 
 1299 , 34093.228582955 
 1300 , 34055.2924619947 
 1301 , 34022.7956239224 
 1302 , 34002.570999413 
 1303 , 33989.6699504283 
 1304 , 33974.9912140619 
 1305 , 33943.5232648578 
 1306 , 33886.5399058957 
 1307 , 33814.0327769659 
 1308 , 33738.9363587573 
 1309 , 33673.0375376529 
 1310 , 33626.0384030627 
 1311 , 33592.4914477232 
 1312 , 33559.80124771 
 1313 , 33526.7381157154 
 1314 , 33501.574924531 
 1315 , 33483.8176441447 
 1316 , 33460.4655884563 
 1317 , 33425.4451702832 
 1318 , 33390.604728375 
 1319 , 33366.7970488006 
 1320 , 33351.2466714303 
 1321 , 33337.5682981486 
 1322 , 33317.4610717373 
 1323 , 33282.6927932857 
 1324 , 33236.0426315177 
 1325 , 33187.7278709927 
 1326 , 33144.6356721829 
 1327 , 33109.779056409 
 1328 , 33082.5126184249 
 1329 , 33056.0524672441 
 1330 , 33026.5811635525 
 1331 , 33000.826753444 
 1332 , 32983.4753154691 
 1333 , 32959.4768853135 
 1334 , 32911.1334630484 
 1335 , 32850.9455334136 
 1336 , 32805.6402971634 
 1337 , 32780.9724552682 
 1338 , 32765.4092141418 
 1339 , 32747.5832349257 
 1340 , 32717.0426051016 
 1341 , 32669.5288739247 
 1342 , 32613.4167232933 
 1343 , 32558.2157834729 
 1344 , 32512.0120665424 
 1345 , 32479.7140322793 
 1346 , 32449.9893160507 
 1347 , 32407.7108213777 
 1348 , 32356.2528466205 
 1349 , 32309.2153648229 
 1350 , 32276.2341429937 
 1351 , 32263.005511779 
 1352 , 32260.3865855973 
 1353 , 32239.1859919682 
 1354 , 32185.4528566689 
 1355 , 32121.0849790206 
 1356 , 32064.8361623344 
 1357 , 32008.5120785549 
 1358 , 31941.8141949578 
 1359 , 31875.5893627917 
 1360 , 31825.3715480898 
 1361 , 31780.1003971419 
 1362 , 31715.3051427307 
 1363 , 31631.6014264641 
 1364 , 31551.0943411368 
 1365 , 31489.7765140732 
 1366 , 31454.6700479141 
 1367 , 31443.7925171258 
 1368 , 31438.2754874474 
 1369 , 31418.8873965957 
 1370 , 31371.6424562299 
 1371 , 31291.107686807 
 1372 , 31210.0083075956 
 1373 , 31167.0547569169 
 1374 , 31150.3776962344 
 1375 , 31124.9986905109 
 1376 , 31083.8240446727 
 1377 , 31040.3942447269 
 1378 , 30994.6178750028 
 1379 , 30930.6160737548 
 1380 , 30844.6443682711 
 1381 , 30754.93384135 
 1382 , 30675.5407814265 
 1383 , 30604.2293235775 
 1384 , 30541.3070188467 
 1385 , 30507.8533946715 
 1386 , 30520.7178201195 
 1387 , 30536.2854834815 
 1388 , 30493.0700204177 
 1389 , 30390.9519434727 
 1390 , 30266.1065276727 
 1391 , 30151.2087842728 
 1392 , 30074.9128927071 
 1393 , 30045.8965206974 
 1394 , 30047.167233849 
 1395 , 30058.5034788551 
 1396 , 30056.7736571382 
 1397 , 30027.5281538357 
 1398 , 29982.2317276535 
 1399 , 29933.7626802555 
 1400 , 29880.8075987402 
 1401 , 29819.7405971625 
 1402 , 29757.8703321464 
 1403 , 29705.7865602367 
 1404 , 29659.9313224748 
 1405 , 29608.8040088818 
 1406 , 29556.0884782575 
 1407 , 29518.895128597 
 1408 , 29503.8691780845 
 1409 , 29503.5081067107 
 1410 , 29506.5386326633 
 1411 , 29496.4016453437 
 1412 , 29465.0795896209 
 1413 , 29429.6183178548 
 1414 , 29406.8809164763 
 1415 , 29395.4207699522 
 1416 , 29387.840030393 
 1417 , 29369.0295592037 
 1418 , 29323.3679180856 
 1419 , 29258.662188192 
 1420 , 29194.6302452431 
 1421 , 29133.1336235454 
 1422 , 29062.4226478223 
 1423 , 28990.0104475633 
 1424 , 28945.0681900744 
 1425 , 28932.6529132652 
 1426 , 28917.8155392011 
 1427 , 28879.031227475 
 1428 , 28833.1911688717 
 1429 , 28797.4621179904 
 1430 , 28772.5734413318 
 1431 , 28754.5345295874 
 1432 , 28732.8461254127 
 1433 , 28697.1964324142 
 1434 , 28652.5416459693 
 1435 , 28609.5160322945 
 1436 , 28568.5177521475 
 1437 , 28524.020374821 
 1438 , 28476.7836806331 
 1439 , 28432.7402004019 
 1440 , 28389.796773975 
 1441 , 28336.4466118804 
 1442 , 28276.6307328685 
 1443 , 28240.2455447319 
 1444 , 28242.3793910377 
 1445 , 28259.0836944421 
 1446 , 28266.9878712107 
 1447 , 28261.8855496568 
 1448 , 28243.0841831786 
 1449 , 28208.3909214787 
 1450 , 28158.7162343211 
 1451 , 28118.2714782198 
 1452 , 28117.0906003492 
 1453 , 28150.2772101256 
 1454 , 28193.3264883536 
 1455 , 28221.443569972 
 1456 , 28211.1307708816 
 1457 , 28171.9184456316 
 1458 , 28146.5859451058 
 1459 , 28139.56738433 
 1460 , 28100.0043542813 
 1461 , 28007.2213726989 
 1462 , 27905.2257683219 
 1463 , 27827.7134214752 
 1464 , 27763.2449845819 
 1465 , 27695.2128830155 
 1466 , 27614.2067067838 
 1467 , 27516.5837513114 
 1468 , 27419.3735182362 
 1469 , 27341.5180095514 
 1470 , 27270.7253017253 
 1471 , 27184.6311257654 
 1472 , 27092.4421649906 
 1473 , 27019.858178759 
 1474 , 26969.5227781452 
 1475 , 26927.0155206348 
 1476 , 26891.6921315139 
 1477 , 26876.6383108318 
 1478 , 26875.0632771965 
 1479 , 26853.4764726701 
 1480 , 26800.7597232569 
 1481 , 26747.7434207877 
 1482 , 26713.7597629052 
 1483 , 26682.0278009541 
 1484 , 26637.4610499563 
 1485 , 26585.7980052824 
 1486 , 26535.5046011111 
 1487 , 26489.7623083198 
 1488 , 26451.5310347959 
 1489 , 26430.2304926762 
 1490 , 26433.6179552338 
 1491 , 26439.5504811371 
 1492 , 26415.4948878374 
 1493 , 26364.9056294063 
 1494 , 26311.9799312338 
 1495 , 26266.5934039053 
 1496 , 26227.319889531 
 1497 , 26193.7816733002 
 1498 , 26166.6506695861 
 1499 , 26135.7558225055 
 1500 , 26077.3652920018 
 1501 , 25989.7399828089 
 1502 , 25908.3915180133 
 1503 , 25857.2592956734 
 1504 , 25828.812702896 
 1505 , 25810.9972354849 
 1506 , 25790.2320588419 
 1507 , 25756.2182089415 
 1508 , 25711.1525662447 
 1509 , 25659.6833546707 
 1510 , 25605.0485151987 
 1511 , 25550.0611715569 
 1512 , 25497.421745878 
 1513 , 25449.9020434516 
 1514 , 25411.1726675714 
 1515 , 25384.5179986612 
 1516 , 25364.5961757254 
 1517 , 25341.0381492899 
 1518 , 25305.816842568 
 1519 , 25253.4497776349 
 1520 , 25193.4193503237 
 1521 , 25148.60657305 
 1522 , 25123.8305271678 
 1523 , 25102.4375751099 
 1524 , 25075.9028459378 
 1525 , 25049.1065518473 
 1526 , 25020.1157286216 
 1527 , 24972.9910803985 
 1528 , 24906.4002898956 
 1529 , 24854.816338777 
 1530 , 24840.3209736734 
 1531 , 24836.9459864749 
 1532 , 24819.3935196216 
 1533 , 24793.802447437 
 1534 , 24770.8299224753 
 1535 , 24750.7546493007 
 1536 , 24730.9830211874 
 1537 , 24708.8228235202 
 1538 , 24681.9433787888 
 1539 , 24650.7680083839 
 1540 , 24616.9918468115 
 1541 , 24583.2012124134 
 1542 , 24552.1704493737 
 1543 , 24523.560755615 
 1544 , 24495.0653787956 
 1545 , 24464.473577355 
 1546 , 24429.7453459333 
 1547 , 24390.2982907885 
 1548 , 24347.0577643027 
 1549 , 24305.6514660745 
 1550 , 24276.6262525811 
 1551 , 24262.4368050284 
 1552 , 24254.5321288354 
 1553 , 24243.7403819571 
 1554 , 24221.1852202564 
 1555 , 24187.7690131029 
 1556 , 24162.6945744375 
 1557 , 24153.7887061374 
 1558 , 24138.7068549755 
 1559 , 24101.0809733376 
 1560 , 24051.8424589854 
 1561 , 24005.8450927939 
 1562 , 23975.8572334578 
 1563 , 23967.6655924562 
 1564 , 23961.4381132884 
 1565 , 23935.059722843 
 1566 , 23885.0364281286 
 1567 , 23818.2339632174 
 1568 , 23769.1095993933 
 1569 , 23772.3826395836 
 1570 , 23799.4894622048 
 1571 , 23802.3639952294 
 1572 , 23787.1349575678 
 1573 , 23781.8692335074 
 1574 , 23770.942189449 
 1575 , 23717.7405206819 
 1576 , 23632.5268654196 
 1577 , 23555.0944833397 
 1578 , 23502.305806181 
 1579 , 23472.8444697416 
 1580 , 23459.9951632246 
 1581 , 23452.7266632486 
 1582 , 23440.5175463721 
 1583 , 23413.9649021305 
 1584 , 23377.4512839147 
 1585 , 23350.7736284071 
 1586 , 23336.8688475346 
 1587 , 23315.5755171056 
 1588 , 23279.0933306348 
 1589 , 23240.5211210292 
 1590 , 23211.1474060143 
 1591 , 23196.114191832 
 1592 , 23187.3069917246 
 1593 , 23152.0816402201 
 1594 , 23078.6356054413 
 1595 , 23007.5474063338 
 1596 , 22968.5994055582 
 1597 , 22946.6921484214 
 1598 , 22925.0294932666 
 1599 , 22901.8651626075 
 1600 , 22878.5065032872 
 1601 , 22857.4896951926 
 1602 , 22842.2901122594 
 1603 , 22838.9287961447 
 1604 , 22849.5208085389 
 1605 , 22857.4071518461 
 1606 , 22846.9165328308 
 1607 , 22830.1708199083 
 1608 , 22821.6603633456 
 1609 , 22804.9307624963 
 1610 , 22758.7328594478 
 1611 , 22694.3977755153 
 1612 , 22633.2866874373 
 1613 , 22583.1300628038 
 1614 , 22544.8917355002 
 1615 , 22510.8879412522 
 1616 , 22470.1790595109 
 1617 , 22417.5843964682 
 1618 , 22352.1889364255 
 1619 , 22285.9951484623 
 1620 , 22235.8334120234 
 1621 , 22194.0442805274 
 1622 , 22139.944956175 
 1623 , 22074.6921498102 
 1624 , 22013.6132710967 
 1625 , 21967.2699138147 
 1626 , 21941.4403981361 
 1627 , 21923.8983406729 
 1628 , 21890.0977118378 
 1629 , 21842.3994279607 
 1630 , 21804.7966733725 
 1631 , 21778.307146628 
 1632 , 21743.4859993337 
 1633 , 21699.9767997374 
 1634 , 21665.9284333708 
 1635 , 21642.1569382538 
 1636 , 21611.2284874864 
 1637 , 21570.365361458 
 1638 , 21533.6022598333 
 1639 , 21503.2191477509 
 1640 , 21466.9330275041 
 1641 , 21425.032461958 
 1642 , 21394.2240032287 
 1643 , 21374.3295338327 
 1644 , 21341.7441291923 
 1645 , 21292.5869092715 
 1646 , 21252.7257320805 
 1647 , 21232.7677460263 
 1648 , 21217.4158249596 
 1649 , 21195.4564231345 
 1650 , 21165.386289061 
 1651 , 21129.2623497076 
 1652 , 21093.5511563076 
 1653 , 21061.0661153218 
 1654 , 21027.6459664585 
 1655 , 20989.5133553189 
 1656 , 20944.8527070787 
 1657 , 20895.9843922213 
 1658 , 20852.5571188521 
 1659 , 20821.0611164763 
 1660 , 20800.2435019111 
 1661 , 20783.630714851 
 1662 , 20756.0882194679 
 1663 , 20713.5000265444 
 1664 , 20676.8394049883 
 1665 , 20656.3440575147 
 1666 , 20632.4574879057 
 1667 , 20595.8626192862 
 1668 , 20568.4016508289 
 1669 , 20559.63418184 
 1670 , 20541.7881025544 
 1671 , 20497.4905460081 
 1672 , 20445.4865502011 
 1673 , 20400.0137484734 
 1674 , 20352.5091980163 
 1675 , 20299.8063941845 
 1676 , 20259.697959447 
 1677 , 20238.9268300496 
 1678 , 20209.6415223784 
 1679 , 20158.8288308516 
 1680 , 20123.0696101801 
 1681 , 20123.3258098866 
 1682 , 20122.6629367478 
 1683 , 20091.837306706 
 1684 , 20043.3474555564 
 1685 , 19993.1453677323 
 1686 , 19949.5810639754 
 1687 , 19915.8989240181 
 1688 , 19885.4319184854 
 1689 , 19851.594875899 
 1690 , 19811.899877281 
 1691 , 19767.5119489058 
 1692 , 19727.154908465 
 1693 , 19697.4941905253 
 1694 , 19677.1680320713 
 1695 , 19661.1624900832 
 1696 , 19638.5207837393 
 1697 , 19605.972301586 
 1698 , 19581.049905771 
 1699 , 19572.9421617991 
 1700 , 19563.5483675376 
 1701 , 19540.6741350048 
 1702 , 19515.279458178 
 1703 , 19494.0585005083 
 1704 , 19466.3584821965 
 1705 , 19425.0408853132 
 1706 , 19376.2544878525 
 1707 , 19329.4942303836 
 1708 , 19297.5515983501 
 1709 , 19282.7854480062 
 1710 , 19264.6804338927 
 1711 , 19233.7652467938 
 1712 , 19208.9919881011 
 1713 , 19196.9881396777 
 1714 , 19173.317126136 
 1715 , 19127.6204389408 
 1716 , 19083.132224559 
 1717 , 19053.4116083512 
 1718 , 19027.4924734223 
 1719 , 18996.1671056422 
 1720 , 18957.9855564112 
 1721 , 18919.2293364986 
 1722 , 18897.5982956066 
 1723 , 18897.0190160103 
 1724 , 18897.7734410203 
 1725 , 18884.7828214664 
 1726 , 18853.4392206267 
 1727 , 18809.4676509688 
 1728 , 18771.8823503784 
 1729 , 18744.5504147703 
 1730 , 18709.6075451156 
 1731 , 18663.2329963086 
 1732 , 18621.5118875496 
 1733 , 18592.7028651438 
 1734 , 18573.8611310258 
 1735 , 18559.5658906087 
 1736 , 18542.582387728 
 1737 , 18522.0591691654 
 1738 , 18503.5923655759 
 1739 , 18481.0470939759 
 1740 , 18437.4684647026 
 1741 , 18382.025930557 
 1742 , 18347.0267412432 
 1743 , 18332.3723846798 
 1744 , 18310.1650087172 
 1745 , 18272.5505942416 
 1746 , 18228.630473871 
 1747 , 18187.1177373778 
 1748 , 18155.3288249922 
 1749 , 18131.1010758823 
 1750 , 18106.3100592715 
 1751 , 18079.3452333872 
 1752 , 18052.6023948507 
 1753 , 18026.3002913564 
 1754 , 17999.9437617695 
 1755 , 17978.4249372738 
 1756 , 17967.9450454124 
 1757 , 17962.0172278986 
 1758 , 17949.1927365255 
 1759 , 17926.67611575 
 1760 , 17897.4813687003 
 1761 , 17877.4569463433 
 1762 , 17878.7805936029 
 1763 , 17863.3678140733 
 1764 , 17791.8609060974 
 1765 , 17709.9362054045 
 1766 , 17675.3511854946 
 1767 , 17677.6424043793 
 1768 , 17688.4569218706 
 1769 , 17685.3645487132 
 1770 , 17656.8066300689 
 1771 , 17624.6186613105 
 1772 , 17607.9466012444 
 1773 , 17594.1481515111 
 1774 , 17572.9022603157 
 1775 , 17557.5567275501 
 1776 , 17555.4515852645 
 1777 , 17549.3460271317 
 1778 , 17525.3530431304 
 1779 , 17484.8001785709 
 1780 , 17437.3283425379 
 1781 , 17404.4054625754 
 1782 , 17393.7522619283 
 1783 , 17388.0721980652 
 1784 , 17376.6391404403 
 1785 , 17361.8045685775 
 1786 , 17343.6617136058 
 1787 , 17318.1304739118 
 1788 , 17283.7480578232 
 1789 , 17242.7312965207 
 1790 , 17206.4007931279 
 1791 , 17193.408891496 
 1792 , 17195.2453696449 
 1793 , 17181.8017613523 
 1794 , 17155.4037419027 
 1795 , 17141.3620667471 
 1796 , 17140.5969997417 
 1797 , 17138.3022417138 
 1798 , 17125.8174825018 
 1799 , 17100.9992118506 
 1800 , 17085.1161612852 
 1801 , 17102.6363876173 
 1802 , 17122.9100316308 
 1803 , 17101.1175989984 
 1804 , 17041.6963919833 
 1805 , 16967.3880821579 
 1806 , 16905.5287027666 
 1807 , 16876.5329442576 
 1808 , 16868.0088080602 
 1809 , 16862.005914545 
 1810 , 16849.0907429871 
 1811 , 16827.1419884112 
 1812 , 16809.3673876232 
 1813 , 16804.2400075616 
 1814 , 16803.2198082688 
 1815 , 16799.9061831929 
 1816 , 16796.679889617 
 1817 , 16794.181501732 
 1818 , 16788.5354540702 
 1819 , 16774.2505576199 
 1820 , 16744.591629899 
 1821 , 16704.8848538888 
 1822 , 16673.7398652782 
 1823 , 16654.2291995842 
 1824 , 16634.3211673686 
 1825 , 16612.265042134 
 1826 , 16594.7417839209 
 1827 , 16583.5556331221 
 1828 , 16576.755738458 
 1829 , 16569.5063165595 
 1830 , 16555.4297148549 
 1831 , 16528.3999331561 
 1832 , 16485.4430818613 
 1833 , 16441.9697196554 
 1834 , 16415.0334017302 
 1835 , 16396.1521068441 
 1836 , 16375.0049332628 
 1837 , 16364.2792213286 
 1838 , 16370.4907172042 
 1839 , 16363.5134370177 
 1840 , 16326.6122910046 
 1841 , 16294.2606509236 
 1842 , 16287.0903221105 
 1843 , 16282.0089838344 
 1844 , 16263.2199452154 
 1845 , 16235.5626397971 
 1846 , 16208.6697341928 
 1847 , 16195.2984262098 
 1848 , 16189.6013162791 
 1849 , 16167.3111437688 
 1850 , 16137.9935872415 
 1851 , 16137.7247949237 
 1852 , 16151.99811465 
 1853 , 16135.4708323832 
 1854 , 16096.4514185825 
 1855 , 16068.9087659809 
 1856 , 16049.108200419 
 1857 , 16020.6426905323 
 1858 , 15992.3686988055 
 1859 , 15976.3609545821 
 1860 , 15959.3900090243 
 1861 , 15927.9071826095 
 1862 , 15890.9817457631 
 1863 , 15862.0601092295 
 1864 , 15853.3694010786 
 1865 , 15864.0705643951 
 1866 , 15867.01878092 
 1867 , 15845.4058181629 
 1868 , 15804.5679074215 
 1869 , 15758.3260697372 
 1870 , 15727.9192538579 
 1871 , 15715.6918623378 
 1872 , 15705.2781060849 
 1873 , 15691.8043049536 
 1874 , 15679.9539350764 
 1875 , 15672.5565971701 
 1876 , 15669.2883161837 
 1877 , 15655.0974963316 
 1878 , 15613.8986403306 
 1879 , 15565.0540504297 
 1880 , 15535.1822366436 
 1881 , 15525.5473589187 
 1882 , 15527.8222694352 
 1883 , 15525.1536179554 
 1884 , 15507.0634869466 
 1885 , 15483.3589204383 
 1886 , 15462.3114403099 
 1887 , 15443.4093259525 
 1888 , 15427.4587284427 
 1889 , 15418.5636140599 
 1890 , 15419.7677044889 
 1891 , 15431.503307362 
 1892 , 15434.0532592945 
 1893 , 15394.5301948096 
 1894 , 15327.2926416272 
 1895 , 15274.6993090406 
 1896 , 15252.2683258077 
 1897 , 15257.0592342341 
 1898 , 15256.8150125127 
 1899 , 15221.0936978537 
 1900 , 15174.1363013383 
 1901 , 15144.3426155133 
 1902 , 15126.350399164 
 1903 , 15111.9766809946 
 1904 , 15101.887279621 
 1905 , 15090.8790044246 
 1906 , 15062.0377329773 
 1907 , 15020.989588489 
 1908 , 15002.4897762078 
 1909 , 15008.0195264406 
 1910 , 15006.3360583478 
 1911 , 14986.6604424279 
 1912 , 14955.5874006588 
 1913 , 14933.508273018 
 1914 , 14940.8114363467 
 1915 , 14951.4710157552 
 1916 , 14930.0581969008 
 1917 , 14881.6053198694 
 1918 , 14825.6858804736 
 1919 , 14791.6823253617 
 1920 , 14791.1267831325 
 1921 , 14789.9213110797 
 1922 , 14763.4858322619 
 1923 , 14714.5396514561 
 1924 , 14664.8939719704 
 1925 , 14654.1128566679 
 1926 , 14672.8615274884 
 1927 , 14670.617802243 
 1928 , 14645.7671672197 
 1929 , 14626.9858238217 
 1930 , 14618.3043511708 
 1931 , 14612.0792680193 
 1932 , 14602.7662204023 
 1933 , 14588.4091014612 
 1934 , 14577.8089285951 
 1935 , 14572.4120560905 
 1936 , 14547.796283727 
 1937 , 14498.760180083 
 1938 , 14463.4023029405 
 1939 , 14464.7329748401 
 1940 , 14497.7581996551 
 1941 , 14524.8831008612 
 1942 , 14486.1571246542 
 1943 , 14413.5216347234 
 1944 , 14390.9440390265 
 1945 , 14401.9308390674 
 1946 , 14392.6759286467 
 1947 , 14378.2213283557 
 1948 , 14384.117287202 
 1949 , 14387.288272121 
 1950 , 14366.5632795436 
 1951 , 14334.2819469376 
 1952 , 14302.44930726 
 1953 , 14273.0796177492 
 1954 , 14242.7239331116 
 1955 , 14203.1310994887 
 1956 , 14159.3608013199 
 1957 , 14127.2340330234 
 1958 , 14109.2345761503 
 1959 , 14099.6140950134 
 1960 , 14094.3621022012 
 1961 , 14089.7991470767 
 1962 , 14080.104122723 
 1963 , 14064.1517972559 
 1964 , 14057.05641491 
 1965 , 14062.6179183499 
 1966 , 14055.0715023176 
 1967 , 14025.7006154064 
 1968 , 13995.0059148894 
 1969 , 13974.6371122079 
 1970 , 13964.9850137949 
 1971 , 13963.3841084962 
 1972 , 13964.7590922693 
 1973 , 13959.0563889256 
 1974 , 13937.3994582832 
 1975 , 13908.4264703449 
 1976 , 13882.8662690935 
 1977 , 13860.3847761648 
 1978 , 13840.0600405492 
 1979 , 13824.4264278994 
 1980 , 13808.5075923693 
 1981 , 13776.7861383049 
 1982 , 13738.385272855 
 1983 , 13724.4351493087 
 1984 , 13723.5937825592 
 1985 , 13700.6545163719 
 1986 , 13663.0456711472 
 1987 , 13634.2180344757 
 1988 , 13620.3839507924 
 1989 , 13618.3722239584 
 1990 , 13612.1942400321 
 1991 , 13595.4358348878 
 1992 , 13585.2103219996 
 1993 , 13585.5531118381 
 1994 , 13580.1914877607 
 1995 , 13566.3206411842 
 1996 , 13553.4905497742 
 1997 , 13541.7114194271 
 1998 , 13527.221720224 
 1999 , 13520.0063182962 
 2000 , 13528.6816699742 
 2001 , 13535.2446742244 
 2002 , 13524.1136030397 
 2003 , 13502.1825027997 
 2004 , 13476.8979963657 
 2005 , 13450.9431901413 
 2006 , 13425.7070006604 
 2007 , 13401.906716363 
 2008 , 13383.5643444267 
 2009 , 13375.2800119834 
 2010 , 13367.9568578445 
 2011 , 13350.9638320008 
 2012 , 13336.0054435723 
 2013 , 13330.824824522 
 2014 , 13313.1686973877 
 2015 , 13274.6843412632 
 2016 , 13241.9468773462 
 2017 , 13232.2630702506 
 2018 , 13245.5318546907 
 2019 , 13251.6786234815 
 2020 , 13207.9695976676 
 2021 , 13153.5531028056 
 2022 , 13149.8084704534 
 2023 , 13164.5104238185 
 2024 , 13154.9778646583 
 2025 , 13135.17624747 
 2026 , 13118.4569291509 
 2027 , 13097.0793073674 
 2028 , 13070.9120146036 
 2029 , 13051.1230334782 
 2030 , 13038.232009433 
 2031 , 13024.3531714198 
 2032 , 13004.8210542623 
 2033 , 12978.5211985531 
 2034 , 12953.3034805701 
 2035 , 12936.1828920205 
 2036 , 12923.9450560143 
 2037 , 12913.8043791766 
 2038 , 12906.819340662 
 2039 , 12898.0997122653 
 2040 , 12876.6326389219 
 2041 , 12845.2380303831 
 2042 , 12816.1158930775 
 2043 , 12795.9640786427 
 2044 , 12787.0363998974 
 2045 , 12783.4704654447 
 2046 , 12775.8940054893 
 2047 , 12751.8156955048 
 2048 , 12716.3137997817 
 2049 , 12700.8908759691 
 2050 , 12704.0807470066 
 2051 , 12693.0004007939 
 2052 , 12663.9422172635 
 2053 , 12630.9596452909 
 2054 , 12604.2129778006 
 2055 , 12588.1328926334 
 2056 , 12572.8276473307 
 2057 , 12554.6633220323 
 2058 , 12548.5141341654 
 2059 , 12558.8012631521 
 2060 , 12573.9090210886 
 2061 , 12577.3163928509 
 2062 , 12552.9666584464 
 2063 , 12511.5033667429 
 2064 , 12471.946028648 
 2065 , 12435.649964301 
 2066 , 12401.9611036421 
 2067 , 12377.1402606113 
 2068 , 12361.4849308865 
 2069 , 12345.2635132005 
 2070 , 12328.2704728704 
 2071 , 12318.872161223 
 2072 , 12316.9735826016 
 2073 , 12317.1059118722 
 2074 , 12311.164136135 
 2075 , 12292.6416625964 
 2076 , 12262.2289363805 
 2077 , 12226.6919892222 
 2078 , 12200.4733121253 
 2079 , 12186.8169588231 
 2080 , 12176.5501254476 
 2081 , 12159.1648211554 
 2082 , 12126.5866683114 
 2083 , 12087.6185298361 
 2084 , 12056.2001381072 
 2085 , 12043.1636101464 
 2086 , 12049.3678079074 
 2087 , 12058.4460802102 
 2088 , 12053.858800522 
 2089 , 12023.1810720465 
 2090 , 11980.6856810306 
 2091 , 11951.5082198416 
 2092 , 11921.9576052594 
 2093 , 11878.6620057977 
 2094 , 11857.8053864117 
 2095 , 11875.4991812191 
 2096 , 11891.772991368 
 2097 , 11887.3569003905 
 2098 , 11872.069471313 
 2099 , 11850.8337903499 
 2100 , 11826.1554479978 
 2101 , 11810.7011095021 
 2102 , 11811.4166519299 
 2103 , 11804.9711011429 
 2104 , 11778.1475246261 
 2105 , 11746.5273392509 
 2106 , 11720.3788697832 
 2107 , 11700.9574276135 
 2108 , 11685.8065400242 
 2109 , 11671.4850743782 
 2110 , 11660.0275045715 
 2111 , 11652.4975324948 
 2112 , 11641.7935322845 
 2113 , 11624.8645551786 
 2114 , 11607.2833526465 
 2115 , 11587.8038590976 
 2116 , 11559.968500716 
 2117 , 11534.5310725174 
 2118 , 11524.7154598523 
 2119 , 11511.9353308292 
 2120 , 11483.6209834821 
 2121 , 11464.7435910511 
 2122 , 11462.6761270204 
 2123 , 11453.1335600953 
 2124 , 11421.732741856 
 2125 , 11369.028833709 
 2126 , 11333.8127565968 
 2127 , 11348.8718794904 
 2128 , 11361.9016583763 
 2129 , 11337.7054826297 
 2130 , 11314.355917972 
 2131 , 11304.8546794272 
 2132 , 11286.3473633798 
 2133 , 11258.7928392557 
 2134 , 11235.3380234116 
 2135 , 11215.794804609 
 2136 , 11198.0668795398 
 2137 , 11187.6757770908 
 2138 , 11182.8549127396 
 2139 , 11169.2346249149 
 2140 , 11143.7389108466 
 2141 , 11113.784285773 
 2142 , 11085.8546241473 
 2143 , 11065.0732688772 
 2144 , 11053.5605677159 
 2145 , 11049.7786743322 
 2146 , 11046.3564914363 
 2147 , 11039.8056629669 
 2148 , 11031.3700250271 
 2149 , 11017.7012513104 
 2150 , 10994.0944449997 
 2151 , 10964.4589438584 
 2152 , 10936.506083235 
 2153 , 10920.2823363319 
 2154 , 10914.139975372 
 2155 , 10900.746723746 
 2156 , 10883.7655369855 
 2157 , 10879.9206421303 
 2158 , 10877.8383882337 
 2159 , 10860.846762152 
 2160 , 10834.1137963278 
 2161 , 10811.411378599 
 2162 , 10811.7946067867 
 2163 , 10819.8914403179 
 2164 , 10794.6154450774 
 2165 , 10753.8373603682 
 2166 , 10733.6418011325 
 2167 , 10721.7388747845 
 2168 , 10702.4675388604 
 2169 , 10678.5668638354 
 2170 , 10654.7215861434 
 2171 , 10635.85725643 
 2172 , 10632.7474359523 
 2173 , 10649.5293125546 
 2174 , 10642.8589746099 
 2175 , 10591.1155425981 
 2176 , 10555.2033342894 
 2177 , 10559.6536018514 
 2178 , 10571.4637870396 
 2179 , 10573.4810997313 
 2180 , 10563.3118578463 
 2181 , 10549.9734972496 
 2182 , 10539.6150323152 
 2183 , 10521.6111979858 
 2184 , 10491.6967866737 
 2185 , 10458.0455478016 
 2186 , 10434.8827458396 
 2187 , 10434.4808133652 
 2188 , 10437.0978428438 
 2189 , 10420.4832328774 
 2190 , 10386.9211613635 
 2191 , 10348.9083256766 
 2192 , 10325.8963562948 
 2193 , 10317.7339678497 
 2194 , 10310.8053864013 
 2195 , 10298.4290385773 
 2196 , 10278.7220872825 
 2197 , 10255.894720238 
 2198 , 10239.8872933482 
 2199 , 10245.1294772237 
 2200 , 10257.6539347323 
 2201 , 10249.501612948 
 2202 , 10233.4908620594 
 2203 , 10224.0401045827 
 2204 , 10199.2409740942 
 2205 , 10156.8272391688 
 2206 , 10127.7376573989 
 2207 , 10114.6183273417 
 2208 , 10101.1386846123 
 2209 , 10085.7957882808 
 2210 , 10071.7652514791 
 2211 , 10060.3689675504 
 2212 , 10043.8253056517 
 2213 , 10005.8874800808 
 2214 , 9964.58640969458 
 2215 , 9949.71505523074 
 2216 , 9934.23626749559 
 2217 , 9896.11816795947 
 2218 , 9867.46799796433 
 2219 , 9857.93774043903 
 2220 , 9843.50738185482 
 2221 , 9819.34538326574 
 2222 , 9794.14834050111 
 2223 , 9781.18862442145 
 2224 , 9783.1510317331 
 2225 , 9778.84610428326 
 2226 , 9763.45657309158 
 2227 , 9750.04230182726 
 2228 , 9733.76384911814 
 2229 , 9706.24093272017 
 2230 , 9681.9256128286 
 2231 , 9670.20672364751 
 2232 , 9662.02051854601 
 2233 , 9649.24493080575 
 2234 , 9627.3086301011 
 2235 , 9599.10132777236 
 2236 , 9570.30997438726 
 2237 , 9545.50088621944 
 2238 , 9524.43686700667 
 2239 , 9501.03212093389 
 2240 , 9480.14073635319 
 2241 , 9470.37386074008 
 2242 , 9456.31074368237 
 2243 , 9425.73784981918 
 2244 , 9393.90232113674 
 2245 , 9373.5938580374 
 2246 , 9368.89464139612 
 2247 , 9372.96205853239 
 2248 , 9371.30583699247 
 2249 , 9342.54046795101 
 2250 , 9291.00882326155 
 2251 , 9269.2735840448 
 2252 , 9278.97123574587 
 2253 , 9277.07518264306 
 2254 , 9260.08464414458 
 2255 , 9241.65686499156 
 2256 , 9233.97498004317 
 2257 , 9232.56485040587 
 2258 , 9212.73277321395 
 2259 , 9179.36903773838 
 2260 , 9153.94905179326 
 2261 , 9137.6703076856 
 2262 , 9124.66534897349 
 2263 , 9107.56611590582 
 2264 , 9083.20841025144 
 2265 , 9053.56245529137 
 2266 , 9026.18829065976 
 2267 , 9006.93384835656 
 2268 , 8987.72420221932 
 2269 , 8967.43037171206 
 2270 , 8957.98712448349 
 2271 , 8950.86541970774 
 2272 , 8928.90448798163 
 2273 , 8908.55593243767 
 2274 , 8899.05632278272 
 2275 , 8871.96097373228 
 2276 , 8840.72765559945 
 2277 , 8855.43523985453 
 2278 , 8878.56405507275 
 2279 , 8854.76357942072 
 2280 , 8807.86765618657 
 2281 , 8768.45576160412 
 2282 , 8751.88727016844 
 2283 , 8751.31631657104 
 2284 , 8748.36576850278 
 2285 , 8737.22350677317 
 2286 , 8720.23937450584 
 2287 , 8707.78279106097 
 2288 , 8694.86449671452 
 2289 , 8665.98257570574 
 2290 , 8637.68325962989 
 2291 , 8625.45426733528 
 2292 , 8603.91568149028 
 2293 , 8573.18381425133 
 2294 , 8568.69090286373 
 2295 , 8569.23492299448 
 2296 , 8537.34524372032 
 2297 , 8504.68452237019 
 2298 , 8490.69460298396 
 2299 , 8467.94041800598 
 2300 , 8438.23052178718 
 2301 , 8423.88079960035 
 2302 , 8419.0440110537 
 2303 , 8410.626531395 
 2304 , 8391.22108523787 
 2305 , 8364.50646594882 
 2306 , 8343.60142720215 
 2307 , 8336.1574655147 
 2308 , 8339.60688552884 
 2309 , 8329.92518538713 
 2310 , 8299.86362889351 
 2311 , 8267.25972532151 
 2312 , 8242.90257691937 
 2313 , 8229.60349637201 
 2314 , 8218.63928454101 
 2315 , 8202.16069052845 
 2316 , 8178.93404748846 
 2317 , 8161.67577521746 
 2318 , 8164.17326070166 
 2319 , 8161.12250130763 
 2320 , 8138.5548026192 
 2321 , 8124.93756205288 
 2322 , 8120.3640953544 
 2323 , 8102.09773020306 
 2324 , 8079.48046135688 
 2325 , 8064.66487977976 
 2326 , 8048.50779482303 
 2327 , 8026.37425661553 
 2328 , 8001.77843308456 
 2329 , 7981.777200466 
 2330 , 7970.86313545093 
 2331 , 7962.37279718348 
 2332 , 7946.26944086073 
 2333 , 7913.97725644398 
 2334 , 7884.47781620391 
 2335 , 7877.26124077454 
 2336 , 7867.22400415813 
 2337 , 7844.35078769148 
 2338 , 7829.22711478638 
 2339 , 7817.37792389456 
