11-20-2017,16:47:30
Wavenumber(cm-1),Intensity
 250 , 10 
 251 , 10 
 252 , 10 
 253 , 10 
 254 , 10 
 255 , 45.015625 
 256 , 44.72265625 
 257 , 38.12109375 
 258 , 19.375 
 259 ,-1.8125 
 260 ,-10.28125 
 261 ,-1.1015625 
 262 , 11.171875 
 263 , 9.82421875 
 264 ,-6.40625 
 265 ,-20.99609375 
 266 ,-15.63671875 
 267 , 10.28125 
 268 , 50.1875 
 269 , 86.2734375 
 270 , 98.05078125 
 271 , 73.5703125 
 272 , 21.94921875 
 273 ,-19.140625 
 274 ,-17.99609375 
 275 , 21.25390625 
 276 , 70.98828125 
 277 , 108.36328125 
 278 , 138.0703125 
 279 , 169.34375 
 280 , 209.56640625 
 281 , 248.515625 
 282 , 268.7421875 
 283 , 270.578125 
 284 , 267.359375 
 285 , 272.6640625 
 286 , 292.89453125 
 287 , 330.88671875 
 288 , 380.17578125 
 289 , 414.609375 
 290 , 406.72265625 
 291 , 360.2421875 
 292 , 311.72265625 
 293 , 294.55078125 
 294 , 304.2890625 
 295 , 318.015625 
 296 , 318.80859375 
 297 , 307.07421875 
 298 , 286.3359375 
 299 , 257.04296875 
 300 , 216.8203125 
 301 , 163.57421875 
 302 , 104.6171875 
 303 , 53.62109375 
 304 , 22.078125 
 305 , 8.953125 
 306 , 9.29296875 
 307 , 16.8515625 
 308 , 26.765625 
 309 , 35.34765625 
 310 , 42.0546875 
 311 , 46.19921875 
 312 , 48.08203125 
 313 , 56.28125 
 314 , 82.625 
 315 , 132.99609375 
 316 , 199.3046875 
 317 , 271.546875 
 318 , 339.69921875 
 319 , 394.57421875 
 320 , 428.0859375 
 321 , 439.4765625 
 322 , 431.046875 
 323 , 409.41015625 
 324 , 388.25390625 
 325 , 381.2265625 
 326 , 391.3671875 
 327 , 412.46484375 
 328 , 438.0703125 
 329 , 461.8984375 
 330 , 477.6875 
 331 , 484.03125 
 332 , 492.05859375 
 333 , 514.2265625 
 334 , 546.8671875 
 335 , 569.484375 
 336 , 564.90625 
 337 , 544.703125 
 338 , 532.7109375 
 339 , 542.34375 
 340 , 559.62890625 
 341 , 566.765625 
 342 , 562.03125 
 343 , 561.28515625 
 344 , 577.41015625 
 345 , 594.15234375 
 346 , 582.07421875 
 347 , 526.8984375 
 348 , 456.40625 
 349 , 404.46484375 
 350 , 375.1875 
 351 , 339.578125 
 352 , 273.25 
 353 , 198.83984375 
 354 , 160.23046875 
 355 , 180.25390625 
 356 , 224.36328125 
 357 , 249.61328125 
 358 , 242.70703125 
 359 , 222.63671875 
 360 , 207.95703125 
 361 , 202.82421875 
 362 , 204.90625 
 363 , 214.01171875 
 364 , 236.1796875 
 365 , 277.96875 
 366 , 331.21875 
 367 , 372.02734375 
 368 , 379.671875 
 369 , 360.06640625 
 370 , 330.3359375 
 371 , 303.84375 
 372 , 284.34375 
 373 , 274.19140625 
 374 , 278.06640625 
 375 , 303.0859375 
 376 , 352.359375 
 377 , 403.46484375 
 378 , 424.33984375 
 379 , 398.46484375 
 380 , 344.08203125 
 381 , 283.80078125 
 382 , 233.75 
 383 , 203.99609375 
 384 , 201.8828125 
 385 , 222.3515625 
 386 , 256.58203125 
 387 , 295.37109375 
 388 , 327.62109375 
 389 , 342.640625 
 390 , 342.73828125 
 391 , 340.84375 
 392 , 346.93359375 
 393 , 355.07421875 
 394 , 354.4765625 
 395 , 338.46484375 
 396 , 307.703125 
 397 , 264.03125 
 398 , 213.75 
 399 , 166.1484375 
 400 , 130.0390625 
 401 , 113.2734375 
 402 , 123.5078125 
 403 , 156.4140625 
 404 , 190.21484375 
 405 , 204.59765625 
 406 , 204.24609375 
 407 , 206.5859375 
 408 , 223.3359375 
 409 , 250.25390625 
 410 , 280.78125 
 411 , 313.76953125 
 412 , 353.890625 
 413 , 402.47265625 
 414 , 437.234375 
 415 , 426.5703125 
 416 , 362.59765625 
 417 , 289.1015625 
 418 , 253.6796875 
 419 , 260.80859375 
 420 , 281.14453125 
 421 , 290.921875 
 422 , 294.02734375 
 423 , 300.63671875 
 424 , 312.2890625 
 425 , 317.37109375 
 426 , 304.6796875 
 427 , 277.07421875 
 428 , 245.8671875 
 429 , 217.46875 
 430 , 183.40234375 
 431 , 134.0546875 
 432 , 77.86328125 
 433 , 44.19140625 
 434 , 58.57421875 
 435 , 108.80859375 
 436 , 163.4609375 
 437 , 201.9921875 
 438 , 231.0703125 
 439 , 260.90234375 
 440 , 292.8125 
 441 , 322.43359375 
 442 , 346.015625 
 443 , 361 
 444 , 364.57421875 
 445 , 356.90625 
 446 , 343.5390625 
 447 , 330.12109375 
 448 , 316.80078125 
 449 , 300.30078125 
 450 , 277.6875 
 451 , 249.19921875 
 452 , 217.03515625 
 453 , 183.921875 
 454 , 151.53515625 
 455 , 121.8046875 
 456 , 100.78125 
 457 , 95.20703125 
 458 , 106.4453125 
 459 , 124.71875 
 460 , 139.61328125 
 461 , 151.08203125 
 462 , 167.35546875 
 463 , 192.9140625 
 464 , 216.125 
 465 , 221.69140625 
 466 , 204.4921875 
 467 , 172.921875 
 468 , 136.15234375 
 469 , 102.20703125 
 470 , 78.32421875 
 471 , 66.75390625 
 472 , 58.57421875 
 473 , 44.63671875 
 474 , 28.87109375 
 475 , 26.9609375 
 476 , 50.3359375 
 477 , 87.59375 
 478 , 119.5546875 
 479 , 140.86328125 
 480 , 166.57421875 
 481 , 210.33984375 
 482 , 259.109375 
 483 , 284.48046875 
 484 , 270.32421875 
 485 , 235.58203125 
 486 , 205.9453125 
 487 , 188.84375 
 488 , 176.67578125 
 489 , 164.29296875 
 490 , 157.24609375 
 491 , 161.98046875 
 492 , 179.51953125 
 493 , 205.171875 
 494 , 235.5078125 
 495 , 270.84375 
 496 , 308.43359375 
 497 , 344.6171875 
 498 , 381.0703125 
 499 , 424.29296875 
 500 , 469.8671875 
 501 , 497.6328125 
 502 , 490.61328125 
 503 , 461.28515625 
 504 , 435.59765625 
 505 , 429.66015625 
 506 , 441.35546875 
 507 , 463.8125 
 508 , 483.6953125 
 509 , 488.21875 
 510 , 471.9140625 
 511 , 440.80859375 
 512 , 400.046875 
 513 , 358.24609375 
 514 , 328.5234375 
 515 , 319.4296875 
 516 , 320.46484375 
 517 , 317.05859375 
 518 , 304.80859375 
 519 , 291.84765625 
 520 , 285.82421875 
 521 , 283.83984375 
 522 , 278.796875 
 523 , 268.515625 
 524 , 259.28515625 
 525 , 257.56640625 
 526 , 264.53515625 
 527 , 276.28125 
 528 , 288.546875 
 529 , 298.6640625 
 530 , 305.55078125 
 531 , 315.84765625 
 532 , 342.7421875 
 533 , 392.5078125 
 534 , 442.10546875 
 535 , 463.43359375 
 536 , 449.37109375 
 537 , 416.98046875 
 538 , 381.1953125 
 539 , 345.79296875 
 540 , 313.1875 
 541 , 291.796875 
 542 , 298.75390625 
 543 , 347.9453125 
 544 , 426.26953125 
 545 , 502.62109375 
 546 , 552.58984375 
 547 , 575.0859375 
 548 , 576.6328125 
 549 , 564.98046875 
 550 , 545.05859375 
 551 , 520.38671875 
 552 , 499.77734375 
 553 , 496.87890625 
 554 , 509.93359375 
 555 , 516.34765625 
 556 , 498.68359375 
 557 , 482.56640625 
 558 , 506.7109375 
 559 , 577.875 
 560 , 651.2421875 
 561 , 686.1953125 
 562 , 687.91796875 
 563 , 679.51953125 
 564 , 671.90625 
 565 , 656.35546875 
 566 , 627.42578125 
 567 , 589.4296875 
 568 , 551.8125 
 569 , 522.31640625 
 570 , 506.08984375 
 571 , 505.80078125 
 572 , 518.046875 
 573 , 538.09765625 
 574 , 565.19921875 
 575 , 595.15234375 
 576 , 614.42578125 
 577 , 616.0859375 
 578 , 609.79296875 
 579 , 608.73828125 
 580 , 609.74609375 
 581 , 601.53125 
 582 , 580.6796875 
 583 , 560.0625 
 584 , 553.71484375 
 585 , 559.52734375 
 586 , 564.95703125 
 587 , 562.9375 
 588 , 560.6171875 
 589 , 563.37109375 
 590 , 565.1171875 
 591 , 554.1953125 
 592 , 523.7109375 
 593 , 476.95703125 
 594 , 421.609375 
 595 , 369.4140625 
 596 , 332.92578125 
 597 , 316.6484375 
 598 , 303.3671875 
 599 , 274.74609375 
 600 , 232.21484375 
 601 , 197.296875 
 602 , 185.703125 
 603 , 189.7578125 
 604 , 196.3046875 
 605 , 202.21484375 
 606 , 214.36328125 
 607 , 232.61328125 
 608 , 243.14453125 
 609 , 232.1796875 
 610 , 198.69921875 
 611 , 160.7734375 
 612 , 139.8203125 
 613 , 141.25 
 614 , 157.35546875 
 615 , 179.1875 
 616 , 202.703125 
 617 , 227.53125 
 618 , 263.67578125 
 619 , 320.98828125 
 620 , 395.67578125 
 621 , 465.87109375 
 622 , 519.515625 
 623 , 564.12890625 
 624 , 615.41796875 
 625 , 676.125 
 626 , 722.671875 
 627 , 729.8046875 
 628 , 692.14453125 
 629 , 621.8046875 
 630 , 536.54296875 
 631 , 472.375 
 632 , 464.8125 
 633 , 509.28515625 
 634 , 564.078125 
 635 , 599.390625 
 636 , 619.86328125 
 637 , 630.421875 
 638 , 628.046875 
 639 , 610.78125 
 640 , 586.26953125 
 641 , 562.0078125 
 642 , 538.59765625 
 643 , 515.6796875 
 644 , 498.4609375 
 645 , 495.06640625 
 646 , 505.23828125 
 647 , 522.4609375 
 648 , 537.2890625 
 649 , 539.40234375 
 650 , 521.125 
 651 , 483.62890625 
 652 , 433.82421875 
 653 , 379.6328125 
 654 , 327.08984375 
 655 , 279.98046875 
 656 , 245.4921875 
 657 , 231.40625 
 658 , 237.08984375 
 659 , 249.1875 
 660 , 256.828125 
 661 , 262.6171875 
 662 , 273.7890625 
 663 , 290.9375 
 664 , 305.35546875 
 665 , 309.69921875 
 666 , 303 
 667 , 288.37890625 
 668 , 268.16796875 
 669 , 240.19921875 
 670 , 200.609375 
 671 , 162.609375 
 672 , 152.609375 
 673 , 185.40625 
 674 , 240.82421875 
 675 , 288.453125 
 676 , 314.87109375 
 677 , 323.9140625 
 678 , 326.1171875 
 679 , 327.40625 
 680 , 323.4296875 
 681 , 312.3203125 
 682 , 301.4296875 
 683 , 300.87890625 
 684 , 308.4296875 
 685 , 313.8046875 
 686 , 321.10546875 
 687 , 348.4140625 
 688 , 403.8125 
 689 , 459.609375 
 690 , 480.94140625 
 691 , 465.05078125 
 692 , 431.81640625 
 693 , 399.21875 
 694 , 372.30078125 
 695 , 352.74609375 
 696 , 343.9296875 
 697 , 353.55859375 
 698 , 389.35546875 
 699 , 448.37890625 
 700 , 517.84765625 
 701 , 575.4140625 
 702 , 597.02734375 
 703 , 575.9140625 
 704 , 535.81640625 
 705 , 502.921875 
 706 , 486.984375 
 707 , 486.94921875 
 708 , 495.12109375 
 709 , 497.7578125 
 710 , 490.3515625 
 711 , 482.14453125 
 712 , 481.0234375 
 713 , 481.171875 
 714 , 471.0703125 
 715 , 452.02734375 
 716 , 436.0625 
 717 , 430.6875 
 718 , 422.7265625 
 719 , 381.859375 
 720 , 290.5625 
 721 , 186.5859375 
 722 , 126.33203125 
 723 , 124.796875 
 724 , 140.70703125 
 725 , 140.9375 
 726 , 138.99609375 
 727 , 162.5234375 
 728 , 208.0625 
 729 , 233.3203125 
 730 , 204.8828125 
 731 , 144.19140625 
 732 , 91.0234375 
 733 , 66.59765625 
 734 , 67.7578125 
 735 , 85.83984375 
 736 , 110.70703125 
 737 , 136.12890625 
 738 , 162.4296875 
 739 , 190.30078125 
 740 , 212.91796875 
 741 , 227.375 
 742 , 240.3203125 
 743 , 259.24609375 
 744 , 281.41796875 
 745 , 296.2421875 
 746 , 305.09375 
 747 , 319.62109375 
 748 , 350.0703125 
 749 , 396.7265625 
 750 , 444.6015625 
 751 , 465.6171875 
 752 , 441.96875 
 753 , 392.90234375 
 754 , 354.1875 
 755 , 338.8828125 
 756 , 326.9609375 
 757 , 302.30078125 
 758 , 274.03125 
 759 , 259.94140625 
 760 , 264.28515625 
 761 , 279.734375 
 762 , 303.01171875 
 763 , 334.921875 
 764 , 373.77734375 
 765 , 405.015625 
 766 , 403.59375 
 767 , 357.71484375 
 768 , 298.73828125 
 769 , 267.87109375 
 770 , 274.38671875 
 771 , 296.90234375 
 772 , 321.7890625 
 773 , 335.7421875 
 774 , 317.85546875 
 775 , 260.68359375 
 776 , 183.21875 
 777 , 116.6171875 
 778 , 88.87890625 
 779 , 115.70703125 
 780 , 171.8203125 
 781 , 209.17578125 
 782 , 204.08203125 
 783 , 176.8046875 
 784 , 148.57421875 
 785 , 124.49609375 
 786 , 104.046875 
 787 , 87.953125 
 788 , 69.390625 
 789 , 41.72265625 
 790 , 18.390625 
 791 , 22.125 
 792 , 59.84375 
 793 , 115.96484375 
 794 , 178.59765625 
 795 , 240.56640625 
 796 , 290.00390625 
 797 , 314.625 
 798 , 315.5703125 
 799 , 304.4140625 
 800 , 289.18359375 
 801 , 269.36328125 
 802 , 244.13671875 
 803 , 223.52734375 
 804 , 223.7421875 
 805 , 240.2421875 
 806 , 256.99609375 
 807 , 263.21484375 
 808 , 258.73828125 
 809 , 246.93359375 
 810 , 227.28125 
 811 , 200.1796875 
 812 , 181.03515625 
 813 , 191.2109375 
 814 , 230.47265625 
 815 , 269.7109375 
 816 , 285.67578125 
 817 , 287.7421875 
 818 , 292.81640625 
 819 , 305.25390625 
 820 , 321.45703125 
 821 , 341.5078125 
 822 , 360.35546875 
 823 , 370.01171875 
 824 , 371.00390625 
 825 , 372.53515625 
 826 , 379.33984375 
 827 , 381.28125 
 828 , 366.5625 
 829 , 347.71875 
 830 , 351.42578125 
 831 , 388.9765625 
 832 , 443.36328125 
 833 , 492.5703125 
 834 , 513.12890625 
 835 , 485.3203125 
 836 , 425.9609375 
 837 , 384.0390625 
 838 , 389.671875 
 839 , 417.03515625 
 840 , 432.671875 
 841 , 428.640625 
 842 , 411.859375 
 843 , 384.203125 
 844 , 346.31640625 
 845 , 304.5 
 846 , 281.38671875 
 847 , 303.34765625 
 848 , 363.3125 
 849 , 412.82421875 
 850 , 414.03515625 
 851 , 384.8125 
 852 , 356.92578125 
 853 , 340.671875 
 854 , 328.6796875 
 855 , 317.06640625 
 856 , 306.27734375 
 857 , 295.546875 
 858 , 282.421875 
 859 , 265.37109375 
 860 , 250.96484375 
 861 , 257.70703125 
 862 , 299.63671875 
 863 , 358.3515625 
 864 , 404.23828125 
 865 , 426.99609375 
 866 , 438.21484375 
 867 , 445.28125 
 868 , 441.3515625 
 869 , 420.58203125 
 870 , 396.7265625 
 871 , 392.51953125 
 872 , 419.2109375 
 873 , 474.73828125 
 874 , 557.609375 
 875 , 657.10546875 
 876 , 755.015625 
 877 , 837.08984375 
 878 , 904.20703125 
 879 , 966.7578125 
 880 , 1038.85546875 
 881 , 1129.1328125 
 882 , 1223.62109375 
 883 , 1297.87109375 
 884 , 1341.609375 
 885 , 1367.140625 
 886 , 1382.75 
 887 , 1362.625 
 888 , 1269.21875 
 889 , 1111.72265625 
 890 , 955.52734375 
 891 , 849.31640625 
 892 , 768.79296875 
 893 , 675.61328125 
 894 , 565.53515625 
 895 , 458.20703125 
 896 , 368.6328125 
 897 , 299.40625 
 898 , 249.68359375 
 899 , 209.98046875 
 900 , 168.07421875 
 901 , 122.5859375 
 902 , 82.79296875 
 903 , 56.4765625 
 904 , 37.21484375 
 905 , 16.77734375 
 906 , 5.66796875 
 907 , 27.15234375 
 908 , 83.13671875 
 909 , 134.49609375 
 910 , 144.5859375 
 911 , 125.28515625 
 912 , 106.58203125 
 913 , 103.2734375 
 914 , 107.66796875 
 915 , 111.6171875 
 916 , 114.09375 
 917 , 116.625 
 918 , 117.578125 
 919 , 111.37109375 
 920 , 99.8984375 
 921 , 101.375 
 922 , 130.15625 
 923 , 164.5 
 924 , 171.9609375 
 925 , 150.0390625 
 926 , 124.515625 
 927 , 115.375 
 928 , 121.42578125 
 929 , 135.9296875 
 930 , 147.42578125 
 931 , 145.58984375 
 932 , 136.83203125 
 933 , 141.59375 
 934 , 167.5 
 935 , 179.28125 
 936 , 141.8828125 
 937 , 72.3046875 
 938 , 16.28515625 
 939 ,-2.69921875 
 940 , 4.76953125 
 941 , 26.453125 
 942 , 52.9921875 
 943 , 76.25390625 
 944 , 90.4609375 
 945 , 88.3203125 
 946 , 71.6015625 
 947 , 57.9609375 
 948 , 64.890625 
 949 , 86.5390625 
 950 , 105.6015625 
 951 , 116.28515625 
 952 , 129.328125 
 953 , 152.83203125 
 954 , 180.8984375 
 955 , 205.45703125 
 956 , 223.421875 
 957 , 233.8046875 
 958 , 238.953125 
 959 , 247.58203125 
 960 , 264.3515625 
 961 , 271.234375 
 962 , 246.2890625 
 963 , 199.27734375 
 964 , 162.375 
 965 , 148.75390625 
 966 , 139.21484375 
 967 , 116.91796875 
 968 , 88.25 
 969 , 65.34765625 
 970 , 52.50390625 
 971 , 49.83203125 
 972 , 57.7265625 
 973 , 72.2265625 
 974 , 87.61328125 
 975 , 97.20703125 
 976 , 95.33203125 
 977 , 88.140625 
 978 , 92.8671875 
 979 , 119.25 
 980 , 158.515625 
 981 , 199.078125 
 982 , 228.72265625 
 983 , 235.13671875 
 984 , 216.046875 
 985 , 181.25390625 
 986 , 142.19921875 
 987 , 109.51953125 
 988 , 91.5078125 
 989 , 86.078125 
 990 , 87.171875 
 991 , 89.83203125 
 992 , 88.2578125 
 993 , 79.734375 
 994 , 77.22265625 
 995 , 96.5078125 
 996 , 133.9921875 
 997 , 173.0234375 
 998 , 217.94921875 
 999 , 307.3828125 
 1000 , 466.84375 
 1001 , 655.68359375 
 1002 , 822.21875 
 1003 , 988.8359375 
 1004 , 1227.16796875 
 1005 , 1538.0703125 
 1006 , 1804.34765625 
 1007 , 1921.44921875 
 1008 , 1883.34765625 
 1009 , 1710.33203125 
 1010 , 1432.37890625 
 1011 , 1089.44140625 
 1012 , 740.0703125 
 1013 , 470.51171875 
 1014 , 342.48828125 
 1015 , 301.5546875 
 1016 , 265.4140625 
 1017 , 206.1796875 
 1018 , 133.9765625 
 1019 , 64.18359375 
 1020 , 21.15625 
 1021 , 22.9375 
 1022 , 51.9609375 
 1023 , 81.22265625 
 1024 , 102.1484375 
 1025 , 120.2421875 
 1026 , 137.34765625 
 1027 , 150.140625 
 1028 , 157.03515625 
 1029 , 160.58203125 
 1030 , 163.2421875 
 1031 , 167.9296875 
 1032 , 179.265625 
 1033 , 201.42578125 
 1034 , 236.32421875 
 1035 , 282.4921875 
 1036 , 327.8125 
 1037 , 358.796875 
 1038 , 374.4609375 
 1039 , 381.80859375 
 1040 , 385.34375 
 1041 , 385.5 
 1042 , 381.40625 
 1043 , 369.12109375 
 1044 , 345.58203125 
 1045 , 322.03125 
 1046 , 317.4453125 
 1047 , 333.0703125 
 1048 , 345.765625 
 1049 , 344.984375 
 1050 , 370.15234375 
 1051 , 462.6796875 
 1052 , 579.0234375 
 1053 , 630.1796875 
 1054 , 590.53125 
 1055 , 516.3359375 
 1056 , 456.3203125 
 1057 , 419.109375 
 1058 , 404.640625 
 1059 , 406.05078125 
 1060 , 413.75 
 1061 , 422.70703125 
 1062 , 432.5546875 
 1063 , 445.85546875 
 1064 , 473.1015625 
 1065 , 521.37109375 
 1066 , 566.08203125 
 1067 , 571.4765625 
 1068 , 534.15234375 
 1069 , 480.3203125 
 1070 , 429.22265625 
 1071 , 383.16015625 
 1072 , 341.69140625 
 1073 , 301.30078125 
 1074 , 258.27734375 
 1075 , 222.46484375 
 1076 , 214.04296875 
 1077 , 236.89453125 
 1078 , 266.43359375 
 1079 , 282.31640625 
 1080 , 293.3984375 
 1081 , 315.44140625 
 1082 , 356.33203125 
 1083 , 418.21484375 
 1084 , 486.390625 
 1085 , 524.421875 
 1086 , 511.921875 
 1087 , 481.8515625 
 1088 , 472.27734375 
 1089 , 482.703125 
 1090 , 495.2265625 
 1091 , 503.13671875 
 1092 , 511.6953125 
 1093 , 521.234375 
 1094 , 519.265625 
 1095 , 493.6640625 
 1096 , 444.87890625 
 1097 , 378.6328125 
 1098 , 314.05859375 
 1099 , 280.12109375 
 1100 , 286.65625 
 1101 , 311.36328125 
 1102 , 330.82421875 
 1103 , 329.48046875 
 1104 , 296.05078125 
 1105 , 240.875 
 1106 , 185.8046875 
 1107 , 145.140625 
 1108 , 124.12109375 
 1109 , 122.36328125 
 1110 , 126.09375 
 1111 , 123.03515625 
 1112 , 123.3046875 
 1113 , 143.84375 
 1114 , 174.87109375 
 1115 , 184.7421875 
 1116 , 162.13671875 
 1117 , 132.3125 
 1118 , 116.25390625 
 1119 , 103.87890625 
 1120 , 79.54296875 
 1121 , 47.734375 
 1122 , 22.1640625 
 1123 , 8.96875 
 1124 , 7.60546875 
 1125 , 17.73046875 
 1126 , 34.91015625 
 1127 , 52.91015625 
 1128 , 66.33984375 
 1129 , 70.2265625 
 1130 , 62.8515625 
 1131 , 38.734375 
 1132 , 5.6640625 
 1133 ,-2.44921875 
 1134 , 35.8671875 
 1135 , 86.41015625 
 1136 , 107.49609375 
 1137 , 106.5234375 
 1138 , 113.83984375 
 1139 , 130.33203125 
 1140 , 129.24609375 
 1141 , 100.859375 
 1142 , 80.35546875 
 1143 , 95.5234375 
 1144 , 117.47265625 
 1145 , 106.19921875 
 1146 , 71.62109375 
 1147 , 53.00390625 
 1148 , 58.28125 
 1149 , 58.11328125 
 1150 , 39.0703125 
 1151 , 29.51953125 
 1152 , 55.359375 
 1153 , 101.13671875 
 1154 , 140.7109375 
 1155 , 161.21484375 
 1156 , 154.23828125 
 1157 , 128.60546875 
 1158 , 126.984375 
 1159 , 179.28125 
 1160 , 257.86328125 
 1161 , 324.1953125 
 1162 , 355.16015625 
 1163 , 337.1015625 
 1164 , 286.3203125 
 1165 , 246.0703125 
 1166 , 240.93359375 
 1167 , 254.75390625 
 1168 , 269.51953125 
 1169 , 286.640625 
 1170 , 314.22265625 
 1171 , 357.07421875 
 1172 , 416.796875 
 1173 , 485.3203125 
 1174 , 543.015625 
 1175 , 570.4765625 
 1176 , 554.24609375 
 1177 , 493.2578125 
 1178 , 428.45703125 
 1179 , 404.859375 
 1180 , 417.7421875 
 1181 , 438.80078125 
 1182 , 459.83203125 
 1183 , 489.0859375 
 1184 , 520.84375 
 1185 , 525.7734375 
 1186 , 487.484375 
 1187 , 448.14453125 
 1188 , 456.40234375 
 1189 , 491.46484375 
 1190 , 497.46484375 
 1191 , 461.296875 
 1192 , 416.03125 
 1193 , 387.2109375 
 1194 , 375.015625 
 1195 , 378.30859375 
 1196 , 413.83203125 
 1197 , 499.15625 
 1198 , 591.72265625 
 1199 , 617.1328125 
 1200 , 572.6953125 
 1201 , 533.390625 
 1202 , 539.15625 
 1203 , 548.59765625 
 1204 , 520.5390625 
 1205 , 458.984375 
 1206 , 381.8046875 
 1207 , 317.1875 
 1208 , 294.9921875 
 1209 , 307.92578125 
 1210 , 315.86328125 
 1211 , 294.64453125 
 1212 , 258.1875 
 1213 , 225.3359375 
 1214 , 195.19921875 
 1215 , 157.23828125 
 1216 , 114.5234375 
 1217 , 83.64453125 
 1218 , 88.63671875 
 1219 , 153.5859375 
 1220 , 256.10546875 
 1221 , 306.2109375 
 1222 , 256.9765625 
 1223 , 148.33203125 
 1224 , 34.00390625 
 1225 ,-16.87109375 
 1226 , 59.03515625 
 1227 , 195.83984375 
 1228 , 251.26953125 
 1229 , 195.01953125 
 1230 , 128.32421875 
 1231 , 111.73828125 
 1232 , 107.890625 
 1233 , 71.71875 
 1234 , 32.50390625 
 1235 , 33.2734375 
 1236 , 65.8203125 
 1237 , 102.50390625 
 1238 , 133.2265625 
 1239 , 154.34765625 
 1240 , 162.72265625 
 1241 , 170.97265625 
 1242 , 190.51953125 
 1243 , 196.2265625 
 1244 , 157.4921875 
 1245 , 117.640625 
 1246 , 153.72265625 
 1247 , 257.328125 
 1248 , 351.7734375 
 1249 , 396.45703125 
 1250 , 403.59375 
 1251 , 389.34375 
 1252 , 367.609375 
 1253 , 348.79296875 
 1254 , 328.2109375 
 1255 , 296.609375 
 1256 , 257.90234375 
 1257 , 225.6875 
 1258 , 199.48828125 
 1259 , 164.15234375 
 1260 , 120.7578125 
 1261 , 94.92578125 
 1262 , 101.953125 
 1263 , 125.71875 
 1264 , 147.50390625 
 1265 , 162.98046875 
 1266 , 173.60546875 
 1267 , 170.4140625 
 1268 , 132.79296875 
 1269 , 68.24609375 
 1270 , 24.0234375 
 1271 , 25.81640625 
 1272 , 39.890625 
 1273 , 31.3359375 
 1274 , 14.51171875 
 1275 , 19.54296875 
 1276 , 41.58984375 
 1277 , 51.54296875 
 1278 , 40.25 
 1279 , 24.18359375 
 1280 , 24.203125 
 1281 , 52.50390625 
 1282 , 105.8125 
 1283 , 162.12109375 
 1284 , 204.921875 
 1285 , 240.4765625 
 1286 , 279.05859375 
 1287 , 315.546875 
 1288 , 337.48046875 
 1289 , 352.66015625 
 1290 , 384.50390625 
 1291 , 420.4296875 
 1292 , 403.64453125 
 1293 , 313.3046875 
 1294 , 202.625 
 1295 , 121.1484375 
 1296 , 82.08203125 
 1297 , 88.515625 
 1298 , 113.375 
 1299 , 117.94140625 
 1300 , 103.30078125 
 1301 , 99.484375 
 1302 , 117.91796875 
 1303 , 143.33203125 
 1304 , 158.5078125 
 1305 , 157.1484375 
 1306 , 141.86328125 
 1307 , 120.35546875 
 1308 , 97.3125 
 1309 , 80.77734375 
 1310 , 79.87890625 
 1311 , 87.91796875 
 1312 , 91.44140625 
 1313 , 89.90234375 
 1314 , 93.56640625 
 1315 , 104.17578125 
 1316 , 113.82421875 
 1317 , 121.5703125 
 1318 , 136.28125 
 1319 , 162.53515625 
 1320 , 195.7890625 
 1321 , 231.08984375 
 1322 , 256.58984375 
 1323 , 255.859375 
 1324 , 231.5703125 
 1325 , 205.82421875 
 1326 , 193.46484375 
 1327 , 192.9609375 
 1328 , 198.54296875 
 1329 , 206.2421875 
 1330 , 217.453125 
 1331 , 241.22265625 
 1332 , 282.046875 
 1333 , 319.98046875 
 1334 , 330.5234375 
 1335 , 324.55859375 
 1336 , 330.5546875 
 1337 , 354.08203125 
 1338 , 382.93359375 
 1339 , 405.8828125 
 1340 , 414.62109375 
 1341 , 408.04296875 
 1342 , 398.03515625 
 1343 , 396.66015625 
 1344 , 408.60546875 
 1345 , 431.87890625 
 1346 , 450.890625 
 1347 , 450.3671875 
 1348 , 437.5546875 
 1349 , 432.8046875 
 1350 , 448.96875 
 1351 , 487.5234375 
 1352 , 534.67578125 
 1353 , 564.0859375 
 1354 , 567.328125 
 1355 , 563.515625 
 1356 , 563.73828125 
 1357 , 558.07421875 
 1358 , 540.13671875 
 1359 , 522.1484375 
 1360 , 516.125 
 1361 , 509.05078125 
 1362 , 481.4140625 
 1363 , 437.95703125 
 1364 , 395.3671875 
 1365 , 365.18359375 
 1366 , 362.0625 
 1367 , 391.2890625 
 1368 , 428.03125 
 1369 , 444.2265625 
 1370 , 427.16796875 
 1371 , 378.98828125 
 1372 , 338.9140625 
 1373 , 346.1015625 
 1374 , 380.078125 
 1375 , 393.81640625 
 1376 , 379.47265625 
 1377 , 365.515625 
 1378 , 361.1171875 
 1379 , 342.76171875 
 1380 , 299.83984375 
 1381 , 253.203125 
 1382 , 219.71875 
 1383 , 191.421875 
 1384 , 161.53515625 
 1385 , 156.76953125 
 1386 , 204.85546875 
 1387 , 260.1015625 
 1388 , 254.5390625 
 1389 , 190.7578125 
 1390 , 109.48828125 
 1391 , 44.73046875 
 1392 , 20.48046875 
 1393 , 39.3359375 
 1394 , 85.9453125 
 1395 , 142.74609375 
 1396 , 180.82421875 
 1397 , 179.66015625 
 1398 , 158.4375 
 1399 , 142.15625 
 1400 , 127.328125 
 1401 , 100.52734375 
 1402 , 67.39453125 
 1403 , 45.86328125 
 1404 , 36.734375 
 1405 , 19.5234375 
 1406 ,-5.09765625 
 1407 ,-11.5625 
 1408 , 12.5234375 
 1409 , 54.98828125 
 1410 , 98.6015625 
 1411 , 130.24609375 
 1412 , 147.84375 
 1413 , 166.5234375 
 1414 , 195.171875 
 1415 , 231.9140625 
 1416 , 282.52734375 
 1417 , 329.15234375 
 1418 , 337.453125 
 1419 , 313.140625 
 1420 , 295.59375 
 1421 , 293.4765625 
 1422 , 274.62890625 
 1423 , 235.03125 
 1424 , 222.96875 
 1425 , 258.01171875 
 1426 , 290.48046875 
 1427 , 283.60546875 
 1428 , 264.65625 
 1429 , 267.41796875 
 1430 , 292.8203125 
 1431 , 328.1953125 
 1432 , 358.5859375 
 1433 , 374.69921875 
 1434 , 381.984375 
 1435 , 386.9296875 
 1436 , 386.234375 
 1437 , 375.41796875 
 1438 , 359.09375 
 1439 , 349.31640625 
 1440 , 346.5390625 
 1441 , 333.578125 
 1442 , 312.4609375 
 1443 , 322.3515625 
 1444 , 384.46484375 
 1445 , 467.15234375 
 1446 , 538.078125 
 1447 , 589.51953125 
 1448 , 618.515625 
 1449 , 624.7890625 
 1450 , 615.984375 
 1451 , 621.734375 
 1452 , 669.13671875 
 1453 , 749.30078125 
 1454 , 844.61328125 
 1455 , 931.30859375 
 1456 , 970.01171875 
 1457 , 967.03125 
 1458 , 989.0390625 
 1459 , 1051.32421875 
 1460 , 1074.15234375 
 1461 , 1013.37890625 
 1462 , 928.83203125 
 1463 , 873.7265625 
 1464 , 833.44921875 
 1465 , 782.39453125 
 1466 , 712.3046875 
 1467 , 627.93359375 
 1468 , 553.5546875 
 1469 , 508.43359375 
 1470 , 471.8515625 
 1471 , 411.68359375 
 1472 , 340.20703125 
 1473 , 296.01171875 
 1474 , 284.87109375 
 1475 , 283.38671875 
 1476 , 287.2578125 
 1477 , 316.04296875 
 1478 , 362.828125 
 1479 , 379.953125 
 1480 , 348.91015625 
 1481 , 311.796875 
 1482 , 297.125 
 1483 , 285.12109375 
 1484 , 258.16015625 
 1485 , 225.5546875 
 1486 , 199.578125 
 1487 , 184.13671875 
 1488 , 181.7421875 
 1489 , 204.29296875 
 1490 , 262.2578125 
 1491 , 324.3671875 
 1492 , 342.984375 
 1493 , 321.75 
 1494 , 298.0078125 
 1495 , 287.9375 
 1496 , 286.2265625 
 1497 , 289.44921875 
 1498 , 300.1640625 
 1499 , 307.10546875 
 1500 , 280.5078125 
 1501 , 219.43359375 
 1502 , 168.23828125 
 1503 , 154.73046875 
 1504 , 170.0546875 
 1505 , 201.07421875 
 1506 , 224.38671875 
 1507 , 216.8671875 
 1508 , 185.10546875 
 1509 , 144.65234375 
 1510 , 101.91015625 
 1511 , 58.73046875 
 1512 , 20.17578125 
 1513 ,-2.640625 
 1514 ,-2.96875 
 1515 , 17.1953125 
 1516 , 45.6328125 
 1517 , 66.7421875 
 1518 , 69.76953125 
 1519 , 48.9453125 
 1520 , 21.28125 
 1521 , 19.29296875 
 1522 , 47.20703125 
 1523 , 81.046875 
 1524 , 108.0546875 
 1525 , 134.17578125 
 1526 , 155.1484375 
 1527 , 143.39453125 
 1528 , 91.97265625 
 1529 , 56.640625 
 1530 , 80.9296875 
 1531 , 127.71875 
 1532 , 153.1640625 
 1533 , 167.3984375 
 1534 , 194.14453125 
 1535 , 232.28125 
 1536 , 267.03515625 
 1537 , 288.0546875 
 1538 , 291.234375 
 1539 , 277.69921875 
 1540 , 251.82421875 
 1541 , 221.40625 
 1542 , 197.8515625 
 1543 , 184.51953125 
 1544 , 173.90234375 
 1545 , 159.75 
 1546 , 141.24609375 
 1547 , 118.2265625 
 1548 , 85.90625 
 1549 , 48.50390625 
 1550 , 30.58203125 
 1551 , 45.96875 
 1552 , 82.109375 
 1553 , 122.28515625 
 1554 , 149.1640625 
 1555 , 159.3828125 
 1556 , 178.609375 
 1557 , 217.47265625 
 1558 , 242.6796875 
 1559 , 229.5625 
 1560 , 197.71875 
 1561 , 175.0078125 
 1562 , 179.16015625 
 1563 , 213.125 
 1564 , 249.12109375 
 1565 , 261.0078125 
 1566 , 242.6875 
 1567 , 196.3359375 
 1568 , 169.015625 
 1569 , 214.2734375 
 1570 , 291.859375 
 1571 , 329.765625 
 1572 , 337.078125 
 1573 , 359.203125 
 1574 , 376.74609375 
 1575 , 336.40625 
 1576 , 251.625 
 1577 , 176.94921875 
 1578 , 135.6484375 
 1579 , 130.234375 
 1580 , 154.21875 
 1581 , 189.2109375 
 1582 , 217.99609375 
 1583 , 230.16796875 
 1584 , 234.77734375 
 1585 , 256.421875 
 1586 , 294.69921875 
 1587 , 321.7421875 
 1588 , 328.3671875 
 1589 , 329.54296875 
 1590 , 337.203125 
 1591 , 365.3515625 
 1592 , 410.9609375 
 1593 , 422.12109375 
 1594 , 373.15625 
 1595 , 325.89453125 
 1596 , 330.25390625 
 1597 , 359.828125 
 1598 , 380.58984375 
 1599 , 388.28515625 
 1600 , 388.05078125 
 1601 , 387.72265625 
 1602 , 396.87109375 
 1603 , 425.484375 
 1604 , 475.2109375 
 1605 , 523.046875 
 1606 , 550.359375 
 1607 , 574.76953125 
 1608 , 612.265625 
 1609 , 636.0703125 
 1610 , 616.28515625 
 1611 , 570.0078125 
 1612 , 526.88671875 
 1613 , 497.828125 
 1614 , 486.01953125 
 1615 , 480.76953125 
 1616 , 465.046875 
 1617 , 432.66015625 
 1618 , 387.46875 
 1619 , 347.8046875 
 1620 , 329.8671875 
 1621 , 317.03515625 
 1622 , 283.17578125 
 1623 , 233.5078125 
 1624 , 188.6640625 
 1625 , 163.6953125 
 1626 , 171.94140625 
 1627 , 196.44921875 
 1628 , 192.33984375 
 1629 , 158.171875 
 1630 , 135.8203125 
 1631 , 132.3359375 
 1632 , 119.30078125 
 1633 , 97.54296875 
 1634 , 98.796875 
 1635 , 125.54296875 
 1636 , 141.046875 
 1637 , 132.82421875 
 1638 , 129.97265625 
 1639 , 143.9375 
 1640 , 150.83984375 
 1641 , 144.90625 
 1642 , 154.27734375 
 1643 , 181.14453125 
 1644 , 181.77734375 
 1645 , 142.98046875 
 1646 , 110.78125 
 1647 , 110.56640625 
 1648 , 123.20703125 
 1649 , 134.0625 
 1650 , 140.54296875 
 1651 , 144.3203125 
 1652 , 152.58984375 
 1653 , 165.94140625 
 1654 , 171.5390625 
 1655 , 158.0078125 
 1656 , 128.50390625 
 1657 , 95.55078125 
 1658 , 72.33203125 
 1659 , 63.66796875 
 1660 , 69.69140625 
 1661 , 84.59375 
 1662 , 82.484375 
 1663 , 52.783203125 
 1664 , 30.544921875 
 1665 , 36.439453125 
 1666 , 43.05078125 
 1667 , 38.0390625 
 1668 , 53.05078125 
 1669 , 98.298828125 
 1670 , 129.56640625 
 1671 , 121.21875 
 1672 , 102.677734375 
 1673 , 95.083984375 
 1674 , 83.7109375 
 1675 , 62.876953125 
 1676 , 62.296875 
 1677 , 94.556640625 
 1678 , 113.01953125 
 1679 , 93.228515625 
 1680 , 94.001953125 
 1681 , 150.8125 
 1682 , 204.69140625 
 1683 , 208.279296875 
 1684 , 180.08203125 
 1685 , 144.02734375 
 1686 , 117.37109375 
 1687 , 111.103515625 
 1688 , 110.478515625 
 1689 , 97.041015625 
 1690 , 71.548828125 
 1691 , 45.951171875 
 1692 , 30.728515625 
 1693 , 27.23046875 
 1694 , 37.77734375 
 1695 , 64.666015625 
 1696 , 87.056640625 
 1697 , 90.423828125 
 1698 , 100.98046875 
 1699 , 134.2890625 
 1700 , 159.578125 
 1701 , 155.30078125 
 1702 , 141.6953125 
 1703 , 133.78515625 
 1704 , 116.43359375 
 1705 , 83.537109375 
 1706 , 43.20703125 
 1707 , 6.849609375 
 1708 ,-3.1171875 
 1709 , 20.26953125 
 1710 , 41.263671875 
 1711 , 40.171875 
 1712 , 47.75 
 1713 , 75.25 
 1714 , 81.04296875 
 1715 , 49.6171875 
 1716 , 21.1953125 
 1717 , 22.125 
 1718 , 35.134765625 
 1719 , 44.400390625 
 1720 , 44.314453125 
 1721 , 41.27734375 
 1722 , 62.466796875 
 1723 , 113.232421875 
 1724 , 162.935546875 
 1725 , 189.455078125 
 1726 , 186.263671875 
 1727 , 162.826171875 
 1728 , 147.33203125 
 1729 , 142.958984375 
 1730 , 122.98046875 
 1731 , 84.3203125 
 1732 , 49.943359375 
 1733 , 31.310546875 
 1734 , 34.48828125 
 1735 , 59.296875 
 1736 , 84.32421875 
 1737 , 99.171875 
 1738 , 118.005859375 
 1739 , 135.4453125 
 1740 , 120.58203125 
 1741 , 86.24609375 
 1742 , 86.30078125 
 1743 , 120.421875 
 1744 , 142.783203125 
 1745 , 139.70703125 
 1746 , 120.916015625 
 1747 , 99.01171875 
 1748 , 93.462890625 
 1749 , 104.822265625 
 1750 , 115.90625 
 1751 , 121.431640625 
 1752 , 125.796875 
 1753 , 130.001953125 
 1754 , 133.927734375 
 1755 , 145.921875 
 1756 , 175.302734375 
 1757 , 212.3671875 
 1758 , 242.884765625 
 1759 , 261.8125 
 1760 , 266.623046875 
 1761 , 280.5390625 
 1762 , 324.62109375 
 1763 , 331.962890625 
 1764 , 233.408203125 
 1765 , 111.814453125 
 1766 , 73.74609375 
 1767 , 104.701171875 
 1768 , 157.359375 
 1769 , 190.482421875 
 1770 , 178.931640625 
 1771 , 158.84375 
 1772 , 163.66015625 
 1773 , 172.833984375 
 1774 , 170.544921875 
 1775 , 178.458984375 
 1776 , 206.263671875 
 1777 , 226.537109375 
 1778 , 219.306640625 
 1779 , 182.55859375 
 1780 , 127.322265625 
 1781 , 96.455078125 
 1782 , 110.720703125 
 1783 , 138.908203125 
 1784 , 159.115234375 
 1785 , 172.96875 
 1786 , 178.8046875 
 1787 , 166.705078125 
 1788 , 132.513671875 
 1789 , 76.951171875 
 1790 , 20.26953125 
 1791 , 5.365234375 
 1792 , 25.59375 
 1793 , 29.78125 
 1794 , 21.958984375 
 1795 , 44.306640625 
 1796 , 96.177734375 
 1797 , 149.66796875 
 1798 , 186.87109375 
 1799 , 196.662109375 
 1800 , 214.771484375 
 1801 , 288.77734375 
 1802 , 363.189453125 
 1803 , 352.056640625 
 1804 , 264.296875 
 1805 , 147.978515625 
 1806 , 54.890625 
 1807 , 20.83984375 
 1808 , 25.81640625 
 1809 , 41.33203125 
 1810 , 47.6328125 
 1811 , 35.361328125 
 1812 , 31.9765625 
 1813 , 59.28515625 
 1814 , 97.0625 
 1815 , 126.25 
 1816 , 155.16796875 
 1817 , 190.396484375 
 1818 , 218.849609375 
 1819 , 223.90625 
 1820 , 196.654296875 
 1821 , 151.365234375 
 1822 , 123.70703125 
 1823 , 119.97265625 
 1824 , 117.052734375 
 1825 , 111.8828125 
 1826 , 120.310546875 
 1827 , 145.78125 
 1828 , 178.2109375 
 1829 , 205.076171875 
 1830 , 215.90625 
 1831 , 201.2890625 
 1832 , 157.771484375 
 1833 , 114.03515625 
 1834 , 100.6953125 
 1835 , 103.51953125 
 1836 , 105.994140625 
 1837 , 131.234375 
 1838 , 189.650390625 
 1839 , 224.40625 
 1840 , 202.8515625 
 1841 , 186.482421875 
 1842 , 211.814453125 
 1843 , 235.2734375 
 1844 , 227.306640625 
 1845 , 199.310546875 
 1846 , 172.404296875 
 1847 , 173.75390625 
 1848 , 194.044921875 
 1849 , 183.8359375 
 1850 , 158.158203125 
 1851 , 187.8515625 
 1852 , 246.392578125 
 1853 , 241.8359375 
 1854 , 188.55859375 
 1855 , 159.208984375 
 1856 , 151.212890625 
 1857 , 131.837890625 
 1858 , 117.5703125 
 1859 , 133.0234375 
 1860 , 150.794921875 
 1861 , 139.689453125 
 1862 , 115.974609375 
 1863 , 106.72265625 
 1864 , 133.861328125 
 1865 , 194.595703125 
 1866 , 241.05859375 
 1867 , 243.75390625 
 1868 , 206.802734375 
 1869 , 152.3515625 
 1870 , 128.623046875 
 1871 , 144.34765625 
 1872 , 158.263671875 
 1873 , 157.197265625 
 1874 , 161.400390625 
 1875 , 179.537109375 
 1876 , 201.185546875 
 1877 , 197.275390625 
 1878 , 146.81640625 
 1879 , 84.8125 
 1880 , 51.916015625 
 1881 , 52.01953125 
 1882 , 77.517578125 
 1883 , 100.1015625 
 1884 , 100.556640625 
 1885 , 95.544921875 
 1886 , 98.1171875 
 1887 , 105.037109375 
 1888 , 115.837890625 
 1889 , 137.22265625 
 1890 , 175.84765625 
 1891 , 237.791015625 
 1892 , 288.63671875 
 1893 , 263.021484375 
 1894 , 185.681640625 
 1895 , 137.0625 
 1896 , 144.6015625 
 1897 , 198.208984375 
 1898 , 236.40234375 
 1899 , 204.30859375 
 1900 , 149.0234375 
 1901 , 124.6796875 
 1902 , 121.638671875 
 1903 , 125.166015625 
 1904 , 138.388671875 
 1905 , 153.62890625 
 1906 , 140.69140625 
 1907 , 109.97265625 
 1908 , 121.46484375 
 1909 , 175.015625 
 1910 , 216.07421875 
 1911 , 223.181640625 
 1912 , 198.265625 
 1913 , 180.58203125 
 1914 , 221.79296875 
 1915 , 274.517578125 
 1916 , 264.91796875 
 1917 , 204.1640625 
 1918 , 135.107421875 
 1919 , 112.21875 
 1920 , 153.015625 
 1921 , 189.064453125 
 1922 , 171.9609375 
 1923 , 110.87109375 
 1924 , 50.8046875 
 1925 , 65.982421875 
 1926 , 137.322265625 
 1927 , 168.794921875 
 1928 , 154.607421875 
 1929 , 142.5546875 
 1930 , 142.162109375 
 1931 , 148.884765625 
 1932 , 155.09765625 
 1933 , 155.125 
 1934 , 165.564453125 
 1935 , 189.302734375 
 1936 , 177.357421875 
 1937 , 117.154296875 
 1938 , 80.109375 
 1939 , 111.166015625 
 1940 , 207.6953125 
 1941 , 300.0234375 
 1942 , 265.65234375 
 1943 , 161.74609375 
 1944 , 150.52734375 
 1945 , 200.19921875 
 1946 , 206.9296875 
 1947 , 203.076171875 
 1948 , 242.580078125 
 1949 , 279.986328125 
 1950 , 271.646484375 
 1951 , 241.91015625 
 1952 , 213.845703125 
 1953 , 185.552734375 
 1954 , 148.92578125 
 1955 , 99.40625 
 1956 , 51.931640625 
 1957 , 29.318359375 
 1958 , 31.45703125 
 1959 , 46.83203125 
 1960 , 66.958984375 
 1961 , 83.677734375 
 1962 , 86.15234375 
 1963 , 74.033203125 
 1964 , 81.626953125 
 1965 , 120.123046875 
 1966 , 134.529296875 
 1967 , 104.66796875 
 1968 , 77.0078125 
 1969 , 75.81640625 
 1970 , 92.1796875 
 1971 , 121.416015625 
 1972 , 166.919921875 
 1973 , 205.533203125 
 1974 , 203.6015625 
 1975 , 182.30078125 
 1976 , 175.662109375 
 1977 , 175.9453125 
 1978 , 170.857421875 
 1979 , 172.00390625 
 1980 , 176.951171875 
 1981 , 153.423828125 
 1982 , 116.7578125 
 1983 , 126.734375 
 1984 , 160.962890625 
 1985 , 151.4296875 
 1986 , 113.419921875 
 1987 , 93.04296875 
 1988 , 101.177734375 
 1989 , 130.208984375 
 1990 , 151.0625 
 1991 , 152.431640625 
 1992 , 160.90625 
 1993 , 180.294921875 
 1994 , 185.30078125 
 1995 , 175.14453125 
 1996 , 168.162109375 
 1997 , 164.375 
 1998 , 157.40234375 
 1999 , 168.578125 
 2000 , 216.197265625 
 2001 , 261.2421875 
 2002 , 269.287109375 
 2003 , 258.166015625 
 2004 , 245.677734375 
 2005 , 231.595703125 
 2006 , 215.166015625 
 2007 , 200.181640625 
 2008 , 195.28515625 
 2009 , 207.720703125 
 2010 , 218.48828125 
 2011 , 206.611328125 
 2012 , 197.2578125 
 2013 , 208.34375 
 2014 , 197.28125 
 2015 , 147.302734375 
 2016 , 106.4453125 
 2017 , 106.693359375 
 2018 , 151.23828125 
 2019 , 181.8359375 
 2020 , 112.45703125 
 2021 , 22.837890625 
 2022 , 38.8046875 
 2023 , 97.12890625 
 2024 , 111.482421875 
 2025 , 103.837890625 
 2026 , 97.845703125 
 2027 , 87.5546875 
 2028 , 76.341796875 
 2029 , 75.75 
 2030 , 85.29296875 
 2031 , 98.95703125 
 2032 , 100.533203125 
 2033 , 71.55078125 
 2034 , 37.44140625 
 2035 , 29.072265625 
 2036 , 34.357421875 
 2037 , 41.56640625 
 2038 , 62.509765625 
 2039 , 88.03515625 
 2040 , 81.412109375 
 2041 , 45.3359375 
 2042 , 14.79296875 
 2043 , 5.755859375 
 2044 , 20.4140625 
 2045 , 49.75 
 2046 , 77.626953125 
 2047 , 74.119140625 
 2048 , 44.5625 
 2049 , 51.029296875 
 2050 , 92.125 
 2051 , 103.248046875 
 2052 , 77.337890625 
 2053 , 41.91015625 
 2054 , 18.892578125 
 2055 , 19.384765625 
 2056 , 22.939453125 
 2057 , 21.4296875 
 2058 , 45.400390625 
 2059 , 104.099609375 
 2060 , 173.66796875 
 2061 , 220.62890625 
 2062 , 212.736328125 
 2063 , 170.7421875 
 2064 , 132.26171875 
 2065 , 102.205078125 
 2066 , 80.658203125 
 2067 , 75.099609375 
 2068 , 82.916015625 
 2069 , 87.99609375 
 2070 , 91.3671875 
 2071 , 108.046875 
 2072 , 139.375 
 2073 , 177.681640625 
 2074 , 204.111328125 
 2075 , 202.0390625 
 2076 , 175.607421875 
 2077 , 140.361328125 
 2078 , 121.91015625 
 2079 , 124.35546875 
 2080 , 129.533203125 
 2081 , 120.89453125 
 2082 , 88.638671875 
 2083 , 45.740234375 
 2084 , 14.056640625 
 2085 , 26.083984375 
 2086 , 88.546875 
 2087 , 149.76953125 
 2088 , 171.642578125 
 2089 , 143.970703125 
 2090 , 96.375 
 2091 , 68.826171875 
 2092 , 42.046875 
 2093 , 1.244140625 
 2094 , 7.07421875 
 2095 , 81.009765625 
 2096 , 149.125 
 2097 , 174.439453125 
 2098 , 169.265625 
 2099 , 147.80859375 
 2100 , 130.693359375 
 2101 , 146.17578125 
 2102 , 203.701171875 
 2103 , 244.673828125 
 2104 , 235.392578125 
 2105 , 213.880859375 
 2106 , 201.611328125 
 2107 , 193.48828125 
 2108 , 187.3359375 
 2109 , 185.142578125 
 2110 , 188.9296875 
 2111 , 195.94140625 
 2112 , 192.953125 
 2113 , 175.6484375 
 2114 , 155.8515625 
 2115 , 133.0390625 
 2116 , 97.560546875 
 2117 , 70.083984375 
 2118 , 74.48046875 
 2119 , 76.71484375 
 2120 , 54.8359375 
 2121 , 55.75390625 
 2122 , 92.41015625 
 2123 , 118.23828125 
 2124 , 103.16796875 
 2125 , 44.2421875 
 2126 , 19.431640625 
 2127 , 95.578125 
 2128 , 163.986328125 
 2129 , 151.37890625 
 2130 , 136.046875 
 2131 , 146.173828125 
 2132 , 137.69140625 
 2133 , 110.181640625 
 2134 , 88.376953125 
 2135 , 72.3828125 
 2136 , 59.994140625 
 2137 , 66.359375 
 2138 , 90.470703125 
 2139 , 102.87109375 
 2140 , 94.42578125 
 2141 , 75.44140625 
 2142 , 56.828125 
 2143 , 48.431640625 
 2144 , 55.6953125 
 2145 , 78.08203125 
 2146 , 105.314453125 
 2147 , 130.6015625 
 2148 , 151.5390625 
 2149 , 159.609375 
 2150 , 144.765625 
 2151 , 108.85546875 
 2152 , 64.47265625 
 2153 , 42.08984375 
 2154 , 44.392578125 
 2155 , 33.767578125 
 2156 , 20.771484375 
 2157 , 45.61328125 
 2158 , 79.59765625 
 2159 , 80.859375 
 2160 , 61.017578125 
 2161 , 51.458984375 
 2162 , 94.5859375 
 2163 , 156.20703125 
 2164 , 144.298828125 
 2165 , 94.8984375 
 2166 , 84.9375 
 2167 , 89.986328125 
 2168 , 80.076171875 
 2169 , 66.849609375 
 2170 , 60.2890625 
 2171 , 64.970703125 
 2172 , 103.1328125 
 2173 , 184.607421875 
 2174 , 211.298828125 
 2175 , 133.79296875 
 2176 , 89.056640625 
 2177 , 131.556640625 
 2178 , 185.48828125 
 2179 , 212.611328125 
 2180 , 209.376953125 
 2181 , 198.953125 
 2182 , 198.048828125 
 2183 , 185.0234375 
 2184 , 151.7421875 
 2185 , 116.951171875 
 2186 , 110.26171875 
 2187 , 155.126953125 
 2188 , 202.373046875 
 2189 , 200.349609375 
 2190 , 161.123046875 
 2191 , 114.509765625 
 2192 , 98.54296875 
 2193 , 116.80078125 
 2194 , 146.501953125 
 2195 , 166.1953125 
 2196 , 164.158203125 
 2197 , 151.490234375 
 2198 , 150.63671875 
 2199 , 190.7265625 
 2200 , 240.3671875 
 2201 , 239.611328125 
 2202 , 223.056640625 
 2203 , 227.271484375 
 2204 , 201.619140625 
 2205 , 141.16015625 
 2206 , 117.98828125 
 2207 , 136.9453125 
 2208 , 158.525390625 
 2209 , 179.578125 
 2210 , 206.009765625 
 2211 , 234.447265625 
 2212 , 244.408203125 
 2213 , 200.5546875 
 2214 , 143.50390625 
 2215 , 140.66015625 
 2216 , 135.373046875 
 2217 , 81.453125 
 2218 , 49.255859375 
 2219 , 59.052734375 
 2220 , 55.61328125 
 2221 , 30.408203125 
 2222 , 5.73046875 
 2223 , 9.03125 
 2224 , 46.408203125 
 2225 , 75.513671875 
 2226 , 84.59375 
 2227 , 97.642578125 
 2228 , 104.865234375 
 2229 , 90.251953125 
 2230 , 81.98828125 
 2231 , 98.796875 
 2232 , 122.041015625 
 2233 , 136.447265625 
 2234 , 134.767578125 
 2235 , 122.943359375 
 2236 , 112.369140625 
 2237 , 112.490234375 
 2238 , 118.21875 
 2239 , 108.0859375 
 2240 , 97.5625 
 2241 , 114.98828125 
 2242 , 123.279296875 
 2243 , 92.0546875 
 2244 , 57.84375 
 2245 , 50.009765625 
 2246 , 76.1875 
 2247 , 119.689453125 
 2248 , 148.57421875 
 2249 , 121.0078125 
 2250 , 47.59765625 
 2251 , 40.23828125 
 2252 , 101.29296875 
 2253 , 134.146484375 
 2254 , 127.8671875 
 2255 , 113.287109375 
 2256 , 125.794921875 
 2257 , 159.763671875 
 2258 , 158.541015625 
 2259 , 130.52734375 
 2260 , 121.400390625 
 2261 , 130.365234375 
 2262 , 142.498046875 
 2263 , 142.66015625 
 2264 , 123.966796875 
 2265 , 90.48046875 
 2266 , 60.916015625 
 2267 , 49.236328125 
 2268 , 34.875 
 2269 , 17.052734375 
 2270 , 29.1015625 
 2271 , 52.181640625 
 2272 , 41.18359375 
 2273 , 38.595703125 
 2274 , 63.59765625 
 2275 , 38.181640625 
 2276 ,-4.328125 
 2277 , 63.203125 
 2278 , 151.005859375 
 2279 , 127.220703125 
 2280 , 56.14453125 
 2281 , 10.001953125 
 2282 , 15.3125 
 2283 , 56.46484375 
 2284 , 88.576171875 
 2285 , 97.921875 
 2286 , 91.2109375 
 2287 , 95.482421875 
 2288 , 100.259765625 
 2289 , 64.54296875 
 2290 , 32.6875 
 2291 , 43.04296875 
 2292 , 30.611328125 
 2293 ,-3.46875 
 2294 , 30.044921875 
 2295 , 80.392578125 
 2296 , 51.04296875 
 2297 , 16.603515625 
 2298 , 27.3515625 
 2299 , 17.205078125 
 2300 ,-10.1015625 
 2301 ,-6.7890625 
 2302 , 17.890625 
 2303 , 36.328125 
 2304 , 27.220703125 
 2305 , 3.931640625 
 2306 , 2.359375 
 2307 , 37.74609375 
 2308 , 99.626953125 
 2309 , 127.611328125 
 2310 , 101.705078125 
 2311 , 61.994140625 
 2312 , 40.58984375 
 2313 , 45.392578125 
 2314 , 52.37890625 
 2315 , 41.466796875 
 2316 , 11.9375 
 2317 ,-3.9375 
 2318 , 27.921875 
 2319 , 45.84375 
 2320 , 17.619140625 
 2321 , 17.759765625 
 2322 , 43.857421875 
 2323 , 35.361328125 
 2324 , 22.447265625 
 2325 , 32.521484375 
 2326 , 34.82421875 
 2327 , 21.603515625 
 2328 , 10.208984375 
 2329 , 7.919921875 
 2330 , 10 
 2331 , 10 
 2332 , 10 
 2333 , 10 
 2334 , 10 
 2335 , 10 
 2336 , 10 
 2337 , 10 
 2338 , 10 
 2339 , 10 
