11-20-2017,16:53:51
Wavenumber(cm-1),Intensity
 250 , 22673.0566212271 
 251 , 22675.8538769719 
 252 , 22689.6288172331 
 253 , 22720.6052867591 
 254 , 22759.2870325623 
 255 , 22795.0490477575 
 256 , 22820.880059112 
 257 , 22832.4566811654 
 258 , 22827.8360893424 
 259 , 22817.5941906795 
 260 , 22816.4858314055 
 261 , 22831.7866666454 
 262 , 22853.5489635579 
 263 , 22869.9252857218 
 264 , 22882.1808071679 
 265 , 22905.4382441644 
 266 , 22952.9620401417 
 267 , 23017.4737861842 
 268 , 23081.6885282444 
 269 , 23132.5712791759 
 270 , 23171.4056310279 
 271 , 23202.4600412223 
 272 , 23231.0342032894 
 273 , 23263.9300871077 
 274 , 23307.2961953149 
 275 , 23357.807151006 
 276 , 23405.7800581867 
 277 , 23443.699441351 
 278 , 23474.7188991346 
 279 , 23505.0779574449 
 280 , 23537.8171430625 
 281 , 23569.7024778157 
 282 , 23597.1693094954 
 283 , 23624.119676632 
 284 , 23661.0821856599 
 285 , 23716.489204499 
 286 , 23783.9257246796 
 287 , 23851.1435717826 
 288 , 23907.3337384484 
 289 , 23945.4412710322 
 290 , 23959.4219761098 
 291 , 23955.2877746253 
 292 , 23952.7321324069 
 293 , 23969.4556477937 
 294 , 23999.8606102173 
 295 , 24026.5558570074 
 296 , 24039.0988802405 
 297 , 24050.4396074161 
 298 , 24078.0703817151 
 299 , 24124.9347595702 
 300 , 24173.4849366165 
 301 , 24206.1164271917 
 302 , 24221.8057964968 
 303 , 24229.9090883362 
 304 , 24237.5907868057 
 305 , 24242.2635788962 
 306 , 24238.9317043827 
 307 , 24231.938382056 
 308 , 24241.4947059999 
 309 , 24287.6414007472 
 310 , 24365.9506563174 
 311 , 24453.7302800029 
 312 , 24531.1250358943 
 313 , 24594.6666844836 
 314 , 24645.9980671298 
 315 , 24686.2516206006 
 316 , 24715.5398041246 
 317 , 24734.3751379295 
 318 , 24752.5482189039 
 319 , 24787.8363955817 
 320 , 24852.9718504433 
 321 , 24929.7285535703 
 322 , 24988.7481782621 
 323 , 25015.2654469308 
 324 , 25027.6163838232 
 325 , 25047.9049630939 
 326 , 25081.2708447949 
 327 , 25116.5413846125 
 328 , 25144.1958965653 
 329 , 25169.9146843709 
 330 , 25205.4984988738 
 331 , 25255.8389006062 
 332 , 25308.5263018118 
 333 , 25349.0130325883 
 334 , 25375.5980283387 
 335 , 25399.954713472 
 336 , 25432.6842313788 
 337 , 25472.2572298756 
 338 , 25511.8666946449 
 339 , 25546.2823108537 
 340 , 25574.5327781388 
 341 , 25596.4146208097 
 342 , 25613.5208394171 
 343 , 25629.4075601727 
 344 , 25647.1303331072 
 345 , 25665.24848807 
 346 , 25680.2831354314 
 347 , 25689.3564068237 
 348 , 25691.2696516962 
 349 , 25685.3380306042 
 350 , 25677.2746865946 
 351 , 25679.9072050078 
 352 , 25704.086384891 
 353 , 25742.9149195292 
 354 , 25781.3970584057 
 355 , 25812.6015014474 
 356 , 25851.7895347007 
 357 , 25917.1985805225 
 358 , 26005.5365480695 
 359 , 26089.8935288362 
 360 , 26146.5027977016 
 361 , 26183.5146126778 
 362 , 26223.2781461753 
 363 , 26279.1049323359 
 364 , 26340.3093419513 
 365 , 26392.794982282 
 366 , 26434.9575789632 
 367 , 26478.300197271 
 368 , 26531.9628814912 
 369 , 26584.6087464161 
 370 , 26616.3402903776 
 371 , 26619.5243820167 
 372 , 26616.7057640683 
 373 , 26634.0509238659 
 374 , 26677.4707818605 
 375 , 26733.1659485127 
 376 , 26788.0768298425 
 377 , 26838.7745025251 
 378 , 26885.505717691 
 379 , 26927.2853443859 
 380 , 26960.3860481573 
 381 , 26981.2408932791 
 382 , 26995.9391003845 
 383 , 27019.0185468531 
 384 , 27062.7546997466 
 385 , 27125.6735484071 
 386 , 27201.6616987777 
 387 , 27282.0397358957 
 388 , 27353.1722523177 
 389 , 27401.8830486904 
 390 , 27430.1215225922 
 391 , 27451.3682918514 
 392 , 27477.2308970281 
 393 , 27509.475397817 
 394 , 27547.0739780401 
 395 , 27589.2303450694 
 396 , 27635.5285766254 
 397 , 27685.1788582104 
 398 , 27732.6571000077 
 399 , 27769.3957552406 
 400 , 27790.4434375804 
 401 , 27804.4396033282 
 402 , 27823.0564454816 
 403 , 27853.0143555387 
 404 , 27894.3256638133 
 405 , 27946.2910098866 
 406 , 28006.1287878157 
 407 , 28069.9689608672 
 408 , 28135.347920256 
 409 , 28203.9435214046 
 410 , 28277.9173420257 
 411 , 28352.193470825 
 412 , 28413.8285640313 
 413 , 28452.6609351381 
 414 , 28479.7447802596 
 415 , 28514.7685971798 
 416 , 28565.3791968342 
 417 , 28612.0837158634 
 418 , 28632.9634360843 
 419 , 28628.2991214887 
 420 , 28617.1684731553 
 421 , 28617.9691944248 
 422 , 28642.8406263562 
 423 , 28701.8025195436 
 424 , 28789.4742608097 
 425 , 28874.4193053495 
 426 , 28925.7346500282 
 427 , 28947.4225943364 
 428 , 28965.7377618149 
 429 , 29000.094182473 
 430 , 29044.5762948705 
 431 , 29087.8533519407 
 432 , 29123.9912354438 
 433 , 29153.7790140658 
 434 , 29178.1552283227 
 435 , 29195.9835390144 
 436 , 29205.1835799491 
 437 , 29207.6496202833 
 438 , 29215.0522843354 
 439 , 29239.912624714 
 440 , 29282.9305751064 
 441 , 29334.2363515432 
 442 , 29385.0933297132 
 443 , 29434.4011328754 
 444 , 29483.4822895788 
 445 , 29534.2457951669 
 446 , 29589.5913528413 
 447 , 29651.6839088141 
 448 , 29713.5362359179 
 449 , 29762.487599674 
 450 , 29790.5215341248 
 451 , 29805.261247064 
 452 , 29817.4373091539 
 453 , 29834.1516800266 
 454 , 29858.3403688824 
 455 , 29892.2483016952 
 456 , 29935.0370567674 
 457 , 29984.597518611 
 458 , 30037.53059729 
 459 , 30087.7073957219 
 460 , 30129.0214185179 
 461 , 30160.8047609737 
 462 , 30186.5190777178 
 463 , 30210.2608980371 
 464 , 30238.2939968793 
 465 , 30277.2288135149 
 466 , 30324.8745281659 
 467 , 30367.1073926152 
 468 , 30390.9815145373 
 469 , 30399.8021498133 
 470 , 30404.6807261086 
 471 , 30415.4447633715 
 472 , 30438.6604558409 
 473 , 30479.8229926514 
 474 , 30534.234863983 
 475 , 30588.5134419735 
 476 , 30632.5139940477 
 477 , 30672.1225710637 
 478 , 30717.6587455601 
 479 , 30772.4647623733 
 480 , 30829.6132751598 
 481 , 30881.8922244972 
 482 , 30926.7638099496 
 483 , 30964.0914935632 
 484 , 30992.6188293601 
 485 , 31008.1545824726 
 486 , 31006.9380339495 
 487 , 31001.7107424805 
 488 , 31019.7095440944 
 489 , 31080.1400942762 
 490 , 31162.7304402351 
 491 , 31236.0577575887 
 492 , 31282.6983360145 
 493 , 31305.7634558416 
 494 , 31311.1017831403 
 495 , 31313.8829956772 
 496 , 31333.9421818919 
 497 , 31381.5062725136 
 498 , 31442.9543371192 
 499 , 31501.4132003696 
 500 , 31546.24997307 
 501 , 31572.0251593878 
 502 , 31576.6466949595 
 503 , 31571.6386451934 
 504 , 31571.9537938548 
 505 , 31583.9833530327 
 506 , 31602.6260288805 
 507 , 31622.714985746 
 508 , 31644.592985373 
 509 , 31671.0705936904 
 510 , 31702.2132975588 
 511 , 31732.1041309495 
 512 , 31754.6591700062 
 513 , 31772.2319938122 
 514 , 31793.2877331727 
 515 , 31824.0651854794 
 516 , 31862.3555921457 
 517 , 31904.0209009548 
 518 , 31943.6988668885 
 519 , 31974.6439420085 
 520 , 31991.9490207812 
 521 , 32002.0440679604 
 522 , 32015.4737772849 
 523 , 32038.8222411839 
 524 , 32071.73560293 
 525 , 32112.9938046213 
 526 , 32159.7043733862 
 527 , 32208.0113244294 
 528 , 32255.4609682338 
 529 , 32303.4634960059 
 530 , 32353.8537317682 
 531 , 32404.2667398311 
 532 , 32448.6603436332 
 533 , 32482.6918391069 
 534 , 32509.8989331208 
 535 , 32535.9058009437 
 536 , 32564.7106332327 
 537 , 32598.1934571181 
 538 , 32637.3521331208 
 539 , 32678.1320501211 
 540 , 32714.4235977209 
 541 , 32746.7687779992 
 542 , 32788.5674624237 
 543 , 32852.5824412497 
 544 , 32928.3132172388 
 545 , 32990.8085790421 
 546 , 33023.6910274444 
 547 , 33035.9256364239 
 548 , 33041.204233177 
 549 , 33056.7958371624 
 550 , 33103.1801095548 
 551 , 33192.7933425209 
 552 , 33302.7677339405 
 553 , 33401.1693584397 
 554 , 33474.0330097229 
 555 , 33530.2889065209 
 556 , 33579.7218234868 
 557 , 33628.0341307459 
 558 , 33679.2549182081 
 559 , 33732.8066995916 
 560 , 33779.8401734942 
 561 , 33811.5116974967 
 562 , 33827.4716614388 
 563 , 33832.173007717 
 564 , 33830.6261357087 
 565 , 33829.1181457575 
 566 , 33833.5804093585 
 567 , 33841.4516476472 
 568 , 33843.5373616785 
 569 , 33835.1117575613 
 570 , 33828.1436634141 
 571 , 33837.9322166506 
 572 , 33869.078103437 
 573 , 33914.8582704128 
 574 , 33967.5451175932 
 575 , 34017.0822598808 
 576 , 34052.8365128882 
 577 , 34071.6965982296 
 578 , 34081.2101521917 
 579 , 34089.6151139257 
 580 , 34104.3077056965 
 581 , 34132.2699284698 
 582 , 34174.9445701044 
 583 , 34223.3383423958 
 584 , 34267.7262887979 
 585 , 34302.6131418502 
 586 , 34324.9430714659 
 587 , 34335.3516424748 
 588 , 34343.6247794433 
 589 , 34360.4521317272 
 590 , 34389.3424036815 
 591 , 34428.4388417501 
 592 , 34471.9313909404 
 593 , 34501.3764852457 
 594 , 34496.8980714788 
 595 , 34463.4415755099 
 596 , 34429.6363310115 
 597 , 34419.4996422198 
 598 , 34432.9579363643 
 599 , 34463.4467492315 
 600 , 34505.5841756487 
 601 , 34555.4096213589 
 602 , 34608.5251027826 
 603 , 34657.6001356841 
 604 , 34694.439616431 
 605 , 34719.5697978669 
 606 , 34746.5750197686 
 607 , 34788.0215245118 
 608 , 34841.3598665053 
 609 , 34897.4227269619 
 610 , 34950.2987415759 
 611 , 35000.1470026443 
 612 , 35048.0912779168 
 613 , 35098.1183513141 
 614 , 35155.7594441626 
 615 , 35224.5878698609 
 616 , 35303.7115969688 
 617 , 35390.5969190728 
 618 , 35470.48199897 
 619 , 35520.6008831152 
 620 , 35532.5747482652 
 621 , 35537.9469944934 
 622 , 35573.1891130602 
 623 , 35646.1953360605 
 624 , 35742.5493293504 
 625 , 35844.1873271077 
 626 , 35922.9437247477 
 627 , 35950.2038987716 
 628 , 35929.5769408783 
 629 , 35894.152732558 
 630 , 35872.86695918 
 631 , 35874.049700398 
 632 , 35900.6738026212 
 633 , 35948.2404199474 
 634 , 36004.3490648623 
 635 , 36057.8803752637 
 636 , 36105.3706693109 
 637 , 36145.4579174179 
 638 , 36173.3516425098 
 639 , 36180.1236528909 
 640 , 36161.3372638047 
 641 , 36137.8213502173 
 642 , 36138.3168313636 
 643 , 36171.0436778577 
 644 , 36216.3037447549 
 645 , 36255.7305669215 
 646 , 36291.2136239722 
 647 , 36332.1023448498 
 648 , 36378.8133601831 
 649 , 36418.2170099424 
 650 , 36438.3665135091 
 651 , 36443.1525590984 
 652 , 36443.0562499205 
 653 , 36445.0371822801 
 654 , 36450.1543285907 
 655 , 36458.7218454507 
 656 , 36469.6344418787 
 657 , 36481.1398605613 
 658 , 36492.0294277861 
 659 , 36502.0833907265 
 660 , 36512.6571933422 
 661 , 36537.3748897043 
 662 , 36595.7630328511 
 663 , 36684.0822880238 
 664 , 36753.4219684164 
 665 , 36757.5013660259 
 666 , 36720.302052888 
 667 , 36702.8033546201 
 668 , 36738.4041829302 
 669 , 36803.2671361629 
 670 , 36868.5263085986 
 671 , 36924.3377928605 
 672 , 36971.4247508995 
 673 , 37009.8281263861 
 674 , 37037.8863312081 
 675 , 37054.6472074781 
 676 , 37068.4488280405 
 677 , 37092.9381214209 
 678 , 37134.1234064276 
 679 , 37181.0438269448 
 680 , 37222.0549708095 
 681 , 37261.7489272323 
 682 , 37314.2175827818 
 683 , 37383.3193782693 
 684 , 37449.7487052185 
 685 , 37493.2318459593 
 686 , 37516.091443846 
 687 , 37534.0198168759 
 688 , 37557.5932725469 
 689 , 37585.5364212872 
 690 , 37614.9105256017 
 691 , 37642.2335898257 
 692 , 37663.727477598 
 693 , 37680.5235987381 
 694 , 37704.6199956112 
 695 , 37746.9334541152 
 696 , 37792.8484241031 
 697 , 37813.1043231698 
 698 , 37800.8165668506 
 699 , 37797.6765848483 
 700 , 37845.4841021257 
 701 , 37926.1493111097 
 702 , 37988.1977160602 
 703 , 38003.1115521812 
 704 , 37990.6260691996 
 705 , 37974.4723603436 
 706 , 37960.300200426 
 707 , 37944.1264529645 
 708 , 37926.2838995835 
 709 , 37915.7460019774 
 710 , 37920.8435552441 
 711 , 37935.9560809116 
 712 , 37948.5137858289 
 713 , 37953.3423456226 
 714 , 37958.9283189854 
 715 , 37974.2158167776 
 716 , 38000.3528540508 
 717 , 38034.7719236758 
 718 , 38069.3380443564 
 719 , 38086.5219097984 
 720 , 38072.0067105745 
 721 , 38040.3405028444 
 722 , 38018.2177378438 
 723 , 38020.9682142825 
 724 , 38046.2952870643 
 725 , 38089.5898929664 
 726 , 38141.2315116843 
 727 , 38189.7590754727 
 728 , 38227.7513669748 
 729 , 38253.4150100447 
 730 , 38266.8865369892 
 731 , 38276.6059017252 
 732 , 38293.619532643 
 733 , 38321.0558307426 
 734 , 38352.2316465145 
 735 , 38381.1983866376 
 736 , 38408.4084459805 
 737 , 38436.1590400453 
 738 , 38465.1779630478 
 739 , 38494.4831051531 
 740 , 38523.3644632691 
 741 , 38552.5732774259 
 742 , 38583.1006691587 
 743 , 38613.1755434143 
 744 , 38638.4141892824 
 745 , 38656.9457604567 
 746 , 38675.9024714501 
 747 , 38703.8941906488 
 748 , 38742.1119634463 
 749 , 38785.732029948 
 750 , 38829.2253402345 
 751 , 38865.534972127 
 752 , 38888.2038160243 
 753 , 38901.7884900618 
 754 , 38918.3646207066 
 755 , 38943.3235295639 
 756 , 38965.8433009221 
 757 , 38974.0605402428 
 758 , 38969.0467790157 
 759 , 38959.2320414868 
 760 , 38952.2831908226 
 761 , 38954.2161856523 
 762 , 38969.5620423988 
 763 , 38992.8678274032 
 764 , 39014.1278679442 
 765 , 39028.9884594696 
 766 , 39042.0803183311 
 767 , 39058.5092166453 
 768 , 39081.4586726158 
 769 , 39113.1110742799 
 770 , 39144.9558650224 
 771 , 39154.8373281996 
 772 , 39126.9524431482 
 773 , 39079.2415365327 
 774 , 39038.8088907863 
 775 , 39017.0955197853 
 776 , 39009.5802151704 
 777 , 39011.8916665579 
 778 , 39022.7592189291 
 779 , 39041.4938125935 
 780 , 39065.6377665048 
 781 , 39091.3133822523 
 782 , 39115.2168940363 
 783 , 39135.7117681933 
 784 , 39151.5606571145 
 785 , 39162.8462171602 
 786 , 39170.4883726221 
 787 , 39177.602689462 
 788 , 39191.7935571878 
 789 , 39219.4897927315 
 790 , 39253.5109165337 
 791 , 39280.4829193905 
 792 , 39302.1428217756 
 793 , 39343.7616032526 
 794 , 39426.0533707155 
 795 , 39532.534749365 
 796 , 39633.8331887019 
 797 , 39705.3404364965 
 798 , 39728.0288229052 
 799 , 39694.5783783412 
 800 , 39643.7262644052 
 801 , 39623.4282731835 
 802 , 39637.825919148 
 803 , 39652.9761388328 
 804 , 39649.7014090368 
 805 , 39654.8554294849 
 806 , 39699.4561203235 
 807 , 39768.2960668589 
 808 , 39816.8776196932 
 809 , 39823.8990883079 
 810 , 39816.3583792834 
 811 , 39823.013852674 
 812 , 39841.5225218716 
 813 , 39855.5432752911 
 814 , 39857.6345768203 
 815 , 39853.4045311161 
 816 , 39849.5651814594 
 817 , 39853.2126892154 
 818 , 39871.0402769321 
 819 , 39896.926287453 
 820 , 39911.5000446602 
 821 , 39902.6237268585 
 822 , 39884.8551754273 
 823 , 39877.1773323351 
 824 , 39881.4274027472 
 825 , 39887.0049776877 
 826 , 39886.730948777 
 827 , 39881.8886452932 
 828 , 39875.2158505821 
 829 , 39871.7697930236 
 830 , 39877.7248809017 
 831 , 39896.9244082963 
 832 , 39929.5863573095 
 833 , 39972.4214719814 
 834 , 40005.1870382069 
 835 , 40003.150433547 
 836 , 39969.635711699 
 837 , 39937.4956021133 
 838 , 39930.9837130344 
 839 , 39940.4805439856 
 840 , 39949.9167046461 
 841 , 39952.6284817526 
 842 , 39948.6170754728 
 843 , 39940.9077964315 
 844 , 39938.783102187 
 845 , 39950.4848068601 
 846 , 39970.0055830291 
 847 , 39984.9033007942 
 848 , 39989.8706652295 
 849 , 39989.7068299268 
 850 , 39989.7232328651 
 851 , 39994.0748902187 
 852 , 40006.2090428919 
 853 , 40022.2012188972 
 854 , 40031.3702660642 
 855 , 40028.51278445 
 856 , 40024.6329386733 
 857 , 40032.1691162746 
 858 , 40049.0698532116 
 859 , 40064.8721236414 
 860 , 40077.216531418 
 861 , 40098.1244914339 
 862 , 40136.2917587218 
 863 , 40172.540322093 
 864 , 40178.530475657 
 865 , 40151.061564954 
 866 , 40114.5672993784 
 867 , 40092.1166766371 
 868 , 40097.3104034152 
 869 , 40140.1220511985 
 870 , 40210.1993587118 
 871 , 40283.3752379382 
 872 , 40347.2192970612 
 873 , 40413.4721981024 
 874 , 40495.2140920353 
 875 , 40595.0542337257 
 876 , 40711.0676919912 
 877 , 40833.682545452 
 878 , 40944.0402465087 
 879 , 41029.5480736527 
 880 , 41103.2699434086 
 881 , 41182.8642685063 
 882 , 41266.0108669168 
 883 , 41335.736530602 
 884 , 41378.3970648925 
 885 , 41388.1732986327 
 886 , 41361.6994611835 
 887 , 41305.7962827424 
 888 , 41231.3577067353 
 889 , 41138.7304146678 
 890 , 41015.1055216082 
 891 , 40857.6675924475 
 892 , 40704.6126617403 
 893 , 40600.7798811617 
 894 , 40548.614357142 
 895 , 40519.7165117636 
 896 , 40491.4069372088 
 897 , 40454.3610920156 
 898 , 40403.6634423686 
 899 , 40352.7973161532 
 900 , 40322.250072182 
 901 , 40314.8132967939 
 902 , 40312.397875054 
 903 , 40301.0757669684 
 904 , 40285.6633937359 
 905 , 40274.3242722039 
 906 , 40266.1182301796 
 907 , 40254.105498725 
 908 , 40239.3382018895 
 909 , 40238.0081386708 
 910 , 40262.8854217105 
 911 , 40297.1172205059 
 912 , 40313.9832807662 
 913 , 40307.173074482 
 914 , 40291.4421105971 
 915 , 40278.5885812397 
 916 , 40268.8099925476 
 917 , 40260.3240695252 
 918 , 40252.8372473495 
 919 , 40246.8899916413 
 920 , 40242.7226539452 
 921 , 40240.0953534279 
 922 , 40239.7607259646 
 923 , 40247.2724051984 
 924 , 40268.532979731 
 925 , 40291.7295029884 
 926 , 40290.3120611391 
 927 , 40252.4502734318 
 928 , 40201.2699830501 
 929 , 40163.3795666969 
 930 , 40155.1875817326 
 931 , 40187.910817203 
 932 , 40248.6776224147 
 933 , 40295.8422596482 
 934 , 40299.0168753321 
 935 , 40271.7636506365 
 936 , 40236.0366437691 
 937 , 40203.5371459798 
 938 , 40179.5492881585 
 939 , 40167.4426632218 
 940 , 40167.54807543 
 941 , 40178.3918036425 
 942 , 40191.0619365208 
 943 , 40195.145495328 
 944 , 40193.9241811031 
 945 , 40202.3581645114 
 946 , 40228.3836670756 
 947 , 40262.9177234112 
 948 , 40295.4732374701 
 949 , 40322.3606189114 
 950 , 40342.8628220798 
 951 , 40358.9056070258 
 952 , 40375.4038896453 
 953 , 40396.7505222411 
 954 , 40425.2091656507 
 955 , 40461.1460762716 
 956 , 40490.5336656136 
 957 , 40491.6214226689 
 958 , 40461.6007794909 
 959 , 40425.6429158979 
 960 , 40405.3434429605 
 961 , 40398.3028143495 
 962 , 40396.2145351291 
 963 , 40394.5886727424 
 964 , 40391.6559490398 
 965 , 40384.1404314153 
 966 , 40365.8526279639 
 967 , 40333.2597175264 
 968 , 40298.6418140867 
 969 , 40278.6230671089 
 970 , 40273.223328746 
 971 , 40267.7953093977 
 972 , 40255.7331203369 
 973 , 40250.1077023618 
 974 , 40264.2124211015 
 975 , 40294.4298821177 
 976 , 40330.2223052639 
 977 , 40360.9654127693 
 978 , 40375.9729200071 
 979 , 40370.5309654756 
 980 , 40356.5441586663 
 981 , 40347.7693211911 
 982 , 40349.6983314516 
 983 , 40363.6079286414 
 984 , 40384.2788364304 
 985 , 40398.4744629569 
 986 , 40398.6224495915 
 987 , 40397.3246213523 
 988 , 40409.5411391363 
 989 , 40433.1092384205 
 990 , 40456.4053313148 
 991 , 40475.712741834 
 992 , 40498.6049248543 
 993 , 40531.310668889 
 994 , 40571.8433418821 
 995 , 40616.464926256 
 996 , 40663.3543246465 
 997 , 40711.9654914062 
 998 , 40765.9846774255 
 999 , 40835.6646760122 
 1000 , 40931.6280402625 
 1001 , 41063.6701299385 
 1002 , 41240.301104206 
 1003 , 41456.5626207016 
 1004 , 41698.0953935054 
 1005 , 41935.368868275 
 1006 , 42113.7027076302 
 1007 , 42183.0562080987 
 1008 , 42124.7986349727 
 1009 , 41932.3321968252 
 1010 , 41643.6212691085 
 1011 , 41328.6196590514 
 1012 , 41045.6816204796 
 1013 , 40831.549345572 
 1014 , 40706.2101186236 
 1015 , 40622.028363486 
 1016 , 40516.9325322329 
 1017 , 40401.8816842754 
 1018 , 40341.4371518997 
 1019 , 40360.6107048302 
 1020 , 40411.5021446135 
 1021 , 40445.8937143833 
 1022 , 40449.4456945586 
 1023 , 40419.1561240042 
 1024 , 40372.1442347715 
 1025 , 40340.2142408691 
 1026 , 40339.7386418723 
 1027 , 40359.2210597811 
 1028 , 40385.4937968641 
 1029 , 40410.7626163401 
 1030 , 40429.368605582 
 1031 , 40443.7331266078 
 1032 , 40462.0151703946 
 1033 , 40487.947997582 
 1034 , 40517.5375390269 
 1035 , 40546.1806673757 
 1036 , 40569.8844408311 
 1037 , 40585.0234473303 
 1038 , 40590.4870034344 
 1039 , 40586.8570041508 
 1040 , 40574.0620384458 
 1041 , 40550.9430081494 
 1042 , 40517.427703366 
 1043 , 40478.1495669386 
 1044 , 40439.4943952875 
 1045 , 40414.2948338671 
 1046 , 40419.0835496077 
 1047 , 40455.1096818934 
 1048 , 40501.4820571681 
 1049 , 40541.1055986012 
 1050 , 40576.4128610084 
 1051 , 40612.235530189 
 1052 , 40635.1405298868 
 1053 , 40622.2530579966 
 1054 , 40576.0795105439 
 1055 , 40531.6884898879 
 1056 , 40514.0250759986 
 1057 , 40510.6295696749 
 1058 , 40504.0306123675 
 1059 , 40493.5628662391 
 1060 , 40486.290572781 
 1061 , 40480.4458174958 
 1062 , 40464.4873563715 
 1063 , 40433.4300320801 
 1064 , 40400.4085570996 
 1065 , 40378.8817564505 
 1066 , 40365.7330621791 
 1067 , 40351.4946038657 
 1068 , 40332.5453917398 
 1069 , 40310.6858206436 
 1070 , 40286.874904483 
 1071 , 40259.8708591227 
 1072 , 40228.0966287893 
 1073 , 40189.6791664975 
 1074 , 40143.3039711922 
 1075 , 40097.1813732403 
 1076 , 40066.617893675 
 1077 , 40059.2764114055 
 1078 , 40069.6239475545 
 1079 , 40091.39837402 
 1080 , 40120.5184103837 
 1081 , 40153.0540697955 
 1082 , 40180.8913042047 
 1083 , 40193.6079920905 
 1084 , 40188.6940624363 
 1085 , 40174.1562369105 
 1086 , 40158.6166133992 
 1087 , 40150.3707068747 
 1088 , 40154.7364553466 
 1089 , 40154.9747037347 
 1090 , 40125.5580936851 
 1091 , 40071.6077256747 
 1092 , 40029.3019146327 
 1093 , 40015.7691217356 
 1094 , 40002.1789078924 
 1095 , 39960.3501798631 
 1096 , 39899.4112198578 
 1097 , 39839.9279457338 
 1098 , 39786.7906918178 
 1099 , 39733.04380763 
 1100 , 39673.4800489429 
 1101 , 39606.2393229992 
 1102 , 39535.2001144723 
 1103 , 39484.6917644752 
 1104 , 39478.5324940643 
 1105 , 39490.7067700047 
 1106 , 39469.3144372224 
 1107 , 39403.7462983804 
 1108 , 39332.2042765993 
 1109 , 39281.787498371 
 1110 , 39243.7790103443 
 1111 , 39205.8617587713 
 1112 , 39168.4727262432 
 1113 , 39136.3915043078 
 1114 , 39106.7174869436 
 1115 , 39070.2949968546 
 1116 , 39024.4482725569 
 1117 , 38978.1619478834 
 1118 , 38940.3625627662 
 1119 , 38915.1002285772 
 1120 , 38904.6701711844 
 1121 , 38906.0778112857 
 1122 , 38913.4997665268 
 1123 , 38924.9456116333 
 1124 , 38942.9513407871 
 1125 , 38964.2966552194 
 1126 , 38970.6061170101 
 1127 , 38946.0518195206 
 1128 , 38903.2168820765 
 1129 , 38863.8359664692 
 1130 , 38833.5376498301 
 1131 , 38805.5459515941 
 1132 , 38776.846637642 
 1133 , 38750.9788580992 
 1134 , 38726.2022256624 
 1135 , 38680.1910771677 
 1136 , 38592.8391447268 
 1137 , 38499.1293911343 
 1138 , 38458.5739578043 
 1139 , 38473.5494240487 
 1140 , 38488.3892649442 
 1141 , 38469.22147592 
 1142 , 38433.4940839536 
 1143 , 38400.8608563697 
 1144 , 38371.0179957959 
 1145 , 38338.5766969791 
 1146 , 38306.2471671264 
 1147 , 38281.5432451397 
 1148 , 38262.2913155298 
 1149 , 38233.9260497529 
 1150 , 38189.7729814617 
 1151 , 38146.1692711564 
 1152 , 38119.2650042544 
 1153 , 38101.9438627698 
 1154 , 38079.8169209606 
 1155 , 38056.2289825076 
 1156 , 38047.7694182437 
 1157 , 38059.8181188642 
 1158 , 38080.2158239707 
 1159 , 38097.6672794305 
 1160 , 38108.2987358393 
 1161 , 38108.6450345125 
 1162 , 38087.7146310294 
 1163 , 38032.7184907338 
 1164 , 37957.2431739309 
 1165 , 37897.6602997339 
 1166 , 37869.9259239685 
 1167 , 37853.2242839323 
 1168 , 37829.2270852799 
 1169 , 37802.0048800342 
 1170 , 37781.0666732613 
 1171 , 37778.7254600018 
 1172 , 37807.3120938912 
 1173 , 37850.6443516849 
 1174 , 37865.4341184719 
 1175 , 37834.1146813123 
 1176 , 37789.8134357329 
 1177 , 37759.770337991 
 1178 , 37725.8155268855 
 1179 , 37663.3685375577 
 1180 , 37589.2716167642 
 1181 , 37540.2088979239 
 1182 , 37519.9698547401 
 1183 , 37499.2568449964 
 1184 , 37463.7080661525 
 1185 , 37431.092479323 
 1186 , 37417.4768520032 
 1187 , 37416.932991886 
 1188 , 37418.215086001 
 1189 , 37412.2349505085 
 1190 , 37391.195122167 
 1191 , 37351.2416220483 
 1192 , 37292.5139821741 
 1193 , 37220.6064321346 
 1194 , 37151.3323294364 
 1195 , 37098.3980008128 
 1196 , 37062.6167341926 
 1197 , 37041.9855687873 
 1198 , 37037.488523713 
 1199 , 37050.7991220026 
 1200 , 37066.4740804813 
 1201 , 37052.8716099499 
 1202 , 36996.6626607888 
 1203 , 36919.0101242701 
 1204 , 36843.4680240406 
 1205 , 36789.0120493883 
 1206 , 36770.8419509457 
 1207 , 36783.4090665483 
 1208 , 36811.2973136495 
 1209 , 36832.4390712822 
 1210 , 36819.3817690249 
 1211 , 36769.5613187567 
 1212 , 36721.2537380163 
 1213 , 36693.2137438065 
 1214 , 36630.3742895479 
 1215 , 36481.7476717651 
 1216 , 36317.2311006203 
 1217 , 36247.3278753476 
 1218 , 36273.3252571536 
 1219 , 36314.667478105 
 1220 , 36323.4838044566 
 1221 , 36300.2749060688 
 1222 , 36248.686863291 
 1223 , 36171.2089956272 
 1224 , 36075.6531259823 
 1225 , 35998.7876004485 
 1226 , 35982.1195103671 
 1227 , 36014.5106351608 
 1228 , 36052.3700110898 
 1229 , 36063.2340655423 
 1230 , 36027.9952679208 
 1231 , 35945.9902935491 
 1232 , 35853.7513289833 
 1233 , 35785.3592210715 
 1234 , 35745.9046296203 
 1235 , 35731.9288630933 
 1236 , 35730.2363748059 
 1237 , 35723.3138240428 
 1238 , 35701.8636611303 
 1239 , 35663.9915489479 
 1240 , 35611.8689821087 
 1241 , 35553.7722376381 
 1242 , 35497.3407219558 
 1243 , 35446.6710124205 
 1244 , 35403.742917005 
 1245 , 35362.0697850814 
 1246 , 35313.4778014621 
 1247 , 35266.1959328659 
 1248 , 35238.8496726592 
 1249 , 35235.2752958542 
 1250 , 35241.6741183734 
 1251 , 35244.5107286583 
 1252 , 35232.9454068348 
 1253 , 35201.940902867 
 1254 , 35168.1392814468 
 1255 , 35150.6633374585 
 1256 , 35146.2629985096 
 1257 , 35141.0936419412 
 1258 , 35118.1540168311 
 1259 , 35058.3057570167 
 1260 , 34964.0928842869 
 1261 , 34869.5999669736 
 1262 , 34801.6467379047 
 1263 , 34761.7044826643 
 1264 , 34746.7653354813 
 1265 , 34751.8298738907 
 1266 , 34769.3887157796 
 1267 , 34773.8430575742 
 1268 , 34731.602602422 
 1269 , 34652.0460694517 
 1270 , 34585.5564311294 
 1271 , 34552.761087665 
 1272 , 34521.9850394314 
 1273 , 34471.2234083977 
 1274 , 34421.9273131898 
 1275 , 34397.6615219223 
 1276 , 34389.3483764833 
 1277 , 34378.3031883881 
 1278 , 34362.712733832 
 1279 , 34350.5652918304 
 1280 , 34338.8647353588 
 1281 , 34313.2211950219 
 1282 , 34273.2544858353 
 1283 , 34244.4009033608 
 1284 , 34245.2125331412 
 1285 , 34264.321292452 
 1286 , 34284.443271667 
 1287 , 34287.9277220589 
 1288 , 34259.481072876 
 1289 , 34211.1850705657 
 1290 , 34170.7743685087 
 1291 , 34133.8607744172 
 1292 , 34062.6906263322 
 1293 , 33953.4679041764 
 1294 , 33864.8312429935 
 1295 , 33836.571656314 
 1296 , 33831.5962814819 
 1297 , 33806.2049619683 
 1298 , 33760.5879037563 
 1299 , 33709.6572842852 
 1300 , 33666.0080607643 
 1301 , 33640.1813194532 
 1302 , 33627.5744178905 
 1303 , 33609.0129877928 
 1304 , 33577.1376916771 
 1305 , 33544.6547274824 
 1306 , 33519.5825630362 
 1307 , 33492.0738492386 
 1308 , 33451.8562190541 
 1309 , 33401.2386269105 
 1310 , 33346.4665471703 
 1311 , 33295.1109659094 
 1312 , 33254.987487129 
 1313 , 33226.2898681916 
 1314 , 33202.708687373 
 1315 , 33176.515169872 
 1316 , 33138.3243870733 
 1317 , 33083.5989525246 
 1318 , 33019.155924137 
 1319 , 32956.3971015485 
 1320 , 32918.4756411011 
 1321 , 32924.6490385085 
 1322 , 32947.9798215599 
 1323 , 32945.2957232051 
 1324 , 32912.2263982635 
 1325 , 32870.6539698781 
 1326 , 32830.8381972316 
 1327 , 32789.703630867 
 1328 , 32748.5332550108 
 1329 , 32717.5628585271 
 1330 , 32701.1199892951 
 1331 , 32683.5146537732 
 1332 , 32649.7834178509 
 1333 , 32606.7463473054 
 1334 , 32566.4956943114 
 1335 , 32528.1710692998 
 1336 , 32484.9052737803 
 1337 , 32440.408729749 
 1338 , 32406.6540455493 
 1339 , 32378.2573604465 
 1340 , 32327.2136828092 
 1341 , 32247.0210943821 
 1342 , 32178.5629750476 
 1343 , 32152.0646712623 
 1344 , 32142.0845062119 
 1345 , 32118.4289604836 
 1346 , 32090.2823709934 
 1347 , 32077.6984482033 
 1348 , 32072.1471661271 
 1349 , 32050.2267835126 
 1350 , 32011.9137829225 
 1351 , 31977.6044282548 
 1352 , 31951.7160207236 
 1353 , 31915.8742574147 
 1354 , 31860.3794741534 
 1355 , 31797.7020479654 
 1356 , 31740.6697125881 
 1357 , 31693.4121831635 
 1358 , 31656.3436854109 
 1359 , 31619.4569491288 
 1360 , 31570.3887777584 
 1361 , 31509.4421795771 
 1362 , 31443.7382664013 
 1363 , 31376.0864608857 
 1364 , 31305.6339297485 
 1365 , 31235.4656393194 
 1366 , 31173.9412473042 
 1367 , 31125.2728808618 
 1368 , 31084.6184376186 
 1369 , 31045.6415060714 
 1370 , 31000.7075056338 
 1371 , 30944.6200081142 
 1372 , 30885.857071906 
 1373 , 30836.0292009605 
 1374 , 30796.8217761227 
 1375 , 30765.0625274335 
 1376 , 30738.382468245 
 1377 , 30714.8641626052 
 1378 , 30687.4240474684 
 1379 , 30643.2137274563 
 1380 , 30575.1408643265 
 1381 , 30486.4008512363 
 1382 , 30387.2886596398 
 1383 , 30303.8855682578 
 1384 , 30255.4886676023 
 1385 , 30223.8155877224 
 1386 , 30185.4108628423 
 1387 , 30144.3610206914 
 1388 , 30113.405695565 
 1389 , 30082.6736902287 
 1390 , 30030.3659240779 
 1391 , 29962.69460838 
 1392 , 29910.0449032583 
 1393 , 29879.6096797112 
 1394 , 29847.6260751176 
 1395 , 29800.0642316885 
 1396 , 29745.4160526867 
 1397 , 29692.9708128469 
 1398 , 29647.0181556452 
 1399 , 29612.444617934 
 1400 , 29600.7113525453 
 1401 , 29617.9172422719 
 1402 , 29621.1305436701 
 1403 , 29554.2021582764 
 1404 , 29440.8139011778 
 1405 , 29351.4298362729 
 1406 , 29308.3727106955 
 1407 , 29290.3608365174 
 1408 , 29280.5793842184 
 1409 , 29269.9833308463 
 1410 , 29251.6694802712 
 1411 , 29221.7834866009 
 1412 , 29181.0679934198 
 1413 , 29141.9809261087 
 1414 , 29115.1499735767 
 1415 , 29095.4648060287 
 1416 , 29074.7437127009 
 1417 , 29050.8630784445 
 1418 , 29023.6416993099 
 1419 , 28989.2704805361 
 1420 , 28942.4886683248 
 1421 , 28886.9991010761 
 1422 , 28833.359582617 
 1423 , 28784.2084207633 
 1424 , 28733.1601391577 
 1425 , 28678.6030581118 
 1426 , 28627.2483628526 
 1427 , 28584.2002500685 
 1428 , 28549.2546141927 
 1429 , 28520.9174222768 
 1430 , 28495.8558567453 
 1431 , 28470.614876138 
 1432 , 28442.9651527651 
 1433 , 28411.3714044305 
 1434 , 28376.6172621252 
 1435 , 28340.9840532869 
 1436 , 28312.0914834517 
 1437 , 28299.2919118994 
 1438 , 28285.0737285809 
 1439 , 28230.3363426319 
 1440 , 28137.3935208065 
 1441 , 28057.7120990664 
 1442 , 28015.786143638 
 1443 , 27987.659726776 
 1444 , 27957.0186775906 
 1445 , 27935.000244752 
 1446 , 27930.3149086654 
 1447 , 27931.7060066718 
 1448 , 27925.98596205 
 1449 , 27909.4723194686 
 1450 , 27882.2366171415 
 1451 , 27851.1313730267 
 1452 , 27825.9203741254 
 1453 , 27817.9753578106 
 1454 , 27838.0624948871 
 1455 , 27874.6995874982 
 1456 , 27900.0166193926 
 1457 , 27901.0835547954 
 1458 , 27880.8378268238 
 1459 , 27842.4003639812 
 1460 , 27788.1699731935 
 1461 , 27725.0040051239 
 1462 , 27668.2512554329 
 1463 , 27621.585501551 
 1464 , 27556.1124604082 
 1465 , 27451.2748514737 
 1466 , 27334.8074122431 
 1467 , 27237.9249025681 
 1468 , 27155.5904083711 
 1469 , 27072.6640793245 
 1470 , 26981.8730164746 
 1471 , 26881.4931788062 
 1472 , 26791.7031761881 
 1473 , 26742.964009434 
 1474 , 26733.1046896851 
 1475 , 26735.4360096124 
 1476 , 26731.6123217418 
 1477 , 26712.4042970237 
 1478 , 26674.4187195848 
 1479 , 26621.4743323657 
 1480 , 26561.4182548232 
 1481 , 26508.2101778329 
 1482 , 26469.4113648599 
 1483 , 26436.4468459231 
 1484 , 26400.9515758664 
 1485 , 26362.1791152387 
 1486 , 26321.7735469951 
 1487 , 26285.2340897995 
 1488 , 26256.4929009742 
 1489 , 26225.0685828787 
 1490 , 26178.62233993 
 1491 , 26129.0043329331 
 1492 , 26097.0172224737 
 1493 , 26080.1297472465 
 1494 , 26062.6783264098 
 1495 , 26043.205429159 
 1496 , 26030.6780919996 
 1497 , 26016.8704338084 
 1498 , 25976.7314955671 
 1499 , 25906.8605426127 
 1500 , 25832.219316882 
 1501 , 25766.6469669754 
 1502 , 25702.8524893674 
 1503 , 25637.2832704244 
 1504 , 25578.3050437502 
 1505 , 25532.5795232062 
 1506 , 25498.0777206917 
 1507 , 25471.3394681456 
 1508 , 25449.0026742502 
 1509 , 25427.3497179264 
 1510 , 25400.9242804594 
 1511 , 25363.855044494 
 1512 , 25310.786727611 
 1513 , 25239.5523837393 
 1514 , 25171.7420556994 
 1515 , 25136.1408265231 
 1516 , 25117.9572629448 
 1517 , 25079.5603358287 
 1518 , 25032.7080438031 
 1519 , 25023.8212118948 
 1520 , 25041.7273626894 
 1521 , 25022.0879637631 
 1522 , 24952.3266103167 
 1523 , 24882.0418445591 
 1524 , 24836.1909454493 
 1525 , 24799.150006676 
 1526 , 24759.1856294921 
 1527 , 24717.2038994422 
 1528 , 24675.6162416881 
 1529 , 24637.2647194865 
 1530 , 24606.9327885885 
 1531 , 24594.6546548787 
 1532 , 24604.9737737424 
 1533 , 24620.0298713183 
 1534 , 24619.5069582255 
 1535 , 24593.8492590481 
 1536 , 24540.8660624704 
 1537 , 24482.7224452591 
 1538 , 24445.0953084537 
 1539 , 24419.8302318315 
 1540 , 24386.7399004781 
 1541 , 24346.4585034507 
 1542 , 24309.5262792077 
 1543 , 24275.445595998 
 1544 , 24237.8290364664 
 1545 , 24207.5302366598 
 1546 , 24206.8273596152 
 1547 , 24221.2429313668 
 1548 , 24203.6939672469 
 1549 , 24148.02035889 
 1550 , 24094.0069733808 
 1551 , 24061.4810910698 
 1552 , 24040.9361850332 
 1553 , 24027.7508854277 
 1554 , 24028.0585659672 
 1555 , 24038.6288538352 
 1556 , 24036.8645453649 
 1557 , 24006.8024376256 
 1558 , 23952.2593474409 
 1559 , 23886.6967930903 
 1560 , 23842.3241020207 
 1561 , 23837.1434514576 
 1562 , 23832.8392347544 
 1563 , 23794.3206464116 
 1564 , 23743.6656033109 
 1565 , 23708.4345213236 
 1566 , 23676.4535995128 
 1567 , 23629.9537248772 
 1568 , 23585.1418555745 
 1569 , 23565.4944398374 
 1570 , 23563.4536013916 
 1571 , 23560.2828900327 
 1572 , 23550.7257544464 
 1573 , 23536.0217217406 
 1574 , 23516.670038118 
 1575 , 23492.5921953297 
 1576 , 23462.1186325664 
 1577 , 23423.0826295126 
 1578 , 23381.405727928 
 1579 , 23348.8626648138 
 1580 , 23331.3139099189 
 1581 , 23328.7146495877 
 1582 , 23327.4192332147 
 1583 , 23300.9452989071 
 1584 , 23242.7696981049 
 1585 , 23170.0754111471 
 1586 , 23101.8455342311 
 1587 , 23057.4103789774 
 1588 , 23039.9839701554 
 1589 , 23028.6547407382 
 1590 , 23010.881886428 
 1591 , 22991.810254671 
 1592 , 22973.5126114512 
 1593 , 22948.7307193578 
 1594 , 22914.4024276502 
 1595 , 22879.1356573361 
 1596 , 22850.8917476473 
 1597 , 22832.0544313621 
 1598 , 22817.551110524 
 1599 , 22783.4401780267 
 1600 , 22719.071301209 
 1601 , 22667.9327588697 
 1602 , 22665.6502859544 
 1603 , 22678.2877120443 
 1604 , 22668.8167473792 
 1605 , 22654.322321217 
 1606 , 22657.2240789367 
 1607 , 22658.4355427106 
 1608 , 22632.4943433154 
 1609 , 22585.0587140319 
 1610 , 22531.6385448716 
 1611 , 22485.0569678666 
 1612 , 22453.9728460378 
 1613 , 22425.759113142 
 1614 , 22382.0452016117 
 1615 , 22327.2494055896 
 1616 , 22274.0128860151 
 1617 , 22216.4919310438 
 1618 , 22142.4548567772 
 1619 , 22067.5727743026 
 1620 , 22019.4729056434 
 1621 , 21988.4800906079 
 1622 , 21945.0662972918 
 1623 , 21893.1296013027 
 1624 , 21857.1736058588 
 1625 , 21839.826383225 
 1626 , 21827.7779898182 
 1627 , 21807.7403893742 
 1628 , 21767.6884807388 
 1629 , 21712.2643421115 
 1630 , 21659.2091024488 
 1631 , 21610.0036444119 
 1632 , 21551.9537996913 
 1633 , 21491.2044461735 
 1634 , 21451.7414758481 
 1635 , 21435.1973680181 
 1636 , 21419.7916957752 
 1637 , 21398.9202772787 
 1638 , 21383.6588328488 
 1639 , 21374.1282253132 
 1640 , 21356.6975200567 
 1641 , 21327.4218251956 
 1642 , 21295.3416882891 
 1643 , 21262.7559526757 
 1644 , 21222.0906802452 
 1645 , 21174.7454171559 
 1646 , 21135.4574607093 
 1647 , 21105.5987132949 
 1648 , 21065.4813208456 
 1649 , 21011.8005265885 
 1650 , 20969.2775669522 
 1651 , 20946.0944197628 
 1652 , 20919.4726966463 
 1653 , 20879.9283330254 
 1654 , 20845.6333291185 
 1655 , 20823.8593114303 
 1656 , 20797.4904391575 
 1657 , 20756.7721708702 
 1658 , 20710.4707582946 
 1659 , 20666.9810487669 
 1660 , 20630.0163878459 
 1661 , 20602.2247108015 
 1662 , 20585.1608048795 
 1663 , 20575.4582352667 
 1664 , 20559.7899870444 
 1665 , 20529.8919791311 
 1666 , 20491.0711070879 
 1667 , 20448.6122419896 
 1668 , 20403.8594728984 
 1669 , 20358.990931435 
 1670 , 20319.2775753066 
 1671 , 20289.9057774388 
 1672 , 20274.8510373717 
 1673 , 20271.7092897428 
 1674 , 20263.3733178405 
 1675 , 20237.4225227699 
 1676 , 20197.8892719865 
 1677 , 20150.453666415 
 1678 , 20098.8788403274 
 1679 , 20047.590323436 
 1680 , 20003.357681531 
 1681 , 19969.0115896464 
 1682 , 19936.6468573732 
 1683 , 19899.578109447 
 1684 , 19858.3459071552 
 1685 , 19815.9578461034 
 1686 , 19778.8149243469 
 1687 , 19748.9694727516 
 1688 , 19716.1743150296 
 1689 , 19675.6637744715 
 1690 , 19641.2881806257 
 1691 , 19622.3475875196 
 1692 , 19609.5053207894 
 1693 , 19594.9137156531 
 1694 , 19581.5660388552 
 1695 , 19570.0745679328 
 1696 , 19551.1307469045 
 1697 , 19519.4306455132 
 1698 , 19483.016332211 
 1699 , 19447.2756291729 
 1700 , 19406.5404863024 
 1701 , 19360.9018231002 
 1702 , 19327.6759372966 
 1703 , 19312.8968176573 
 1704 , 19291.1547747237 
 1705 , 19249.1119247591 
 1706 , 19210.1922596655 
 1707 , 19190.0721570707 
 1708 , 19176.7240423989 
 1709 , 19159.3780826167 
 1710 , 19137.6104944091 
 1711 , 19110.5012134608 
 1712 , 19073.464264938 
 1713 , 19026.410803477 
 1714 , 18979.022586116 
 1715 , 18941.8613429262 
 1716 , 18924.8584054006 
 1717 , 18925.5872859204 
 1718 , 18919.2971312173 
 1719 , 18891.6543189591 
 1720 , 18850.8401144511 
 1721 , 18813.3645731246 
 1722 , 18805.4102977273 
 1723 , 18823.0515461474 
 1724 , 18813.4258270896 
 1725 , 18757.9443262796 
 1726 , 18696.3593398301 
 1727 , 18649.5701407421 
 1728 , 18604.4610473423 
 1729 , 18557.1924698837 
 1730 , 18519.989286264 
 1731 , 18496.6874749707 
 1732 , 18478.9634084379 
 1733 , 18463.7580236004 
 1734 , 18454.9743029679 
 1735 , 18444.0828993794 
 1736 , 18408.7970350762 
 1737 , 18351.4767063594 
 1738 , 18300.9976419727 
 1739 , 18269.291562872 
 1740 , 18249.9827156994 
 1741 , 18236.8947781713 
 1742 , 18224.8688974759 
 1743 , 18210.1978732114 
 1744 , 18190.2165494805 
 1745 , 18159.1929731445 
 1746 , 18110.3181406288 
 1747 , 18057.3976092619 
 1748 , 18027.615636734 
 1749 , 18021.3566561627 
 1750 , 18020.5316423866 
 1751 , 18010.3200405556 
 1752 , 17980.2207399246 
 1753 , 17940.1300271552 
 1754 , 17909.4191875982 
 1755 , 17885.8262506957 
 1756 , 17857.0396278914 
 1757 , 17823.2382563239 
 1758 , 17789.6471895964 
 1759 , 17753.8536357115 
 1760 , 17712.7864124384 
 1761 , 17680.8617680394 
 1762 , 17673.7189708304 
 1763 , 17674.1762008347 
 1764 , 17659.6764011992 
 1765 , 17639.9804241051 
 1766 , 17630.2852038966 
 1767 , 17623.6866904841 
 1768 , 17609.7985853518 
 1769 , 17589.4678311935 
 1770 , 17564.8972574209 
 1771 , 17533.0541732095 
 1772 , 17493.8824312534 
 1773 , 17460.3316269759 
 1774 , 17440.8767205939 
 1775 , 17424.5518545407 
 1776 , 17405.832415797 
 1777 , 17400.5604112475 
 1778 , 17410.8828818328 
 1779 , 17402.7708482909 
 1780 , 17361.8532889197 
 1781 , 17319.7128537777 
 1782 , 17292.937492439 
 1783 , 17264.6490094811 
 1784 , 17223.8319984157 
 1785 , 17172.9466898986 
 1786 , 17122.1272838442 
 1787 , 17089.4411058357 
 1788 , 17075.9708370709 
 1789 , 17063.5309712581 
 1790 , 17046.8741732948 
 1791 , 17034.400693781 
 1792 , 17030.4652806269 
 1793 , 17035.0563326435 
 1794 , 17043.0686211108 
 1795 , 17046.0573979515 
 1796 , 17040.3101764144 
 1797 , 17025.7811628709 
 1798 , 17007.4290420762 
 1799 , 16991.6625369407 
 1800 , 16973.9648340736 
 1801 , 16947.4085295893 
 1802 , 16924.7443534551 
 1803 , 16920.8980636698 
 1804 , 16916.8652579508 
 1805 , 16889.0385336804 
 1806 , 16848.54785651 
 1807 , 16812.1027061408 
 1808 , 16777.7617975176 
 1809 , 16741.5715981612 
 1810 , 16708.2147432676 
 1811 , 16682.6791826832 
 1812 , 16665.8514733281 
 1813 , 16655.502018057 
 1814 , 16643.8755495513 
 1815 , 16630.0396827199 
 1816 , 16627.6820100971 
 1817 , 16641.5862782452 
 1818 , 16659.2194097611 
 1819 , 16665.0020848949 
 1820 , 16642.0017060967 
 1821 , 16592.4642062576 
 1822 , 16540.4414226708 
 1823 , 16501.2401033719 
 1824 , 16480.029893744 
 1825 , 16473.7426642932 
 1826 , 16472.9475653397 
 1827 , 16467.871947744 
 1828 , 16450.591903664 
 1829 , 16432.0444062832 
 1830 , 16428.9823869464 
 1831 , 16422.2138074753 
 1832 , 16384.2584026564 
 1833 , 16337.9609819321 
 1834 , 16315.120172821 
 1835 , 16299.1281549853 
 1836 , 16267.975897648 
 1837 , 16235.8336937499 
 1838 , 16222.8858520376 
 1839 , 16240.5650580151 
 1840 , 16279.1140369669 
 1841 , 16280.2427443924 
 1842 , 16216.6235103499 
 1843 , 16138.3380510045 
 1844 , 16086.3441261569 
 1845 , 16070.9646026364 
 1846 , 16081.9546470774 
 1847 , 16086.5074644141 
 1848 , 16077.263955987 
 1849 , 16074.5951219066 
 1850 , 16074.0475471343 
 1851 , 16050.9323153638 
 1852 , 16015.4556545035 
 1853 , 15998.7127694101 
 1854 , 15990.5810783172 
 1855 , 15962.1016006241 
 1856 , 15919.5463835499 
 1857 , 15882.6861891237 
 1858 , 15857.2823395229 
 1859 , 15842.5240162371 
 1860 , 15830.5995400904 
 1861 , 15812.3828234981 
 1862 , 15780.8389839659 
 1863 , 15736.6536306924 
 1864 , 15699.6644108774 
 1865 , 15685.7667655755 
 1866 , 15696.1288296375 
 1867 , 15718.2185006806 
 1868 , 15720.9020331225 
 1869 , 15694.852154095 
 1870 , 15660.3813183258 
 1871 , 15631.8251520917 
 1872 , 15614.7707248311 
 1873 , 15602.0329881642 
 1874 , 15578.0496210389 
 1875 , 15542.7247556339 
 1876 , 15505.5656940901 
 1877 , 15475.3043387522 
 1878 , 15459.5224531685 
 1879 , 15461.6001963025 
 1880 , 15478.6715330059 
 1881 , 15487.0444176458 
 1882 , 15466.6341096512 
 1883 , 15428.3760155575 
 1884 , 15386.9564895303 
 1885 , 15350.4219897598 
 1886 , 15327.9319186927 
 1887 , 15332.1976865054 
 1888 , 15351.2104932395 
 1889 , 15337.9318316366 
 1890 , 15285.4541075163 
 1891 , 15233.54070695 
 1892 , 15201.2631257645 
 1893 , 15187.3215050364 
 1894 , 15184.0953230128 
 1895 , 15180.1090542409 
 1896 , 15162.6755731045 
 1897 , 15122.6254001691 
 1898 , 15075.1631104165 
 1899 , 15043.0083145079 
 1900 , 15042.4300475362 
 1901 , 15072.2123297362 
 1902 , 15081.4814557167 
 1903 , 15040.6787552475 
 1904 , 14992.3375205709 
 1905 , 14964.6608022376 
 1906 , 14943.5871048211 
 1907 , 14919.4764837213 
 1908 , 14893.8930586767 
 1909 , 14869.7289849649 
 1910 , 14850.2623149779 
 1911 , 14836.2752205332 
 1912 , 14826.6141372949 
 1913 , 14819.1341856416 
 1914 , 14811.2815582956 
 1915 , 14801.1622197737 
 1916 , 14786.3700644808 
 1917 , 14760.9910045211 
 1918 , 14723.6445331137 
 1919 , 14690.7097250499 
 1920 , 14669.0199855566 
 1921 , 14635.4538921369 
 1922 , 14591.0738327675 
 1923 , 14583.1906921245 
 1924 , 14610.7477239569 
 1925 , 14610.7217093416 
 1926 , 14578.1889673926 
 1927 , 14560.4369325921 
 1928 , 14558.6409776847 
 1929 , 14545.7111796008 
 1930 , 14522.6843394275 
 1931 , 14501.9403411911 
 1932 , 14482.9609727892 
 1933 , 14458.9250711077 
 1934 , 14415.8709337172 
 1935 , 14360.0004004339 
 1936 , 14354.5698136186 
 1937 , 14413.8033661404 
 1938 , 14444.6742015716 
 1939 , 14413.247047507 
 1940 , 14378.586387765 
 1941 , 14364.4821949598 
 1942 , 14355.366733179 
 1943 , 14347.0046205032 
 1944 , 14342.2341035502 
 1945 , 14328.4491789602 
 1946 , 14292.4981220891 
 1947 , 14260.2313550815 
 1948 , 14256.1007391105 
 1949 , 14249.8837716407 
 1950 , 14217.6359741372 
 1951 , 14183.4621843978 
 1952 , 14160.6968093727 
 1953 , 14131.0878740998 
 1954 , 14099.9634236084 
 1955 , 14102.9119618537 
 1956 , 14119.056380274 
 1957 , 14083.5340927507 
 1958 , 14012.3087585965 
 1959 , 13965.7780301125 
 1960 , 13958.7646875907 
 1961 , 13980.3532699624 
 1962 , 13992.1313435771 
 1963 , 13966.0877446196 
 1964 , 13930.3818685307 
 1965 , 13909.2245224944 
 1966 , 13896.3223899013 
 1967 , 13884.8538227198 
 1968 , 13872.823520177 
 1969 , 13861.7986584546 
 1970 , 13856.1849560593 
 1971 , 13856.1923872451 
 1972 , 13858.3964379293 
 1973 , 13854.2095089958 
 1974 , 13836.0395171217 
 1975 , 13813.2773587193 
 1976 , 13794.6524955817 
 1977 , 13769.4209873231 
 1978 , 13732.0295486626 
 1979 , 13696.6131436998 
 1980 , 13672.5163537773 
 1981 , 13658.0689770011 
 1982 , 13645.2830415168 
 1983 , 13622.0554883993 
 1984 , 13592.7074098582 
 1985 , 13570.8123829609 
 1986 , 13554.6100966812 
 1987 , 13537.3077995904 
 1988 , 13521.8087150243 
 1989 , 13509.5598425189 
 1990 , 13488.8471270121 
 1991 , 13456.3067758437 
 1992 , 13429.9921940098 
 1993 , 13422.6734076075 
 1994 , 13436.1058352736 
 1995 , 13459.6779433146 
 1996 , 13473.5036511508 
 1997 , 13469.0219816101 
 1998 , 13446.7760720768 
 1999 , 13420.9101298702 
 2000 , 13405.6459187063 
 2001 , 13394.7703267634 
 2002 , 13380.7870362858 
 2003 , 13365.5694678905 
 2004 , 13348.8276033645 
 2005 , 13324.9259407076 
 2006 , 13301.4592815726 
 2007 , 13298.057486542 
 2008 , 13298.6248071622 
 2009 , 13268.382531797 
 2010 , 13226.911818832 
 2011 , 13209.998474477 
 2012 , 13211.0866189499 
 2013 , 13212.5848849857 
 2014 , 13200.8334990359 
 2015 , 13176.3797710595 
 2016 , 13163.7442060991 
 2017 , 13165.1868486929 
 2018 , 13154.8369098909 
 2019 , 13126.7774090295 
 2020 , 13092.3520075133 
 2021 , 13067.311990284 
 2022 , 13063.4551973078 
 2023 , 13063.0589632205 
 2024 , 13049.3145513649 
 2025 , 13035.8668167388 
 2026 , 13027.2693286173 
 2027 , 13000.8388973178 
 2028 , 12958.5756924267 
 2029 , 12933.7832362204 
 2030 , 12927.7232654345 
 2031 , 12917.2684938163 
 2032 , 12895.3986721864 
 2033 , 12867.3588444907 
 2034 , 12857.7642742149 
 2035 , 12877.4099088646 
 2036 , 12880.4711969016 
 2037 , 12843.101472546 
 2038 , 12798.4351441902 
 2039 , 12768.4637866513 
 2040 , 12755.3328230256 
 2041 , 12752.6438540817 
 2042 , 12748.4454403479 
 2043 , 12729.3297290163 
 2044 , 12691.1157001908 
 2045 , 12671.3995088268 
 2046 , 12692.2677849711 
 2047 , 12708.834363531 
 2048 , 12690.8742548436 
 2049 , 12647.6890644802 
 2050 , 12603.9709722727 
 2051 , 12591.2906618703 
 2052 , 12590.7349597597 
 2053 , 12562.4752383244 
 2054 , 12524.3696365038 
 2055 , 12505.6381238489 
 2056 , 12501.8145680157 
 2057 , 12498.828320157 
 2058 , 12478.4043165527 
 2059 , 12445.8866608165 
 2060 , 12434.0337293652 
 2061 , 12439.1667520449 
 2062 , 12430.9436834852 
 2063 , 12398.902311671 
 2064 , 12348.7909821585 
 2065 , 12315.1056454427 
 2066 , 12317.493239123 
 2067 , 12319.263056935 
 2068 , 12300.4834648753 
 2069 , 12278.8662629092 
 2070 , 12263.9973891183 
 2071 , 12253.5831956385 
 2072 , 12229.8555154183 
 2073 , 12178.6471459694 
 2074 , 12147.6927284209 
 2075 , 12171.4826263062 
 2076 , 12187.4468487869 
 2077 , 12157.9441911167 
 2078 , 12117.6925718156 
 2079 , 12090.0606150953 
 2080 , 12077.6238067518 
 2081 , 12063.0293634227 
 2082 , 12024.4486161928 
 2083 , 11982.2578007405 
 2084 , 11963.0961987249 
 2085 , 11964.6167489737 
 2086 , 11973.9254970726 
 2087 , 11970.119458441 
 2088 , 11950.6810012702 
 2089 , 11932.6724647905 
 2090 , 11915.8869459916 
 2091 , 11891.0831803984 
 2092 , 11866.4162399308 
 2093 , 11849.2588634839 
 2094 , 11822.6141469817 
 2095 , 11783.0720608776 
 2096 , 11761.2171472981 
 2097 , 11762.6277011517 
 2098 , 11763.1716041054 
 2099 , 11760.3105770952 
 2100 , 11763.2029261683 
 2101 , 11761.6938321851 
 2102 , 11743.5576736746 
 2103 , 11713.0236538037 
 2104 , 11678.5945629477 
 2105 , 11650.532015121 
 2106 , 11639.3735783694 
 2107 , 11652.313101975 
 2108 , 11659.8823185818 
 2109 , 11623.6365515543 
 2110 , 11576.4794702104 
 2111 , 11556.8566928868 
 2112 , 11548.9196903194 
 2113 , 11534.6451312157 
 2114 , 11508.9596259457 
 2115 , 11477.8483289325 
 2116 , 11454.9084972616 
 2117 , 11439.1102036644 
 2118 , 11422.9505038074 
 2119 , 11405.915949183 
 2120 , 11390.091586493 
 2121 , 11378.839000203 
 2122 , 11372.478801267 
 2123 , 11366.7091608143 
 2124 , 11354.9912990516 
 2125 , 11330.7239621139 
 2126 , 11297.7622129693 
 2127 , 11264.8244719421 
 2128 , 11241.4783833955 
 2129 , 11234.5341233597 
 2130 , 11244.4225593337 
 2131 , 11258.0116618705 
 2132 , 11250.1648251906 
 2133 , 11222.0620075223 
 2134 , 11189.4599817901 
 2135 , 11154.6317460805 
 2136 , 11118.5439310665 
 2137 , 11091.6572738502 
 2138 , 11077.424721514 
 2139 , 11066.4281863295 
 2140 , 11057.1773060522 
 2141 , 11053.6382342656 
 2142 , 11041.8644164651 
 2143 , 11009.6172013431 
 2144 , 10984.820638086 
 2145 , 10981.2643350322 
 2146 , 10964.7307118929 
 2147 , 10931.2988958891 
 2148 , 10914.3820204919 
 2149 , 10912.2985416959 
 2150 , 10903.8742532956 
 2151 , 10886.0972600082 
 2152 , 10863.0934631721 
 2153 , 10841.8486920758 
 2154 , 10827.454818211 
 2155 , 10821.2193344441 
 2156 , 10817.7419988141 
 2157 , 10808.508783578 
 2158 , 10797.6421284237 
 2159 , 10789.6959403702 
 2160 , 10773.1199471655 
 2161 , 10743.3364685982 
 2162 , 10713.2680671785 
 2163 , 10688.4859649597 
 2164 , 10666.0596344163 
 2165 , 10643.1263976617 
 2166 , 10618.7959428711 
 2167 , 10599.3428122786 
 2168 , 10586.4241964984 
 2169 , 10569.2099048977 
 2170 , 10554.6967758624 
 2171 , 10566.8943421586 
 2172 , 10588.6664463239 
 2173 , 10585.5337709602 
 2174 , 10557.0089637904 
 2175 , 10517.1257880518 
 2176 , 10489.6491623663 
 2177 , 10482.4615375359 
 2178 , 10483.0313138241 
 2179 , 10487.043708351 
 2180 , 10494.0440387566 
 2181 , 10491.3429637384 
 2182 , 10468.2833367716 
 2183 , 10430.2450445613 
 2184 , 10394.2604899535 
 2185 , 10386.162271269 
 2186 , 10389.382163517 
 2187 , 10365.9620527351 
 2188 , 10328.0819868359 
 2189 , 10302.9742628176 
 2190 , 10308.9798104144 
 2191 , 10330.3612173065 
 2192 , 10311.0337804052 
 2193 , 10261.4701607194 
 2194 , 10232.3710875424 
 2195 , 10213.1158786074 
 2196 , 10186.1642020911 
 2197 , 10178.0409747528 
 2198 , 10189.8729465991 
 2199 , 10179.5711583701 
 2200 , 10148.606954843 
 2201 , 10126.9827450714 
 2202 , 10111.9665509579 
 2203 , 10096.7190114074 
 2204 , 10096.0405792814 
 2205 , 10101.7191965079 
 2206 , 10073.4798712864 
 2207 , 10029.797428087 
 2208 , 10019.9637092088 
 2209 , 10025.0295645177 
 2210 , 10012.4567599558 
 2211 , 9977.21976751068 
 2212 , 9934.56352377769 
 2213 , 9916.85292222634 
 2214 , 9917.19461352382 
 2215 , 9907.67532110583 
 2216 , 9888.65914401633 
 2217 , 9866.34703364862 
 2218 , 9839.3838055429 
 2219 , 9814.70943007627 
 2220 , 9807.38390542416 
 2221 , 9802.61233057316 
 2222 , 9774.88699727647 
 2223 , 9731.14286261878 
 2224 , 9691.16302572219 
 2225 , 9681.18062885834 
 2226 , 9697.98427134276 
 2227 , 9708.0338347925 
 2228 , 9685.16973744416 
 2229 , 9623.43627687962 
 2230 , 9575.96986709053 
 2231 , 9572.39177534641 
 2232 , 9576.94966466185 
 2233 , 9568.23947604941 
 2234 , 9546.15800843088 
 2235 , 9530.60950325529 
 2236 , 9534.74850060244 
 2237 , 9526.08940629912 
 2238 , 9490.49901718554 
 2239 , 9452.21849911721 
 2240 , 9421.72419602017 
 2241 , 9396.40431990326 
 2242 , 9368.0507479099 
 2243 , 9337.08956516406 
 2244 , 9328.40593005266 
 2245 , 9343.2970626439 
 2246 , 9353.26663502561 
 2247 , 9347.13062918152 
 2248 , 9326.59208408007 
 2249 , 9302.13296231412 
 2250 , 9282.02652744355 
 2251 , 9265.96334171631 
 2252 , 9246.54032264581 
 2253 , 9215.26136749827 
 2254 , 9194.40911256065 
 2255 , 9200.6390186185 
 2256 , 9195.10652147131 
 2257 , 9165.37386858252 
 2258 , 9146.90911294546 
 2259 , 9138.8226066348 
 2260 , 9119.17632482454 
 2261 , 9093.20293384226 
 2262 , 9071.30671690355 
 2263 , 9056.59822998621 
 2264 , 9042.30864718437 
 2265 , 9015.73644684822 
 2266 , 8988.34355554553 
 2267 , 8977.2934119106 
 2268 , 8980.01289496988 
 2269 , 8980.70195511623 
 2270 , 8953.14937609982 
 2271 , 8913.07671295431 
 2272 , 8895.47453881639 
 2273 , 8879.28341895816 
 2274 , 8846.99470806583 
 2275 , 8827.35408692035 
 2276 , 8824.63062826258 
 2277 , 8814.7418440281 
 2278 , 8795.91104853623 
 2279 , 8773.44676823152 
 2280 , 8739.84347203431 
 2281 , 8707.82521296124 
 2282 , 8717.37976841062 
 2283 , 8739.60036645921 
 2284 , 8716.05791765595 
 2285 , 8675.38080858662 
 2286 , 8654.48776850376 
 2287 , 8653.5398293461 
 2288 , 8655.05671233521 
 2289 , 8634.73636807072 
 2290 , 8605.7622505884 
 2291 , 8588.22379167419 
 2292 , 8576.686414538 
 2293 , 8563.50227994029 
 2294 , 8544.45937712298 
 2295 , 8521.17891366314 
 2296 , 8496.79064778498 
 2297 , 8467.7258202367 
 2298 , 8436.25747884995 
 2299 , 8416.0578451802 
 2300 , 8404.4300886034 
 2301 , 8389.22413144134 
 2302 , 8379.05653669943 
 2303 , 8376.55588350562 
 2304 , 8357.06482029418 
 2305 , 8326.51869539663 
 2306 , 8318.56919602875 
 2307 , 8322.79671503978 
 2308 , 8316.09071801546 
 2309 , 8296.40125451993 
 2310 , 8266.05957486387 
 2311 , 8229.27022284156 
 2312 , 8201.27380785346 
 2313 , 8194.53313238116 
 2314 , 8188.4395693226 
 2315 , 8169.70145054544 
 2316 , 8148.03129541479 
 2317 , 8126.88067433958 
 2318 , 8105.15659032932 
 2319 , 8087.64266521274 
 2320 , 8076.07380549241 
 2321 , 8063.17874013147 
 2322 , 8046.07298846872 
 2323 , 8027.37578960601 
 2324 , 8014.95867703289 
 2325 , 8013.69602437683 
 2326 , 8016.94216662541 
 2327 , 8013.35495695428 
 2328 , 7990.91746260883 
 2329 , 7955.07197555757 
 2330 , 7917.28738885465 
 2331 , 7884.27688504603 
 2332 , 7861.31117207656 
 2333 , 7852.07118165399 
 2334 , 7852.68854804894 
 2335 , 7853.53829551628 
 2336 , 7839.17885043988 
 2337 , 7811.37132811037 
 2338 , 7794.19354989078 
 2339 , 7783.75989653775 
