11-20-2017,16:45:22
Wavenumber(cm-1),Intensity
 250 , 26076.5247853893 
 251 , 26089.5738402044 
 252 , 26094.2403107528 
 253 , 26098.0224328623 
 254 , 26103.2176494083 
 255 , 26111.56383846 
 256 , 26123.3483211334 
 257 , 26137.7794972199 
 258 , 26154.0887253804 
 259 , 26171.7700909961 
 260 , 26190.4167152826 
 261 , 26212.2453496863 
 262 , 26245.5118564333 
 263 , 26298.7952287557 
 264 , 26367.3448578405 
 265 , 26432.3232736799 
 266 , 26476.7304068617 
 267 , 26504.0285656175 
 268 , 26527.6474710692 
 269 , 26557.1118609959 
 270 , 26588.7729795727 
 271 , 26616.3782222792 
 272 , 26639.9907369852 
 273 , 26668.8742856206 
 274 , 26712.2537150924 
 275 , 26769.9627135629 
 276 , 26835.5329605264 
 277 , 26902.6627057992 
 278 , 26966.3720209289 
 279 , 27022.0880965 
 280 , 27067.9502404414 
 281 , 27107.4166010016 
 282 , 27144.5676297664 
 283 , 27183.5575475191 
 284 , 27228.6060440186 
 285 , 27282.5097416944 
 286 , 27338.9680065023 
 287 , 27388.1137781693 
 288 , 27424.4887170957 
 289 , 27454.0464395973 
 290 , 27484.3809136926 
 291 , 27517.8872742938 
 292 , 27551.0609056716 
 293 , 27580.1035963033 
 294 , 27601.4322068656 
 295 , 27611.5731711897 
 296 , 27610.514946962 
 297 , 27609.7462941134 
 298 , 27622.9071959667 
 299 , 27652.6372047918 
 300 , 27686.0822234202 
 301 , 27710.7523003147 
 302 , 27731.2373745983 
 303 , 27762.8191299121 
 304 , 27815.6924516898 
 305 , 27878.2703214393 
 306 , 27933.4205027915 
 307 , 27971.963310198 
 308 , 27998.2312610995 
 309 , 28017.9573651675 
 310 , 28038.1264425972 
 311 , 28066.6577196263 
 312 , 28109.7751763752 
 313 , 28165.1080321782 
 314 , 28227.6006376237 
 315 , 28291.9107388534 
 316 , 28352.1270182905 
 317 , 28402.6241285172 
 318 , 28444.0712016537 
 319 , 28482.5557821319 
 320 , 28523.3233175354 
 321 , 28565.6736504232 
 322 , 28606.7683401385 
 323 , 28646.504023503 
 324 , 28690.9814537152 
 325 , 28746.6126763914 
 326 , 28808.156857154 
 327 , 28859.1681506791 
 328 , 28886.4973432037 
 329 , 28901.6498450776 
 330 , 28926.0640822663 
 331 , 28972.310403346 
 332 , 29030.7383310392 
 333 , 29088.5654414638 
 334 , 29139.9554931036 
 335 , 29186.3038544657 
 336 , 29228.6849377199 
 337 , 29263.4645235966 
 338 , 29284.9683620556 
 339 , 29292.9496216833 
 340 , 29301.6452684959 
 341 , 29327.0499092343 
 342 , 29368.1078747011 
 343 , 29405.1315575399 
 344 , 29420.3001973524 
 345 , 29416.8609452929 
 346 , 29407.6113948579 
 347 , 29402.5118583283 
 348 , 29403.5964295558 
 349 , 29411.6121718475 
 350 , 29429.0560277336 
 351 , 29460.3707741956 
 352 , 29508.9732015178 
 353 , 29569.758231999 
 354 , 29633.730586391 
 355 , 29694.626675159 
 356 , 29753.7164046657 
 357 , 29813.4684783506 
 358 , 29874.1967737939 
 359 , 29933.8513304444 
 360 , 29990.2502145791 
 361 , 30041.1290495804 
 362 , 30084.1969786792 
 363 , 30122.5245480299 
 364 , 30173.3166736977 
 365 , 30255.0099346478 
 366 , 30359.1581658758 
 367 , 30449.1085167595 
 368 , 30493.295406379 
 369 , 30504.233565638 
 370 , 30512.911224427 
 371 , 30539.3599803486 
 372 , 30576.5600682742 
 373 , 30613.7628471165 
 374 , 30647.8090464804 
 375 , 30682.9244694104 
 376 , 30723.3281127154 
 377 , 30771.3048203186 
 378 , 30828.3722016184 
 379 , 30890.3644451826 
 380 , 30940.5430681208 
 381 , 30961.8866058876 
 382 , 30963.0189563454 
 383 , 30975.0024344728 
 384 , 31022.7023459379 
 385 , 31093.4506624543 
 386 , 31162.07032557 
 387 , 31214.9185972103 
 388 , 31260.67773464 
 389 , 31309.8325759432 
 390 , 31361.8186159886 
 391 , 31407.6477210901 
 392 , 31441.8756103613 
 393 , 31476.1446286872 
 394 , 31526.7691821851 
 395 , 31597.0860836323 
 396 , 31669.1285476734 
 397 , 31724.3059549765 
 398 , 31759.7030751492 
 399 , 31782.4819015458 
 400 , 31801.4693400168 
 401 , 31831.0472792385 
 402 , 31886.5613769381 
 403 , 31969.5302297205 
 404 , 32062.7413174404 
 405 , 32149.1058090565 
 406 , 32224.4606274024 
 407 , 32291.4069016871 
 408 , 32352.6207387977 
 409 , 32410.8242982962 
 410 , 32468.7029731365 
 411 , 32527.729611727 
 412 , 32588.0589793216 
 413 , 32648.4620822501 
 414 , 32698.9129686945 
 415 , 32725.8308779789 
 416 , 32726.1944831659 
 417 , 32720.7541849766 
 418 , 32732.583983141 
 419 , 32768.7613658134 
 420 , 32822.8191168466 
 421 , 32887.5330440141 
 422 , 32954.0601298425 
 423 , 33013.140523781 
 424 , 33061.6440468209 
 425 , 33106.8118951836 
 426 , 33156.0124126662 
 427 , 33206.6038803414 
 428 , 33249.5631783405 
 429 , 33278.8301024409 
 430 , 33299.1307415925 
 431 , 33317.4348899357 
 432 , 33336.2060334564 
 433 , 33352.2936437196 
 434 , 33363.2425349337 
 435 , 33374.5845859938 
 436 , 33395.5172895592 
 437 , 33430.7991299915 
 438 , 33474.2358854686 
 439 , 33518.3153573261 
 440 , 33561.8456716658 
 441 , 33609.286200357 
 442 , 33664.0661963891 
 443 , 33723.3801418152 
 444 , 33782.4615824619 
 445 , 33837.3960908595 
 446 , 33885.7121830804 
 447 , 33925.7043345637 
 448 , 33962.571288167 
 449 , 34005.7916429715 
 450 , 34060.6146393879 
 451 , 34118.0908658443 
 452 , 34166.6333392828 
 453 , 34203.4364642063 
 454 , 34235.7764160755 
 455 , 34270.7021891347 
 456 , 34310.0366393867 
 457 , 34353.4497490232 
 458 , 34398.5779608901 
 459 , 34438.7553592101 
 460 , 34467.8385382611 
 461 , 34495.3972277815 
 462 , 34542.9322493955 
 463 , 34623.3650481283 
 464 , 34713.4473234062 
 465 , 34781.1243952855 
 466 , 34811.6936620057 
 467 , 34813.9788296121 
 468 , 34799.0288402036 
 469 , 34782.2986745193 
 470 , 34781.3439026392 
 471 , 34808.0727891497 
 472 , 34860.5495934701 
 473 , 34934.4093965715 
 474 , 35019.1173024261 
 475 , 35098.8810264784 
 476 , 35160.7152633654 
 477 , 35205.200728278 
 478 , 35236.7891039758 
 479 , 35260.2674973269 
 480 , 35280.9162708164 
 481 , 35303.4359700405 
 482 , 35327.1447640541 
 483 , 35348.5986070029 
 484 , 35366.9164498482 
 485 , 35387.8758251736 
 486 , 35418.0078477657 
 487 , 35458.2551868474 
 488 , 35504.6517305574 
 489 , 35553.9060508518 
 490 , 35606.6244922008 
 491 , 35664.4652562717 
 492 , 35725.15377832 
 493 , 35780.6469127592 
 494 , 35823.6012078071 
 495 , 35856.4945892826 
 496 , 35886.7440848486 
 497 , 35919.9140202877 
 498 , 35956.8942298496 
 499 , 35997.8970515828 
 500 , 36043.6827308608 
 501 , 36095.4675014843 
 502 , 36152.8132019643 
 503 , 36208.1591316195 
 504 , 36252.1635047165 
 505 , 36280.485172248 
 506 , 36295.4955170841 
 507 , 36300.1325477096 
 508 , 36298.0447836916 
 509 , 36293.1995285338 
 510 , 36289.3110634082 
 511 , 36289.5412911965 
 512 , 36297.1421493807 
 513 , 36317.5867777336 
 514 , 36357.9569931371 
 515 , 36420.2927507638 
 516 , 36488.4804388898 
 517 , 36542.7068335224 
 518 , 36573.4600857054 
 519 , 36582.8686062097 
 520 , 36576.7078866343 
 521 , 36578.6686708013 
 522 , 36618.7316651147 
 523 , 36702.5451458059 
 524 , 36793.1839695676 
 525 , 36852.7718861286 
 526 , 36876.9908949443 
 527 , 36880.8988715139 
 528 , 36879.72101679 
 529 , 36888.4987779554 
 530 , 36921.4752066215 
 531 , 36978.8424703844 
 532 , 37048.4900127515 
 533 , 37118.6935683514 
 534 , 37181.1944199301 
 535 , 37228.8799320707 
 536 , 37262.8621376929 
 537 , 37294.9670712273 
 538 , 37335.3527354756 
 539 , 37377.8791747343 
 540 , 37409.6974596985 
 541 , 37429.9239440841 
 542 , 37460.8239272616 
 543 , 37524.3968622556 
 544 , 37610.5018594963 
 545 , 37689.0306020948 
 546 , 37739.2306711742 
 547 , 37768.1862750008 
 548 , 37788.1808093208 
 549 , 37815.5653489709 
 550 , 37870.3418377424 
 551 , 37964.2048494208 
 552 , 38072.3346743821 
 553 , 38160.6542798812 
 554 , 38218.1242192581 
 555 , 38263.059081368 
 556 , 38313.077691879 
 557 , 38368.9834315123 
 558 , 38424.9266631676 
 559 , 38478.2945840997 
 560 , 38532.3225972693 
 561 , 38589.7363310188 
 562 , 38642.3132757525 
 563 , 38675.6606883716 
 564 , 38682.881834992 
 565 , 38676.2818225518 
 566 , 38670.5353251476 
 567 , 38670.6644130757 
 568 , 38674.1517626007 
 569 , 38678.9878265352 
 570 , 38685.7080948 
 571 , 38695.565997459 
 572 , 38713.5523836073 
 573 , 38748.6139608691 
 574 , 38805.8892369365 
 575 , 38870.2912311612 
 576 , 38920.6383144046 
 577 , 38949.3619567674 
 578 , 38968.1867805232 
 579 , 38989.0804503799 
 580 , 39015.360646938 
 581 , 39046.5954143155 
 582 , 39080.6004099956 
 583 , 39111.9166734591 
 584 , 39135.4494416913 
 585 , 39153.3544545959 
 586 , 39171.9451602927 
 587 , 39194.8264541098 
 588 , 39218.7120886252 
 589 , 39239.7387513202 
 590 , 39260.9324865213 
 591 , 39290.4644651765 
 592 , 39329.018036766 
 593 , 39352.132930653 
 594 , 39331.8230563597 
 595 , 39275.2175741877 
 596 , 39222.951559215 
 597 , 39208.1330253435 
 598 , 39225.4427813698 
 599 , 39259.3917629257 
 600 , 39302.410723806 
 601 , 39356.44848857 
 602 , 39422.0593482006 
 603 , 39488.7863214924 
 604 , 39542.5423056677 
 605 , 39580.9946907311 
 606 , 39619.4141729705 
 607 , 39671.7944925337 
 608 , 39732.4433973366 
 609 , 39787.0726175062 
 610 , 39827.9552272338 
 611 , 39859.5594599178 
 612 , 39887.9713739878 
 613 , 39922.0574700089 
 614 , 39972.1673145681 
 615 , 40042.9418800782 
 616 , 40126.070434644 
 617 , 40211.4653193806 
 618 , 40289.0869276997 
 619 , 40348.9390614823 
 620 , 40389.3044458719 
 621 , 40431.2157478118 
 622 , 40498.0266801616 
 623 , 40589.3587572344 
 624 , 40686.3067999274 
 625 , 40772.8937594321 
 626 , 40844.4499231535 
 627 , 40898.4831295214 
 628 , 40929.4248160607 
 629 , 40928.8918879179 
 630 , 40895.4966126006 
 631 , 40855.7664443641 
 632 , 40842.3116160402 
 633 , 40867.9139503845 
 634 , 40924.3858587226 
 635 , 41000.667122744 
 636 , 41077.0914614237 
 637 , 41132.0270782734 
 638 , 41160.850847732 
 639 , 41179.4660765262 
 640 , 41202.4931228382 
 641 , 41231.1814010462 
 642 , 41262.3388024303 
 643 , 41292.6460040821 
 644 , 41318.6146479894 
 645 , 41337.5792867147 
 646 , 41351.9550005926 
 647 , 41366.0542912685 
 648 , 41383.4342431363 
 649 , 41406.5029119096 
 650 , 41436.2668648519 
 651 , 41464.7858829639 
 652 , 41480.4828150491 
 653 , 41480.0841852357 
 654 , 41474.1625513231 
 655 , 41473.9605315571 
 656 , 41485.8478575424 
 657 , 41513.8366640766 
 658 , 41550.8804164841 
 659 , 41569.9622889772 
 660 , 41547.8947308593 
 661 , 41510.9357213412 
 662 , 41509.6813545191 
 663 , 41566.9310227155 
 664 , 41651.2733754149 
 665 , 41727.6904024999 
 666 , 41784.6125743933 
 667 , 41822.8984562098 
 668 , 41846.2034905722 
 669 , 41863.685183791 
 670 , 41883.9950590401 
 671 , 41904.4922238454 
 672 , 41916.3225405244 
 673 , 41921.612400143 
 674 , 41946.1282494077 
 675 , 42014.8865253869 
 676 , 42114.9212305257 
 677 , 42211.4538274088 
 678 , 42279.3739228813 
 679 , 42315.4476123907 
 680 , 42321.3843337521 
 681 , 42319.7238580278 
 682 , 42345.1679966895 
 683 , 42413.8081416213 
 684 , 42499.7562774236 
 685 , 42573.3196313537 
 686 , 42624.4585727625 
 687 , 42654.7983984997 
 688 , 42669.4279083216 
 689 , 42680.8511015854 
 690 , 42701.2825390517 
 691 , 42729.5578017656 
 692 , 42756.6403359005 
 693 , 42776.4475336412 
 694 , 42789.6544100613 
 695 , 42798.2622023747 
 696 , 42808.5104389895 
 697 , 42829.0699296446 
 698 , 42864.9424778808 
 699 , 42913.164063443 
 700 , 42968.6573947469 
 701 , 43015.9295681785 
 702 , 43033.7522724492 
 703 , 43015.7496496916 
 704 , 42986.4035311057 
 705 , 42970.9146204492 
 706 , 42966.1800335148 
 707 , 42954.0725717379 
 708 , 42930.0539075388 
 709 , 42916.5081163064 
 710 , 42935.0500711171 
 711 , 42974.2725442054 
 712 , 43006.2826376704 
 713 , 43017.0293576947 
 714 , 43018.0789944975 
 715 , 43022.2447738183 
 716 , 43030.7372557402 
 717 , 43039.4097500347 
 718 , 43049.1373626122 
 719 , 43069.3523382883 
 720 , 43106.9031841825 
 721 , 43144.7443868601 
 722 , 43155.9804280308 
 723 , 43135.2890393171 
 724 , 43110.7309916005 
 725 , 43110.0772126068 
 726 , 43141.4576726547 
 727 , 43205.0886921041 
 728 , 43285.0790631601 
 729 , 43343.1430308327 
 730 , 43349.8080716117 
 731 , 43333.0385830816 
 732 , 43339.4545776326 
 733 , 43382.8277842873 
 734 , 43436.2179994303 
 735 , 43476.4764533685 
 736 , 43510.5544869043 
 737 , 43553.7653982836 
 738 , 43605.5971546 
 739 , 43648.2976632196 
 740 , 43669.1635322469 
 741 , 43679.6225648439 
 742 , 43696.7108705741 
 743 , 43726.1912460226 
 744 , 43763.1624424266 
 745 , 43801.162983665 
 746 , 43829.8016162053 
 747 , 43838.6890069108 
 748 , 43831.1509577812 
 749 , 43821.6319501836 
 750 , 43825.03867066 
 751 , 43856.6851879207 
 752 , 43929.0231987783 
 753 , 44017.4504072162 
 754 , 44072.0728402763 
 755 , 44066.8758787335 
 756 , 44033.6933444397 
 757 , 44009.9813627486 
 758 , 44005.8494461591 
 759 , 44015.8675190803 
 760 , 44038.3504704817 
 761 , 44079.2504057483 
 762 , 44141.6598781019 
 763 , 44199.8430953029 
 764 , 44215.1104533218 
 765 , 44177.2862253651 
 766 , 44121.432758595 
 767 , 44081.7610524906 
 768 , 44063.3026347437 
 769 , 44060.2586505046 
 770 , 44067.7006853164 
 771 , 44081.8344232074 
 772 , 44099.8940437189 
 773 , 44123.5629975688 
 774 , 44155.3278336386 
 775 , 44185.9657865725 
 776 , 44194.3224176637 
 777 , 44168.3505634235 
 778 , 44130.4655235827 
 779 , 44109.395240877 
 780 , 44111.7898178656 
 781 , 44126.5653644543 
 782 , 44144.8152245919 
 783 , 44164.9049039753 
 784 , 44186.2568276127 
 785 , 44206.4577500226 
 786 , 44221.962175278 
 787 , 44230.9877880234 
 788 , 44235.4132088164 
 789 , 44239.16210806 
 790 , 44258.7186390574 
 791 , 44316.1734435161 
 792 , 44413.0473329006 
 793 , 44518.8518663177 
 794 , 44604.5777933015 
 795 , 44665.1636239526 
 796 , 44703.9269059483 
 797 , 44723.6249570942 
 798 , 44726.3502365953 
 799 , 44715.7431785559 
 800 , 44701.8549573719 
 801 , 44696.0526538 
 802 , 44704.1979446641 
 803 , 44727.3634948819 
 804 , 44764.9889390478 
 805 , 44812.2841921643 
 806 , 44863.406034373 
 807 , 44909.0949916097 
 808 , 44937.9583398568 
 809 , 44944.8942617259 
 810 , 44937.7090893344 
 811 , 44925.7844283011 
 812 , 44918.5133594519 
 813 , 44925.1116146066 
 814 , 44945.5106968024 
 815 , 44966.1377350918 
 816 , 44975.7848557396 
 817 , 44980.6114947819 
 818 , 44991.8137391121 
 819 , 45009.6186743274 
 820 , 45022.9102568485 
 821 , 45023.9342723855 
 822 , 45018.1587801412 
 823 , 45013.4060550026 
 824 , 45011.2369772689 
 825 , 45008.6749552763 
 826 , 45005.0802589426 
 827 , 45005.3897520178 
 828 , 45014.5934811787 
 829 , 45031.6325572929 
 830 , 45052.4058542517 
 831 , 45071.1746372309 
 832 , 45079.6968668092 
 833 , 45072.2838953138 
 834 , 45057.9358600325 
 835 , 45050.0180465197 
 836 , 45049.5856771485 
 837 , 45044.7366242334 
 838 , 45028.3665378237 
 839 , 45011.7034240651 
 840 , 45008.5842936413 
 841 , 45016.1117958514 
 842 , 45019.584168245 
 843 , 45008.967683909 
 844 , 44984.897445564 
 845 , 44951.6370127431 
 846 , 44930.5343180679 
 847 , 44950.2652838848 
 848 , 45012.7382418029 
 849 , 45082.0735740815 
 850 , 45124.7993547077 
 851 , 45131.8360323891 
 852 , 45101.9778607555 
 853 , 45049.8731402615 
 854 , 45004.7048487663 
 855 , 44987.3313920839 
 856 , 44993.533322415 
 857 , 45014.7644872765 
 858 , 45043.2750799675 
 859 , 45071.8240090694 
 860 , 45096.6934089111 
 861 , 45120.3248162421 
 862 , 45145.1693136094 
 863 , 45170.1043561472 
 864 , 45192.7988035159 
 865 , 45213.2123925786 
 866 , 45233.8233108967 
 867 , 45254.1069061032 
 868 , 45262.8713536151 
 869 , 45249.2203698203 
 870 , 45234.5738634762 
 871 , 45262.2649061615 
 872 , 45349.8972408583 
 873 , 45462.4137079152 
 874 , 45564.037324625 
 875 , 45656.5563239672 
 876 , 45756.826140967 
 877 , 45868.7140685716 
 878 , 45980.2287886404 
 879 , 46082.8025692835 
 880 , 46184.3351092366 
 881 , 46294.4772705093 
 882 , 46393.3409704555 
 883 , 46439.5035707376 
 884 , 46419.1953831282 
 885 , 46378.7100743458 
 886 , 46363.2337107045 
 887 , 46355.8751874756 
 888 , 46313.8095156858 
 889 , 46219.1152649753 
 890 , 46085.0113136117 
 891 , 45929.3049261052 
 892 , 45779.8006685438 
 893 , 45664.9377456352 
 894 , 45589.240305061 
 895 , 45539.8164545354 
 896 , 45504.4650086208 
 897 , 45473.2426945229 
 898 , 45437.749056562 
 899 , 45398.042483034 
 900 , 45357.6134183519 
 901 , 45318.5011405187 
 902 , 45281.0222021063 
 903 , 45245.8606611109 
 904 , 45215.331684694 
 905 , 45191.7714215704 
 906 , 45173.4320286075 
 907 , 45155.8916495115 
 908 , 45140.1577706851 
 909 , 45137.4753438023 
 910 , 45157.1038514384 
 911 , 45190.1857631482 
 912 , 45221.5200150389 
 913 , 45240.8731353155 
 914 , 45243.1477035994 
 915 , 45226.5257835075 
 916 , 45198.1840030303 
 917 , 45167.0125942616 
 918 , 45142.4866701208 
 919 , 45134.2409273422 
 920 , 45141.6814466799 
 921 , 45148.3394017621 
 922 , 45141.3320199747 
 923 , 45130.7783578431 
 924 , 45132.6448890811 
 925 , 45148.9046965317 
 926 , 45169.8472783075 
 927 , 45186.9332009955 
 928 , 45195.1474797525 
 929 , 45191.0462675962 
 930 , 45178.9031738328 
 931 , 45166.2357744232 
 932 , 45156.5577589613 
 933 , 45148.5793668632 
 934 , 45140.8547314562 
 935 , 45132.3664913361 
 936 , 45122.255154593 
 937 , 45110.4056367185 
 938 , 45097.1700109263 
 939 , 45083.1311939628 
 940 , 45069.2462809665 
 941 , 45058.1348367282 
 942 , 45060.4017946023 
 943 , 45087.6635795219 
 944 , 45126.2643529444 
 945 , 45141.0337669007 
 946 , 45118.7087445395 
 947 , 45098.0038144366 
 948 , 45117.2258056154 
 949 , 45161.3256418908 
 950 , 45193.5924720453 
 951 , 45205.458482721 
 952 , 45220.4048120781 
 953 , 45253.2937921958 
 954 , 45286.7511323979 
 955 , 45299.4495141213 
 956 , 45292.4003087474 
 957 , 45279.084991906 
 958 , 45268.8953689132 
 959 , 45265.0057199556 
 960 , 45266.3990397899 
 961 , 45256.8103433394 
 962 , 45217.6489632233 
 963 , 45151.9845961341 
 964 , 45078.3986053051 
 965 , 45014.3092662658 
 966 , 44974.3419060631 
 967 , 44969.1099115644 
 968 , 44989.514394014 
 969 , 45019.993660822 
 970 , 45046.1522953673 
 971 , 45054.6742803685 
 972 , 45042.8803682578 
 973 , 45032.4905355705 
 974 , 45044.7774093411 
 975 , 45075.2219581374 
 976 , 45108.9760996367 
 977 , 45136.8579976625 
 978 , 45155.7388383337 
 979 , 45164.3681397598 
 980 , 45165.9056793691 
 981 , 45164.3615440033 
 982 , 45164.4780601853 
 983 , 45171.2549012935 
 984 , 45186.1952413202 
 985 , 45206.4649666635 
 986 , 45228.8887424629 
 987 , 45250.0576389361 
 988 , 45266.6879081782 
 989 , 45277.175044824 
 990 , 45280.920455592 
 991 , 45280.2190056052 
 992 , 45281.4268653897 
 993 , 45291.6310824401 
 994 , 45319.5101416906 
 995 , 45373.0606468733 
 996 , 45448.4351768845 
 997 , 45534.3358806063 
 998 , 45619.3563375138 
 999 , 45692.1015205123 
 1000 , 45750.9774335788 
 1001 , 45835.0691965676 
 1002 , 45990.1316837653 
 1003 , 46213.0628892838 
 1004 , 46467.311452014 
 1005 , 46710.2263939697 
 1006 , 46890.0086720133 
 1007 , 46961.3040343273 
 1008 , 46911.3995694766 
 1009 , 46738.4867467867 
 1010 , 46465.3236434412 
 1011 , 46132.548127374 
 1012 , 45795.4735796253 
 1013 , 45534.491292064 
 1014 , 45406.9564402353 
 1015 , 45351.4704429337 
 1016 , 45278.2375913452 
 1017 , 45182.7287898493 
 1018 , 45123.1445632025 
 1019 , 45124.7590972083 
 1020 , 45151.3845533605 
 1021 , 45165.8887642697 
 1022 , 45156.5288477533 
 1023 , 45120.304364985 
 1024 , 45072.750965083 
 1025 , 45042.9131893245 
 1026 , 45043.9168839763 
 1027 , 45060.2073664458 
 1028 , 45076.853906494 
 1029 , 45095.1817138273 
 1030 , 45120.7300860886 
 1031 , 45153.1987532772 
 1032 , 45188.1072824378 
 1033 , 45221.5873716962 
 1034 , 45250.9650382894 
 1035 , 45273.8832629236 
 1036 , 45288.8562265291 
 1037 , 45294.8018508982 
 1038 , 45292.724337455 
 1039 , 45284.9718526857 
 1040 , 45269.4985846434 
 1041 , 45237.2449287652 
 1042 , 45184.063513159 
 1043 , 45127.8148780451 
 1044 , 45090.241058298 
 1045 , 45075.5241247047 
 1046 , 45076.9031890173 
 1047 , 45086.1414260605 
 1048 , 45093.1095673258 
 1049 , 45091.2583277508 
 1050 , 45087.2225454102 
 1051 , 45089.4749946816 
 1052 , 45096.2363090222 
 1053 , 45100.2603945298 
 1054 , 45102.2891960905 
 1055 , 45113.3453454023 
 1056 , 45139.0306303784 
 1057 , 45166.3423526098 
 1058 , 45180.3870680022 
 1059 , 45179.4371543106 
 1060 , 45167.9344744915 
 1061 , 45146.5500793116 
 1062 , 45111.7746864906 
 1063 , 45068.271701475 
 1064 , 45042.2350007647 
 1065 , 45055.8138420316 
 1066 , 45082.5818787509 
 1067 , 45078.1919176814 
 1068 , 45029.335344501 
 1069 , 44951.4979772032 
 1070 , 44864.5427036096 
 1071 , 44795.2629848398 
 1072 , 44764.3476990974 
 1073 , 44756.2362558224 
 1074 , 44744.955233467 
 1075 , 44723.6930710188 
 1076 , 44700.0502411982 
 1077 , 44676.2937965709 
 1078 , 44645.0892913968 
 1079 , 44605.0917041668 
 1080 , 44582.8086534401 
 1081 , 44607.4156121553 
 1082 , 44662.3884787276 
 1083 , 44704.4134344609 
 1084 , 44712.5022174538 
 1085 , 44695.7048746568 
 1086 , 44666.2008473728 
 1087 , 44639.40651818 
 1088 , 44627.5797699974 
 1089 , 44614.4496609159 
 1090 , 44572.2105609779 
 1091 , 44508.7318382356 
 1092 , 44468.0274411488 
 1093 , 44469.0709331682 
 1094 , 44470.8940536461 
 1095 , 44434.2318374415 
 1096 , 44373.0950938442 
 1097 , 44317.4217753179 
 1098 , 44268.852202675 
 1099 , 44207.7705694925 
 1100 , 44126.5218558489 
 1101 , 44037.9207262083 
 1102 , 43953.5471863625 
 1103 , 43873.1832915959 
 1104 , 43794.9548787176 
 1105 , 43727.4819083456 
 1106 , 43684.6146450825 
 1107 , 43664.5945732342 
 1108 , 43647.2765272185 
 1109 , 43621.5645469283 
 1110 , 43602.4001860316 
 1111 , 43605.2113341385 
 1112 , 43623.1637211728 
 1113 , 43640.6961151105 
 1114 , 43636.6092284253 
 1115 , 43585.3719671505 
 1116 , 43486.8097553343 
 1117 , 43385.3259925739 
 1118 , 43319.5803031595 
 1119 , 43287.7625838966 
 1120 , 43278.1758847487 
 1121 , 43280.1965595634 
 1122 , 43284.003423132 
 1123 , 43286.1605777662 
 1124 , 43290.7169482288 
 1125 , 43297.9849531002 
 1126 , 43297.7844914802 
 1127 , 43280.9302254753 
 1128 , 43253.4451334456 
 1129 , 43226.1509062442 
 1130 , 43199.739802808 
 1131 , 43167.1041117611 
 1132 , 43123.5364835992 
 1133 , 43068.5069467792 
 1134 , 43004.6760932642 
 1135 , 42944.5738602273 
 1136 , 42900.8900140482 
 1137 , 42869.9217020144 
 1138 , 42840.2085584295 
 1139 , 42806.4542768108 
 1140 , 42769.6667759459 
 1141 , 42729.6296891032 
 1142 , 42682.957687009 
 1143 , 42630.1245377859 
 1144 , 42591.4619937858 
 1145 , 42589.7618296026 
 1146 , 42610.7624677884 
 1147 , 42617.5816588008 
 1148 , 42593.7733344387 
 1149 , 42549.3132759295 
 1150 , 42497.8455045939 
 1151 , 42458.2047803371 
 1152 , 42444.8583236907 
 1153 , 42441.5574084451 
 1154 , 42422.2114994042 
 1155 , 42380.6253868242 
 1156 , 42325.8187108345 
 1157 , 42274.3802739715 
 1158 , 42253.8256636984 
 1159 , 42277.5602932993 
 1160 , 42311.1802082819 
 1161 , 42316.6210408701 
 1162 , 42297.0312549619 
 1163 , 42272.6277728152 
 1164 , 42250.9114718622 
 1165 , 42228.2616194656 
 1166 , 42204.1658940997 
 1167 , 42184.1570417046 
 1168 , 42170.4295918287 
 1169 , 42150.8425129659 
 1170 , 42111.0994904159 
 1171 , 42045.788683317 
 1172 , 41954.9624471235 
 1173 , 41863.7928913352 
 1174 , 41821.1625140437 
 1175 , 41838.3884476196 
 1176 , 41853.9592643921 
 1177 , 41817.0366145926 
 1178 , 41750.7494710851 
 1179 , 41692.2577964637 
 1180 , 41642.3780019795 
 1181 , 41584.4982483579 
 1182 , 41530.4196284069 
 1183 , 41520.335094398 
 1184 , 41557.8006699848 
 1185 , 41572.0925192454 
 1186 , 41509.1866350648 
 1187 , 41417.5610330718 
 1188 , 41364.5024829729 
 1189 , 41354.6922260451 
 1190 , 41360.5067355135 
 1191 , 41359.104649466 
 1192 , 41332.8509988884 
 1193 , 41279.4912890371 
 1194 , 41226.0986780043 
 1195 , 41197.197445942 
 1196 , 41194.0784521194 
 1197 , 41210.7242416649 
 1198 , 41227.727835719 
 1199 , 41219.8928725166 
 1200 , 41181.3074900566 
 1201 , 41124.5325958501 
 1202 , 41059.5478489086 
 1203 , 40990.2892834709 
 1204 , 40920.5796822613 
 1205 , 40856.1530342728 
 1206 , 40803.2206630979 
 1207 , 40768.3281086143 
 1208 , 40757.1637385539 
 1209 , 40757.0807044842 
 1210 , 40739.8578282808 
 1211 , 40703.797212249 
 1212 , 40691.2563702376 
 1213 , 40715.9836175561 
 1214 , 40688.1445938972 
 1215 , 40525.1297404946 
 1216 , 40323.6612803506 
 1217 , 40241.4025343836 
 1218 , 40284.2126239235 
 1219 , 40344.1471650312 
 1220 , 40356.975838716 
 1221 , 40323.3145233368 
 1222 , 40249.7840005631 
 1223 , 40146.1732080527 
 1224 , 40028.3487146796 
 1225 , 39941.3969914321 
 1226 , 39932.7293854881 
 1227 , 39969.3324055748 
 1228 , 39970.3055388657 
 1229 , 39921.4764330225 
 1230 , 39885.2918459039 
 1231 , 39882.9213897473 
 1232 , 39840.1301059183 
 1233 , 39704.3397909966 
 1234 , 39559.7400784152 
 1235 , 39509.8106045363 
 1236 , 39532.051288133 
 1237 , 39545.2881517515 
 1238 , 39521.7639087615 
 1239 , 39481.5290292383 
 1240 , 39437.4832329722 
 1241 , 39388.3785408853 
 1242 , 39331.639390478 
 1243 , 39264.5279912207 
 1244 , 39188.3672176941 
 1245 , 39128.2295950767 
 1246 , 39114.3426810134 
 1247 , 39136.0143385542 
 1248 , 39155.9453578386 
 1249 , 39152.6319544821 
 1250 , 39123.7748136558 
 1251 , 39073.9941377727 
 1252 , 39020.2101440004 
 1253 , 38975.5748489372 
 1254 , 38932.0715607535 
 1255 , 38878.067231305 
 1256 , 38814.5607211649 
 1257 , 38748.3992994727 
 1258 , 38685.9767247335 
 1259 , 38633.3037038238 
 1260 , 38597.3822591871 
 1261 , 38586.6476800166 
 1262 , 38598.9627692139 
 1263 , 38604.381973478 
 1264 , 38576.6025326663 
 1265 , 38528.8317638284 
 1266 , 38484.1978743105 
 1267 , 38445.9233060789 
 1268 , 38406.637800699 
 1269 , 38367.6728016951 
 1270 , 38338.723176176 
 1271 , 38321.1594311687 
 1272 , 38301.9296771835 
 1273 , 38270.7474898218 
 1274 , 38229.6035571807 
 1275 , 38182.1419914067 
 1276 , 38128.6043617671 
 1277 , 38069.1477897105 
 1278 , 38015.5210530473 
 1279 , 37985.6205862156 
 1280 , 37975.4292640223 
 1281 , 37958.2712030306 
 1282 , 37924.3023971963 
 1283 , 37895.4378141939 
 1284 , 37888.4310147343 
 1285 , 37893.6045743788 
 1286 , 37896.7384207144 
 1287 , 37887.2036859406 
 1288 , 37857.0200433308 
 1289 , 37813.3039488534 
 1290 , 37771.9281642429 
 1291 , 37734.1606722014 
 1292 , 37685.9787542569 
 1293 , 37620.5496555795 
 1294 , 37544.9413796822 
 1295 , 37468.2667667885 
 1296 , 37401.5764690219 
 1297 , 37351.9431495632 
 1298 , 37302.6338752294 
 1299 , 37232.3559669385 
 1300 , 37156.1708746956 
 1301 , 37108.948979665 
 1302 , 37092.4181442175 
 1303 , 37075.9326484877 
 1304 , 37042.4834105162 
 1305 , 36999.2740580134 
 1306 , 36954.0448072404 
 1307 , 36909.9682974947 
 1308 , 36869.2242147597 
 1309 , 36832.948080336 
 1310 , 36801.8873388608 
 1311 , 36776.1449616124 
 1312 , 36755.0849195737 
 1313 , 36730.9769321282 
 1314 , 36690.2514900721 
 1315 , 36627.3012534556 
 1316 , 36547.8168264121 
 1317 , 36465.8154241042 
 1318 , 36412.4515485088 
 1319 , 36409.1498961814 
 1320 , 36429.9939509495 
 1321 , 36440.5122629272 
 1322 , 36426.7835942586 
 1323 , 36384.7738026779 
 1324 , 36326.9624751415 
 1325 , 36276.6052365012 
 1326 , 36242.1247776137 
 1327 , 36215.3213084585 
 1328 , 36185.0798803496 
 1329 , 36136.6420645619 
 1330 , 36069.2218116281 
 1331 , 36024.093354216 
 1332 , 36034.7816908902 
 1333 , 36058.0622034725 
 1334 , 36033.5837083251 
 1335 , 35959.198361087 
 1336 , 35862.8937679381 
 1337 , 35776.9885646757 
 1338 , 35736.0129960258 
 1339 , 35730.7422277358 
 1340 , 35695.5085696109 
 1341 , 35599.7000021616 
 1342 , 35492.6312923374 
 1343 , 35418.6321175358 
 1344 , 35371.9753801937 
 1345 , 35338.5222744213 
 1346 , 35316.1845530059 
 1347 , 35305.9093844601 
 1348 , 35297.0595225958 
 1349 , 35273.410768051 
 1350 , 35236.3706077293 
 1351 , 35202.6463590987 
 1352 , 35174.9386645273 
 1353 , 35136.0998302802 
 1354 , 35077.9860074782 
 1355 , 35014.8736897724 
 1356 , 34958.1865011575 
 1357 , 34899.4253302566 
 1358 , 34829.4773601523 
 1359 , 34760.2128014297 
 1360 , 34707.9974115585 
 1361 , 34661.3121791843 
 1362 , 34594.9479393649 
 1363 , 34516.5677161604 
 1364 , 34461.3872089599 
 1365 , 34434.1323915689 
 1366 , 34398.5899458211 
 1367 , 34332.4932573403 
 1368 , 34247.1699293165 
 1369 , 34160.9185663091 
 1370 , 34101.3671272391 
 1371 , 34088.1244142957 
 1372 , 34090.7581235322 
 1373 , 34068.0134651714 
 1374 , 34020.2752588778 
 1375 , 33967.7894903822 
 1376 , 33919.9361162233 
 1377 , 33877.5348638228 
 1378 , 33833.40840059 
 1379 , 33771.7379385516 
 1380 , 33687.7019641681 
 1381 , 33595.8879450177 
 1382 , 33509.9416389621 
 1383 , 33436.2192473031 
 1384 , 33377.1546147953 
 1385 , 33324.0309409758 
 1386 , 33267.3889946608 
 1387 , 33210.9992511988 
 1388 , 33162.4242375374 
 1389 , 33114.5661081742 
 1390 , 33052.7766014683 
 1391 , 32983.9057615448 
 1392 , 32933.1936450613 
 1393 , 32902.5585607637 
 1394 , 32863.1045321551 
 1395 , 32801.8040776922 
 1396 , 32739.8519642047 
 1397 , 32692.987196797 
 1398 , 32650.1743221964 
 1399 , 32600.1341026253 
 1400 , 32551.6178806037 
 1401 , 32515.7604235146 
 1402 , 32482.2463750063 
 1403 , 32434.3169639504 
 1404 , 32382.8904556363 
 1405 , 32354.4168148504 
 1406 , 32345.5176111063 
 1407 , 32326.4147178643 
 1408 , 32286.9118341135 
 1409 , 32243.2138639566 
 1410 , 32204.9350335075 
 1411 , 32166.1179734512 
 1412 , 32123.2151816196 
 1413 , 32083.9877053061 
 1414 , 32055.3219300542 
 1415 , 32032.5831828674 
 1416 , 32009.1121928074 
 1417 , 31984.0736815457 
 1418 , 31958.0258192377 
 1419 , 31923.4913253322 
 1420 , 31869.3498457823 
 1421 , 31797.5669923727 
 1422 , 31720.4693511182 
 1423 , 31648.5425296843 
 1424 , 31589.802562625 
 1425 , 31546.9632722904 
 1426 , 31514.5350077617 
 1427 , 31486.5520078257 
 1428 , 31457.6176625687 
 1429 , 31423.4314890504 
 1430 , 31383.0348924285 
 1431 , 31336.5867500061 
 1432 , 31286.3292663534 
 1433 , 31235.2288726974 
 1434 , 31186.9499756916 
 1435 , 31144.910497059 
 1436 , 31106.5708698225 
 1437 , 31066.1380744285 
 1438 , 31024.7348519751 
 1439 , 30989.1539084837 
 1440 , 30957.9664089592 
 1441 , 30920.0118565503 
 1442 , 30874.8530632315 
 1443 , 30840.3701970816 
 1444 , 30824.6037147481 
 1445 , 30809.4326808259 
 1446 , 30780.5778649835 
 1447 , 30747.7009236241 
 1448 , 30723.1139280157 
 1449 , 30709.2709689578 
 1450 , 30705.1481983216 
 1451 , 30705.4283815469 
 1452 , 30703.5885088906 
 1453 , 30698.2548947155 
 1454 , 30691.0851285733 
 1455 , 30685.8545674706 
 1456 , 30687.3049525346 
 1457 , 30684.8833397837 
 1458 , 30652.6934769342 
 1459 , 30586.9267024905 
 1460 , 30515.4347301813 
 1461 , 30454.7276821505 
 1462 , 30395.4842219678 
 1463 , 30330.3182648617 
 1464 , 30264.2342515715 
 1465 , 30200.7349113084 
 1466 , 30130.9156292121 
 1467 , 30046.1722289438 
 1468 , 29953.1483492349 
 1469 , 29861.8664547282 
 1470 , 29772.9896309099 
 1471 , 29682.5328907488 
 1472 , 29579.8132645658 
 1473 , 29453.2053691453 
 1474 , 29333.2845223396 
 1475 , 29280.0751407778 
 1476 , 29293.2511358299 
 1477 , 29311.8748821686 
 1478 , 29298.0691386676 
 1479 , 29247.9899024801 
 1480 , 29172.5479814281 
 1481 , 29104.1810382621 
 1482 , 29061.7323686214 
 1483 , 29027.7999046334 
 1484 , 28987.46002448 
 1485 , 28949.0874783505 
 1486 , 28920.9145498328 
 1487 , 28891.9871817901 
 1488 , 28850.2819523366 
 1489 , 28805.7423591438 
 1490 , 28773.5343550144 
 1491 , 28750.2298419639 
 1492 , 28724.7298408416 
 1493 , 28695.5288576074 
 1494 , 28666.5530706768 
 1495 , 28636.185527746 
 1496 , 28598.5313057255 
 1497 , 28549.6707986185 
 1498 , 28487.9966980994 
 1499 , 28420.5377089887 
 1500 , 28365.0269637298 
 1501 , 28327.0158716228 
 1502 , 28291.0835118897 
 1503 , 28248.0561507339 
 1504 , 28205.9101890911 
 1505 , 28171.6496996408 
 1506 , 28143.786405477 
 1507 , 28117.4514839962 
 1508 , 28080.8718316897 
 1509 , 28023.8725496239 
 1510 , 27950.6691374844 
 1511 , 27870.0384910378 
 1512 , 27793.2723155605 
 1513 , 27730.786671791 
 1514 , 27678.6274522499 
 1515 , 27626.5998879792 
 1516 , 27570.8649104584 
 1517 , 27512.0189306368 
 1518 , 27459.1936724715 
 1519 , 27426.7744157119 
 1520 , 27405.817776603 
 1521 , 27366.2387942327 
 1522 , 27304.8097646954 
 1523 , 27250.249587741 
 1524 , 27217.3351044412 
 1525 , 27198.0956134298 
 1526 , 27182.2184803913 
 1527 , 27158.3911706185 
 1528 , 27119.7196078684 
 1529 , 27069.4029958392 
 1530 , 27016.7021522673 
 1531 , 26983.9749818117 
 1532 , 26984.6538093435 
 1533 , 26992.990573584 
 1534 , 26980.4384336564 
 1535 , 26943.8521907606 
 1536 , 26889.1555460785 
 1537 , 26833.7848718686 
 1538 , 26795.9757744408 
 1539 , 26771.9772080688 
 1540 , 26749.3298175448 
 1541 , 26721.2485293726 
 1542 , 26684.3333574383 
 1543 , 26639.8424958143 
 1544 , 26592.1489004344 
 1545 , 26548.306160015 
 1546 , 26516.6541966068 
 1547 , 26491.0474235294 
 1548 , 26452.668034059 
 1549 , 26401.6526650867 
 1550 , 26359.1771034812 
 1551 , 26331.4903536298 
 1552 , 26303.9120393677 
 1553 , 26272.0693774746 
 1554 , 26250.0440138437 
 1555 , 26249.7807172641 
 1556 , 26276.0797892612 
 1557 , 26317.2995341439 
 1558 , 26326.5702900195 
 1559 , 26276.6144334622 
 1560 , 26206.1110504998 
 1561 , 26150.5928475831 
 1562 , 26099.5606250556 
 1563 , 26042.2058619414 
 1564 , 26002.9441621856 
 1565 , 26003.1278023921 
 1566 , 26009.4212967843 
 1567 , 25981.3188387024 
 1568 , 25928.0619070741 
 1569 , 25874.4272443378 
 1570 , 25832.7731537197 
 1571 , 25809.3104468401 
 1572 , 25802.0786869477 
 1573 , 25803.8055218209 
 1574 , 25793.955072233 
 1575 , 25748.0234017422 
 1576 , 25684.0095554214 
 1577 , 25645.0366999225 
 1578 , 25630.7515721312 
 1579 , 25608.5842306965 
 1580 , 25569.4541879853 
 1581 , 25525.5345326895 
 1582 , 25487.1141277161 
 1583 , 25461.4547523096 
 1584 , 25443.7120946773 
 1585 , 25415.5842712944 
 1586 , 25372.5801142573 
 1587 , 25329.2316086806 
 1588 , 25292.2449618647 
 1589 , 25254.6953311537 
 1590 , 25214.8077746241 
 1591 , 25181.4760716395 
 1592 , 25156.6618295396 
 1593 , 25126.8213912267 
 1594 , 25082.9118562675 
 1595 , 25029.8227416541 
 1596 , 24976.929623962 
 1597 , 24940.1904465534 
 1598 , 24926.3463394417 
 1599 , 24912.833798542 
 1600 , 24881.9763265785 
 1601 , 24848.9371105027 
 1602 , 24831.1597173255 
 1603 , 24829.9084784196 
 1604 , 24837.1499765357 
 1605 , 24821.5918181447 
 1606 , 24759.3790043232 
 1607 , 24690.4073830805 
 1608 , 24661.945536278 
 1609 , 24660.5959578744 
 1610 , 24655.6687112844 
 1611 , 24633.1462140465 
 1612 , 24587.0370700355 
 1613 , 24523.7948040472 
 1614 , 24453.8732648587 
 1615 , 24379.2774672199 
 1616 , 24299.4702842674 
 1617 , 24225.0789785607 
 1618 , 24170.1661981261 
 1619 , 24127.9829517458 
 1620 , 24082.0692111528 
 1621 , 24035.2621142091 
 1622 , 24000.8089528053 
 1623 , 23976.0721540235 
 1624 , 23948.1427883294 
 1625 , 23908.1743557553 
 1626 , 23851.6370138512 
 1627 , 23793.3230282901 
 1628 , 23760.9138150883 
 1629 , 23747.3127574494 
 1630 , 23717.6652941111 
 1631 , 23669.4268572617 
 1632 , 23628.9329779077 
 1633 , 23599.5542985515 
 1634 , 23562.0373724237 
 1635 , 23512.7517737673 
 1636 , 23465.1637873144 
 1637 , 23430.5135706319 
 1638 , 23416.122429477 
 1639 , 23411.2127326891 
 1640 , 23384.4991084134 
 1641 , 23327.1542221983 
 1642 , 23259.7983920532 
 1643 , 23194.0877181038 
 1644 , 23127.4449343207 
 1645 , 23065.5552735808 
 1646 , 23026.857525424 
 1647 , 23015.9586125758 
 1648 , 23015.5131708743 
 1649 , 23008.3031189717 
 1650 , 22980.2972751251 
 1651 , 22932.1095907861 
 1652 , 22887.7438243866 
 1653 , 22856.8851153564 
 1654 , 22821.0145824945 
 1655 , 22772.9791946349 
 1656 , 22730.9222039487 
 1657 , 22703.1246373073 
 1658 , 22674.5272962933 
 1659 , 22634.8135410825 
 1660 , 22587.903625471 
 1661 , 22542.5307518677 
 1662 , 22513.7509069301 
 1663 , 22504.0960809831 
 1664 , 22488.4562863297 
 1665 , 22452.5749069054 
 1666 , 22412.9573788713 
 1667 , 22381.5002121587 
 1668 , 22351.0784687434 
 1669 , 22316.5699806746 
 1670 , 22283.1851302129 
 1671 , 22255.0775560731 
 1672 , 22230.6243821417 
 1673 , 22206.0453610952 
 1674 , 22174.3939487282 
 1675 , 22131.2816922108 
 1676 , 22079.5988904636 
 1677 , 22022.2250644546 
 1678 , 21959.3942241083 
 1679 , 21896.5229921949 
 1680 , 21852.8188806787 
 1681 , 21834.8544727203 
 1682 , 21812.4002613605 
 1683 , 21767.7743434051 
 1684 , 21729.0595240744 
 1685 , 21712.4083918236 
 1686 , 21686.0125508234 
 1687 , 21629.6358635994 
 1688 , 21571.062938734 
 1689 , 21530.7097248411 
 1690 , 21491.6272210613 
 1691 , 21439.516850415 
 1692 , 21381.2559217682 
 1693 , 21327.7529316112 
 1694 , 21291.8024827461 
 1695 , 21279.2549578419 
 1696 , 21278.1636985922 
 1697 , 21275.1548951305 
 1698 , 21259.9347241973 
 1699 , 21228.3013770806 
 1700 , 21189.5050841908 
 1701 , 21153.1094119655 
 1702 , 21124.7838481787 
 1703 , 21104.179875475 
 1704 , 21078.4590006424 
 1705 , 21040.2116487836 
 1706 , 20998.0646009345 
 1707 , 20960.734216746 
 1708 , 20932.3533799834 
 1709 , 20909.6317738283 
 1710 , 20874.9510733801 
 1711 , 20822.0319909962 
 1712 , 20771.4527837448 
 1713 , 20737.8792145269 
 1714 , 20717.7991922376 
 1715 , 20704.8917725996 
 1716 , 20691.5881336706 
 1717 , 20674.4228844123 
 1718 , 20657.6425073189 
 1719 , 20642.1164713391 
 1720 , 20621.4105886741 
 1721 , 20592.6315305909 
 1722 , 20559.9806341328 
 1723 , 20523.3046401489 
 1724 , 20474.5961966771 
 1725 , 20415.9410907931 
 1726 , 20365.6209949791 
 1727 , 20331.7367320649 
 1728 , 20305.7335552011 
 1729 , 20278.1859379751 
 1730 , 20240.4910715029 
 1731 , 20193.2914507048 
 1732 , 20148.9592479926 
 1733 , 20115.7310191442 
 1734 , 20095.5115933321 
 1735 , 20079.5731587158 
 1736 , 20048.4016747668 
 1737 , 20006.9946838481 
 1738 , 19985.7853882758 
 1739 , 19980.6491037443 
 1740 , 19953.2136922156 
 1741 , 19899.9131125114 
 1742 , 19850.3028754934 
 1743 , 19817.7098365511 
 1744 , 19799.5366639896 
 1745 , 19782.5628255119 
 1746 , 19747.6456623402 
 1747 , 19707.9328150277 
 1748 , 19697.432960347 
 1749 , 19705.7914285981 
 1750 , 19694.7856091617 
 1751 , 19662.2948292558 
 1752 , 19627.7638581511 
 1753 , 19592.7409487326 
 1754 , 19549.6370460911 
 1755 , 19504.5190125837 
 1756 , 19468.9362568088 
 1757 , 19439.4084690037 
 1758 , 19406.9627485617 
 1759 , 19375.7872533442 
 1760 , 19353.6570951252 
 1761 , 19334.0791069528 
 1762 , 19306.207792351 
 1763 , 19266.742258338 
 1764 , 19219.8466516851 
 1765 , 19194.0790064247 
 1766 , 19211.1857304601 
 1767 , 19226.6801793702 
 1768 , 19194.5789312089 
 1769 , 19138.5425481915 
 1770 , 19093.1360140841 
 1771 , 19069.3471085924 
 1772 , 19066.6249598422 
 1773 , 19064.6505762006 
 1774 , 19048.7239908924 
 1775 , 19030.4406522359 
 1776 , 19020.3262491318 
 1777 , 19015.2469064855 
 1778 , 19009.1553656071 
 1779 , 18994.1355601535 
 1780 , 18961.8420945724 
 1781 , 18903.8621108269 
 1782 , 18832.9627807797 
 1783 , 18796.5136042721 
 1784 , 18802.4988921169 
 1785 , 18797.1461205116 
 1786 , 18761.2847172954 
 1787 , 18726.1232459266 
 1788 , 18703.8879725319 
 1789 , 18681.8782049731 
 1790 , 18655.5365106132 
 1791 , 18629.6891539674 
 1792 , 18608.5837343796 
 1793 , 18595.2295229414 
 1794 , 18587.0022981892 
 1795 , 18577.6512706527 
 1796 , 18568.0206759172 
 1797 , 18562.3984435351 
 1798 , 18552.7036259548 
 1799 , 18526.5380231966 
 1800 , 18493.5509521451 
 1801 , 18471.5194147073 
 1802 , 18460.5456993419 
 1803 , 18452.3758385575 
 1804 , 18433.0798571446 
 1805 , 18392.0918445775 
 1806 , 18344.203228745 
 1807 , 18306.0366273386 
 1808 , 18271.7220853992 
 1809 , 18233.6805295689 
 1810 , 18197.1281081959 
 1811 , 18171.8484255885 
 1812 , 18172.8761800176 
 1813 , 18198.6764783706 
 1814 , 18207.4889672358 
 1815 , 18180.068641728 
 1816 , 18151.595798328 
 1817 , 18139.0211133293 
 1818 , 18119.6633982859 
 1819 , 18082.4521268773 
 1820 , 18037.4195801572 
 1821 , 18000.3379282227 
 1822 , 17990.8335425473 
 1823 , 18006.8714464946 
 1824 , 18025.3347919271 
 1825 , 18024.348242743 
 1826 , 17986.3713738306 
 1827 , 17926.4023208146 
 1828 , 17879.398201869 
 1829 , 17861.7633471122 
 1830 , 17874.2250981657 
 1831 , 17878.7683430153 
 1832 , 17831.3606310885 
 1833 , 17759.2407581069 
 1834 , 17708.3696276438 
 1835 , 17685.5711252339 
 1836 , 17683.7882078995 
 1837 , 17688.198747406 
 1838 , 17685.7942189058 
 1839 , 17675.1143786274 
 1840 , 17659.1206051243 
 1841 , 17646.158784963 
 1842 , 17635.698813823 
 1843 , 17607.8296182044 
 1844 , 17556.491136667 
 1845 , 17501.992225499 
 1846 , 17461.7052185236 
 1847 , 17445.5168785457 
 1848 , 17453.7968459079 
 1849 , 17476.8485512109 
 1850 , 17498.2318628483 
 1851 , 17497.2081859818 
 1852 , 17468.267327848 
 1853 , 17417.7592698028 
 1854 , 17361.9492003643 
 1855 , 17320.3604738301 
 1856 , 17296.0793539419 
 1857 , 17283.5463400094 
 1858 , 17270.1932874674 
 1859 , 17244.4936794979 
 1860 , 17210.3686515528 
 1861 , 17176.4124990953 
 1862 , 17152.6410480727 
 1863 , 17142.3846470003 
 1864 , 17130.596361641 
 1865 , 17108.3266734845 
 1866 , 17085.2552655828 
 1867 , 17066.5887786901 
 1868 , 17046.8107236998 
 1869 , 17027.8816719295 
 1870 , 17021.7428754985 
 1871 , 17022.4238627316 
 1872 , 17006.7543664052 
 1873 , 16973.7978990209 
 1874 , 16939.8847797121 
 1875 , 16911.5487422975 
 1876 , 16888.7750634794 
 1877 , 16869.9314040684 
 1878 , 16852.2476045631 
 1879 , 16830.5332033544 
 1880 , 16800.9395754777 
 1881 , 16769.4623153492 
 1882 , 16744.5668120314 
 1883 , 16733.8640262652 
 1884 , 16736.380722151 
 1885 , 16730.2943160163 
 1886 , 16706.9332079428 
 1887 , 16688.3248283599 
 1888 , 16681.9054345407 
 1889 , 16669.2810293189 
 1890 , 16641.0362593517 
 1891 , 16600.2738124589 
 1892 , 16554.2830894868 
 1893 , 16513.0375976356 
 1894 , 16482.4699112372 
 1895 , 16464.3654011448 
 1896 , 16448.5254607768 
 1897 , 16422.2259332632 
 1898 , 16392.9044276979 
 1899 , 16371.2177686671 
 1900 , 16349.4255246906 
 1901 , 16317.8349282511 
 1902 , 16276.4000352414 
 1903 , 16234.2352971961 
 1904 , 16217.0713997882 
 1905 , 16230.9362052404 
 1906 , 16244.1009089091 
 1907 , 16237.1086583478 
 1908 , 16211.721647041 
 1909 , 16180.6810153238 
 1910 , 16164.3717497463 
 1911 , 16160.4114110601 
 1912 , 16151.4075186926 
 1913 , 16136.4823433399 
 1914 , 16122.7209698699 
 1915 , 16109.8948909719 
 1916 , 16095.2262879204 
 1917 , 16077.6100758036 
 1918 , 16052.466896284 
 1919 , 16002.5730382282 
 1920 , 15929.36733858 
 1921 , 15882.8628830332 
 1922 , 15884.9840985404 
 1923 , 15899.3825277648 
 1924 , 15900.9240865289 
 1925 , 15885.4274713915 
 1926 , 15854.3143784601 
 1927 , 15813.5416231271 
 1928 , 15776.666398368 
 1929 , 15758.7455790511 
 1930 , 15747.5268669623 
 1931 , 15723.2929637508 
 1932 , 15696.9899606796 
 1933 , 15684.1655136621 
 1934 , 15678.3572002841 
 1935 , 15670.2612422925 
 1936 , 15656.8036319198 
 1937 , 15636.6377151936 
 1938 , 15609.9069744848 
 1939 , 15583.4540773568 
 1940 , 15572.1724286875 
 1941 , 15576.2328901451 
 1942 , 15581.1348795424 
 1943 , 15573.0967443482 
 1944 , 15541.7018947087 
 1945 , 15496.697361375 
 1946 , 15458.0458121063 
 1947 , 15447.5887146651 
 1948 , 15472.4012213642 
 1949 , 15482.4187487768 
 1950 , 15441.0268700149 
 1951 , 15379.4213467997 
 1952 , 15328.2442174279 
 1953 , 15298.1241069749 
 1954 , 15288.1314852822 
 1955 , 15285.5986040947 
 1956 , 15279.5236594754 
 1957 , 15261.922226261 
 1958 , 15234.7508690525 
 1959 , 15206.0721536724 
 1960 , 15184.0749464136 
 1961 , 15173.9328035725 
 1962 , 15166.832291443 
 1963 , 15153.6584667974 
 1964 , 15136.7506556681 
 1965 , 15118.6086317332 
 1966 , 15097.5298278567 
 1967 , 15072.4499772281 
 1968 , 15044.1765329086 
 1969 , 15018.3492638406 
 1970 , 15004.1733980892 
 1971 , 14997.0121048414 
 1972 , 14984.5398566608 
 1973 , 14969.6051079622 
 1974 , 14959.9009006258 
 1975 , 14951.2924789469 
 1976 , 14937.1550371693 
 1977 , 14914.8717407819 
 1978 , 14886.5594450778 
 1979 , 14862.6469672565 
 1980 , 14846.21980816 
 1981 , 14828.3705855676 
 1982 , 14807.1710157047 
 1983 , 14787.6556928224 
 1984 , 14763.0527450324 
 1985 , 14722.4405193099 
 1986 , 14685.6292033789 
 1987 , 14677.8499338687 
 1988 , 14683.3123168915 
 1989 , 14679.1572380737 
 1990 , 14658.2383414668 
 1991 , 14626.0485986855 
 1992 , 14606.7127314057 
 1993 , 14601.9562096504 
 1994 , 14582.7269846712 
 1995 , 14554.547955117 
 1996 , 14550.9197427565 
 1997 , 14555.4890366686 
 1998 , 14532.7806317788 
 1999 , 14518.0425687358 
 2000 , 14550.0516936331 
 2001 , 14572.3502502434 
 2002 , 14539.930352037 
 2003 , 14494.9655300945 
 2004 , 14467.8352373459 
 2005 , 14447.8679957023 
 2006 , 14420.5373461439 
 2007 , 14373.6767562914 
 2008 , 14327.7823772819 
 2009 , 14319.5515456642 
 2010 , 14332.8298850722 
 2011 , 14335.0320081074 
 2012 , 14331.4991892222 
 2013 , 14333.524460669 
 2014 , 14337.5863363954 
 2015 , 14331.5484783129 
 2016 , 14293.4175069616 
 2017 , 14234.2258094923 
 2018 , 14202.198516964 
 2019 , 14196.5473987474 
 2020 , 14181.0004419327 
 2021 , 14154.2694590323 
 2022 , 14129.8427545039 
 2023 , 14105.5541039945 
 2024 , 14078.7914918763 
 2025 , 14060.3937714539 
 2026 , 14056.5069288778 
 2027 , 14059.5005358844 
 2028 , 14057.1078049354 
 2029 , 14034.5956363337 
 2030 , 13996.6363373579 
 2031 , 13962.3194434528 
 2032 , 13944.3665491132 
 2033 , 13946.8601121167 
 2034 , 13948.2055092488 
 2035 , 13931.3485538824 
 2036 , 13914.6711831263 
 2037 , 13906.8597817391 
 2038 , 13888.4662144587 
 2039 , 13855.410272463 
 2040 , 13823.2624350197 
 2041 , 13794.7868487065 
 2042 , 13764.4662766098 
 2043 , 13738.7387406272 
 2044 , 13725.4504932762 
 2045 , 13715.4521620732 
 2046 , 13702.43567709 
 2047 , 13698.4075361135 
 2048 , 13697.7939599685 
 2049 , 13665.5657919828 
 2050 , 13613.7062150753 
 2051 , 13596.0340778556 
 2052 , 13600.5268780571 
 2053 , 13583.7870821606 
 2054 , 13558.3009919969 
 2055 , 13544.4775447853 
 2056 , 13519.5471585457 
 2057 , 13474.0224498799 
 2058 , 13443.1581721462 
 2059 , 13437.925150398 
 2060 , 13433.7755554052 
 2061 , 13424.4383075815 
 2062 , 13418.2497042393 
 2063 , 13415.0853696404 
 2064 , 13408.3460913892 
 2065 , 13381.2286086609 
 2066 , 13330.9607094451 
 2067 , 13296.2523994607 
 2068 , 13286.4974362648 
 2069 , 13260.2001317916 
 2070 , 13225.4710435737 
 2071 , 13231.5990977463 
 2072 , 13251.8578970569 
 2073 , 13232.0442509583 
 2074 , 13198.362032122 
 2075 , 13183.3165896089 
 2076 , 13161.5306347198 
 2077 , 13119.8469223779 
 2078 , 13083.3200966078 
 2079 , 13060.0478135974 
 2080 , 13037.540708601 
 2081 , 13011.1434235192 
 2082 , 12981.7307847465 
 2083 , 12950.7386879174 
 2084 , 12920.6699444325 
 2085 , 12896.9059573764 
 2086 , 12885.0568984362 
 2087 , 12889.6890872394 
 2088 , 12904.5195260394 
 2089 , 12911.8210392586 
 2090 , 12897.3449119543 
 2091 , 12854.624037654 
 2092 , 12808.3766179267 
 2093 , 12784.3569655658 
 2094 , 12772.9854329299 
 2095 , 12762.6858641198 
 2096 , 12751.9318535748 
 2097 , 12740.7434466809 
 2098 , 12729.5843476722 
 2099 , 12718.4636895739 
 2100 , 12707.3039440705 
 2101 , 12697.3453050311 
 2102 , 12687.8849287031 
 2103 , 12670.4628851462 
 2104 , 12639.2714806167 
 2105 , 12596.536878017 
 2106 , 12556.6726670865 
 2107 , 12542.7375994221 
 2108 , 12543.9326870622 
 2109 , 12533.8158396937 
 2110 , 12513.6973690827 
 2111 , 12494.014550601 
 2112 , 12484.0186026346 
 2113 , 12481.4548798057 
 2114 , 12466.5029421103 
 2115 , 12434.1273174283 
 2116 , 12394.4667747061 
 2117 , 12356.4155080478 
 2118 , 12327.7280146801 
 2119 , 12315.3741624027 
 2120 , 12318.667120619 
 2121 , 12318.6453949235 
 2122 , 12302.9099162921 
 2123 , 12272.9862779369 
 2124 , 12245.6453740134 
 2125 , 12241.8894182077 
 2126 , 12231.6836227711 
 2127 , 12183.3967836322 
 2128 , 12144.1293550501 
 2129 , 12144.4627337967 
 2130 , 12145.5905651204 
 2131 , 12126.1856988564 
 2132 , 12094.6944820107 
 2133 , 12069.8961390919 
 2134 , 12067.8904506454 
 2135 , 12059.6599180191 
 2136 , 12020.0272523417 
 2137 , 11978.2994961311 
 2138 , 11953.4658075355 
 2139 , 11934.1404664551 
 2140 , 11912.4659814697 
 2141 , 11887.3210598547 
 2142 , 11869.2793059412 
 2143 , 11867.4255796954 
 2144 , 11863.7693120532 
 2145 , 11848.5775668861 
 2146 , 11841.9215522024 
 2147 , 11844.5486481873 
 2148 , 11832.9592424251 
 2149 , 11800.040580319 
 2150 , 11752.7179715612 
 2151 , 11714.1327958772 
 2152 , 11700.5925310639 
 2153 , 11696.3925036723 
 2154 , 11686.0301608605 
 2155 , 11662.8290622221 
 2156 , 11636.7967148327 
 2157 , 11626.0636831098 
 2158 , 11619.6522821721 
 2159 , 11601.0447496829 
 2160 , 11575.9519373996 
 2161 , 11556.5231706207 
 2162 , 11556.4286393296 
 2163 , 11557.3294489287 
 2164 , 11519.0609214167 
 2165 , 11471.1622995205 
 2166 , 11461.1381242912 
 2167 , 11465.4900750823 
 2168 , 11455.7245501286 
 2169 , 11430.6516032486 
 2170 , 11403.4433263812 
 2171 , 11395.7777507941 
 2172 , 11393.9677966136 
 2173 , 11372.0477243752 
 2174 , 11344.8197137328 
 2175 , 11327.9653749492 
 2176 , 11311.1390837395 
 2177 , 11293.8254433752 
 2178 , 11290.6241934738 
 2179 , 11299.1038726488 
 2180 , 11305.1711168729 
 2181 , 11294.9329884072 
 2182 , 11265.2274827318 
 2183 , 11239.715703375 
 2184 , 11222.8220259549 
 2185 , 11190.6509786044 
 2186 , 11156.3264414335 
 2187 , 11152.1688670558 
 2188 , 11163.9934155857 
 2189 , 11164.1808105019 
 2190 , 11134.6626976931 
 2191 , 11083.2915930426 
 2192 , 11049.1894387215 
 2193 , 11037.8638024519 
 2194 , 11030.121534574 
 2195 , 11015.2744341049 
 2196 , 10994.1322295109 
 2197 , 10989.6821748787 
 2198 , 10995.2493349085 
 2199 , 10961.8327178049 
 2200 , 10904.9476388536 
 2201 , 10878.9133967906 
 2202 , 10876.2461847227 
 2203 , 10872.6215014296 
 2204 , 10860.5616630766 
 2205 , 10845.0302162279 
 2206 , 10841.8153236487 
 2207 , 10837.1245129635 
 2208 , 10804.6769705359 
 2209 , 10767.9276509578 
 2210 , 10750.6032039405 
 2211 , 10732.2262142603 
 2212 , 10702.5537489803 
 2213 , 10673.1608098015 
 2214 , 10649.3453380785 
 2215 , 10629.9027016525 
 2216 , 10606.3793074732 
 2217 , 10576.3714938827 
 2218 , 10556.6833304745 
 2219 , 10549.4479100293 
 2220 , 10537.8542194916 
 2221 , 10520.8061271547 
 2222 , 10505.2475667017 
 2223 , 10489.5970814049 
 2224 , 10468.3932613486 
 2225 , 10433.9930443328 
 2226 , 10399.1238264392 
 2227 , 10391.8544116874 
 2228 , 10389.0307382801 
 2229 , 10356.7539599883 
 2230 , 10321.074929712 
 2231 , 10303.1425394502 
 2232 , 10290.4797044381 
 2233 , 10273.5149622571 
 2234 , 10250.0145754687 
 2235 , 10230.1221408777 
 2236 , 10220.1507911036 
 2237 , 10199.0838483478 
 2238 , 10162.5050220763 
 2239 , 10136.652145659 
 2240 , 10133.1296916839 
 2241 , 10146.8461574813 
 2242 , 10148.5336479875 
 2243 , 10118.134200494 
 2244 , 10077.2624174564 
 2245 , 10043.4805867597 
 2246 , 10020.8193950454 
 2247 , 9997.28031359323 
 2248 , 9962.43246570083 
 2249 , 9947.48483120958 
 2250 , 9961.47821375076 
 2251 , 9954.98847111649 
 2252 , 9925.13549775275 
 2253 , 9910.15975265525 
 2254 , 9904.50891368978 
 2255 , 9889.56780420207 
 2256 , 9865.58128668227 
 2257 , 9843.62532948303 
 2258 , 9842.34549533338 
 2259 , 9849.67552203485 
 2260 , 9838.15029958689 
 2261 , 9806.98185187588 
 2262 , 9761.77780439348 
 2263 , 9705.08508763957 
 2264 , 9658.49268162669 
 2265 , 9655.56264826514 
 2266 , 9670.05482501853 
 2267 , 9661.24637188116 
 2268 , 9635.3286116958 
 2269 , 9603.09752404833 
 2270 , 9568.18599513059 
 2271 , 9540.20299152926 
 2272 , 9528.63518764893 
 2273 , 9518.69635076848 
 2274 , 9499.70709565761 
 2275 , 9486.2613284678 
 2276 , 9476.26079405613 
 2277 , 9451.3128488988 
 2278 , 9425.43688038535 
 2279 , 9415.44189181974 
 2280 , 9396.83300863205 
 2281 , 9366.48940034043 
 2282 , 9359.73137511303 
 2283 , 9358.11127840491 
 2284 , 9321.05013394525 
 2285 , 9284.39853769844 
 2286 , 9277.11560717122 
 2287 , 9268.9578229801 
 2288 , 9246.26383259818 
 2289 , 9217.80779880988 
 2290 , 9195.01216469307 
 2291 , 9184.05837796898 
 2292 , 9174.42973806177 
 2293 , 9162.41438185067 
 2294 , 9154.76896093061 
 2295 , 9140.84455574465 
 2296 , 9107.16736388973 
 2297 , 9069.99212399889 
 2298 , 9044.23135449612 
 2299 , 9029.53525435405 
 2300 , 9013.67952023278 
 2301 , 8982.51150154727 
 2302 , 8954.13715483338 
 2303 , 8941.80825259091 
 2304 , 8925.25725413597 
 2305 , 8905.82331541963 
 2306 , 8905.67649949396 
 2307 , 8911.33187263043 
 2308 , 8900.56081032585 
 2309 , 8872.55876890937 
 2310 , 8833.38631397339 
 2311 , 8793.42187577155 
 2312 , 8768.39214325754 
 2313 , 8766.97215692476 
 2314 , 8761.21638965517 
 2315 , 8736.09929882052 
 2316 , 8709.49942852086 
 2317 , 8691.38013127336 
 2318 , 8683.22683262965 
 2319 , 8682.14218901563 
 2320 , 8679.30521332722 
 2321 , 8658.37669344097 
 2322 , 8628.52171206238 
 2323 , 8614.19067675645 
 2324 , 8597.68783075945 
 2325 , 8563.45545137319 
 2326 , 8536.53491226153 
 2327 , 8522.7622428941 
 2328 , 8505.74540686426 
 2329 , 8491.66820661963 
 2330 , 8488.49270902777 
 2331 , 8480.4314673204 
 2332 , 8460.13586625943 
 2333 , 8434.65956255038 
 2334 , 8406.77870783744 
 2335 , 8379.01185900923 
 2336 , 8361.53091993685 
 2337 , 8356.77768720369 
 2338 , 8354.1606870713 
 2339 , 8339.21865219878 
