11-20-2017,18:02:19
Wavenumber(cm-1),Intensity
 250 , 10 
 251 , 10 
 252 , 10 
 253 , 10 
 254 , 10 
 255 , 73.4765625 
 256 , 82.90625 
 257 , 108.390625 
 258 , 143.7578125 
 259 , 154.453125 
 260 , 103.046875 
 261 ,-3.140625 
 262 ,-101.78125 
 263 ,-129.8359375 
 264 ,-75.7109375 
 265 , 23.2109375 
 266 , 129.390625 
 267 , 208.2890625 
 268 , 227.6953125 
 269 , 180.5859375 
 270 , 118.375 
 271 , 101.9453125 
 272 , 144 
 273 , 207.1328125 
 274 , 252.375 
 275 , 281.421875 
 276 , 324.296875 
 277 , 402 
 278 , 495.4140625 
 279 , 574.4921875 
 280 , 617.8359375 
 281 , 620.90625 
 282 , 582.890625 
 283 , 535.5390625 
 284 , 539.421875 
 285 , 641.796875 
 286 , 792.6796875 
 287 , 902.8828125 
 288 , 915.921875 
 289 , 870.34375 
 290 , 820.5859375 
 291 , 796.9609375 
 292 , 797.1640625 
 293 , 815.0234375 
 294 , 834.8046875 
 295 , 837.2109375 
 296 , 812.203125 
 297 , 774.2890625 
 298 , 741.765625 
 299 , 721.890625 
 300 , 709.3125 
 301 , 697.890625 
 302 , 685.21875 
 303 , 672.0625 
 304 , 661.0390625 
 305 , 654.8203125 
 306 , 654.578125 
 307 , 658 
 308 , 664.34375 
 309 , 675.015625 
 310 , 693.03125 
 311 , 717.6484375 
 312 , 745.6484375 
 313 , 772.2265625 
 314 , 793.84375 
 315 , 815.7890625 
 316 , 856.4921875 
 317 , 933.765625 
 318 , 1040.8203125 
 319 , 1151.4375 
 320 , 1241.125 
 321 , 1300.8125 
 322 , 1327.859375 
 323 , 1327.359375 
 324 , 1316.21875 
 325 , 1311.734375 
 326 , 1326.8359375 
 327 , 1372.203125 
 328 , 1455.1796875 
 329 , 1560.5 
 330 , 1663.765625 
 331 , 1747.15625 
 332 , 1810.3984375 
 333 , 1856.1015625 
 334 , 1889.359375 
 335 , 1917.6953125 
 336 , 1947.140625 
 337 , 1970.671875 
 338 , 1975.2421875 
 339 , 1956.4296875 
 340 , 1933.3671875 
 341 , 1928.59375 
 342 , 1946.2578125 
 343 , 1970.578125 
 344 , 1986.6171875 
 345 , 1992.8125 
 346 , 1993.453125 
 347 , 1987.6953125 
 348 , 1961.2890625 
 349 , 1898.7421875 
 350 , 1807.890625 
 351 , 1722.09375 
 352 , 1672.1640625 
 353 , 1660.9921875 
 354 , 1678.8046875 
 355 , 1712.2578125 
 356 , 1738.6640625 
 357 , 1734.7421875 
 358 , 1703.328125 
 359 , 1675.6484375 
 360 , 1679.15625 
 361 , 1703.6796875 
 362 , 1722.25 
 363 , 1722.453125 
 364 , 1730.9453125 
 365 , 1779.3203125 
 366 , 1861.09375 
 367 , 1929.3359375 
 368 , 1943.828125 
 369 , 1923.09375 
 370 , 1910.296875 
 371 , 1931.0078125 
 372 , 1966.6328125 
 373 , 1993.3046875 
 374 , 2017.3984375 
 375 , 2074.984375 
 376 , 2192.6171875 
 377 , 2330.4296875 
 378 , 2423.34375 
 379 , 2433.65625 
 380 , 2384.8515625 
 381 , 2308.7421875 
 382 , 2235.0703125 
 383 , 2190.8671875 
 384 , 2196.125 
 385 , 2235.3203125 
 386 , 2281.984375 
 387 , 2320.1875 
 388 , 2351.8203125 
 389 , 2379.9453125 
 390 , 2403.234375 
 391 , 2418.6953125 
 392 , 2423.1875 
 393 , 2410.5859375 
 394 , 2373.140625 
 395 , 2310.7109375 
 396 , 2236.875 
 397 , 2165.390625 
 398 , 2096.1015625 
 399 , 2020.234375 
 400 , 1934.1484375 
 401 , 1855.046875 
 402 , 1805.0625 
 403 , 1790.125 
 404 , 1791.6640625 
 405 , 1791.0546875 
 406 , 1787.7578125 
 407 , 1789.953125 
 408 , 1800.375 
 409 , 1807.1640625 
 410 , 1796.984375 
 411 , 1767.421875 
 412 , 1727.921875 
 413 , 1687.875 
 414 , 1653.953125 
 415 , 1632.078125 
 416 , 1623.7734375 
 417 , 1618.0234375 
 418 , 1601.546875 
 419 , 1569.46875 
 420 , 1529.0625 
 421 , 1490.2578125 
 422 , 1465.28125 
 423 , 1462.953125 
 424 , 1479.2265625 
 425 , 1491.1875 
 426 , 1476.890625 
 427 , 1436.40625 
 428 , 1382.96875 
 429 , 1326.0546875 
 430 , 1266.96875 
 431 , 1208.453125 
 432 , 1157.5703125 
 433 , 1124.015625 
 434 , 1116.1328125 
 435 , 1131.8515625 
 436 , 1160.6953125 
 437 , 1193.59375 
 438 , 1225.78125 
 439 , 1252.8984375 
 440 , 1269.328125 
 441 , 1272.7109375 
 442 , 1262.8671875 
 443 , 1245.0234375 
 444 , 1224.6640625 
 445 , 1203.125 
 446 , 1175.5 
 447 , 1136.6640625 
 448 , 1083.6015625 
 449 , 1014.6328125 
 450 , 929.375 
 451 , 835.484375 
 452 , 744.609375 
 453 , 666.6328125 
 454 , 606.2890625 
 455 , 566.171875 
 456 , 540.5859375 
 457 , 518.6796875 
 458 , 494.3515625 
 459 , 472.109375 
 460 , 457.3671875 
 461 , 448.6015625 
 462 , 439.7421875 
 463 , 426.0625 
 464 , 408.3828125 
 465 , 389.28125 
 466 , 370.8203125 
 467 , 354.1796875 
 468 , 339.890625 
 469 , 324.0234375 
 470 , 300.265625 
 471 , 264.8359375 
 472 , 222.0703125 
 473 , 178.578125 
 474 , 139.3359375 
 475 , 109.15625 
 476 , 92.4140625 
 477 , 88.171875 
 478 , 91.140625 
 479 , 99.53125 
 480 , 116.8984375 
 481 , 146.703125 
 482 , 187.0078125 
 483 , 230.140625 
 484 , 265.75 
 485 , 282.7890625 
 486 , 274.7734375 
 487 , 246.9609375 
 488 , 216.609375 
 489 , 199.4140625 
 490 , 196.6875 
 491 , 201.828125 
 492 , 210.28125 
 493 , 224.359375 
 494 , 249.0703125 
 495 , 287.640625 
 496 , 333.4921875 
 497 , 377.328125 
 498 , 416.828125 
 499 , 458.9375 
 500 , 507.34375 
 501 , 551.0234375 
 502 , 576.484375 
 503 , 585.9375 
 504 , 596.09375 
 505 , 616.6796875 
 506 , 638.8828125 
 507 , 649.6015625 
 508 , 648.1640625 
 509 , 645.5390625 
 510 , 651.5078125 
 511 , 665.6484375 
 512 , 681.4765625 
 513 , 692.796875 
 514 , 697.15625 
 515 , 693.671875 
 516 , 682.2421875 
 517 , 662.65625 
 518 , 635.5625 
 519 , 604.6015625 
 520 , 574.6015625 
 521 , 550.1015625 
 522 , 534.7265625 
 523 , 529.4140625 
 524 , 530.296875 
 525 , 533.5234375 
 526 , 542.9609375 
 527 , 563.3515625 
 528 , 594.75 
 529 , 628.828125 
 530 , 657.5859375 
 531 , 676.1875 
 532 , 682.2734375 
 533 , 674.53125 
 534 , 657.8203125 
 535 , 642.4765625 
 536 , 633.4609375 
 537 , 623.7109375 
 538 , 603.3125 
 539 , 572.765625 
 540 , 542.3984375 
 541 , 518.8671875 
 542 , 496.5546875 
 543 , 466.7734375 
 544 , 435.0859375 
 545 , 413.6015625 
 546 , 405.984375 
 547 , 397.3046875 
 548 , 375.7109375 
 549 , 342.375 
 550 , 303.375 
 551 , 260.1953125 
 552 , 212.6640625 
 553 , 166.71875 
 554 , 126.53125 
 555 , 92.390625 
 556 , 62.6171875 
 557 , 40.6875 
 558 , 24.78125 
 559 , 11.5 
 560 , 4 
 561 , 13.3203125 
 562 , 44.1171875 
 563 , 84.25 
 564 , 118.953125 
 565 , 146.8125 
 566 , 176.9140625 
 567 , 212.765625 
 568 , 246.1015625 
 569 , 270.5703125 
 570 , 291.859375 
 571 , 315.328125 
 572 , 338.140625 
 573 , 357.1328125 
 574 , 377.46875 
 575 , 406.53125 
 576 , 438.3671875 
 577 , 462.5078125 
 578 , 474.03125 
 579 , 476.3671875 
 580 , 475.0078125 
 581 , 474.328125 
 582 , 475.59375 
 583 , 476.53125 
 584 , 476.65625 
 585 , 479.7109375 
 586 , 489.9375 
 587 , 509.7265625 
 588 , 537.1953125 
 589 , 564.7421875 
 590 , 585.296875 
 591 , 597.03125 
 592 , 600.59375 
 593 , 594.8671875 
 594 , 581.7890625 
 595 , 565.15625 
 596 , 545.3515625 
 597 , 518.6171875 
 598 , 485.2109375 
 599 , 453.0703125 
 600 , 428.6796875 
 601 , 410.9296875 
 602 , 394.4296875 
 603 , 377.6015625 
 604 , 364.1328125 
 605 , 358.5859375 
 606 , 358.7265625 
 607 , 352.21875 
 608 , 328.4921875 
 609 , 287.265625 
 610 , 232.8203125 
 611 , 170.84375 
 612 , 110.2578125 
 613 , 62.015625 
 614 , 29.125 
 615 , 9.6171875 
 616 , 2.5 
 617 , 10.25 
 618 , 35.890625 
 619 , 71.4296875 
 620 , 99.9765625 
 621 , 111.5234375 
 622 , 115.34375 
 623 , 123.78125 
 624 , 136.90625 
 625 , 148.0703125 
 626 , 154.2109375 
 627 , 157.234375 
 628 , 158.640625 
 629 , 158.46875 
 630 , 157.953125 
 631 , 160.7578125 
 632 , 165.7578125 
 633 , 167.3828125 
 634 , 163.515625 
 635 , 161.734375 
 636 , 169.2734375 
 637 , 178.6015625 
 638 , 178.0625 
 639 , 167.5859375 
 640 , 161.0625 
 641 , 163.5390625 
 642 , 166.59375 
 643 , 162.1953125 
 644 , 153.5 
 645 , 149.3984375 
 646 , 152 
 647 , 156.046875 
 648 , 156.09375 
 649 , 151.9375 
 650 , 145.625 
 651 , 136.6875 
 652 , 126.7890625 
 653 , 120.5859375 
 654 , 122.125 
 655 , 131.5078125 
 656 , 148.515625 
 657 , 171.3984375 
 658 , 195.7890625 
 659 , 216.5859375 
 660 , 232.71875 
 661 , 249.4296875 
 662 , 271.921875 
 663 , 297.8125 
 664 , 315.6015625 
 665 , 316.609375 
 666 , 303.40625 
 667 , 285.515625 
 668 , 270.7109375 
 669 , 258.7578125 
 670 , 243.8671875 
 671 , 220.4296875 
 672 , 189.015625 
 673 , 157.2578125 
 674 , 132.1171875 
 675 , 108.578125 
 676 , 78.375 
 677 , 43.6015625 
 678 , 18.1015625 
 679 , 10.9765625 
 680 , 14.9375 
 681 , 14.9921875 
 682 , 3.5234375 
 683 ,-11.97265625 
 684 ,-17.52734375 
 685 ,-11.41796875 
 686 ,-1.72265625 
 687 , 6.078125 
 688 , 14.55859375 
 689 , 26.5546875 
 690 , 38.2890625 
 691 , 46.14453125 
 692 , 51.44140625 
 693 , 58.4453125 
 694 , 66.91015625 
 695 , 72.859375 
 696 , 72.25390625 
 697 , 65.7421875 
 698 , 63.33203125 
 699 , 79.3125 
 700 , 116.10546875 
 701 , 164.53125 
 702 , 214.36328125 
 703 , 260.30859375 
 704 , 299.32421875 
 705 , 329.84765625 
 706 , 354.72265625 
 707 , 376.22265625 
 708 , 390.05078125 
 709 , 389.0234375 
 710 , 378.6328125 
 711 , 369.4921875 
 712 , 362.57421875 
 713 , 346.46484375 
 714 , 315.9140625 
 715 , 284.17578125 
 716 , 264.140625 
 717 , 254.82421875 
 718 , 245.265625 
 719 , 234.2890625 
 720 , 230.04296875 
 721 , 232.796875 
 722 , 233.24609375 
 723 , 221.47265625 
 724 , 197.75390625 
 725 , 170.91796875 
 726 , 147.578125 
 727 , 128.8125 
 728 , 110.61328125 
 729 , 88.44921875 
 730 , 61.5 
 731 , 35.76953125 
 732 , 18.85546875 
 733 , 12.80859375 
 734 , 12.703125 
 735 , 9.76953125 
 736 , 2.64453125 
 737 ,-1.640625 
 738 , 5.35546875 
 739 , 23.87109375 
 740 , 41.67578125 
 741 , 47.8671875 
 742 , 44.54296875 
 743 , 44.375 
 744 , 53.953125 
 745 , 63.05859375 
 746 , 63.234375 
 747 , 58.94921875 
 748 , 60.5234375 
 749 , 70.14453125 
 750 , 75.48828125 
 751 , 66.76953125 
 752 , 49.890625 
 753 , 35.85546875 
 754 , 28.49609375 
 755 , 21.12109375 
 756 , 9.93359375 
 757 , 0.828125 
 758 , 3.59375 
 759 , 22.34765625 
 760 , 49.5234375 
 761 , 76.125 
 762 , 100.7109375 
 763 , 127.25 
 764 , 158.16796875 
 765 , 186.3828125 
 766 , 203.9765625 
 767 , 214.45703125 
 768 , 225.36328125 
 769 , 237.8125 
 770 , 242.05078125 
 771 , 229.01953125 
 772 , 205.91796875 
 773 , 189.59375 
 774 , 186.88671875 
 775 , 185.37890625 
 776 , 171.42578125 
 777 , 151.4296875 
 778 , 142.35546875 
 779 , 149.45703125 
 780 , 161.18359375 
 781 , 167.1796875 
 782 , 170.62109375 
 783 , 177.05859375 
 784 , 184.84765625 
 785 , 185.56640625 
 786 , 172.875 
 787 , 150.53125 
 788 , 128.25 
 789 , 113.4375 
 790 , 103.7734375 
 791 , 89.75 
 792 , 66.2578125 
 793 , 35.69140625 
 794 , 7.8203125 
 795 ,-4.23828125 
 796 , 4.0078125 
 797 , 20.3046875 
 798 , 32.40625 
 799 , 43.19921875 
 800 , 56.5078125 
 801 , 63.375 
 802 , 54.34375 
 803 , 30.7734375 
 804 , 9.75 
 805 , 2.109375 
 806 , 4.921875 
 807 , 8.00390625 
 808 , 6.578125 
 809 , 2.94140625 
 810 ,-0.765625 
 811 ,-4.39453125 
 812 ,-4.5859375 
 813 , 1.2265625 
 814 , 10.984375 
 815 , 20.328125 
 816 , 28.1875 
 817 , 38.72265625 
 818 , 54.4765625 
 819 , 70.3828125 
 820 , 80.25 
 821 , 85.06640625 
 822 , 88.66015625 
 823 , 91.7890625 
 824 , 95.37890625 
 825 , 104.015625 
 826 , 122.42578125 
 827 , 149.70703125 
 828 , 180.8515625 
 829 , 211.78125 
 830 , 242.1328125 
 831 , 273.33984375 
 832 , 303.55078125 
 833 , 327.39453125 
 834 , 339.32421875 
 835 , 337.96484375 
 836 , 329.890625 
 837 , 321.2890625 
 838 , 312.83203125 
 839 , 304.73828125 
 840 , 300.24609375 
 841 , 302.19921875 
 842 , 308.78125 
 843 , 313.125 
 844 , 312.16796875 
 845 , 308.7734375 
 846 , 307.44140625 
 847 , 309.015625 
 848 , 311.19140625 
 849 , 315.44921875 
 850 , 324.765625 
 851 , 336.77734375 
 852 , 346.0859375 
 853 , 349.58203125 
 854 , 349.01171875 
 855 , 348.97265625 
 856 , 351.015625 
 857 , 353.55859375 
 858 , 354.4609375 
 859 , 353.83203125 
 860 , 353.25390625 
 861 , 353.62890625 
 862 , 355.375 
 863 , 357.09765625 
 864 , 356.52734375 
 865 , 352.734375 
 866 , 347.32421875 
 867 , 339.3046875 
 868 , 323.84375 
 869 , 299.296875 
 870 , 270.54296875 
 871 , 240.92578125 
 872 , 208.2265625 
 873 , 173.3515625 
 874 , 142.62890625 
 875 , 122.55078125 
 876 , 113.84765625 
 877 , 104.3359375 
 878 , 81.421875 
 879 , 47.43359375 
 880 , 19.34765625 
 881 , 9.28515625 
 882 , 10.58984375 
 883 , 9.1015625 
 884 , 2.24609375 
 885 , 1.26171875 
 886 , 14.37890625 
 887 , 35.43359375 
 888 , 54.52734375 
 889 , 69.58203125 
 890 , 85.91015625 
 891 , 106.23046875 
 892 , 123.31640625 
 893 , 127.390625 
 894 , 119.703125 
 895 , 107.6796875 
 896 , 97.26953125 
 897 , 88.95703125 
 898 , 81.43359375 
 899 , 73.375 
 900 , 64.83203125 
 901 , 54.6875 
 902 , 41.53515625 
 903 , 25.60546875 
 904 , 11.109375 
 905 , 1.12890625 
 906 ,-2.6015625 
 907 , 1.6875 
 908 , 15.140625 
 909 , 37.2421875 
 910 , 64.52734375 
 911 , 89.3203125 
 912 , 106.8359375 
 913 , 119.62109375 
 914 , 131.609375 
 915 , 141.984375 
 916 , 150.6015625 
 917 , 159.4765625 
 918 , 169.73828125 
 919 , 178.90625 
 920 , 182.37890625 
 921 , 179.3203125 
 922 , 173.34375 
 923 , 170.796875 
 924 , 175.44140625 
 925 , 181.703125 
 926 , 180.93359375 
 927 , 172.77734375 
 928 , 167.921875 
 929 , 173.47265625 
 930 , 180.81640625 
 931 , 178.54296875 
 932 , 168.26953125 
 933 , 158.90625 
 934 , 153.421875 
 935 , 148.32421875 
 936 , 142 
 937 , 138.66796875 
 938 , 142.67578125 
 939 , 151.45703125 
 940 , 156.39453125 
 941 , 150.89453125 
 942 , 137.11328125 
 943 , 120.26171875 
 944 , 105.20703125 
 945 , 93.265625 
 946 , 83.4453125 
 947 , 76.2578125 
 948 , 74.3671875 
 949 , 80.51171875 
 950 , 95.04296875 
 951 , 115.08203125 
 952 , 139.546875 
 953 , 167.05078125 
 954 , 190.6953125 
 955 , 203.625 
 956 , 208.97265625 
 957 , 214.2890625 
 958 , 220.73046875 
 959 , 222.1328125 
 960 , 215.57421875 
 961 , 208.484375 
 962 , 209.83203125 
 963 , 221.10546875 
 964 , 238.3359375 
 965 , 256.171875 
 966 , 272.1796875 
 967 , 286.69921875 
 968 , 302.06640625 
 969 , 318.8984375 
 970 , 333.890625 
 971 , 344.03125 
 972 , 350.0859375 
 973 , 353.8359375 
 974 , 355.37109375 
 975 , 352.39453125 
 976 , 343.06640625 
 977 , 330.796875 
 978 , 322.48828125 
 979 , 321.3515625 
 980 , 325.1953125 
 981 , 331.203125 
 982 , 333.96484375 
 983 , 326.79296875 
 984 , 306.6875 
 985 , 274.84375 
 986 , 235.4921875 
 987 , 196.4140625 
 988 , 163.6171875 
 989 , 134.76171875 
 990 , 105.47265625 
 991 , 78.29296875 
 992 , 57.9140625 
 993 , 45.09765625 
 994 , 32.90625 
 995 , 15.01953125 
 996 ,-4.23828125 
 997 ,-15.5 
 998 ,-15.62890625 
 999 ,-8.16796875 
 1000 , 3.05078125 
 1001 , 15.91015625 
 1002 , 27.70703125 
 1003 , 40.70703125 
 1004 , 58.8046875 
 1005 , 78.4140625 
 1006 , 87.015625 
 1007 , 77.6015625 
 1008 , 60.93359375 
 1009 , 50.1796875 
 1010 , 45.57421875 
 1011 , 41.83203125 
 1012 , 40.0625 
 1013 , 47.234375 
 1014 , 65.23828125 
 1015 , 83.43359375 
 1016 , 91.05859375 
 1017 , 89.94921875 
 1018 , 88.02734375 
 1019 , 88.24609375 
 1020 , 86.0546875 
 1021 , 78.65234375 
 1022 , 72.6015625 
 1023 , 76.15625 
 1024 , 89.62109375 
 1025 , 108.08984375 
 1026 , 124.3046875 
 1027 , 129.7890625 
 1028 , 120.078125 
 1029 , 101.171875 
 1030 , 79.81640625 
 1031 , 58.05078125 
 1032 , 37.14453125 
 1033 , 19.625 
 1034 , 8.4765625 
 1035 , 4.5 
 1036 , 4.94140625 
 1037 , 7.1015625 
 1038 , 10.63671875 
 1039 , 16.1640625 
 1040 , 24.5703125 
 1041 , 37.703125 
 1042 , 55.92578125 
 1043 , 71.8671875 
 1044 , 77.7734375 
 1045 , 76.77734375 
 1046 , 78.26953125 
 1047 , 85.6328125 
 1048 , 95.17578125 
 1049 , 103.01171875 
 1050 , 104.72265625 
 1051 , 96.28125 
 1052 , 80.8203125 
 1053 , 65.14453125 
 1054 , 51.453125 
 1055 , 37.66015625 
 1056 , 22.3125 
 1057 , 7.87890625 
 1058 ,-4.14453125 
 1059 ,-10.34765625 
 1060 ,-5.796875 
 1061 , 10.0390625 
 1062 , 32.390625 
 1063 , 56.9375 
 1064 , 83.5546875 
 1065 , 113.0625 
 1066 , 138.234375 
 1067 , 148.87109375 
 1068 , 143.66796875 
 1069 , 132.2578125 
 1070 , 120.2265625 
 1071 , 103.61328125 
 1072 , 78.8515625 
 1073 , 51.5546875 
 1074 , 30.02734375 
 1075 , 16.46875 
 1076 , 7.92578125 
 1077 , 4.0234375 
 1078 , 5.65234375 
 1079 , 11.75 
 1080 , 15.41015625 
 1081 , 9.78515625 
 1082 ,-0.9296875 
 1083 ,-8.30078125 
 1084 ,-7.88671875 
 1085 ,-0.62109375 
 1086 , 11.04296875 
 1087 , 23.484375 
 1088 , 32.80078125 
 1089 , 42.9609375 
 1090 , 60.625 
 1091 , 79.6171875 
 1092 , 81.3515625 
 1093 , 59.93359375 
 1094 , 42.81640625 
 1095 , 53.71484375 
 1096 , 73.51171875 
 1097 , 71.21875 
 1098 , 53.35546875 
 1099 , 54.8125 
 1100 , 89.87890625 
 1101 , 136.84375 
 1102 , 174.4140625 
 1103 , 196.8671875 
 1104 , 203.10546875 
 1105 , 198.9765625 
 1106 , 193.88671875 
 1107 , 191.90234375 
 1108 , 190.80859375 
 1109 , 188.98046875 
 1110 , 186.89453125 
 1111 , 185.13671875 
 1112 , 182.94140625 
 1113 , 179.29296875 
 1114 , 173.16796875 
 1115 , 163.421875 
 1116 , 148.40625 
 1117 , 125.75390625 
 1118 , 97.26171875 
 1119 , 70.84375 
 1120 , 54.015625 
 1121 , 41.421875 
 1122 , 18.88671875 
 1123 ,-10.375 
 1124 ,-22.1640625 
 1125 ,-3.3203125 
 1126 , 18.4453125 
 1127 , 13.03515625 
 1128 ,-3.40234375 
 1129 , 0.984375 
 1130 , 26.3828125 
 1131 , 43.46875 
 1132 , 38.66796875 
 1133 , 34.3203125 
 1134 , 48.59375 
 1135 , 69.4609375 
 1136 , 77.34765625 
 1137 , 71.6640625 
 1138 , 63.59765625 
 1139 , 59.73046875 
 1140 , 62.13671875 
 1141 , 71.37890625 
 1142 , 82.4140625 
 1143 , 89.203125 
 1144 , 90.1953125 
 1145 , 83.5546875 
 1146 , 69.515625 
 1147 , 45.62109375 
 1148 , 16.42578125 
 1149 , 0.3046875 
 1150 , 9.33984375 
 1151 , 27.48046875 
 1152 , 34.890625 
 1153 , 39.1328125 
 1154 , 61.625 
 1155 , 101.890625 
 1156 , 137.45703125 
 1157 , 149.31640625 
 1158 , 141.89453125 
 1159 , 124.2890625 
 1160 , 99.7265625 
 1161 , 68.4921875 
 1162 , 34.78125 
 1163 , 1.20703125 
 1164 ,-22.34375 
 1165 ,-17.75 
 1166 , 21.8828125 
 1167 , 72.71484375 
 1168 , 110.2890625 
 1169 , 137.69921875 
 1170 , 167.765625 
 1171 , 206.18359375 
 1172 , 251.76953125 
 1173 , 298.2421875 
 1174 , 339.7265625 
 1175 , 367.60546875 
 1176 , 374.78515625 
 1177 , 358.9453125 
 1178 , 330.30078125 
 1179 , 301.38671875 
 1180 , 282.4375 
 1181 , 283.4921875 
 1182 , 300.95703125 
 1183 , 311.71484375 
 1184 , 301.703125 
 1185 , 284.55078125 
 1186 , 274.984375 
 1187 , 271.359375 
 1188 , 267.24609375 
 1189 , 256.4609375 
 1190 , 232.3984375 
 1191 , 204.81640625 
 1192 , 204.17578125 
 1193 , 242.98046875 
 1194 , 286.30859375 
 1195 , 300.56640625 
 1196 , 297.4609375 
 1197 , 301.98046875 
 1198 , 310.15234375 
 1199 , 296.8046875 
 1200 , 256.26171875 
 1201 , 215.60546875 
 1202 , 199.2890625 
 1203 , 205.9765625 
 1204 , 225.1171875 
 1205 , 242.2734375 
 1206 , 246.96484375 
 1207 , 239.453125 
 1208 , 222.87890625 
 1209 , 194.4921875 
 1210 , 145.47265625 
 1211 , 78.9375 
 1212 , 33.6328125 
 1213 , 47.16015625 
 1214 , 104.96484375 
 1215 , 170.33203125 
 1216 , 214.5390625 
 1217 , 224.5625 
 1218 , 205.87109375 
 1219 , 170.80078125 
 1220 , 131.3046875 
 1221 , 112.2109375 
 1222 , 133.98046875 
 1223 , 180.26171875 
 1224 , 224.265625 
 1225 , 247.68359375 
 1226 , 238.765625 
 1227 , 205.1640625 
 1228 , 169.23828125 
 1229 , 146.97265625 
 1230 , 151.3984375 
 1231 , 189.05859375 
 1232 , 235.2890625 
 1233 , 262.40625 
 1234 , 272.1484375 
 1235 , 275.93359375 
 1236 , 280.4765625 
 1237 , 297.13671875 
 1238 , 336.7890625 
 1239 , 393.5703125 
 1240 , 456.4609375 
 1241 , 531.79296875 
 1242 , 630.80078125 
 1243 , 727.81640625 
 1244 , 780.453125 
 1245 , 796.7421875 
 1246 , 823.14453125 
 1247 , 869.96875 
 1248 , 903.58203125 
 1249 , 910.703125 
 1250 , 916.8515625 
 1251 , 939.31640625 
 1252 , 966.55859375 
 1253 , 985.96875 
 1254 , 991.5859375 
 1255 , 976.30859375 
 1256 , 943.1953125 
 1257 , 907.26953125 
 1258 , 882.05078125 
 1259 , 874.1875 
 1260 , 880.55078125 
 1261 , 884.578125 
 1262 , 875.671875 
 1263 , 862.17578125 
 1264 , 854.14453125 
 1265 , 859.07421875 
 1266 , 885.765625 
 1267 , 923.72265625 
 1268 , 941.0703125 
 1269 , 932.10546875 
 1270 , 937.77734375 
 1271 , 980.37890625 
 1272 , 1013.12890625 
 1273 , 989.51171875 
 1274 , 943.65625 
 1275 , 935.21875 
 1276 , 962.6171875 
 1277 , 982.7578125 
 1278 , 985.02734375 
 1279 , 1000.32421875 
 1280 , 1045.60546875 
 1281 , 1101.3671875 
 1282 , 1149.51953125 
 1283 , 1191.37890625 
 1284 , 1229.32421875 
 1285 , 1261.2421875 
 1286 , 1288.5 
 1287 , 1316.23046875 
 1288 , 1344.6328125 
 1289 , 1373.30859375 
 1290 , 1408.515625 
 1291 , 1447.515625 
 1292 , 1466.89453125 
 1293 , 1455.12890625 
 1294 , 1434.8828125 
 1295 , 1424.3515625 
 1296 , 1414.53515625 
 1297 , 1398.984375 
 1298 , 1392.4375 
 1299 , 1405.51953125 
 1300 , 1423.6796875 
 1301 , 1429.203125 
 1302 , 1424.0390625 
 1303 , 1415.421875 
 1304 , 1406.3125 
 1305 , 1413.0234375 
 1306 , 1449.2890625 
 1307 , 1489.8984375 
 1308 , 1504.6015625 
 1309 , 1509.6328125 
 1310 , 1534.28125 
 1311 , 1571.33984375 
 1312 , 1596.828125 
 1313 , 1602.9453125 
 1314 , 1595.6640625 
 1315 , 1579.81640625 
 1316 , 1562.49609375 
 1317 , 1556.0546875 
 1318 , 1571.2578125 
 1319 , 1607.62890625 
 1320 , 1644.21875 
 1321 , 1662.8359375 
 1322 , 1665.83203125 
 1323 , 1658.07421875 
 1324 , 1636.3828125 
 1325 , 1603.44921875 
 1326 , 1568.0078125 
 1327 , 1531.7265625 
 1328 , 1494.5390625 
 1329 , 1467.3515625 
 1330 , 1465.73828125 
 1331 , 1502.6015625 
 1332 , 1578.4765625 
 1333 , 1643.609375 
 1334 , 1638.9375 
 1335 , 1577.109375 
 1336 , 1507.78515625 
 1337 , 1462.3125 
 1338 , 1458.140625 
 1339 , 1489.78125 
 1340 , 1524.109375 
 1341 , 1541.98828125 
 1342 , 1554.33984375 
 1343 , 1571.42578125 
 1344 , 1584.3828125 
 1345 , 1579.42578125 
 1346 , 1564.65625 
 1347 , 1558.4453125 
 1348 , 1556.203125 
 1349 , 1542.51953125 
 1350 , 1519.44140625 
 1351 , 1497.0625 
 1352 , 1475.77734375 
 1353 , 1455.67578125 
 1354 , 1442.578125 
 1355 , 1432.3984375 
 1356 , 1414.34765625 
 1357 , 1392.41796875 
 1358 , 1379.6328125 
 1359 , 1374.6875 
 1360 , 1364.171875 
 1361 , 1338.125 
 1362 , 1298.74609375 
 1363 , 1243.28515625 
 1364 , 1150.08203125 
 1365 , 1033.0078125 
 1366 , 971.09375 
 1367 , 1005.578125 
 1368 , 1073.98046875 
 1369 , 1109.05078125 
 1370 , 1092.0859375 
 1371 , 1030.05078125 
 1372 , 971.6953125 
 1373 , 961.86328125 
 1374 , 969.3359375 
 1375 , 931.25 
 1376 , 863.0546875 
 1377 , 849.390625 
 1378 , 900.9375 
 1379 , 926.1953125 
 1380 , 867.703125 
 1381 , 746.71875 
 1382 , 609.66015625 
 1383 , 537.3125 
 1384 , 576.7421875 
 1385 , 637.07421875 
 1386 , 617.7890625 
 1387 , 536.91015625 
 1388 , 455.796875 
 1389 , 401.7265625 
 1390 , 375.7265625 
 1391 , 379.6640625 
 1392 , 410.4921875 
 1393 , 440.55078125 
 1394 , 427.4140625 
 1395 , 366.37890625 
 1396 , 310.4140625 
 1397 , 290.91015625 
 1398 , 277.82421875 
 1399 , 248.15625 
 1400 , 221.8125 
 1401 , 214.5859375 
 1402 , 213.46875 
 1403 , 206.5703125 
 1404 , 195.265625 
 1405 , 178.21875 
 1406 , 156.9140625 
 1407 , 146.2734375 
 1408 , 161.953125 
 1409 , 208.58203125 
 1410 , 265.46875 
 1411 , 282.84765625 
 1412 , 247.8125 
 1413 , 224.92578125 
 1414 , 258.93359375 
 1415 , 321.578125 
 1416 , 386.44140625 
 1417 , 442.046875 
 1418 , 465.25390625 
 1419 , 458.5390625 
 1420 , 459.78515625 
 1421 , 478.80859375 
 1422 , 474.61328125 
 1423 , 431.5625 
 1424 , 397.99609375 
 1425 , 406.80859375 
 1426 , 428.1953125 
 1427 , 430.59765625 
 1428 , 426.6015625 
 1429 , 439.78515625 
 1430 , 466.640625 
 1431 , 489.1171875 
 1432 , 498.95703125 
 1433 , 499.23046875 
 1434 , 499.88671875 
 1435 , 505.34765625 
 1436 , 510.2265625 
 1437 , 510.97265625 
 1438 , 509.2421875 
 1439 , 510.9140625 
 1440 , 509.5390625 
 1441 , 477.71484375 
 1442 , 420.09375 
 1443 , 402.81640625 
 1444 , 471.32421875 
 1445 , 604.03125 
 1446 , 754.0625 
 1447 , 828.078125 
 1448 , 758.95703125 
 1449 , 650.453125 
 1450 , 636.359375 
 1451 , 679.15625 
 1452 , 671.52734375 
 1453 , 635.0859375 
 1454 , 677.66796875 
 1455 , 805.8359375 
 1456 , 927.9453125 
 1457 , 992.87109375 
 1458 , 1017.52734375 
 1459 , 1031.375 
 1460 , 1043.78125 
 1461 , 1042.828125 
 1462 , 1017.15234375 
 1463 , 968.88671875 
 1464 , 900.44921875 
 1465 , 810.83203125 
 1466 , 716.640625 
 1467 , 643.07421875 
 1468 , 594.16015625 
 1469 , 558.01171875 
 1470 , 522.109375 
 1471 , 477.265625 
 1472 , 429.125 
 1473 , 396.28515625 
 1474 , 387.6875 
 1475 , 396.69140625 
 1476 , 415.77734375 
 1477 , 444.6171875 
 1478 , 476.68359375 
 1479 , 489.109375 
 1480 , 468.984375 
 1481 , 431.3359375 
 1482 , 390.6796875 
 1483 , 348.90625 
 1484 , 309.7109375 
 1485 , 286.51953125 
 1486 , 289.2890625 
 1487 , 307.01171875 
 1488 , 324.3671875 
 1489 , 341.23046875 
 1490 , 362.90625 
 1491 , 386.390625 
 1492 , 401.609375 
 1493 , 396.828125 
 1494 , 367.95703125 
 1495 , 337.10546875 
 1496 , 337.01953125 
 1497 , 360.4453125 
 1498 , 367.34375 
 1499 , 350.2578125 
 1500 , 343.4296875 
 1501 , 359.66796875 
 1502 , 365.546875 
 1503 , 341.85546875 
 1504 , 321.49609375 
 1505 , 330.21484375 
 1506 , 336.01171875 
 1507 , 306.8359375 
 1508 , 280.4765625 
 1509 , 306.27734375 
 1510 , 357.37109375 
 1511 , 380.48046875 
 1512 , 350.83984375 
 1513 , 261.9140625 
 1514 , 151.80078125 
 1515 , 62.4140625 
 1516 , 7.01953125 
 1517 ,-12.93359375 
 1518 , 9.578125 
 1519 , 87.35546875 
 1520 , 183.40234375 
 1521 , 211.91796875 
 1522 , 164.44140625 
 1523 , 125.43359375 
 1524 , 137.1171875 
 1525 , 158.98828125 
 1526 , 160.8203125 
 1527 , 135.04296875 
 1528 , 86.8984375 
 1529 , 64.34765625 
 1530 , 108.33203125 
 1531 , 186.65234375 
 1532 , 255.6484375 
 1533 , 324.5 
 1534 , 415.5390625 
 1535 , 502.6875 
 1536 , 543.421875 
 1537 , 550.47265625 
 1538 , 557.4609375 
 1539 , 562.328125 
 1540 , 549.04296875 
 1541 , 503.2890625 
 1542 , 418.29296875 
 1543 , 312.60546875 
 1544 , 210.8515625 
 1545 , 136.87109375 
 1546 , 119.3046875 
 1547 , 149.23046875 
 1548 , 175.078125 
 1549 , 182.87890625 
 1550 , 218.84375 
 1551 , 286.140625 
 1552 , 309.2578125 
 1553 , 262.23046875 
 1554 , 211.09375 
 1555 , 205.04296875 
 1556 , 250.19140625 
 1557 , 335.4453125 
 1558 , 417.328125 
 1559 , 460.671875 
 1560 , 472.57421875 
 1561 , 469.16796875 
 1562 , 450.97265625 
 1563 , 414.62890625 
 1564 , 387.109375 
 1565 , 399.92578125 
 1566 , 431.4609375 
 1567 , 441.80078125 
 1568 , 429.5390625 
 1569 , 412.6875 
 1570 , 396.6640625 
 1571 , 379.93359375 
 1572 , 384.58984375 
 1573 , 441.58203125 
 1574 , 499.90625 
 1575 , 468.29296875 
 1576 , 381.39453125 
 1577 , 348.3359375 
 1578 , 374.73828125 
 1579 , 395.8671875 
 1580 , 399.046875 
 1581 , 409.84375 
 1582 , 422.23828125 
 1583 , 406.16015625 
 1584 , 374.3828125 
 1585 , 379.25 
 1586 , 425.79296875 
 1587 , 465.03125 
 1588 , 483.40625 
 1589 , 514.26953125 
 1590 , 562.90234375 
 1591 , 598.2421875 
 1592 , 609.70703125 
 1593 , 607.75390625 
 1594 , 597.21484375 
 1595 , 592.7109375 
 1596 , 607.6875 
 1597 , 621.828125 
 1598 , 613.625 
 1599 , 602.6484375 
 1600 , 612.359375 
 1601 , 636.828125 
 1602 , 665.28515625 
 1603 , 684.41015625 
 1604 , 685.5625 
 1605 , 700.328125 
 1606 , 757.9375 
 1607 , 801.3671875 
 1608 , 761.41796875 
 1609 , 679.67578125 
 1610 , 629.8515625 
 1611 , 623.34765625 
 1612 , 638.80859375 
 1613 , 614.77734375 
 1614 , 495.1796875 
 1615 , 367.4375 
 1616 , 361.95703125 
 1617 , 433.81640625 
 1618 , 466.35546875 
 1619 , 455.3671875 
 1620 , 443.81640625 
 1621 , 436.6171875 
 1622 , 428.49609375 
 1623 , 414.984375 
 1624 , 384.81640625 
 1625 , 342.125 
 1626 , 309.671875 
 1627 , 308.28125 
 1628 , 342.9375 
 1629 , 376.8828125 
 1630 , 354.9140625 
 1631 , 278.22265625 
 1632 , 192.29296875 
 1633 , 135.32421875 
 1634 , 139.796875 
 1635 , 208.8359375 
 1636 , 300.91796875 
 1637 , 364.671875 
 1638 , 363.99609375 
 1639 , 318.4921875 
 1640 , 290.7421875 
 1641 , 295.4921875 
 1642 , 299.66015625 
 1643 , 285.2890625 
 1644 , 244.06640625 
 1645 , 185.29296875 
 1646 , 161.5625 
 1647 , 190.4609375 
 1648 , 221.02734375 
 1649 , 230.12109375 
 1650 , 245.6171875 
 1651 , 279.203125 
 1652 , 309.28125 
 1653 , 323.12890625 
 1654 , 326.828125 
 1655 , 323.34375 
 1656 , 322.171875 
 1657 , 331.171875 
 1658 , 329.91796875 
 1659 , 301.4453125 
 1660 , 262.18359375 
 1661 , 222.390625 
 1662 , 162.671875 
 1663 , 77.19921875 
 1664 , 12.16015625 
 1665 , 3.1171875 
 1666 , 40.3125 
 1667 , 103.4375 
 1668 , 155.5234375 
 1669 , 174.6171875 
 1670 , 191.66796875 
 1671 , 233.76953125 
 1672 , 295.2421875 
 1673 , 356.9609375 
 1674 , 389.703125 
 1675 , 378.11328125 
 1676 , 345.71484375 
 1677 , 324.20703125 
 1678 , 343.5390625 
 1679 , 407.62109375 
 1680 , 465.3828125 
 1681 , 469.96484375 
 1682 , 400.515625 
 1683 , 279.35546875 
 1684 , 226.62109375 
 1685 , 305.64453125 
 1686 , 406.5859375 
 1687 , 431.82421875 
 1688 , 362.4609375 
 1689 , 218.8359375 
 1690 , 120.4765625 
 1691 , 148.23828125 
 1692 , 209.9375 
 1693 , 222.40625 
 1694 , 231.12890625 
 1695 , 282.3984375 
 1696 , 337.34375 
 1697 , 350.08203125 
 1698 , 317.796875 
 1699 , 265.08984375 
 1700 , 254.9453125 
 1701 , 307.7578125 
 1702 , 337.0625 
 1703 , 286.1484375 
 1704 , 199.42578125 
 1705 , 130.3125 
 1706 , 111.08984375 
 1707 , 140.3828125 
 1708 , 155.51171875 
 1709 , 121.671875 
 1710 , 67.6484375 
 1711 , 18.82421875 
 1712 ,-9.07421875 
 1713 ,-5.96484375 
 1714 , 26 
 1715 , 72.859375 
 1716 , 105.25 
 1717 , 116.25390625 
 1718 , 134.98046875 
 1719 , 177.2421875 
 1720 , 218.8984375 
 1721 , 240.23046875 
 1722 , 246.390625 
 1723 , 246.21875 
 1724 , 254.54296875 
 1725 , 281.4453125 
 1726 , 324.234375 
 1727 , 361.59765625 
 1728 , 344.29296875 
 1729 , 270.05859375 
 1730 , 212.4921875 
 1731 , 196.6015625 
 1732 , 166.7421875 
 1733 , 104.58203125 
 1734 , 61.4296875 
 1735 , 62.7578125 
 1736 , 75.0703125 
 1737 , 74.859375 
 1738 , 74.1484375 
 1739 , 103.796875 
 1740 , 196.93359375 
 1741 , 307.88671875 
 1742 , 326.08203125 
 1743 , 261.9296875 
 1744 , 230.8359375 
 1745 , 253.51171875 
 1746 , 266.796875 
 1747 , 254.05078125 
 1748 , 245.4453125 
 1749 , 255.58203125 
 1750 , 277.44921875 
 1751 , 295.46875 
 1752 , 293.46875 
 1753 , 264.69921875 
 1754 , 212.62109375 
 1755 , 183.296875 
 1756 , 232.17578125 
 1757 , 322.81640625 
 1758 , 386.98828125 
 1759 , 408.55078125 
 1760 , 390.65625 
 1761 , 371.44140625 
 1762 , 395.33984375 
 1763 , 434.703125 
 1764 , 443.4453125 
 1765 , 417.25390625 
 1766 , 370.984375 
 1767 , 331.859375 
 1768 , 321.1171875 
 1769 , 321.88671875 
 1770 , 309.37890625 
 1771 , 280.31640625 
 1772 , 244.33203125 
 1773 , 232.625 
 1774 , 269.28125 
 1775 , 338.39453125 
 1776 , 411.046875 
 1777 , 456.73046875 
 1778 , 458.7578125 
 1779 , 413.59765625 
 1780 , 327.453125 
 1781 , 241.48828125 
 1782 , 188.07421875 
 1783 , 162.4609375 
 1784 , 150.4140625 
 1785 , 133.85546875 
 1786 , 111.55859375 
 1787 , 104.2578125 
 1788 , 111.92578125 
 1789 , 108.65625 
 1790 , 93.953125 
 1791 , 102.69921875 
 1792 , 137.8671875 
 1793 , 166.99609375 
 1794 , 181.4453125 
 1795 , 190.8125 
 1796 , 220.82421875 
 1797 , 301.26953125 
 1798 , 380.46484375 
 1799 , 371.6875 
 1800 , 317.6875 
 1801 , 318.35546875 
 1802 , 380.71484375 
 1803 , 458.05859375 
 1804 , 459.25390625 
 1805 , 323.921875 
 1806 , 172.9140625 
 1807 , 131.6328125 
 1808 , 150.6875 
 1809 , 157.02734375 
 1810 , 127.625 
 1811 , 65.36328125 
 1812 , 37.6953125 
 1813 , 83.58984375 
 1814 , 126.80078125 
 1815 , 122.421875 
 1816 , 140.23828125 
 1817 , 217.1875 
 1818 , 295.9609375 
 1819 , 335.0546875 
 1820 , 341.87890625 
 1821 , 322.70703125 
 1822 , 274.1015625 
 1823 , 221.53515625 
 1824 , 213.48046875 
 1825 , 235.1875 
 1826 , 230.3359375 
 1827 , 217.890625 
 1828 , 252.36328125 
 1829 , 302.70703125 
 1830 , 304.76953125 
 1831 , 271.99609375 
 1832 , 246.8671875 
 1833 , 227.75390625 
 1834 , 201.20703125 
 1835 , 185.484375 
 1836 , 200.046875 
 1837 , 223.8046875 
 1838 , 236.2265625 
 1839 , 253.953125 
 1840 , 284.44921875 
 1841 , 294.8984375 
 1842 , 275.25 
 1843 , 273.56640625 
 1844 , 315.96875 
 1845 , 384.046875 
 1846 , 449.515625 
 1847 , 477.203125 
 1848 , 471.9140625 
 1849 , 473.01171875 
 1850 , 473.52734375 
 1851 , 435.71484375 
 1852 , 361.45703125 
 1853 , 272.34375 
 1854 , 200.7265625 
 1855 , 189.4609375 
 1856 , 226.703125 
 1857 , 269.19140625 
 1858 , 278.87109375 
 1859 , 239.3671875 
 1860 , 204.234375 
 1861 , 226.5703125 
 1862 , 309.93359375 
 1863 , 415.1328125 
 1864 , 407.71875 
 1865 , 262.53515625 
 1866 , 216.515625 
 1867 , 360.875 
 1868 , 491.171875 
 1869 , 485.16015625 
 1870 , 376.15625 
 1871 , 234.265625 
 1872 , 136.30859375 
 1873 , 113.58203125 
 1874 , 172.9765625 
 1875 , 264.109375 
 1876 , 298.359375 
 1877 , 280.16015625 
 1878 , 262.296875 
 1879 , 245.66015625 
 1880 , 211.6015625 
 1881 , 188.17578125 
 1882 , 205.3359375 
 1883 , 229.390625 
 1884 , 231.21484375 
 1885 , 230 
 1886 , 242.30859375 
 1887 , 266.88671875 
 1888 , 292.23828125 
 1889 , 296.0703125 
 1890 , 269.34765625 
 1891 , 223.73046875 
 1892 , 189.9375 
 1893 , 203.5 
 1894 , 245.35546875 
 1895 , 268.04296875 
 1896 , 259.98046875 
 1897 , 226.45703125 
 1898 , 186.37109375 
 1899 , 161.54296875 
 1900 , 149.52734375 
 1901 , 143.921875 
 1902 , 149.87890625 
 1903 , 170.49609375 
 1904 , 199.6640625 
 1905 , 234.22265625 
 1906 , 276.98828125 
 1907 , 312.21484375 
 1908 , 295.96875 
 1909 , 230.62109375 
 1910 , 171.0546875 
 1911 , 130.97265625 
 1912 , 88.8359375 
 1913 , 87.18359375 
 1914 , 193.1171875 
 1915 , 322.94921875 
 1916 , 358.66796875 
 1917 , 341.77734375 
 1918 , 334.7265625 
 1919 , 300.83984375 
 1920 , 222.765625 
 1921 , 181.59765625 
 1922 , 211.24609375 
 1923 , 247.4375 
 1924 , 258.2109375 
 1925 , 256.84765625 
 1926 , 244.4453125 
 1927 , 213.92578125 
 1928 , 186.5390625 
 1929 , 189.7890625 
 1930 , 193.62890625 
 1931 , 159.578125 
 1932 , 106.546875 
 1933 , 63.8203125 
 1934 , 44.359375 
 1935 , 60.65234375 
 1936 , 130.12890625 
 1937 , 233.1015625 
 1938 , 281.83203125 
 1939 , 252.046875 
 1940 , 218.7109375 
 1941 , 231.20703125 
 1942 , 294.9921875 
 1943 , 362.1875 
 1944 , 366.3984375 
 1945 , 352.734375 
 1946 , 393.234375 
 1947 , 407.7109375 
 1948 , 316.015625 
 1949 , 221.86328125 
 1950 , 213.453125 
 1951 , 237.97265625 
 1952 , 233.0546875 
 1953 , 154.71484375 
 1954 , 40.56640625 
 1955 , 31.36328125 
 1956 , 130.59765625 
 1957 , 210.41015625 
 1958 , 215.953125 
 1959 , 152.9375 
 1960 , 84.43359375 
 1961 , 76.515625 
 1962 , 100.73046875 
 1963 , 116.52734375 
 1964 , 130.625 
 1965 , 149.0625 
 1966 , 149.55859375 
 1967 , 122.765625 
 1968 , 92.6796875 
 1969 , 83.0390625 
 1970 , 102.125 
 1971 , 128.30859375 
 1972 , 137.109375 
 1973 , 143.77734375 
 1974 , 165.48828125 
 1975 , 205.54296875 
 1976 , 260.4921875 
 1977 , 274.7265625 
 1978 , 214.66796875 
 1979 , 142.578125 
 1980 , 104.09375 
 1981 , 91.20703125 
 1982 , 97.49609375 
 1983 , 123.515625 
 1984 , 164.109375 
 1985 , 209.80859375 
 1986 , 241.1015625 
 1987 , 239.921875 
 1988 , 218.640625 
 1989 , 192.328125 
 1990 , 160.859375 
 1991 , 141.65625 
 1992 , 182.99609375 
 1993 , 264.15234375 
 1994 , 282.87109375 
 1995 , 241.73046875 
 1996 , 229.03125 
 1997 , 247.61328125 
 1998 , 255.23046875 
 1999 , 252.72265625 
 2000 , 253.98046875 
 2001 , 253.3515625 
 2002 , 246.64453125 
 2003 , 253.62109375 
 2004 , 284.02734375 
 2005 , 317.48046875 
 2006 , 335.13671875 
 2007 , 328.9296875 
 2008 , 307.921875 
 2009 , 285.48046875 
 2010 , 233.015625 
 2011 , 132.16796875 
 2012 , 101.28125 
 2013 , 217.4765625 
 2014 , 323.35546875 
 2015 , 313.85546875 
 2016 , 253.15234375 
 2017 , 191.48046875 
 2018 , 143.80859375 
 2019 , 103.21875 
 2020 , 50.87109375 
 2021 , 14.66796875 
 2022 , 32.50390625 
 2023 , 67.11328125 
 2024 , 80.26953125 
 2025 , 101.109375 
 2026 , 131.69921875 
 2027 , 110.0390625 
 2028 , 43.015625 
 2029 , 13.96875 
 2030 , 26.88671875 
 2031 , 34.31640625 
 2032 , 32.046875 
 2033 , 29.76953125 
 2034 , 47.85546875 
 2035 , 105.93359375 
 2036 , 179.6484375 
 2037 , 221.22265625 
 2038 , 175.1015625 
 2039 , 69.9375 
 2040 , 10.1640625 
 2041 , 4.046875 
 2042 , 3.515625 
 2043 , 15.10546875 
 2044 , 57.62109375 
 2045 , 111.0390625 
 2046 , 151.78515625 
 2047 , 166.7421875 
 2048 , 152.3984375 
 2049 , 120.06640625 
 2050 , 93.421875 
 2051 , 103.7421875 
 2052 , 119.8984375 
 2053 , 88.78515625 
 2054 , 57.51171875 
 2055 , 75.62890625 
 2056 , 72.671875 
 2057 , 23.21875 
 2058 , 43.15625 
 2059 , 141.65625 
 2060 , 182.25 
 2061 , 152.9375 
 2062 , 134.03515625 
 2063 , 123.703125 
 2064 , 93.58984375 
 2065 , 75.03125 
 2066 , 95.84375 
 2067 , 129.7578125 
 2068 , 159.48046875 
 2069 , 196.42578125 
 2070 , 225.30859375 
 2071 , 208.4765625 
 2072 , 169 
 2073 , 158.2890625 
 2074 , 188.7421875 
 2075 , 244.44921875 
 2076 , 269.7578125 
 2077 , 244.46875 
 2078 , 217.14453125 
 2079 , 212.09375 
 2080 , 220.10546875 
 2081 , 201.62890625 
 2082 , 119.21484375 
 2083 , 40.18359375 
 2084 , 34.40625 
 2085 , 70.84375 
 2086 , 118.9453125 
 2087 , 174.3046875 
 2088 , 213.16015625 
 2089 , 202.1328125 
 2090 , 167.4296875 
 2091 , 158.7421875 
 2092 , 169.6796875 
 2093 , 178.83203125 
 2094 , 164.796875 
 2095 , 135.80078125 
 2096 , 164.63671875 
 2097 , 254.26171875 
 2098 , 323.16015625 
 2099 , 352.61328125 
 2100 , 368.2109375 
 2101 , 377.28515625 
 2102 , 377.953125 
 2103 , 365.35546875 
 2104 , 344.19921875 
 2105 , 340.7109375 
 2106 , 366.37109375 
 2107 , 408.15234375 
 2108 , 412.06640625 
 2109 , 329.32421875 
 2110 , 255.96484375 
 2111 , 274.1875 
 2112 , 289.66015625 
 2113 , 258.125 
 2114 , 262.54296875 
 2115 , 296.66796875 
 2116 , 268.0859375 
 2117 , 191.37109375 
 2118 , 124.97265625 
 2119 , 60.16796875 
 2120 ,-2.67578125 
 2121 , 2.50390625 
 2122 , 79.7421875 
 2123 , 139.3203125 
 2124 , 167.9140625 
 2125 , 209.79296875 
 2126 , 251.1328125 
 2127 , 266.23046875 
 2128 , 270.25 
 2129 , 270.1484375 
 2130 , 240.2734375 
 2131 , 204.3984375 
 2132 , 236.36328125 
 2133 , 287.671875 
 2134 , 255.140625 
 2135 , 173.47265625 
 2136 , 109.2421875 
 2137 , 83.8125 
 2138 , 96.44140625 
 2139 , 124.45703125 
 2140 , 141.48828125 
 2141 , 126.4375 
 2142 , 114.703125 
 2143 , 155.1171875 
 2144 , 243.4453125 
 2145 , 344.33203125 
 2146 , 387.41015625 
 2147 , 350.4375 
 2148 , 271.64453125 
 2149 , 207.07421875 
 2150 , 200.46484375 
 2151 , 179.42578125 
 2152 , 86.94140625 
 2153 , 21.3046875 
 2154 , 19.55078125 
 2155 , 5.484375 
 2156 ,-7.26171875 
 2157 , 51.84375 
 2158 , 121.27734375 
 2159 , 123.078125 
 2160 , 112.59375 
 2161 , 131.48046875 
 2162 , 151.21484375 
 2163 , 168.671875 
 2164 , 198.1171875 
 2165 , 212.19921875 
 2166 , 176.1640625 
 2167 , 115.7734375 
 2168 , 68.26171875 
 2169 , 61.45703125 
 2170 , 98.7265625 
 2171 , 159.34375 
 2172 , 235.05078125 
 2173 , 317.66796875 
 2174 , 362.52734375 
 2175 , 342.03515625 
 2176 , 293.39453125 
 2177 , 254.015625 
 2178 , 248.45703125 
 2179 , 274.45703125 
 2180 , 311.8828125 
 2181 , 336.4921875 
 2182 , 336.0078125 
 2183 , 332.0390625 
 2184 , 328.2890625 
 2185 , 299.0859375 
 2186 , 239.9453125 
 2187 , 169.6015625 
 2188 , 145.34375 
 2189 , 196.71875 
 2190 , 238.671875 
 2191 , 231.4296875 
 2192 , 225.04296875 
 2193 , 241.08984375 
 2194 , 268.46484375 
 2195 , 263.28515625 
 2196 , 210.82421875 
 2197 , 205.23046875 
 2198 , 265.890625 
 2199 , 288.046875 
 2200 , 256.953125 
 2201 , 226.6953125 
 2202 , 230.6640625 
 2203 , 270.4609375 
 2204 , 286.1796875 
 2205 , 260.859375 
 2206 , 246.1328125 
 2207 , 250.27734375 
 2208 , 252.22265625 
 2209 , 252.22265625 
 2210 , 256.59375 
 2211 , 269.42578125 
 2212 , 278.3515625 
 2213 , 252.94921875 
 2214 , 214.4375 
 2215 , 204.6875 
 2216 , 192.00390625 
 2217 , 153.39453125 
 2218 , 142.96484375 
 2219 , 166.98046875 
 2220 , 163.515625 
 2221 , 131.36328125 
 2222 , 95.8515625 
 2223 , 48.2421875 
 2224 ,-0.58203125 
 2225 , 14.17578125 
 2226 , 71.79296875 
 2227 , 74.66796875 
 2228 , 68.8046875 
 2229 , 129.140625 
 2230 , 160.09765625 
 2231 , 109.1640625 
 2232 , 58.9921875 
 2233 , 66.81640625 
 2234 , 138.78515625 
 2235 , 176.48828125 
 2236 , 108.2578125 
 2237 , 76.953125 
 2238 , 135.4609375 
 2239 , 156.53125 
 2240 , 143.34765625 
 2241 , 173.375 
 2242 , 182.84765625 
 2243 , 123.0703125 
 2244 , 92.32421875 
 2245 , 120.15625 
 2246 , 137.953125 
 2247 , 137.7109375 
 2248 , 144.44921875 
 2249 , 162.0546875 
 2250 , 182.09765625 
 2251 , 192.08203125 
 2252 , 200.83203125 
 2253 , 224.1875 
 2254 , 220.4765625 
 2255 , 163.97265625 
 2256 , 140.73046875 
 2257 , 171.3984375 
 2258 , 169.02734375 
 2259 , 161.43359375 
 2260 , 219.890625 
 2261 , 221.5390625 
 2262 , 97.703125 
 2263 , 15.8671875 
 2264 , 23.9140625 
 2265 , 31.6171875 
 2266 , 45.68359375 
 2267 , 88.734375 
 2268 , 77.8984375 
 2269 , 10.296875 
 2270 , 20.1171875 
 2271 , 88.404296875 
 2272 , 108.099609375 
 2273 , 104.10546875 
 2274 , 105.9453125 
 2275 , 70.8984375 
 2276 , 39.11328125 
 2277 , 110.779296875 
 2278 , 177.54296875 
 2279 , 114.61328125 
 2280 , 52.271484375 
 2281 , 63.97265625 
 2282 , 79.078125 
 2283 , 80.123046875 
 2284 , 86.453125 
 2285 , 97.65234375 
 2286 , 103.87109375 
 2287 , 88.79296875 
 2288 , 66.22265625 
 2289 , 72.408203125 
 2290 , 88.150390625 
 2291 , 81.2890625 
 2292 , 59.88671875 
 2293 , 36.84375 
 2294 , 18.603515625 
 2295 , 4.10546875 
 2296 ,-7.916015625 
 2297 ,-9.22265625 
 2298 , 4.0859375 
 2299 , 28.22265625 
 2300 , 41.525390625 
 2301 , 22.39453125 
 2302 , 2.466796875 
 2303 , 5.34765625 
 2304 , 8.45703125 
 2305 , 11.1484375 
 2306 , 30.59765625 
 2307 , 52.6640625 
 2308 , 68.833984375 
 2309 , 116.04296875 
 2310 , 171.021484375 
 2311 , 145.546875 
 2312 , 93.5625 
 2313 , 110.23828125 
 2314 , 147.40234375 
 2315 , 156.232421875 
 2316 , 138.94140625 
 2317 , 114.29296875 
 2318 , 108.990234375 
 2319 , 97.7109375 
 2320 , 62.890625 
 2321 , 53.994140625 
 2322 , 37.064453125 
 2323 ,-50.107421875 
 2324 ,-75.5859375 
 2325 , 38 
 2326 , 99.837890625 
 2327 , 57.35546875 
 2328 , 17.923828125 
 2329 , 3.087890625 
 2330 , 10 
 2331 , 10 
 2332 , 10 
 2333 , 10 
 2334 , 10 
 2335 , 10 
 2336 , 10 
 2337 , 10 
 2338 , 10 
 2339 , 10 
