11-20-2017,18:01:58
Wavenumber(cm-1),Intensity
 250 , 49173.9931236593 
 251 , 49215.0240575138 
 252 , 49255.6846271799 
 253 , 49293.3854586751 
 254 , 49328.0437812748 
 255 , 49359.9362691587 
 256 , 49391.314693235 
 257 , 49425.8998973586 
 258 , 49465.2305046679 
 259 , 49498.8639618809 
 260 , 49512.3857159144 
 261 , 49505.2849198724 
 262 , 49509.062219645 
 263 , 49558.5713032533 
 264 , 49659.7690314716 
 265 , 49788.0737994083 
 266 , 49918.0120211928 
 267 , 50028.7658166536 
 268 , 50101.7877868075 
 269 , 50130.5100165218 
 270 , 50148.0467131674 
 271 , 50195.1827303495 
 272 , 50284.8547496227 
 273 , 50389.4310028138 
 274 , 50480.3802050362 
 275 , 50557.4365469938 
 276 , 50639.301982263 
 277 , 50739.6401105819 
 278 , 50846.9517000623 
 279 , 50942.4431971057 
 280 , 51012.8331034164 
 281 , 51055.6517008875 
 282 , 51070.8006741372 
 283 , 51079.0474804874 
 284 , 51119.677614836 
 285 , 51222.4943934627 
 286 , 51352.6783431264 
 287 , 51450.0628239509 
 288 , 51479.8639052572 
 289 , 51473.030366761 
 290 , 51470.2739978859 
 291 , 51491.5536465306 
 292 , 51533.2772641539 
 293 , 51590.1571139853 
 294 , 51653.2982623729 
 295 , 51711.9803546821 
 296 , 51759.1525262325 
 297 , 51800.0035002547 
 298 , 51842.1641211832 
 299 , 51888.7240311056 
 300 , 51936.3767775517 
 301 , 51981.700862551 
 302 , 52025.3637039314 
 303 , 52070.5923168822 
 304 , 52119.5170226769 
 305 , 52169.5558509 
 306 , 52216.9585160333 
 307 , 52262.1370179582 
 308 , 52312.575503109 
 309 , 52375.8254240471 
 310 , 52450.5798892952 
 311 , 52528.9197525321 
 312 , 52604.0290349269 
 313 , 52675.4051500512 
 314 , 52744.532317809 
 315 , 52815.0438368179 
 316 , 52894.8520960105 
 317 , 52991.6748387357 
 318 , 53100.7345392357 
 319 , 53206.4974973051 
 320 , 53295.3253331306 
 321 , 53366.6873552001 
 322 , 53424.7937989412 
 323 , 53473.9413874789 
 324 , 53518.6080898123 
 325 , 53563.3768503149 
 326 , 53614.5473514423 
 327 , 53680.0700322879 
 328 , 53765.5704839762 
 329 , 53860.9507496939 
 330 , 53949.7770207045 
 331 , 54020.8769170959 
 332 , 54076.2647547297 
 333 , 54120.0297243113 
 334 , 54157.4927398768 
 335 , 54195.2570519044 
 336 , 54238.3769654852 
 337 , 54280.4053625088 
 338 , 54309.9005183517 
 339 , 54322.1752429766 
 340 , 54330.5946630447 
 341 , 54351.0587222913 
 342 , 54387.5537953377 
 343 , 54431.0475300822 
 344 , 54472.7303037371 
 345 , 54510.4100556617 
 346 , 54544.8935019131 
 347 , 54575.3465234385 
 348 , 54596.3856656824 
 349 , 54602.279465949 
 350 , 54599.2672535195 
 351 , 54606.8996646139 
 352 , 54643.1791747279 
 353 , 54709.1523939335 
 354 , 54798.1136674679 
 355 , 54900.6696815687 
 356 , 55000.1781063388 
 357 , 55079.4058901413 
 358 , 55138.5790932428 
 359 , 55197.0763743756 
 360 , 55272.2653734585 
 361 , 55359.5782302999 
 362 , 55444.6916802597 
 363 , 55521.0882475087 
 364 , 55602.946442017 
 365 , 55706.8969589801 
 366 , 55826.5040429797 
 367 , 55931.1294940284 
 368 , 55994.5498074332 
 369 , 56028.7046699212 
 370 , 56061.5227086308 
 371 , 56109.8178809258 
 372 , 56162.9858027947 
 373 , 56207.2044318723 
 374 , 56248.6523352589 
 375 , 56312.9702957925 
 376 , 56419.2965800096 
 377 , 56541.5179724179 
 378 , 56636.309843418 
 379 , 56678.2714778084 
 380 , 56681.7400879106 
 381 , 56666.4003334293 
 382 , 56652.3292714488 
 383 , 56659.9472872524 
 384 , 56704.6150200856 
 385 , 56774.3217869857 
 386 , 56847.9364097733 
 387 , 56912.9490422454 
 388 , 56973.5363361584 
 389 , 57035.3956231876 
 390 , 57098.52212276 
 391 , 57158.5639655555 
 392 , 57211.2913976033 
 393 , 57253.5279073207 
 394 , 57282.4609687759 
 395 , 57299.8283020757 
 396 , 57314.8369362114 
 397 , 57336.5113030744 
 398 , 57363.7369873809 
 399 , 57388.8816879999 
 400 , 57407.5893325872 
 401 , 57428.0472099146 
 402 , 57461.1212335199 
 403 , 57507.9557922483 
 404 , 57556.5258087525 
 405 , 57595.3936471684 
 406 , 57626.6524973686 
 407 , 57659.4725976522 
 408 , 57698.7349394007 
 409 , 57736.5938629458 
 410 , 57763.1800281847 
 411 , 57776.4348788488 
 412 , 57782.7904849549 
 413 , 57788.7273917062 
 414 , 57798.1983094999 
 415 , 57814.1094723874 
 416 , 57836.9073755542 
 417 , 57861.5137809559 
 418 , 57882.245422811 
 419 , 57896.0091777395 
 420 , 57901.9050700835 
 421 , 57900.7727689532 
 422 , 57901.6615038739 
 423 , 57916.0099716094 
 424 , 57945.3760733372 
 425 , 57974.5986856452 
 426 , 57988.3443935869 
 427 , 57987.7901232988 
 428 , 57984.6382406039 
 429 , 57987.4369411526 
 430 , 57993.040004693 
 431 , 57995.8464615193 
 432 , 57994.356045289 
 433 , 57992.1771966158 
 434 , 57992.6928661378 
 435 , 57995.1236479744 
 436 , 57996.7768463269 
 437 , 57996.2433729486 
 438 , 57995.2924392136 
 439 , 57996.0276387396 
 440 , 57997.8072170367 
 441 , 57997.5346981495 
 442 , 57993.0843259231 
 443 , 57987.692676052 
 444 , 57986.252984892 
 445 , 57990.6263853188 
 446 , 57997.5425383276 
 447 , 58003.3810999058 
 448 , 58006.1294834405 
 449 , 58004.7720991707 
 450 , 57999.0378937521 
 451 , 57991.0688809877 
 452 , 57983.4881016555 
 453 , 57978.4062111298 
 454 , 57977.345603278 
 455 , 57981.0750378657 
 456 , 57985.5460235109 
 457 , 57984.7577880345 
 458 , 57976.3220417531 
 459 , 57965.5304365894 
 460 , 57958.2828331269 
 461 , 57955.0174569071 
 462 , 57952.0254763996 
 463 , 57946.4290819551 
 464 , 57939.1579199992 
 465 , 57932.1032828194 
 466 , 57926.8148647918 
 467 , 57924.3792145078 
 468 , 57925.4601729981 
 469 , 57927.598098316 
 470 , 57926.8376743713 
 471 , 57921.0360358963 
 472 , 57912.5061926568 
 473 , 57904.1436280813 
 474 , 57897.3359542808 
 475 , 57892.1859381611 
 476 , 57888.3414790422 
 477 , 57883.5637241533 
 478 , 57875.1301910073 
 479 , 57863.1396123404 
 480 , 57851.84299045 
 481 , 57845.4847178345 
 482 , 57845.3613657333 
 483 , 57851.2493802034 
 484 , 57861.028217292 
 485 , 57867.7245402054 
 486 , 57864.0519354268 
 487 , 57851.1436942223 
 488 , 57837.5288115665 
 489 , 57830.1526255336 
 490 , 57827.4613089521 
 491 , 57825.4708847152 
 492 , 57821.6807042196 
 493 , 57815.7661649579 
 494 , 57807.7730963305 
 495 , 57799.4156914482 
 496 , 57793.2450901338 
 497 , 57790.7641034461 
 498 , 57790.8673754248 
 499 , 57792.014967865 
 500 , 57792.0180102541 
 501 , 57788.1475669826 
 502 , 57779.0845876977 
 503 , 57769.5995877577 
 504 , 57765.9560884927 
 505 , 57768.8950167015 
 506 , 57771.7441309601 
 507 , 57768.3323653604 
 508 , 57760.0834794615 
 509 , 57751.8345282605 
 510 , 57746.7929427836 
 511 , 57744.5942297385 
 512 , 57744.3869344186 
 513 , 57745.0609521609 
 514 , 57745.3188371277 
 515 , 57744.0842110943 
 516 , 57741.085996261 
 517 , 57736.2512131064 
 518 , 57730.0343842783 
 519 , 57723.4860948178 
 520 , 57717.6908437802 
 521 , 57713.744567727 
 522 , 57712.7247877391 
 523 , 57713.7837008443 
 524 , 57712.7062244702 
 525 , 57705.6001491839 
 526 , 57695.2248249723 
 527 , 57688.175992208 
 528 , 57688.3454225593 
 529 , 57692.1089259943 
 530 , 57694.6995989385 
 531 , 57693.7199149753 
 532 , 57688.8469355506 
 533 , 57680.5971725108 
 534 , 57672.8115143858 
 535 , 57670.1168234672 
 536 , 57672.7685612057 
 537 , 57675.3276821035 
 538 , 57672.9801021256 
 539 , 57667.7880350276 
 540 , 57664.6543447251 
 541 , 57664.6254719018 
 542 , 57661.2825345419 
 543 , 57648.4057961972 
 544 , 57631.394423963 
 545 , 57622.8634551229 
 546 , 57629.5504739915 
 547 , 57640.9368686317 
 548 , 57643.9465237551 
 549 , 57635.6772072834 
 550 , 57622.3580648936 
 551 , 57609.7759479669 
 552 , 57600.4009500958 
 553 , 57595.7435952925 
 554 , 57594.9873457083 
 555 , 57594.3506078163 
 556 , 57590.4543713656 
 557 , 57583.7665292142 
 558 , 57576.2855166716 
 559 , 57570.0601396944 
 560 , 57567.2227038365 
 561 , 57569.4863146049 
 562 , 57574.3821358959 
 563 , 57577.0836060452 
 564 , 57575.2821566627 
 565 , 57573.127529287 
 566 , 57575.3461446557 
 567 , 57580.0483311977 
 568 , 57580.1768621034 
 569 , 57571.4566672421 
 570 , 57560.1056381104 
 571 , 57554.4423212205 
 572 , 57556.2519634105 
 573 , 57560.4046625827 
 574 , 57562.30607771 
 575 , 57561.7520423547 
 576 , 57559.9127477645 
 577 , 57557.455166724 
 578 , 57554.3324686945 
 579 , 57550.652170601 
 580 , 57547.998400265 
 581 , 57548.5749757646 
 582 , 57552.6657825448 
 583 , 57556.9318014839 
 584 , 57557.9830483008 
 585 , 57555.9232829232 
 586 , 57552.8615471044 
 587 , 57550.2953062548 
 588 , 57548.1342895102 
 589 , 57546.1048587925 
 590 , 57544.7994033339 
 591 , 57545.4571358628 
 592 , 57548.6271718839 
 593 , 57552.5276238863 
 594 , 57554.9464356547 
 595 , 57554.7403292743 
 596 , 57551.7858228973 
 597 , 57546.5041125885 
 598 , 57541.5013433694 
 599 , 57539.8906753659 
 600 , 57541.9952607887 
 601 , 57544.7852744755 
 602 , 57545.533281453 
 603 , 57544.329061757 
 604 , 57542.2346344037 
 605 , 57539.68440236 
 606 , 57536.1716488319 
 607 , 57531.2843683103 
 608 , 57525.8543410852 
 609 , 57521.254770756 
 610 , 57518.2729106519 
 611 , 57516.6087548798 
 612 , 57515.843048736 
 613 , 57515.5405560959 
 614 , 57515.2572978578 
 615 , 57514.5326459495 
 616 , 57512.8684920414 
 617 , 57509.779649288 
 618 , 57504.996010586 
 619 , 57498.3895494115 
 620 , 57490.4833084398 
 621 , 57483.5827785272 
 622 , 57480.1161270732 
 623 , 57479.7476630984 
 624 , 57479.9841525521 
 625 , 57479.0482511336 
 626 , 57477.718951096 
 627 , 57477.2268616576 
 628 , 57477.3058064994 
 629 , 57476.3202322207 
 630 , 57473.2882526879 
 631 , 57469.9967173474 
 632 , 57468.8338243732 
 633 , 57470.1710297228 
 634 , 57472.2469961988 
 635 , 57473.3449824538 
 636 , 57472.4257909263 
 637 , 57468.7200220756 
 638 , 57463.9312184493 
 639 , 57462.7472607584 
 640 , 57468.5340192545 
 641 , 57476.6588419637 
 642 , 57479.9564023641 
 643 , 57476.5528330483 
 644 , 57471.7735756173 
 645 , 57470.4404874997 
 646 , 57471.1773696504 
 647 , 57470.320768259 
 648 , 57466.6808224949 
 649 , 57462.8193985232 
 650 , 57461.2248036783 
 651 , 57461.7397346412 
 652 , 57463.1025435121 
 653 , 57464.3880955466 
 654 , 57465.2378102955 
 655 , 57465.4118310547 
 656 , 57465.1659667393 
 657 , 57464.9751743089 
 658 , 57464.4840058807 
 659 , 57461.8336411077 
 660 , 57455.5776288746 
 661 , 57449.0266874748 
 662 , 57447.8198505494 
 663 , 57453.329886315 
 664 , 57458.6289998685 
 665 , 57456.8343132987 
 666 , 57450.0283981164 
 667 , 57445.0185776985 
 668 , 57445.6636237323 
 669 , 57449.6889507376 
 670 , 57454.1888961439 
 671 , 57457.4139332814 
 672 , 57458.2604661374 
 673 , 57456.2324429593 
 674 , 57452.1190723744 
 675 , 57446.9057926342 
 676 , 57441.8833024553 
 677 , 57438.516162642 
 678 , 57437.9022980581 
 679 , 57440.3272900649 
 680 , 57445.693879522 
 681 , 57451.0825420605 
 682 , 57451.9276497771 
 683 , 57446.551821956 
 684 , 57439.7857666637 
 685 , 57436.8684318039 
 686 , 57438.1054072175 
 687 , 57440.8796819883 
 688 , 57442.901127941 
 689 , 57442.6976061189 
 690 , 57439.2001266286 
 691 , 57434.3511678834 
 692 , 57431.8595436637 
 693 , 57433.6283448983 
 694 , 57437.516659142 
 695 , 57440.8887079416 
 696 , 57441.5797066281 
 697 , 57437.7097394722 
 698 , 57429.6555671161 
 699 , 57422.6467635874 
 700 , 57421.923509623 
 701 , 57426.7408871938 
 702 , 57433.0074370459 
 703 , 57437.3547232432 
 704 , 57437.9862473239 
 705 , 57433.7034383182 
 706 , 57426.9826070103 
 707 , 57422.2489275706 
 708 , 57421.9298095735 
 709 , 57424.4994813521 
 710 , 57427.9739842293 
 711 , 57430.3799097542 
 712 , 57429.7707051388 
 713 , 57426.3370501895 
 714 , 57424.1890994823 
 715 , 57426.9868255214 
 716 , 57431.6431093192 
 717 , 57431.9811674713 
 718 , 57426.7233621122 
 719 , 57422.9196933799 
 720 , 57426.9448292907 
 721 , 57434.8004800267 
 722 , 57438.144206694 
 723 , 57433.9548727615 
 724 , 57427.4568070083 
 725 , 57423.8212091119 
 726 , 57423.4832254373 
 727 , 57425.0455207502 
 728 , 57426.6823164257 
 729 , 57425.9769003662 
 730 , 57421.3840297872 
 731 , 57416.3790891387 
 732 , 57416.0051620542 
 733 , 57420.2272480621 
 734 , 57422.7179954606 
 735 , 57418.586417256 
 736 , 57411.6426163671 
 737 , 57408.1052785688 
 738 , 57409.3859058823 
 739 , 57411.65909494 
 740 , 57411.9009508931 
 741 , 57411.4329793576 
 742 , 57412.5437748223 
 743 , 57414.598943879 
 744 , 57414.1992812833 
 745 , 57409.3974102179 
 746 , 57403.6171777533 
 747 , 57401.173299553 
 748 , 57402.1050504367 
 749 , 57402.9873480978 
 750 , 57401.9085116105 
 751 , 57401.5900414134 
 752 , 57405.2137832973 
 753 , 57411.337718386 
 754 , 57415.3605655469 
 755 , 57414.7513501718 
 756 , 57412.0391561805 
 757 , 57410.2435263988 
 758 , 57409.9788558145 
 759 , 57410.4894397621 
 760 , 57410.936731294 
 761 , 57410.3519056483 
 762 , 57407.9084824053 
 763 , 57403.9931720518 
 764 , 57399.5589214032 
 765 , 57395.6980760651 
 766 , 57393.7186191117 
 767 , 57394.6793497286 
 768 , 57398.0261537601 
 769 , 57402.6005486692 
 770 , 57407.0786875559 
 771 , 57409.9269632075 
 772 , 57410.2125649948 
 773 , 57409.8662124633 
 774 , 57411.5311323312 
 775 , 57414.9704669608 
 776 , 57417.0124603366 
 777 , 57415.4287872798 
 778 , 57411.8341163082 
 779 , 57408.62973375 
 780 , 57407.0755022592 
 781 , 57407.5135129388 
 782 , 57409.8074798695 
 783 , 57412.5927155627 
 784 , 57414.3302168033 
 785 , 57413.8378591509 
 786 , 57410.1687195322 
 787 , 57404.2952999886 
 788 , 57401.1297046208 
 789 , 57405.0751809823 
 790 , 57412.7093415885 
 791 , 57416.9680615537 
 792 , 57414.6279045845 
 793 , 57408.4661547217 
 794 , 57401.5511689714 
 795 , 57395.6713329225 
 796 , 57392.1662154188 
 797 , 57392.3753009626 
 798 , 57397.6385407118 
 799 , 57407.5635848701 
 800 , 57414.754209463 
 801 , 57410.6504224306 
 802 , 57397.6666947243 
 803 , 57387.7561021252 
 804 , 57388.487072476 
 805 , 57393.9284127838 
 806 , 57396.3508490192 
 807 , 57394.9883510739 
 808 , 57393.5000057904 
 809 , 57393.9330051471 
 810 , 57394.8996152917 
 811 , 57394.8736550364 
 812 , 57394.440962992 
 813 , 57395.1204025903 
 814 , 57396.9337971791 
 815 , 57397.718340037 
 816 , 57395.7550644501 
 817 , 57392.4447746529 
 818 , 57390.130317331 
 819 , 57390.0955179762 
 820 , 57392.5287291173 
 821 , 57396.8325418146 
 822 , 57399.9073998241 
 823 , 57398.4710626819 
 824 , 57394.0347286248 
 825 , 57391.5797625769 
 826 , 57393.4636905133 
 827 , 57395.8661544392 
 828 , 57394.7487626043 
 829 , 57391.4424308796 
 830 , 57389.9117344192 
 831 , 57391.5719677624 
 832 , 57393.8577838659 
 833 , 57394.384676036 
 834 , 57393.543533773 
 835 , 57392.5982522691 
 836 , 57391.7049634303 
 837 , 57389.8535338331 
 838 , 57386.9041684646 
 839 , 57385.8518529655 
 840 , 57389.9544013504 
 841 , 57397.1873963777 
 842 , 57401.8082183154 
 843 , 57401.0239478508 
 844 , 57398.6121597366 
 845 , 57398.5173648966 
 846 , 57399.3693188316 
 847 , 57397.4178863749 
 848 , 57392.5249110747 
 849 , 57389.6618904473 
 850 , 57392.6017368171 
 851 , 57397.7663707734 
 852 , 57399.7029539288 
 853 , 57398.0396364781 
 854 , 57397.0642191307 
 855 , 57399.3328011435 
 856 , 57402.0132534073 
 857 , 57401.692030528 
 858 , 57398.6994773485 
 859 , 57395.5543406395 
 860 , 57393.9656107024 
 861 , 57394.1751947415 
 862 , 57395.9863040597 
 863 , 57397.5074810922 
 864 , 57396.3274436819 
 865 , 57392.5829442835 
 866 , 57389.2110216394 
 867 , 57388.6161746208 
 868 , 57390.9006050489 
 869 , 57395.4979329517 
 870 , 57399.5882137834 
 871 , 57398.8352748328 
 872 , 57392.339961011 
 873 , 57386.1826098083 
 874 , 57386.1656684428 
 875 , 57390.6079131956 
 876 , 57394.8078958237 
 877 , 57396.0260443238 
 878 , 57393.9210607285 
 879 , 57389.1885716085 
 880 , 57385.8765250981 
 881 , 57388.3308671384 
 882 , 57394.0679140962 
 883 , 57395.6139626087 
 884 , 57389.9595615767 
 885 , 57383.8663772627 
 886 , 57384.0372346144 
 887 , 57387.9298403729 
 888 , 57389.1821405028 
 889 , 57386.6485081777 
 890 , 57385.698399578 
 891 , 57389.9115276686 
 892 , 57394.5347674269 
 893 , 57393.3727494048 
 894 , 57387.5685203201 
 895 , 57383.5934446064 
 896 , 57385.2150379725 
 897 , 57390.3241988451 
 898 , 57396.3042206119 
 899 , 57402.050273539 
 900 , 57407.0710649228 
 901 , 57410.6195381097 
 902 , 57411.6450079438 
 903 , 57409.5180975934 
 904 , 57405.143593728 
 905 , 57399.7813983786 
 906 , 57394.9348901847 
 907 , 57392.2603153327 
 908 , 57392.3983062422 
 909 , 57394.0863087237 
 910 , 57396.01417436 
 911 , 57397.810176323 
 912 , 57399.4163280623 
 913 , 57400.1561098128 
 914 , 57398.7155241709 
 915 , 57395.0895021208 
 916 , 57393.2278920899 
 917 , 57397.1151001844 
 918 , 57403.9915714441 
 919 , 57407.368890357 
 920 , 57405.0869817722 
 921 , 57401.7671987977 
 922 , 57401.6976662501 
 923 , 57404.9067881596 
 924 , 57410.1083795126 
 925 , 57414.6743997886 
 926 , 57414.8675749192 
 927 , 57409.7632255704 
 928 , 57404.9953737432 
 929 , 57406.1045127021 
 930 , 57411.3628063351 
 931 , 57415.9407326664 
 932 , 57417.2687986746 
 933 , 57415.4952573954 
 934 , 57411.3536928967 
 935 , 57407.0220932873 
 936 , 57404.8418957779 
 937 , 57405.5702131623 
 938 , 57408.9569250753 
 939 , 57413.296554511 
 940 , 57414.4754359819 
 941 , 57409.5996729467 
 942 , 57402.887215931 
 943 , 57400.3990644614 
 944 , 57402.2872636503 
 945 , 57403.6618620015 
 946 , 57401.9974378882 
 947 , 57400.5801263756 
 948 , 57402.6863995874 
 949 , 57405.8764054636 
 950 , 57405.4513541196 
 951 , 57401.5362797148 
 952 , 57399.743163558 
 953 , 57403.370120299 
 954 , 57407.585936976 
 955 , 57406.7185101561 
 956 , 57402.2416778824 
 957 , 57399.5714244424 
 958 , 57400.364005424 
 959 , 57400.6826882316 
 960 , 57397.762348694 
 961 , 57395.5201945022 
 962 , 57399.0736338999 
 963 , 57406.4854952605 
 964 , 57410.7997705612 
 965 , 57408.8907141722 
 966 , 57404.9625752634 
 967 , 57403.0432941805 
 968 , 57401.9765043961 
 969 , 57399.090769015 
 970 , 57395.4641088615 
 971 , 57395.484968493 
 972 , 57401.2590809223 
 973 , 57409.37434951 
 974 , 57415.9595588047 
 975 , 57419.2399602691 
 976 , 57418.3571613949 
 977 , 57413.9645218929 
 978 , 57408.3179106767 
 979 , 57403.6000407574 
 980 , 57401.5747605107 
 981 , 57403.5102707305 
 982 , 57407.2219252277 
 983 , 57408.9162861302 
 984 , 57407.4232536524 
 985 , 57404.8385646563 
 986 , 57402.9171162963 
 987 , 57401.6329580596 
 988 , 57400.6222114543 
 989 , 57399.7723704492 
 990 , 57399.1182233488 
 991 , 57398.9733720793 
 992 , 57400.0419675516 
 993 , 57402.4268061172 
 994 , 57403.8694930391 
 995 , 57401.9261773854 
 996 , 57398.2756847307 
 997 , 57397.1405322224 
 998 , 57399.7574049758 
 999 , 57402.6468941183 
 1000 , 57402.6777703798 
 1001 , 57399.8604809213 
 1002 , 57395.1004524083 
 1003 , 57390.3087366315 
 1004 , 57388.0563429553 
 1005 , 57388.9001033973 
 1006 , 57389.9959416298 
 1007 , 57388.9852283955 
 1008 , 57387.1236963371 
 1009 , 57386.6292129747 
 1010 , 57389.10706671 
 1011 , 57395.6978186199 
 1012 , 57405.5518792652 
 1013 , 57414.3427514607 
 1014 , 57418.307413868 
 1015 , 57417.9349106585 
 1016 , 57415.0018696891 
 1017 , 57412.0535328819 
 1018 , 57412.1746730029 
 1019 , 57415.8044203691 
 1020 , 57418.632444482 
 1021 , 57417.210144421 
 1022 , 57414.4279617735 
 1023 , 57414.6871603197 
 1024 , 57417.5586250499 
 1025 , 57419.0724411483 
 1026 , 57417.6399075975 
 1027 , 57416.025398842 
 1028 , 57416.5042889611 
 1029 , 57417.0803354699 
 1030 , 57414.8499917578 
 1031 , 57411.1417924193 
 1032 , 57410.282309789 
 1033 , 57413.7217357586 
 1034 , 57417.9151955682 
 1035 , 57419.6612602789 
 1036 , 57419.3469816683 
 1037 , 57418.2633428283 
 1038 , 57416.8589100917 
 1039 , 57415.0258502998 
 1040 , 57413.55395889 
 1041 , 57414.6743217302 
 1042 , 57419.5401408271 
 1043 , 57424.5099537948 
 1044 , 57425.17410201 
 1045 , 57421.8048825514 
 1046 , 57417.5732866289 
 1047 , 57415.0972496543 
 1048 , 57416.1333850424 
 1049 , 57421.1410467855 
 1050 , 57426.2284103616 
 1051 , 57427.064184653 
 1052 , 57424.2934113872 
 1053 , 57421.2820308539 
 1054 , 57420.0434872551 
 1055 , 57420.8250907015 
 1056 , 57422.9438095803 
 1057 , 57423.2265909077 
 1058 , 57418.8716107904 
 1059 , 57413.8241827925 
 1060 , 57414.9947855587 
 1061 , 57421.9404976354 
 1062 , 57426.1018972426 
 1063 , 57422.825923789 
 1064 , 57418.5590031732 
 1065 , 57420.0073042289 
 1066 , 57424.1226267138 
 1067 , 57424.3095908195 
 1068 , 57421.2394663487 
 1069 , 57422.2899367217 
 1070 , 57430.3875668207 
 1071 , 57438.5581437908 
 1072 , 57440.1385540696 
 1073 , 57436.5816154825 
 1074 , 57431.8830528199 
 1075 , 57428.8281775742 
 1076 , 57429.2591568737 
 1077 , 57432.9101091743 
 1078 , 57435.9966264671 
 1079 , 57435.8518638615 
 1080 , 57435.6758265112 
 1081 , 57439.5268609333 
 1082 , 57444.9545602675 
 1083 , 57445.7351925507 
 1084 , 57440.5361166865 
 1085 , 57434.5672345258 
 1086 , 57432.3367394549 
 1087 , 57434.8529507602 
 1088 , 57441.7659523661 
 1089 , 57447.4629896464 
 1090 , 57444.3181611165 
 1091 , 57433.9953416013 
 1092 , 57427.572916772 
 1093 , 57431.2877726522 
 1094 , 57439.5437089541 
 1095 , 57446.1676741738 
 1096 , 57450.5830670078 
 1097 , 57453.9871543055 
 1098 , 57456.0754261929 
 1099 , 57455.4369563357 
 1100 , 57452.848904132 
 1101 , 57452.7201232058 
 1102 , 57457.7674480251 
 1103 , 57463.0653020336 
 1104 , 57462.8073213786 
 1105 , 57459.7819925103 
 1106 , 57461.2776445198 
 1107 , 57468.5742877786 
 1108 , 57475.8409523239 
 1109 , 57479.015619878 
 1110 , 57479.6445142292 
 1111 , 57479.8874730293 
 1112 , 57480.2114163957 
 1113 , 57480.4483765376 
 1114 , 57480.4790175229 
 1115 , 57480.2312821589 
 1116 , 57480.1669285191 
 1117 , 57481.6789682328 
 1118 , 57485.3807869903 
 1119 , 57488.4328209508 
 1120 , 57487.719162126 
 1121 , 57485.6697721555 
 1122 , 57487.6461962492 
 1123 , 57493.9208085272 
 1124 , 57498.7522744008 
 1125 , 57498.3705375105 
 1126 , 57494.8386136628 
 1127 , 57491.0700989449 
 1128 , 57489.6676785609 
 1129 , 57492.8251508988 
 1130 , 57498.2605297334 
 1131 , 57500.3081667141 
 1132 , 57498.3353517731 
 1133 , 57499.9265429304 
 1134 , 57509.8021612026 
 1135 , 57520.0427041909 
 1136 , 57521.4850191238 
 1137 , 57517.4551563911 
 1138 , 57517.0584417554 
 1139 , 57521.6070711057 
 1140 , 57524.4849290031 
 1141 , 57522.947449893 
 1142 , 57523.1425449517 
 1143 , 57530.0057903434 
 1144 , 57537.5810806069 
 1145 , 57537.6519324139 
 1146 , 57532.1628070872 
 1147 , 57529.2675714076 
 1148 , 57531.7434261606 
 1149 , 57535.4159450836 
 1150 , 57537.7626665136 
 1151 , 57541.8242430833 
 1152 , 57550.0674339296 
 1153 , 57556.2214798131 
 1154 , 57551.7867769673 
 1155 , 57542.2644652383 
 1156 , 57543.5370822305 
 1157 , 57558.5813895071 
 1158 , 57570.3659967085 
 1159 , 57566.9428562674 
 1160 , 57557.8690743423 
 1161 , 57555.2468929434 
 1162 , 57558.9960219563 
 1163 , 57563.9088235515 
 1164 , 57567.0436017721 
 1165 , 57567.4760033394 
 1166 , 57566.0851851745 
 1167 , 57566.7636113917 
 1168 , 57572.4400967662 
 1169 , 57581.4446572161 
 1170 , 57590.9019360342 
 1171 , 57596.6455432535 
 1172 , 57594.278012977 
 1173 , 57587.7716924887 
 1174 , 57589.0490305123 
 1175 , 57601.5982945735 
 1176 , 57612.3563060752 
 1177 , 57610.7434333844 
 1178 , 57603.2185823214 
 1179 , 57599.5657181263 
 1180 , 57602.0035668073 
 1181 , 57608.7930144869 
 1182 , 57616.4575753351 
 1183 , 57619.8407340276 
 1184 , 57617.8749595478 
 1185 , 57617.6550134216 
 1186 , 57624.7327648251 
 1187 , 57634.5789236888 
 1188 , 57640.512243591 
 1189 , 57639.3507735749 
 1190 , 57630.0667092819 
 1191 , 57619.4367012054 
 1192 , 57621.9675503191 
 1193 , 57641.8662829168 
 1194 , 57662.7496723536 
 1195 , 57670.5773967836 
 1196 , 57669.7989017137 
 1197 , 57668.7968113799 
 1198 , 57670.7827944209 
 1199 , 57676.202730168 
 1200 , 57681.6689466385 
 1201 , 57680.2194263 
 1202 , 57672.15367863 
 1203 , 57671.2401161365 
 1204 , 57686.7323313057 
 1205 , 57706.3314798848 
 1206 , 57714.9562393155 
 1207 , 57713.460855233 
 1208 , 57709.7853619092 
 1209 , 57708.0348297089 
 1210 , 57708.9182491917 
 1211 , 57711.4153256528 
 1212 , 57711.8742961384 
 1213 , 57710.1840082272 
 1214 , 57718.2300524813 
 1215 , 57746.0418825823 
 1216 , 57776.2824504011 
 1217 , 57782.6849434076 
 1218 , 57767.5310810612 
 1219 , 57754.4364722932 
 1220 , 57755.902476847 
 1221 , 57768.2050676942 
 1222 , 57786.3872767165 
 1223 , 57805.4107816815 
 1224 , 57820.2173409021 
 1225 , 57825.7137299418 
 1226 , 57817.9018108476 
 1227 , 57805.0787346467 
 1228 , 57802.819776286 
 1229 , 57815.253283442 
 1230 , 57833.3412013239 
 1231 , 57848.7817354113 
 1232 , 57856.3223150771 
 1233 , 57854.1377148284 
 1234 , 57852.7595434903 
 1235 , 57863.5584271941 
 1236 , 57879.1391152854 
 1237 , 57883.9437587875 
 1238 , 57881.2448145356 
 1239 , 57890.8961278315 
 1240 , 57917.3271052032 
 1241 , 57939.3069497294 
 1242 , 57941.8651298705 
 1243 , 57935.6241663292 
 1244 , 57933.9453119313 
 1245 , 57938.4752599892 
 1246 , 57946.3786342397 
 1247 , 57951.6167858874 
 1248 , 57946.3972186286 
 1249 , 57934.3861432726 
 1250 , 57932.723573048 
 1251 , 57948.7909412967 
 1252 , 57967.7034443317 
 1253 , 57975.9250436231 
 1254 , 57976.5105936674 
 1255 , 57975.9655595208 
 1256 , 57975.6509683601 
 1257 , 57974.7720565528 
 1258 , 57976.5078082069 
 1259 , 57987.1834578292 
 1260 , 58005.2451803444 
 1261 , 58017.5797909686 
 1262 , 58016.5176611561 
 1263 , 58010.9170539058 
 1264 , 58010.2187677843 
 1265 , 58013.7695090425 
 1266 , 58017.8734609427 
 1267 , 58019.0954051435 
 1268 , 58014.4430881652 
 1269 , 58007.3348454399 
 1270 , 58007.2547012013 
 1271 , 58016.6682999893 
 1272 , 58025.9482268084 
 1273 , 58028.0544104984 
 1274 , 58027.0393665228 
 1275 , 58028.0315640677 
 1276 , 58030.7825661978 
 1277 , 58033.28665239 
 1278 , 58034.4427199773 
 1279 , 58033.6990718915 
 1280 , 58030.4867121999 
 1281 , 58024.2380691708 
 1282 , 58016.8317533978 
 1283 , 58014.4887590395 
 1284 , 58019.9423784185 
 1285 , 58023.5841833625 
 1286 , 58016.0176633869 
 1287 , 58002.891588448 
 1288 , 57994.3622730382 
 1289 , 57991.3293086919 
 1290 , 57988.8988849017 
 1291 , 57980.6977981144 
 1292 , 57959.0129241529 
 1293 , 57925.9443349312 
 1294 , 57900.9489882502 
 1295 , 57895.1741989008 
 1296 , 57889.0201646066 
 1297 , 57863.4665925076 
 1298 , 57834.6917267219 
 1299 , 57827.426624443 
 1300 , 57831.2048023916 
 1301 , 57816.0983404967 
 1302 , 57778.0906117658 
 1303 , 57738.5633712095 
 1304 , 57710.8596648454 
 1305 , 57693.6179557086 
 1306 , 57680.2089813521 
 1307 , 57653.2196246275 
 1308 , 57600.5636779269 
 1309 , 57544.6512735574 
 1310 , 57514.3248393294 
 1311 , 57504.0818829653 
 1312 , 57491.5499748535 
 1313 , 57468.5534432955 
 1314 , 57439.0167750555 
 1315 , 57403.7557571248 
 1316 , 57358.782968983 
 1317 , 57306.0537823608 
 1318 , 57261.907348832 
 1319 , 57237.6079218265 
 1320 , 57216.7689887476 
 1321 , 57179.9413573201 
 1322 , 57132.8825217472 
 1323 , 57090.5341352898 
 1324 , 57050.790652238 
 1325 , 57000.2058293612 
 1326 , 56935.8993086485 
 1327 , 56866.8710682092 
 1328 , 56800.6725105518 
 1329 , 56741.1974827598 
 1330 , 56693.4135451517 
 1331 , 56666.5376076324 
 1332 , 56662.2955572266 
 1333 , 56641.2634448328 
 1334 , 56558.3135549673 
 1335 , 56429.698564019 
 1336 , 56302.0923809872 
 1337 , 56204.3529524898 
 1338 , 56149.9761759383 
 1339 , 56131.3079058339 
 1340 , 56114.0062016996 
 1341 , 56075.7706882718 
 1342 , 56022.7539892959 
 1343 , 55962.2545526703 
 1344 , 55893.6055537516 
 1345 , 55816.4158575187 
 1346 , 55741.3222277352 
 1347 , 55680.6477051001 
 1348 , 55625.4672710458 
 1349 , 55555.9099678212 
 1350 , 55471.4371148426 
 1351 , 55388.4238181552 
 1352 , 55311.8471700791 
 1353 , 55230.3080075551 
 1354 , 55137.1188143051 
 1355 , 55038.2538555221 
 1356 , 54940.4802988927 
 1357 , 54847.6359138337 
 1358 , 54762.3888586562 
 1359 , 54684.3616529203 
 1360 , 54611.4420031456 
 1361 , 54535.1675024361 
 1362 , 54443.7390376731 
 1363 , 54328.930742797 
 1364 , 54186.2976580643 
 1365 , 54038.3929108675 
 1366 , 53942.6689016456 
 1367 , 53922.7451147474 
 1368 , 53929.4897008747 
 1369 , 53913.8219629481 
 1370 , 53854.3726489575 
 1371 , 53744.5398672455 
 1372 , 53624.9310841211 
 1373 , 53543.298639215 
 1374 , 53482.6580959737 
 1375 , 53397.9231031037 
 1376 , 53301.0423333625 
 1377 , 53245.041227889 
 1378 , 53225.4829392746 
 1379 , 53172.385771639 
 1380 , 53046.7139765293 
 1381 , 52867.8309879414 
 1382 , 52674.5316791763 
 1383 , 52541.2541263517 
 1384 , 52516.9432267608 
 1385 , 52524.5844474372 
 1386 , 52470.78092365 
 1387 , 52360.5579110428 
 1388 , 52235.4032528868 
 1389 , 52113.7643319983 
 1390 , 52000.5912749204 
 1391 , 51905.3205993898 
 1392 , 51840.865114464 
 1393 , 51796.063658567 
 1394 , 51728.7362487932 
 1395 , 51625.1329702347 
 1396 , 51529.7472475713 
 1397 , 51472.1489059035 
 1398 , 51420.1222935561 
 1399 , 51341.8911640525 
 1400 , 51256.3229839932 
 1401 , 51191.1063901968 
 1402 , 51138.7981278932 
 1403 , 51078.8683382794 
 1404 , 51008.339863565 
 1405 , 50935.0339351633 
 1406 , 50865.5179466184 
 1407 , 50805.1305021719 
 1408 , 50760.6132691116 
 1409 , 50740.3798337076 
 1410 , 50732.3803149409 
 1411 , 50686.1621799679 
 1412 , 50578.1876774663 
 1413 , 50470.4392990797 
 1414 , 50419.4528269793 
 1415 , 50399.4423002101 
 1416 , 50368.5133498772 
 1417 , 50316.1946191136 
 1418 , 50244.6129623191 
 1419 , 50161.2895733748 
 1420 , 50076.0544481611 
 1421 , 49988.045134782 
 1422 , 49888.4057960361 
 1423 , 49783.1176001772 
 1424 , 49694.8320491815 
 1425 , 49631.8067582738 
 1426 , 49578.0867561482 
 1427 , 49521.6809055217 
 1428 , 49464.4302636962 
 1429 , 49408.5620941229 
 1430 , 49351.3273994781 
 1431 , 49288.875874892 
 1432 , 49216.9642535616 
 1433 , 49132.8695671297 
 1434 , 49045.5371507666 
 1435 , 48967.8666503703 
 1436 , 48900.7587230978 
 1437 , 48837.9110745447 
 1438 , 48775.7520842045 
 1439 , 48712.8767616792 
 1440 , 48640.0777313581 
 1441 , 48539.260998893 
 1442 , 48418.148788289 
 1443 , 48327.2328440773 
 1444 , 48299.4962479083 
 1445 , 48319.2418529838 
 1446 , 48352.9239798305 
 1447 , 48331.2387379863 
 1448 , 48205.1644241946 
 1449 , 48051.6779948077 
 1450 , 47965.4598027833 
 1451 , 47919.6742420104 
 1452 , 47847.2999818286 
 1453 , 47768.4789886294 
 1454 , 47747.5206195084 
 1455 , 47778.3231777752 
 1456 , 47801.7327996243 
 1457 , 47786.3692826004 
 1458 , 47731.1849707741 
 1459 , 47646.6122500711 
 1460 , 47557.0260720601 
 1461 , 47475.0355970658 
 1462 , 47389.0948229865 
 1463 , 47289.3519945225 
 1464 , 47177.2440733157 
 1465 , 47056.8885070369 
 1466 , 46935.5599284462 
 1467 , 46820.0020359733 
 1468 , 46710.8208827269 
 1469 , 46606.4272755678 
 1470 , 46503.1949125405 
 1471 , 46397.4197852478 
 1472 , 46293.1976999135 
 1473 , 46198.7852633985 
 1474 , 46118.0795240698 
 1475 , 46051.5550964876 
 1476 , 45997.9871192883 
 1477 , 45954.4197625197 
 1478 , 45913.3145709097 
 1479 , 45861.296679881 
 1480 , 45793.3154593857 
 1481 , 45719.4500321605 
 1482 , 45647.1829395617 
 1483 , 45574.5419302451 
 1484 , 45500.9804369321 
 1485 , 45434.4308254599 
 1486 , 45381.0925168408 
 1487 , 45333.1955154628 
 1488 , 45281.2071036833 
 1489 , 45226.0658438441 
 1490 , 45171.7936887102 
 1491 , 45118.0863440457 
 1492 , 45062.1926031325 
 1493 , 44996.5857652583 
 1494 , 44912.3095350117 
 1495 , 44822.1998820005 
 1496 , 44754.7180655705 
 1497 , 44708.1412527155 
 1498 , 44650.8742845623 
 1499 , 44574.2784382298 
 1500 , 44500.4102489451 
 1501 , 44436.6933605553 
 1502 , 44363.4968630661 
 1503 , 44273.1117488631 
 1504 , 44188.0431535465 
 1505 , 44122.8128333751 
 1506 , 44059.9747955889 
 1507 , 43987.23763527 
 1508 , 43929.468521692 
 1509 , 43909.5882083675 
 1510 , 43903.7476403311 
 1511 , 43876.9987279144 
 1512 , 43808.6607681199 
 1513 , 43687.7794842897 
 1514 , 43538.3791452286 
 1515 , 43399.0073606486 
 1516 , 43285.7371176861 
 1517 , 43201.2143726263 
 1518 , 43150.240787511 
 1519 , 43137.6807250292 
 1520 , 43133.4054735824 
 1521 , 43076.2981393243 
 1522 , 42962.2721549336 
 1523 , 42854.3541089448 
 1524 , 42781.0838886681 
 1525 , 42715.8423707342 
 1526 , 42639.07669048 
 1527 , 42551.6318577228 
 1528 , 42463.2887414534 
 1529 , 42399.0155055806 
 1530 , 42372.880857261 
 1531 , 42362.8356783051 
 1532 , 42347.9004304813 
 1533 , 42332.7063853967 
 1534 , 42322.5081421462 
 1535 , 42300.6475163895 
 1536 , 42250.5184496926 
 1537 , 42189.1218687943 
 1538 , 42141.155109302 
 1539 , 42104.4887422689 
 1540 , 42065.4275191983 
 1541 , 42008.9085435927 
 1542 , 41921.1410621002 
 1543 , 41810.625828423 
 1544 , 41699.8557514197 
 1545 , 41609.3760891646 
 1546 , 41556.8245714946 
 1547 , 41535.0515519926 
 1548 , 41515.0280695949 
 1549 , 41491.4894724465 
 1550 , 41485.4826156495 
 1551 , 41486.8000978287 
 1552 , 41442.8919612719 
 1553 , 41340.1048980244 
 1554 , 41230.4518480476 
 1555 , 41153.8456264689 
 1556 , 41116.5198969753 
 1557 , 41111.345347379 
 1558 , 41109.4825721148 
 1559 , 41087.7944604882 
 1560 , 41046.5755212312 
 1561 , 40989.3222785385 
 1562 , 40917.206639071 
 1563 , 40834.4235449023 
 1564 , 40758.8153068377 
 1565 , 40705.3927254988 
 1566 , 40660.2658274454 
 1567 , 40604.8069417644 
 1568 , 40541.3446620277 
 1569 , 40478.6121869115 
 1570 , 40419.1678196196 
 1571 , 40364.6462079703 
 1572 , 40329.9525850172 
 1573 , 40330.8786627904 
 1574 , 40328.4571368784 
 1575 , 40259.9746316399 
 1576 , 40150.9433499225 
 1577 , 40080.2719748324 
 1578 , 40053.258001264 
 1579 , 40020.3577290706 
 1580 , 39969.0817338444 
 1581 , 39919.7296180069 
 1582 , 39870.3521816448 
 1583 , 39796.4665574061 
 1584 , 39703.7704444505 
 1585 , 39633.1002393356 
 1586 , 39593.3145476379 
 1587 , 39549.0316881826 
 1588 , 39488.3330902066 
 1589 , 39438.8187563565 
 1590 , 39409.4506310278 
 1591 , 39371.8455554579 
 1592 , 39308.6592013547 
 1593 , 39231.1597455025 
 1594 , 39151.8217527992 
 1595 , 39078.4807699316 
 1596 , 39013.7459777292 
 1597 , 38948.636507813 
 1598 , 38879.0447922726 
 1599 , 38819.9545910154 
 1600 , 38783.4020405669 
 1601 , 38760.796958707 
 1602 , 38739.9533654792 
 1603 , 38710.863145767 
 1604 , 38669.5180601288 
 1605 , 38634.8813143773 
 1606 , 38620.9891422016 
 1607 , 38590.3261128911 
 1608 , 38503.311693972 
 1609 , 38390.1393050807 
 1610 , 38297.5129261872 
 1611 , 38232.7608373255 
 1612 , 38184.4013349382 
 1613 , 38112.5016488517 
 1614 , 37978.1385964482 
 1615 , 37838.3221786119 
 1616 , 37779.8348108183 
 1617 , 37770.9338040831 
 1618 , 37728.5841157981 
 1619 , 37649.8963870758 
 1620 , 37573.69168784 
 1621 , 37508.7911160617 
 1622 , 37445.8135615218 
 1623 , 37377.922368402 
 1624 , 37300.7438253704 
 1625 , 37218.221932216 
 1626 , 37140.3479752634 
 1627 , 37078.8888140081 
 1628 , 37045.1395074111 
 1629 , 37020.5566949397 
 1630 , 36963.4891627483 
 1631 , 36868.7519509179 
 1632 , 36764.4962326975 
 1633 , 36674.0615165962 
 1634 , 36614.3064806014 
 1635 , 36585.8776455228 
 1636 , 36572.5802911392 
 1637 , 36550.0331442874 
 1638 , 36486.7732569906 
 1639 , 36386.970531481 
 1640 , 36296.4823278751 
 1641 , 36231.5076491167 
 1642 , 36168.2470133324 
 1643 , 36092.5527900806 
 1644 , 36006.7339253277 
 1645 , 35924.431795564 
 1646 , 35873.1470843874 
 1647 , 35854.5892931072 
 1648 , 35830.962844774 
 1649 , 35784.3823169081 
 1650 , 35732.9416850499 
 1651 , 35685.7577443188 
 1652 , 35632.174809292 
 1653 , 35568.2399279657 
 1654 , 35504.6340682058 
 1655 , 35449.0140970672 
 1656 , 35400.9810502405 
 1657 , 35355.958532984 
 1658 , 35303.1743883427 
 1659 , 35237.7235923152 
 1660 , 35167.3953917569 
 1661 , 35094.8461307177 
 1662 , 35009.5076547403 
 1663 , 34911.9919356893 
 1664 , 34829.4878926962 
 1665 , 34779.6931204286 
 1666 , 34752.7094005849 
 1667 , 34732.9822113146 
 1668 , 34700.4120886005 
 1669 , 34646.6068538658 
 1670 , 34591.1229955969 
 1671 , 34549.1055486625 
 1672 , 34516.4664129809 
 1673 , 34483.3260783587 
 1674 , 34432.5612083651 
 1675 , 34355.2920905033 
 1676 , 34265.073524049 
 1677 , 34179.8567379794 
 1678 , 34120.1985829422 
 1679 , 34091.957954432 
 1680 , 34063.6131679865 
 1681 , 34004.715839942 
 1682 , 33901.7925849978 
 1683 , 33768.6405642274 
 1684 , 33681.0064243014 
 1685 , 33679.7034557724 
 1686 , 33693.1857009049 
 1687 , 33655.5776810402 
 1688 , 33559.4726197483 
 1689 , 33425.4994496676 
 1690 , 33321.951985945 
 1691 , 33287.8931436257 
 1692 , 33270.6214741205 
 1693 , 33229.1192122212 
 1694 , 33186.587488825 
 1695 , 33160.4926737603 
 1696 , 33130.0559751935 
 1697 , 33076.778651439 
 1698 , 33001.7581508262 
 1699 , 32919.4333291418 
 1700 , 32869.0402588626 
 1701 , 32864.3158945844 
 1702 , 32850.8541097374 
 1703 , 32790.7681948666 
 1704 , 32706.3845650987 
 1705 , 32625.6368174482 
 1706 , 32570.1111684361 
 1707 , 32542.0435538323 
 1708 , 32503.5236295766 
 1709 , 32431.1985779861 
 1710 , 32343.6151838843 
 1711 , 32260.1367765097 
 1712 , 32190.8829512285 
 1713 , 32141.5398878606 
 1714 , 32111.2065666431 
 1715 , 32091.6670909181 
 1716 , 32062.3940743729 
 1717 , 32015.5229324912 
 1718 , 31968.7332768606 
 1719 , 31930.6008995133 
 1720 , 31889.0686351458 
 1721 , 31837.4030927358 
 1722 , 31781.2846281887 
 1723 , 31727.3395765047 
 1724 , 31681.7537308345 
 1725 , 31647.1875271677 
 1726 , 31620.8112323081 
 1727 , 31590.0992967386 
 1728 , 31529.8338487962 
 1729 , 31442.1272665535 
 1730 , 31367.0146140172 
 1731 , 31315.8222254193 
 1732 , 31259.9179753649 
 1733 , 31191.0641257435 
 1734 , 31128.5955184261 
 1735 , 31078.6228863636 
 1736 , 31030.4459754889 
 1737 , 30979.0371431494 
 1738 , 30926.8990979062 
 1739 , 30887.1428141529 
 1740 , 30880.9454571724 
 1741 , 30884.1468313956 
 1742 , 30833.61240881 
 1743 , 30735.92227464 
 1744 , 30656.4662334683 
 1745 , 30607.3010663262 
 1746 , 30557.3602203476 
 1747 , 30499.3263485918 
 1748 , 30444.0953500737 
 1749 , 30395.9857192748 
 1750 , 30353.9740222993 
 1751 , 30311.4722043895 
 1752 , 30258.9205165469 
 1753 , 30191.8567652221 
 1754 , 30111.6110635048 
 1755 , 30044.8418749305 
 1756 , 30024.7833880866 
 1757 , 30028.9194870577 
 1758 , 30012.5943085586 
 1759 , 29966.7607661431 
 1760 , 29900.7046638489 
 1761 , 29840.575831909 
 1762 , 29811.990935827 
 1763 , 29799.266259132 
 1764 , 29776.1507211599 
 1765 , 29737.6098364524 
 1766 , 29687.2001581839 
 1767 , 29636.7659629177 
 1768 , 29596.1136133303 
 1769 , 29557.3794075955 
 1770 , 29511.0098512975 
 1771 , 29457.2680313812 
 1772 , 29401.8968293719 
 1773 , 29360.9892478285 
 1774 , 29345.9310620913 
 1775 , 29349.4299482445 
 1776 , 29358.1857881907 
 1777 , 29352.0991617579 
 1778 , 29317.4042211279 
 1779 , 29256.2178343262 
 1780 , 29177.7632611708 
 1781 , 29100.7287178317 
 1782 , 29036.696492105 
 1783 , 28983.5670509028 
 1784 , 28936.0476290364 
 1785 , 28886.3061145435 
 1786 , 28835.7876746715 
 1787 , 28797.7809898461 
 1788 , 28774.1177924902 
 1789 , 28753.2527817358 
 1790 , 28734.8028803513 
 1791 , 28729.2432329281 
 1792 , 28730.1775793602 
 1793 , 28717.2454104306 
 1794 , 28685.6591710043 
 1795 , 28643.4730773605 
 1796 , 28607.3976720856 
 1797 , 28595.1510908461 
 1798 , 28580.8437390528 
 1799 , 28522.3124282242 
 1800 , 28445.6917825329 
 1801 , 28403.3222444259 
 1802 , 28399.6438207973 
 1803 , 28413.7108351909 
 1804 , 28393.7532747469 
 1805 , 28299.3890058163 
 1806 , 28195.4371573311 
 1807 , 28152.5632797258 
 1808 , 28141.1716673488 
 1809 , 28117.0882324406 
 1810 , 28070.1350441663 
 1811 , 28007.0723823887 
 1812 , 27961.9896014235 
 1813 , 27950.4685119704 
 1814 , 27934.6066936747 
 1815 , 27896.4365240486 
 1816 , 27871.017956274 
 1817 , 27873.8099547285 
 1818 , 27878.6145819826 
 1819 , 27868.5792303349 
 1820 , 27844.8491596401 
 1821 , 27806.5994601879 
 1822 , 27750.0310012389 
 1823 , 27688.6111106657 
 1824 , 27650.4176331404 
 1825 , 27627.1616063094 
 1826 , 27584.256592928 
 1827 , 27532.0905764864 
 1828 , 27506.7563549299 
 1829 , 27494.51463842 
 1830 , 27459.0107922216 
 1831 , 27406.0849979511 
 1832 , 27357.3099980016 
 1833 , 27311.1428667501 
 1834 , 27260.606111117 
 1835 , 27214.6479085372 
 1836 , 27181.8724787696 
 1837 , 27150.7204499211 
 1838 , 27111.3530902235 
 1839 , 27074.5694650824 
 1840 , 27046.1920126928 
 1841 , 27009.6512062727 
 1842 , 26960.7005023708 
 1843 , 26926.7275766762 
 1844 , 26922.4566585098 
 1845 , 26935.549430619 
 1846 , 26947.4703094671 
 1847 , 26935.6841745635 
 1848 , 26901.5377246549 
 1849 , 26870.9001225565 
 1850 , 26842.2366760068 
 1851 , 26790.9528384065 
 1852 , 26718.0078788851 
 1853 , 26642.8261701303 
 1854 , 26583.7333463505 
 1855 , 26554.9131176331 
 1856 , 26546.0503356312 
 1857 , 26535.8968623763 
 1858 , 26503.6295643179 
 1859 , 26438.3073807145 
 1860 , 26371.7595249841 
 1861 , 26338.1944275506 
 1862 , 26339.8308155904 
 1863 , 26353.4723934559 
 1864 , 26307.2497158882 
 1865 , 26188.9458849315 
 1866 , 26124.153285966 
 1867 , 26160.2579988427 
 1868 , 26192.146082363 
 1869 , 26157.2741198193 
 1870 , 26065.9259749773 
 1871 , 25951.9868042158 
 1872 , 25866.3318089217 
 1873 , 25829.2846669385 
 1874 , 25834.3020527676 
 1875 , 25851.3455334473 
 1876 , 25841.5863204315 
 1877 , 25808.293482261 
 1878 , 25771.7692988204 
 1879 , 25733.4588420951 
 1880 , 25691.3990552533 
 1881 , 25659.2781441039 
 1882 , 25646.0999494133 
 1883 , 25631.02887919 
 1884 , 25598.1506191904 
 1885 , 25559.2125577592 
 1886 , 25525.1880606228 
 1887 , 25497.4256468351 
 1888 , 25471.525430174 
 1889 , 25436.4949294686 
 1890 , 25386.723654228 
 1891 , 25323.8855412951 
 1892 , 25262.0732609814 
 1893 , 25223.1462551793 
 1894 , 25198.7204447267 
 1895 , 25163.0090014188 
 1896 , 25111.6168628109 
 1897 , 25051.4933040273 
 1898 , 24993.1149230499 
 1899 , 24945.5743029721 
 1900 , 24906.431477469 
 1901 , 24872.0090547471 
 1902 , 24844.6018446988 
 1903 , 24825.1783468245 
 1904 , 24808.9047844715 
 1905 , 24792.2068636903 
 1906 , 24774.8987053364 
 1907 , 24748.8727687877 
 1908 , 24696.3398558547 
 1909 , 24621.3052064031 
 1910 , 24548.362522008 
 1911 , 24485.4100815777 
 1912 , 24430.2015253294 
 1913 , 24404.7011898599 
 1914 , 24433.1435730701 
 1915 , 24469.7181828194 
 1916 , 24457.9074683967 
 1917 , 24418.0796801974 
 1918 , 24378.2180032745 
 1919 , 24320.6943341087 
 1920 , 24240.5182276728 
 1921 , 24182.6875977179 
 1922 , 24165.818381476 
 1923 , 24152.967657436 
 1924 , 24124.7990156847 
 1925 , 24089.8307634992 
 1926 , 24049.708049608 
 1927 , 23999.7899614373 
 1928 , 23953.3429178838 
 1929 , 23930.9213689953 
 1930 , 23915.4257455572 
 1931 , 23878.2394149666 
 1932 , 23826.59190612 
 1933 , 23777.3153712262 
 1934 , 23737.4507880428 
 1935 , 23713.386911646 
 1936 , 23715.7123172949 
 1937 , 23736.2655761214 
 1938 , 23731.4134102689 
 1939 , 23688.2745096337 
 1940 , 23639.7874806832 
 1941 , 23609.026627191 
 1942 , 23604.1987407207 
 1943 , 23604.286570086 
 1944 , 23575.4136749448 
 1945 , 23540.8576682329 
 1946 , 23537.3675873249 
 1947 , 23520.884226907 
 1948 , 23446.4035314824 
 1949 , 23368.0440314093 
 1950 , 23333.3621316288 
 1951 , 23314.7575980946 
 1952 , 23280.3072685042 
 1953 , 23212.2831327743 
 1954 , 23131.2236704411 
 1955 , 23099.8962387414 
 1956 , 23115.7619404028 
 1957 , 23119.702455329 
 1958 , 23087.7982601509 
 1959 , 23023.3409816131 
 1960 , 22959.2701639839 
 1961 , 22930.2613430344 
 1962 , 22921.2568537144 
 1963 , 22909.9308397374 
 1964 , 22895.7074325852 
 1965 , 22878.5400710649 
 1966 , 22850.9523609792 
 1967 , 22810.7766256664 
 1968 , 22764.9246268814 
 1969 , 22724.3022882211 
 1970 , 22701.2140027308 
 1971 , 22684.1557805784 
 1972 , 22649.586009055 
 1973 , 22608.2270535842 
 1974 , 22582.2245453198 
 1975 , 22569.686224008 
 1976 , 22558.1123677513 
 1977 , 22525.0751237961 
 1978 , 22462.2179407508 
 1979 , 22395.7574865062 
 1980 , 22342.8104142739 
 1981 , 22300.6985755154 
 1982 , 22268.2708736982 
 1983 , 22247.1302594504 
 1984 , 22234.7176029403 
 1985 , 22224.98149163 
 1986 , 22207.4997914142 
 1987 , 22173.3394463284 
 1988 , 22129.9777940099 
 1989 , 22086.157980532 
 1990 , 22039.7133178737 
 1991 , 21998.2830141644 
 1992 , 21992.1790982152 
 1993 , 22014.3472879869 
 1994 , 22007.5464680421 
 1995 , 21969.1551312061 
 1996 , 21944.2078921172 
 1997 , 21934.1386369237 
 1998 , 21916.756849703 
 1999 , 21891.2194173236 
 2000 , 21863.5669455429 
 2001 , 21833.6874435492 
 2002 , 21802.3063965333 
 2003 , 21775.9857063942 
 2004 , 21757.1540826715 
 2005 , 21740.0434029145 
 2006 , 21718.0370734976 
 2007 , 21685.1690716704 
 2008 , 21645.4988755018 
 2009 , 21607.3133647225 
 2010 , 21556.9626933068 
 2011 , 21485.0787655394 
 2012 , 21449.5641425605 
 2013 , 21487.1200606862 
 2014 , 21517.3050735831 
 2015 , 21487.4716380681 
 2016 , 21433.8256246721 
 2017 , 21383.623756399 
 2018 , 21341.6118230546 
 2019 , 21302.9453171082 
 2020 , 21258.9090618944 
 2021 , 21222.1044872174 
 2022 , 21208.6691051628 
 2023 , 21199.1263471571 
 2024 , 21175.3398705932 
 2025 , 21156.6444225759 
 2026 , 21146.4620702641 
 2027 , 21106.0586196806 
 2028 , 21035.9782534723 
 2029 , 20986.6647389801 
 2030 , 20961.2960683364 
 2031 , 20928.2678565134 
 2032 , 20891.0032170746 
 2033 , 20867.4219385735 
 2034 , 20859.8849499786 
 2035 , 20864.6354317035 
 2036 , 20873.788714904 
 2037 , 20868.7232401892 
 2038 , 20814.6530718598 
 2039 , 20724.4263267596 
 2040 , 20662.1656860269 
 2041 , 20634.2712709941 
 2042 , 20608.4612369433 
 2043 , 20585.9830875747 
 2044 , 20577.9320387989 
 2045 , 20572.1914649783 
 2046 , 20554.924182979 
 2047 , 20523.6674207921 
 2048 , 20480.3052497629 
 2049 , 20430.9580782658 
 2050 , 20387.1724475884 
 2051 , 20362.6294565186 
 2052 , 20341.5192093779 
 2053 , 20298.2500606736 
 2054 , 20255.022351064 
 2055 , 20234.7061035977 
 2056 , 20202.8047505113 
 2057 , 20147.3923116808 
 2058 , 20125.3454801006 
 2059 , 20140.9429437915 
 2060 , 20127.1806735897 
 2061 , 20078.1525184196 
 2062 , 20033.0666106299 
 2063 , 19991.6156802174 
 2064 , 19940.7079489151 
 2065 , 19894.0548512253 
 2066 , 19864.1667933028 
 2067 , 19842.3161635663 
 2068 , 19822.5930337475 
 2069 , 19807.627607453 
 2070 , 19788.8130478855 
 2071 , 19749.4468740439 
 2072 , 19699.6366725821 
 2073 , 19661.7101044179 
 2074 , 19643.4238437109 
 2075 , 19639.5024964322 
 2076 , 19620.7010087834 
 2077 , 19575.9196841933 
 2078 , 19531.9897691615 
 2079 , 19502.7362722207 
 2080 , 19483.1245893807 
 2081 , 19449.9917743812 
 2082 , 19379.8639639897 
 2083 , 19309.4874951889 
 2084 , 19278.0085501214 
 2085 , 19262.4824670865 
 2086 , 19244.3177167111 
 2087 , 19235.233530194 
 2088 , 19227.3906092699 
 2089 , 19191.5552211965 
 2090 , 19140.4585136433 
 2091 , 19107.6856455949 
 2092 , 19083.1332125729 
 2093 , 19046.4539892587 
 2094 , 18998.4072091632 
 2095 , 18952.4421546848 
 2096 , 18936.4989866214 
 2097 , 18949.500298906 
 2098 , 18958.4990240398 
 2099 , 18950.8221242295 
 2100 , 18928.0342047577 
 2101 , 18892.1214756651 
 2102 , 18845.8991068561 
 2103 , 18794.6379442488 
 2104 , 18745.0928841905 
 2105 , 18705.6786020053 
 2106 , 18681.8585093669 
 2107 , 18673.2564374303 
 2108 , 18651.9470577446 
 2109 , 18587.7555974219 
 2110 , 18528.0243148137 
 2111 , 18515.6267767079 
 2112 , 18504.4517630427 
 2113 , 18471.8817594857 
 2114 , 18457.2847029444 
 2115 , 18455.4841822155 
 2116 , 18420.4151660678 
 2117 , 18360.6619617389 
 2118 , 18306.6113846007 
 2119 , 18250.2976530823 
 2120 , 18188.5112090458 
 2121 , 18157.0022549098 
 2122 , 18159.5693690838 
 2123 , 18150.0888301786 
 2124 , 18121.9774681211 
 2125 , 18099.1641712777 
 2126 , 18078.8207645881 
 2127 , 18050.2055600036 
 2128 , 18018.6745212588 
 2129 , 17986.6957722223 
 2130 , 17944.1236257194 
 2131 , 17901.7636813013 
 2132 , 17890.8086205223 
 2133 , 17888.702199642 
 2134 , 17849.5033902681 
 2135 , 17789.1527862885 
 2136 , 17737.1999686484 
 2137 , 17701.1486409813 
 2138 , 17678.6104169665 
 2139 , 17658.0556670681 
 2140 , 17629.0064537805 
 2141 , 17585.6849122811 
 2142 , 17546.8451155896 
 2143 , 17536.0996213734 
 2144 , 17550.795316229 
 2145 , 17572.3786046487 
 2146 , 17563.9425772737 
 2147 , 17514.7618635402 
 2148 , 17446.4554392295 
 2149 , 17386.043932825 
 2150 , 17353.4681705466 
 2151 , 17319.5990683064 
 2152 , 17262.2873132894 
 2153 , 17219.8638601684 
 2154 , 17204.9525906478 
 2155 , 17182.4042273876 
 2156 , 17156.6591304247 
 2157 , 17157.4938081322 
 2158 , 17159.2442535126 
 2159 , 17130.0892371859 
 2160 , 17095.337666223 
 2161 , 17073.3185677577 
 2162 , 17050.2402126172 
 2163 , 17024.0868237895 
 2164 , 17004.4383095137 
 2165 , 16980.5083034938 
 2166 , 16937.2758167643 
 2167 , 16885.0067432126 
 2168 , 16837.8747039534 
 2169 , 16804.6133510568 
 2170 , 16786.8711638663 
 2171 , 16779.5306718563 
 2172 , 16779.7094049822 
 2173 , 16783.1377177044 
 2174 , 16771.880868184 
 2175 , 16734.7996547684 
 2176 , 16686.1555057401 
 2177 , 16642.5571746851 
 2178 , 16617.8173290877 
 2179 , 16611.3538328548 
 2180 , 16612.7361405197 
 2181 , 16608.4534564408 
 2182 , 16590.5642252702 
 2183 , 16567.7664360124 
 2184 , 16540.8553649823 
 2185 , 16497.516740886 
 2186 , 16436.893841998 
 2187 , 16370.1369528434 
 2188 , 16327.5016563389 
 2189 , 16324.2110687505 
 2190 , 16316.5210539456 
 2191 , 16284.7329884029 
 2192 , 16255.0389225503 
 2193 , 16234.475053304 
 2194 , 16212.8468575255 
 2195 , 16175.0758908786 
 2196 , 16119.8934425792 
 2197 , 16088.5297285383 
 2198 , 16089.3784274957 
 2199 , 16077.2345023886 
 2200 , 16045.7765381365 
 2201 , 16017.8821621417 
 2202 , 16004.2689917364 
 2203 , 16002.4233834646 
 2204 , 15986.7617067871 
 2205 , 15949.5571607806 
 2206 , 15911.654873518 
 2207 , 15877.5646261516 
 2208 , 15840.1100342892 
 2209 , 15799.2802524407 
 2210 , 15758.7435021977 
 2211 , 15724.7669940849 
 2212 , 15693.95563848 
 2213 , 15651.9129072002 
 2214 , 15607.8885845181 
 2215 , 15580.2397546881 
 2216 , 15552.0441847504 
 2217 , 15511.0419736951 
 2218 , 15482.042618226 
 2219 , 15468.4986085674 
 2220 , 15444.7502657456 
 2221 , 15408.1566958829 
 2222 , 15368.0834716246 
 2223 , 15322.3110895579 
 2224 , 15275.7203338066 
 2225 , 15253.3919332603 
 2226 , 15246.5840962603 
 2227 , 15215.8927733133 
 2228 , 15180.6160011272 
 2229 , 15172.2404431948 
 2230 , 15152.0364686708 
 2231 , 15097.7572868574 
 2232 , 15044.9836798646 
 2233 , 15016.6537461421 
 2234 , 15013.2277613076 
 2235 , 14991.8782580429 
 2236 , 14922.3419399989 
 2237 , 14867.9308957366 
 2238 , 14854.7391630737 
 2239 , 14832.3156877513 
 2240 , 14799.158375465 
 2241 , 14783.1870573644 
 2242 , 14757.7776977414 
 2243 , 14703.3214600485 
 2244 , 14661.5100065542 
 2245 , 14645.214273758 
 2246 , 14625.9448991722 
 2247 , 14600.880805734 
 2248 , 14579.7969317782 
 2249 , 14559.180205901 
 2250 , 14534.8955619161 
 2251 , 14508.2524546568 
 2252 , 14484.1632540241 
 2253 , 14467.2560581899 
 2254 , 14441.4281556013 
 2255 , 14396.2355700197 
 2256 , 14363.958763544 
 2257 , 14350.2755364428 
 2258 , 14317.2646731555 
 2259 , 14278.8224269443 
 2260 , 14268.3725874632 
 2261 , 14235.7974503393 
 2262 , 14152.7086620747 
 2263 , 14089.1975207503 
 2264 , 14065.2071198585 
 2265 , 14042.5944805781 
 2266 , 14023.6748089104 
 2267 , 14017.8292049018 
 2268 , 13990.8911827885 
 2269 , 13940.4280090972 
 2270 , 13919.9718209963 
 2271 , 13921.5616565438 
 2272 , 13900.9601753338 
 2273 , 13867.2545315555 
 2274 , 13834.739878661 
 2275 , 13792.3909558538 
 2276 , 13756.178282363 
 2277 , 13762.6216201916 
 2278 , 13766.7937373196 
 2279 , 13716.4380153251 
 2280 , 13661.3577054969 
 2281 , 13632.6740081934 
 2282 , 13606.3344642332 
 2283 , 13576.6092591489 
 2284 , 13551.299294963 
 2285 , 13530.0390847939 
 2286 , 13507.9321166668 
 2287 , 13476.7060323339 
 2288 , 13442.3037149921 
 2289 , 13420.4589971747 
 2290 , 13400.7797919966 
 2291 , 13368.9835628153 
 2292 , 13331.3334821765 
 2293 , 13293.2044486279 
 2294 , 13254.4221054894 
 2295 , 13215.7530587559 
 2296 , 13179.0463124593 
 2297 , 13147.4378861741 
 2298 , 13122.1495853561 
 2299 , 13100.4355381398 
 2300 , 13075.8652762868 
 2301 , 13042.3702893412 
 2302 , 13009.3262331491 
 2303 , 12984.2128094416 
 2304 , 12959.1875238928 
 2305 , 12931.3612236502 
 2306 , 12904.0388160039 
 2307 , 12875.3138370666 
 2308 , 12845.8207375555 
 2309 , 12829.8173044462 
 2310 , 12819.0936518222 
 2311 , 12779.7991532927 
 2312 , 12731.8307189528 
 2313 , 12711.708790161 
 2314 , 12701.7078233617 
 2315 , 12682.9148813686 
 2316 , 12655.008092614 
 2317 , 12625.164260871 
 2318 , 12601.1606541378 
 2319 , 12574.2077599803 
 2320 , 12540.4714569412 
 2321 , 12513.6253049526 
 2322 , 12481.8747555572 
 2323 , 12422.4621038994 
 2324 , 12385.6709184086 
 2325 , 12403.3599912012 
 2326 , 12403.8095253248 
 2327 , 12363.9213974093 
 2328 , 12321.8656304933 
 2329 , 12293.8807086891 
 2330 , 12281.3866959583 
 2331 , 12274.7383746128 
 2332 , 12260.9565489908 
 2333 , 12227.4255792252 
 2334 , 12179.3750882874 
 2335 , 12132.2423519182 
 2336 , 12104.2388620139 
 2337 , 12094.6450226955 
 2338 , 12077.8760605411 
 2339 , 12045.3256682678 
