11-20-2017,18:06:39
Wavenumber(cm-1),Intensity
 250 , 54318.8632045138 
 251 , 54380.5984927618 
 252 , 54425.3480529631 
 253 , 54453.4710061429 
 254 , 54478.4175157976 
 255 , 54513.8206397261 
 256 , 54559.5410422719 
 257 , 54605.1955094152 
 258 , 54641.5828909149 
 259 , 54667.2062426126 
 260 , 54683.1810248879 
 261 , 54695.9869188503 
 262 , 54724.4469018189 
 263 , 54788.355535552 
 264 , 54888.1845690369 
 265 , 55003.9852030338 
 266 , 55116.6251272658 
 267 , 55221.5922790216 
 268 , 55321.4962101482 
 269 , 55415.9476680277 
 270 , 55494.4527613132 
 271 , 55544.7228954218 
 272 , 55569.6540292612 
 273 , 55594.262560876 
 274 , 55643.7652844665 
 275 , 55724.4074807173 
 276 , 55829.7034515418 
 277 , 55951.8213475258 
 278 , 56077.7428975046 
 279 , 56192.9901922262 
 280 , 56289.7158490018 
 281 , 56373.076437934 
 282 , 56449.5272304878 
 283 , 56521.5331040812 
 284 , 56588.017525615 
 285 , 56648.0186029473 
 286 , 56702.0907314319 
 287 , 56751.3822411558 
 288 , 56796.0763128986 
 289 , 56833.8589937059 
 290 , 56862.2023476915 
 291 , 56883.9513589045 
 292 , 56908.0483196157 
 293 , 56943.0271177031 
 294 , 56991.1293755649 
 295 , 57051.4106675829 
 296 , 57120.0804894768 
 297 , 57183.9740217994 
 298 , 57228.2123777177 
 299 , 57248.7371511832 
 300 , 57256.7301331205 
 301 , 57264.0578925383 
 302 , 57277.4278158003 
 303 , 57300.3177215955 
 304 , 57334.5985698576 
 305 , 57375.6811856792 
 306 , 57417.3399310548 
 307 , 57456.3430210496 
 308 , 57494.5455341548 
 309 , 57534.2550286231 
 310 , 57577.1819849402 
 311 , 57624.5911986719 
 312 , 57677.5879471505 
 313 , 57736.5327891416 
 314 , 57801.5176484862 
 315 , 57867.8305404011 
 316 , 57921.1915213419 
 317 , 57947.290262888 
 318 , 57951.4619364756 
 319 , 57955.9529478455 
 320 , 57979.4476258609 
 321 , 58016.6250901213 
 322 , 58053.5007602426 
 323 , 58080.2020398575 
 324 , 58096.2006847657 
 325 , 58102.3861720132 
 326 , 58102.4551812411 
 327 , 58102.8037021165 
 328 , 58108.8407018426 
 329 , 58118.7678926349 
 330 , 58127.8803503529 
 331 , 58132.9616153194 
 332 , 58134.5335224154 
 333 , 58133.711247175 
 334 , 58132.0862649181 
 335 , 58131.7459225273 
 336 , 58134.3050745746 
 337 , 58137.835212568 
 338 , 58138.8689085095 
 339 , 58135.9190442919 
 340 , 58132.79193929 
 341 , 58134.0016383039 
 342 , 58139.6041098274 
 343 , 58144.7836943316 
 344 , 58145.1167525954 
 345 , 58140.9683070692 
 346 , 58134.8746022032 
 347 , 58129.0335203797 
 348 , 58124.6835908647 
 349 , 58122.8588669227 
 350 , 58123.4382498945 
 351 , 58125.0161328072 
 352 , 58126.1601136864 
 353 , 58125.7425078633 
 354 , 58122.775309138 
 355 , 58116.5636590425 
 356 , 58107.2133013623 
 357 , 58095.0327541534 
 358 , 58082.1621008506 
 359 , 58072.7506471483 
 360 , 58070.0116209246 
 361 , 58069.5361879345 
 362 , 58063.5277251528 
 363 , 58047.9391325121 
 364 , 58028.6489693557 
 365 , 58012.9603224495 
 366 , 58003.3553109962 
 367 , 57997.257659989 
 368 , 57992.0483752471 
 369 , 57986.4586639003 
 370 , 57979.7888786785 
 371 , 57972.1286893036 
 372 , 57965.5005202779 
 373 , 57962.0433098514 
 374 , 57960.0695476529 
 375 , 57954.168278348 
 376 , 57940.0548762829 
 377 , 57921.3731846931 
 378 , 57904.7862700774 
 379 , 57894.5577036219 
 380 , 57889.6281155365 
 381 , 57888.2378663934 
 382 , 57888.8678990852 
 383 , 57890.2096540738 
 384 , 57890.6621861344 
 385 , 57887.0081314018 
 386 , 57875.5240081824 
 387 , 57856.8680220626 
 388 , 57840.1731848607 
 389 , 57834.771164541 
 390 , 57838.6379197773 
 391 , 57841.0922180261 
 392 , 57833.891276165 
 393 , 57820.8768171396 
 394 , 57809.2701396701 
 395 , 57802.4129292689 
 396 , 57797.2779978167 
 397 , 57790.5689113154 
 398 , 57782.7182305819 
 399 , 57776.5557468937 
 400 , 57773.6461919799 
 401 , 57770.7182083963 
 402 , 57763.4722468752 
 403 , 57751.551659655 
 404 , 57739.9411327396 
 405 , 57733.2933619003 
 406 , 57729.9410334863 
 407 , 57724.9114890857 
 408 , 57715.4877222519 
 409 , 57705.6348212899 
 410 , 57700.3511601092 
 411 , 57699.748603345 
 412 , 57698.627189704 
 413 , 57692.4199731347 
 414 , 57682.5707098241 
 415 , 57672.9793276129 
 416 , 57666.327218591 
 417 , 57662.5386991202 
 418 , 57661.1385292152 
 419 , 57661.2507291012 
 420 , 57661.6600011509 
 421 , 57661.199847761 
 422 , 57658.9962545361 
 423 , 57654.2832582943 
 424 , 57647.7065734787 
 425 , 57642.300375478 
 426 , 57640.9512448 
 427 , 57642.2172374782 
 428 , 57641.8970021035 
 429 , 57637.37024426 
 430 , 57631.7357375849 
 431 , 57629.243556457 
 432 , 57630.3948702293 
 433 , 57631.0204160163 
 434 , 57627.2440568731 
 435 , 57619.658238594 
 436 , 57610.9127571665 
 437 , 57603.4108023797 
 438 , 57598.9228586918 
 439 , 57598.9804620545 
 440 , 57602.3939391929 
 441 , 57605.5404788705 
 442 , 57605.2893584093 
 443 , 57601.4405978475 
 444 , 57594.7366307489 
 445 , 57587.1082724667 
 446 , 57582.4964779556 
 447 , 57584.3769430883 
 448 , 57588.9574249118 
 449 , 57587.9402257273 
 450 , 57576.7163144083 
 451 , 57563.0982901972 
 452 , 57557.1674017414 
 453 , 57560.1616472223 
 454 , 57563.1662300502 
 455 , 57558.3896427051 
 456 , 57549.2779036648 
 457 , 57543.8553459957 
 458 , 57545.8313058849 
 459 , 57549.727277278 
 460 , 57549.2545200573 
 461 , 57543.4473914701 
 462 , 57535.3821132239 
 463 , 57528.0852754738 
 464 , 57523.9705442766 
 465 , 57525.2270572913 
 466 , 57531.1091788173 
 467 , 57536.8922470437 
 468 , 57538.1384604154 
 469 , 57534.9802438292 
 470 , 57529.7446234872 
 471 , 57524.1672717124 
 472 , 57518.5035030493 
 473 , 57512.8491068481 
 474 , 57508.3963697488 
 475 , 57507.2718950462 
 476 , 57510.6001864705 
 477 , 57514.8000952477 
 478 , 57515.024694762 
 479 , 57510.3418807827 
 480 , 57505.5814555046 
 481 , 57505.2932939095 
 482 , 57507.5836644995 
 483 , 57507.2509362142 
 484 , 57501.680998444 
 485 , 57494.9930356202 
 486 , 57492.1393296705 
 487 , 57493.7290880007 
 488 , 57496.5566464534 
 489 , 57497.8061187568 
 490 , 57497.067623832 
 491 , 57494.6312618078 
 492 , 57490.9923618345 
 493 , 57486.9471714989 
 494 , 57483.3461336932 
 495 , 57481.2955557217 
 496 , 57482.0265320906 
 497 , 57485.339415615 
 498 , 57487.494120329 
 499 , 57484.4884219154 
 500 , 57476.9708372078 
 501 , 57469.4603991768 
 502 , 57465.7408535672 
 503 , 57465.9534161417 
 504 , 57469.2470664968 
 505 , 57473.919116894 
 506 , 57477.1236730567 
 507 , 57476.4154242818 
 508 , 57472.9241766524 
 509 , 57469.3847784989 
 510 , 57467.4463236819 
 511 , 57466.3850874734 
 512 , 57465.236220319 
 513 , 57463.989439717 
 514 , 57463.3258785789 
 515 , 57463.5082628472 
 516 , 57463.2482448949 
 517 , 57460.9784572816 
 518 , 57457.0859838186 
 519 , 57454.166382439 
 520 , 57454.2600429961 
 521 , 57455.4142531655 
 522 , 57454.2370163086 
 523 , 57449.5819381913 
 524 , 57444.2339528554 
 525 , 57441.1248354599 
 526 , 57440.6800716621 
 527 , 57441.878193129 
 528 , 57443.7712184156 
 529 , 57445.6598498056 
 530 , 57446.9033958539 
 531 , 57447.163605228 
 532 , 57446.3670382084 
 533 , 57444.6721269158 
 534 , 57443.2005638866 
 535 , 57443.2839929429 
 536 , 57444.2914765574 
 537 , 57443.0354779118 
 538 , 57436.9516715921 
 539 , 57428.9022331736 
 540 , 57423.9926210592 
 541 , 57424.4692063722 
 542 , 57427.0428065782 
 543 , 57428.0956276019 
 544 , 57427.3593804867 
 545 , 57426.6470923947 
 546 , 57427.21372582 
 547 , 57428.6152307736 
 548 , 57430.0972746174 
 549 , 57430.7917480592 
 550 , 57429.7284237075 
 551 , 57426.5064445038 
 552 , 57423.2048200509 
 553 , 57422.4973616413 
 554 , 57424.2305507982 
 555 , 57424.6483530463 
 556 , 57420.5530820283 
 557 , 57413.8684719535 
 558 , 57408.5340986246 
 559 , 57406.5339927652 
 560 , 57406.328177036 
 561 , 57406.1681422148 
 562 , 57405.8625566001 
 563 , 57406.0989572245 
 564 , 57407.0206246296 
 565 , 57407.3642781229 
 566 , 57405.8278282777 
 567 , 57403.8775613543 
 568 , 57405.1420046505 
 569 , 57411.5401166676 
 570 , 57418.6399333823 
 571 , 57420.7818353119 
 572 , 57417.3783201155 
 573 , 57413.2104506806 
 574 , 57412.1832082605 
 575 , 57412.4648354196 
 576 , 57410.4799025286 
 577 , 57405.7997287178 
 578 , 57402.4555397848 
 579 , 57403.992402386 
 580 , 57408.1155691892 
 581 , 57410.0339284195 
 582 , 57407.5924221393 
 583 , 57403.6224659593 
 584 , 57401.2103654604 
 585 , 57400.4766495469 
 586 , 57399.840674026 
 587 , 57398.6462655236 
 588 , 57398.597702732 
 589 , 57401.5122148794 
 590 , 57405.635050396 
 591 , 57406.5433756213 
 592 , 57401.6511988552 
 593 , 57394.6521062599 
 594 , 57390.3723402372 
 595 , 57390.2044849663 
 596 , 57392.2648313573 
 597 , 57394.7422097069 
 598 , 57396.7066026314 
 599 , 57397.4989204128 
 600 , 57397.5175828791 
 601 , 57398.4318943921 
 602 , 57401.3766386315 
 603 , 57404.0581710485 
 604 , 57403.0405059211 
 605 , 57397.8862971841 
 606 , 57392.6492421124 
 607 , 57391.1051544265 
 608 , 57392.3540395727 
 609 , 57393.4514054394 
 610 , 57392.7287408695 
 611 , 57390.892103254 
 612 , 57388.8717490936 
 613 , 57387.2965094652 
 614 , 57386.6293040094 
 615 , 57386.7904730278 
 616 , 57386.4762300998 
 617 , 57384.3863406539 
 618 , 57381.2657754123 
 619 , 57379.2003384089 
 620 , 57379.3419761273 
 621 , 57380.2119422559 
 622 , 57380.0004525356 
 623 , 57378.6845576366 
 624 , 57377.6361426289 
 625 , 57377.6826706625 
 626 , 57377.7291377125 
 627 , 57376.3872863598 
 628 , 57374.3080949342 
 629 , 57374.0081949596 
 630 , 57377.183154409 
 631 , 57382.0296765958 
 632 , 57385.9311951056 
 633 , 57387.4598648679 
 634 , 57386.4449656564 
 635 , 57382.916981282 
 636 , 57377.556000915 
 637 , 57371.2584564388 
 638 , 57365.8892694614 
 639 , 57364.4821193918 
 640 , 57369.0864227093 
 641 , 57376.1315759288 
 642 , 57380.2595533445 
 643 , 57379.4897295158 
 644 , 57376.4367636454 
 645 , 57373.7732191019 
 646 , 57372.5235346584 
 647 , 57373.0766563711 
 648 , 57374.9408141944 
 649 , 57376.292410714 
 650 , 57375.5474585916 
 651 , 57373.5239737666 
 652 , 57372.0363115957 
 653 , 57372.1298806428 
 654 , 57373.5641584154 
 655 , 57375.9029817561 
 656 , 57378.1471866932 
 657 , 57379.0470787761 
 658 , 57378.1436869395 
 659 , 57376.4099729297 
 660 , 57374.8612825547 
 661 , 57373.610702598 
 662 , 57372.3241159473 
 663 , 57370.8033167113 
 664 , 57369.1197688374 
 665 , 57367.4410274016 
 666 , 57366.5214432454 
 667 , 57367.4189674426 
 668 , 57370.1622508031 
 669 , 57372.664002515 
 670 , 57372.8809548407 
 671 , 57371.6723621031 
 672 , 57371.4999394581 
 673 , 57372.9657262101 
 674 , 57372.6554194589 
 675 , 57367.2567503047 
 676 , 57359.6565818614 
 677 , 57356.2897000169 
 678 , 57359.5872520262 
 679 , 57363.0660817219 
 680 , 57359.9986742393 
 681 , 57353.3664511912 
 682 , 57351.8364365728 
 683 , 57359.0311515064 
 684 , 57367.1258522487 
 685 , 57367.6794407522 
 686 , 57361.9847680871 
 687 , 57357.0902718677 
 688 , 57357.0345079202 
 689 , 57358.9453339655 
 690 , 57359.3413022864 
 691 , 57358.1432621585 
 692 , 57357.2743088081 
 693 , 57357.9774119553 
 694 , 57359.9342337252 
 695 , 57362.5664602719 
 696 , 57364.783959081 
 697 , 57365.2057055458 
 698 , 57363.3856146677 
 699 , 57360.898841958 
 700 , 57359.387364252 
 701 , 57358.6029518782 
 702 , 57357.245417755 
 703 , 57355.0027707201 
 704 , 57353.6313595204 
 705 , 57354.9067567649 
 706 , 57358.4433925922 
 707 , 57362.7015389602 
 708 , 57366.3068027328 
 709 , 57368.230326252 
 710 , 57367.7196144105 
 711 , 57366.0231526833 
 712 , 57365.3790257936 
 713 , 57366.258710136 
 714 , 57365.8797697776 
 715 , 57361.7922713582 
 716 , 57356.8278055853 
 717 , 57356.237068398 
 718 , 57361.4790971264 
 719 , 57367.5675457454 
 720 , 57369.5939719303 
 721 , 57367.5632759954 
 722 , 57363.5749283503 
 723 , 57359.4004964573 
 724 , 57356.2928294243 
 725 , 57355.1986564052 
 726 , 57355.4319126135 
 727 , 57355.6881963816 
 728 , 57355.1279005288 
 729 , 57353.5601021867 
 730 , 57351.164057629 
 731 , 57349.8865462702 
 732 , 57352.1717641384 
 733 , 57356.7675674366 
 734 , 57357.8422870138 
 735 , 57351.3313840855 
 736 , 57342.9394159993 
 737 , 57341.0064105139 
 738 , 57346.6210608744 
 739 , 57352.9726965998 
 740 , 57354.6161802955 
 741 , 57353.2991826951 
 742 , 57352.4652783836 
 743 , 57352.7030806566 
 744 , 57351.9007028711 
 745 , 57349.0592781734 
 746 , 57347.3761931357 
 747 , 57350.6151139493 
 748 , 57357.0988516567 
 749 , 57360.7420325472 
 750 , 57357.8753506235 
 751 , 57352.1332503471 
 752 , 57348.1819132931 
 753 , 57347.2622088903 
 754 , 57348.2690143762 
 755 , 57350.0191285397 
 756 , 57351.252476018 
 757 , 57350.8854189106 
 758 , 57349.6848174476 
 759 , 57349.4615641036 
 760 , 57350.8593139251 
 761 , 57352.2270551615 
 762 , 57351.952053592 
 763 , 57350.7538090167 
 764 , 57350.4152471588 
 765 , 57351.3935249253 
 766 , 57352.0383843131 
 767 , 57350.9905745358 
 768 , 57349.7613994042 
 769 , 57350.8480714006 
 770 , 57353.6896532612 
 771 , 57353.8200123041 
 772 , 57348.2278569231 
 773 , 57341.8661167266 
 774 , 57341.7060469375 
 775 , 57347.5810683481 
 776 , 57352.0508946358 
 777 , 57350.1054167537 
 778 , 57346.5876653642 
 779 , 57348.0570863783 
 780 , 57353.348517772 
 781 , 57355.0964170328 
 782 , 57349.5086601324 
 783 , 57342.9709895726 
 784 , 57342.8370637303 
 785 , 57348.2173093342 
 786 , 57353.0996979216 
 787 , 57353.6896736754 
 788 , 57350.9121496124 
 789 , 57346.332372577 
 790 , 57341.9859485108 
 791 , 57340.1028998984 
 792 , 57341.2054125097 
 793 , 57343.1605826442 
 794 , 57343.9536937822 
 795 , 57343.5309818318 
 796 , 57342.5244840256 
 797 , 57341.5106828649 
 798 , 57341.0003134111 
 799 , 57341.4749894266 
 800 , 57343.3136380683 
 801 , 57346.7739458642 
 802 , 57350.3879977975 
 803 , 57351.1889677802 
 804 , 57347.7993343257 
 805 , 57343.5473951511 
 806 , 57342.2638684801 
 807 , 57343.9305901915 
 808 , 57346.0815987813 
 809 , 57346.8730294487 
 810 , 57345.8110258192 
 811 , 57342.7867122055 
 812 , 57339.3515985262 
 813 , 57337.7779242788 
 814 , 57338.5112834176 
 815 , 57339.3347354727 
 816 , 57338.6522063965 
 817 , 57339.0747232053 
 818 , 57344.3160139379 
 819 , 57352.5632011784 
 820 , 57356.2890333379 
 821 , 57350.8496972972 
 822 , 57342.3117479297 
 823 , 57338.4825836192 
 824 , 57339.8167539282 
 825 , 57341.4369136373 
 826 , 57340.3849099775 
 827 , 57338.3650330397 
 828 , 57337.5098301847 
 829 , 57338.1069408106 
 830 , 57339.5235047369 
 831 , 57341.069284914 
 832 , 57341.9755827437 
 833 , 57341.7149775096 
 834 , 57341.0759196972 
 835 , 57341.2449877074 
 836 , 57342.484902372 
 837 , 57344.0858389992 
 838 , 57345.2703001002 
 839 , 57345.1883372594 
 840 , 57343.1295497443 
 841 , 57340.4286986317 
 842 , 57339.8564765285 
 843 , 57342.3534776402 
 844 , 57344.8235579303 
 845 , 57344.2261463034 
 846 , 57341.9970624288 
 847 , 57341.5872550896 
 848 , 57343.9063977803 
 849 , 57346.2665738643 
 850 , 57346.3314668741 
 851 , 57344.655118077 
 852 , 57342.5928583848 
 853 , 57340.7718146513 
 854 , 57339.1511763008 
 855 , 57337.8792821733 
 856 , 57337.7096741683 
 857 , 57339.4056536077 
 858 , 57342.7401100665 
 859 , 57346.8991235608 
 860 , 57350.6087008738 
 861 , 57351.8021482698 
 862 , 57348.9548819202 
 863 , 57344.1717847178 
 864 , 57340.7898729598 
 865 , 57339.9470714924 
 866 , 57340.3632737687 
 867 , 57340.8074877575 
 868 , 57340.6377615815 
 869 , 57339.4453371224 
 870 , 57338.1810100962 
 871 , 57338.7134684033 
 872 , 57341.2756210719 
 873 , 57342.7709586223 
 874 , 57340.4781199654 
 875 , 57336.8734995017 
 876 , 57336.4735787013 
 877 , 57340.4913062609 
 878 , 57346.1127197977 
 879 , 57350.3846644472 
 880 , 57350.7452931398 
 881 , 57345.0866374334 
 882 , 57336.3523719887 
 883 , 57331.177054056 
 884 , 57332.8820086841 
 885 , 57337.5373536983 
 886 , 57340.8639505452 
 887 , 57342.6794477598 
 888 , 57344.5281650173 
 889 , 57346.8480258019 
 890 , 57348.6907298784 
 891 , 57349.14248502 
 892 , 57347.749636295 
 893 , 57344.3007014827 
 894 , 57340.4204771966 
 895 , 57339.0573051806 
 896 , 57340.9503176408 
 897 , 57342.1799045633 
 898 , 57339.1904617283 
 899 , 57334.7653606576 
 900 , 57334.1562378091 
 901 , 57338.2574913014 
 902 , 57342.8193432315 
 903 , 57344.4801053389 
 904 , 57344.0168200444 
 905 , 57343.0944363556 
 906 , 57343.1810520606 
 907 , 57345.5931144469 
 908 , 57349.5042838711 
 909 , 57350.0889508125 
 910 , 57343.6960153099 
 911 , 57336.0775247178 
 912 , 57336.0119587483 
 913 , 57343.2249408342 
 914 , 57348.101762189 
 915 , 57344.5274593583 
 916 , 57337.9984746179 
 917 , 57335.4700274145 
 918 , 57337.3156562377 
 919 , 57340.2195080018 
 920 , 57342.0667931852 
 921 , 57342.670750299 
 922 , 57342.0006425246 
 923 , 57339.9791214536 
 924 , 57336.6162472952 
 925 , 57333.6354030802 
 926 , 57334.1821845303 
 927 , 57339.2315841742 
 928 , 57344.6569151171 
 929 , 57346.292103888 
 930 , 57344.8208626878 
 931 , 57342.9995398778 
 932 , 57342.1752201112 
 933 , 57341.9996669136 
 934 , 57342.0884958045 
 935 , 57342.2728671696 
 936 , 57342.4620120023 
 937 , 57342.9247296491 
 938 , 57344.1442480194 
 939 , 57345.8819006688 
 940 , 57346.6863792282 
 941 , 57345.4962673133 
 942 , 57343.7302457372 
 943 , 57343.4561033841 
 944 , 57344.7935166244 
 945 , 57346.1986163017 
 946 , 57346.6019834962 
 947 , 57346.1485813478 
 948 , 57345.0866790587 
 949 , 57343.2011483646 
 950 , 57340.1278269403 
 951 , 57336.8910565649 
 952 , 57336.0922775012 
 953 , 57339.1926454625 
 954 , 57343.836993632 
 955 , 57347.0944619864 
 956 , 57347.6341046245 
 957 , 57345.0632445447 
 958 , 57341.0550524778 
 959 , 57340.3051301002 
 960 , 57345.7642735661 
 961 , 57352.1835082132 
 962 , 57352.7607381677 
 963 , 57348.2677141804 
 964 , 57344.874451054 
 965 , 57345.6798995088 
 966 , 57347.8501789532 
 967 , 57348.5233080262 
 968 , 57348.1253168267 
 969 , 57348.0716080612 
 970 , 57347.9305925327 
 971 , 57345.6424939702 
 972 , 57340.9276496779 
 973 , 57337.7335355216 
 974 , 57339.6062613628 
 975 , 57343.4638835895 
 976 , 57343.7259244226 
 977 , 57340.2729814266 
 978 , 57338.7901875419 
 979 , 57342.5138977544 
 980 , 57347.0898355728 
 981 , 57347.5964038259 
 982 , 57345.1597534952 
 983 , 57343.766934307 
 984 , 57344.3204430172 
 985 , 57343.8748042365 
 986 , 57340.4232187205 
 987 , 57335.8152567167 
 988 , 57332.6137601009 
 989 , 57332.6575514464 
 990 , 57337.3117641297 
 991 , 57344.8155472905 
 992 , 57349.0107628319 
 993 , 57345.9560425891 
 994 , 57341.2475703648 
 995 , 57341.9564545918 
 996 , 57346.6556523719 
 997 , 57348.6414199391 
 998 , 57345.3347138719 
 999 , 57340.714155284 
 1000 , 57338.5235076605 
 1001 , 57339.172821105 
 1002 , 57342.0846905062 
 1003 , 57345.1394641238 
 1004 , 57345.1947896371 
 1005 , 57341.404153352 
 1006 , 57336.8063128538 
 1007 , 57334.2339759 
 1008 , 57333.9451387778 
 1009 , 57335.4988738803 
 1010 , 57338.7066437103 
 1011 , 57343.5440382013 
 1012 , 57348.4494028504 
 1013 , 57349.1551220108 
 1014 , 57343.090235061 
 1015 , 57336.8343555091 
 1016 , 57338.9143147819 
 1017 , 57347.886750567 
 1018 , 57354.9775119704 
 1019 , 57355.6316058542 
 1020 , 57353.1400311507 
 1021 , 57350.9776134052 
 1022 , 57349.6744054434 
 1023 , 57348.9020756668 
 1024 , 57348.372742728 
 1025 , 57347.8371557046 
 1026 , 57347.8076656103 
 1027 , 57350.1404635653 
 1028 , 57355.7406335189 
 1029 , 57360.5330640429 
 1030 , 57359.4866060472 
 1031 , 57353.8766022402 
 1032 , 57349.4617455467 
 1033 , 57348.9426443617 
 1034 , 57349.6612578787 
 1035 , 57349.1197477701 
 1036 , 57347.7676499125 
 1037 , 57346.8513686216 
 1038 , 57347.6019995418 
 1039 , 57351.2019587001 
 1040 , 57356.384249629 
 1041 , 57357.9960326416 
 1042 , 57352.6691109082 
 1043 , 57345.5030705677 
 1044 , 57343.165092526 
 1045 , 57346.385996834 
 1046 , 57352.2088105199 
 1047 , 57357.7561938277 
 1048 , 57360.3459230828 
 1049 , 57358.4258389659 
 1050 , 57354.3871451634 
 1051 , 57351.2698905297 
 1052 , 57349.9924650088 
 1053 , 57350.2670756044 
 1054 , 57350.6540358978 
 1055 , 57348.2589880234 
 1056 , 57342.2298940479 
 1057 , 57338.2424645172 
 1058 , 57342.0600556249 
 1059 , 57350.2290042784 
 1060 , 57355.0841908362 
 1061 , 57354.5689481398 
 1062 , 57352.8339346925 
 1063 , 57352.5394172979 
 1064 , 57351.6998825284 
 1065 , 57348.3351714537 
 1066 , 57345.2916046797 
 1067 , 57347.0698246089 
 1068 , 57352.5495932332 
 1069 , 57355.4245629834 
 1070 , 57352.6213243029 
 1071 , 57348.2825840961 
 1072 , 57346.6735322957 
 1073 , 57347.9575307183 
 1074 , 57350.9385403976 
 1075 , 57353.9520908467 
 1076 , 57355.0012750628 
 1077 , 57353.6892097226 
 1078 , 57352.3332518112 
 1079 , 57352.8504064789 
 1080 , 57354.4920872217 
 1081 , 57355.8896914574 
 1082 , 57356.2124325961 
 1083 , 57354.9796250159 
 1084 , 57352.8603264295 
 1085 , 57352.0389793169 
 1086 , 57353.750461599 
 1087 , 57356.0266319042 
 1088 , 57356.5845048514 
 1089 , 57355.3461960753 
 1090 , 57353.2730044331 
 1091 , 57352.0546694432 
 1092 , 57354.1050313058 
 1093 , 57359.7340553333 
 1094 , 57364.4475431157 
 1095 , 57364.2434398192 
 1096 , 57361.3060801766 
 1097 , 57359.6449005493 
 1098 , 57359.6278696092 
 1099 , 57358.8879552541 
 1100 , 57356.612024363 
 1101 , 57354.6452101359 
 1102 , 57354.8092471568 
 1103 , 57357.9096464758 
 1104 , 57364.2065982915 
 1105 , 57371.096847043 
 1106 , 57374.5074461628 
 1107 , 57373.2909463632 
 1108 , 57369.7557565058 
 1109 , 57366.2798248975 
 1110 , 57364.9109414755 
 1111 , 57367.0798121594 
 1112 , 57370.775124519 
 1113 , 57372.8155705812 
 1114 , 57372.1253225838 
 1115 , 57369.3745311793 
 1116 , 57366.1129687531 
 1117 , 57365.3379647294 
 1118 , 57368.9215818281 
 1119 , 57373.7108745623 
 1120 , 57375.7416241952 
 1121 , 57375.1864165993 
 1122 , 57374.4831245578 
 1123 , 57374.7357325313 
 1124 , 57375.4513929758 
 1125 , 57376.0661471516 
 1126 , 57376.0669374084 
 1127 , 57375.1652088362 
 1128 , 57374.3292146692 
 1129 , 57374.876656084 
 1130 , 57376.5782129057 
 1131 , 57378.0203370848 
 1132 , 57378.5935096276 
 1133 , 57379.0277972149 
 1134 , 57379.8369262379 
 1135 , 57380.3527327599 
 1136 , 57379.9217253358 
 1137 , 57380.1302912047 
 1138 , 57383.4737624269 
 1139 , 57388.0351041114 
 1140 , 57387.4399852691 
 1141 , 57380.0134058125 
 1142 , 57374.3885302743 
 1143 , 57377.7659703135 
 1144 , 57384.5938278439 
 1145 , 57386.5044576149 
 1146 , 57385.1401171135 
 1147 , 57388.2103495398 
 1148 , 57396.2825869825 
 1149 , 57400.7357134697 
 1150 , 57396.8654314686 
 1151 , 57391.909582375 
 1152 , 57393.083119535 
 1153 , 57395.9635103133 
 1154 , 57392.6218809481 
 1155 , 57385.9183259615 
 1156 , 57386.7350851106 
 1157 , 57397.1623970096 
 1158 , 57405.6241729408 
 1159 , 57403.9424558657 
 1160 , 57398.392706595 
 1161 , 57396.9062750325 
 1162 , 57398.84007758 
 1163 , 57400.0043594347 
 1164 , 57398.9363506781 
 1165 , 57396.578340166 
 1166 , 57394.9008866311 
 1167 , 57397.5193335041 
 1168 , 57405.8064864977 
 1169 , 57412.3821869067 
 1170 , 57409.5103602643 
 1171 , 57402.614949007 
 1172 , 57402.959452679 
 1173 , 57410.8834885007 
 1174 , 57416.2664188228 
 1175 , 57414.5235373081 
 1176 , 57412.3330670451 
 1177 , 57415.3970123252 
 1178 , 57420.6363199078 
 1179 , 57423.359124747 
 1180 , 57423.6467922304 
 1181 , 57423.9413334774 
 1182 , 57424.6152650902 
 1183 , 57423.9562866754 
 1184 , 57421.9332621179 
 1185 , 57421.9907575419 
 1186 , 57426.2913196228 
 1187 , 57430.1754702317 
 1188 , 57428.2315224834 
 1189 , 57423.6102828443 
 1190 , 57423.6247231149 
 1191 , 57429.0014353893 
 1192 , 57433.8434464464 
 1193 , 57435.1370503973 
 1194 , 57436.0103942314 
 1195 , 57438.9694419779 
 1196 , 57441.3066659962 
 1197 , 57439.6564284308 
 1198 , 57435.9011353982 
 1199 , 57434.3800281714 
 1200 , 57435.8687790182 
 1201 , 57437.7322704076 
 1202 , 57439.0311190984 
 1203 , 57442.1592980681 
 1204 , 57448.3444547222 
 1205 , 57453.3026714991 
 1206 , 57452.5781993575 
 1207 , 57449.8802862619 
 1208 , 57452.1832450238 
 1209 , 57457.8623050672 
 1210 , 57457.8970462321 
 1211 , 57450.5564327142 
 1212 , 57446.388630794 
 1213 , 57452.8530943894 
 1214 , 57464.0328768722 
 1215 , 57472.1658482348 
 1216 , 57474.670004726 
 1217 , 57471.3072707456 
 1218 , 57465.9447366747 
 1219 , 57465.4309783543 
 1220 , 57471.3939915896 
 1221 , 57478.0857439584 
 1222 , 57481.0243904104 
 1223 , 57480.5115478244 
 1224 , 57477.9208170261 
 1225 , 57476.1612796551 
 1226 , 57478.2997863494 
 1227 , 57483.5724875835 
 1228 , 57488.8678069978 
 1229 , 57492.2846459573 
 1230 , 57493.351668991 
 1231 , 57493.1686853966 
 1232 , 57495.9706030621 
 1233 , 57504.6151201167 
 1234 , 57514.7630232436 
 1235 , 57520.8047553103 
 1236 , 57521.6744899371 
 1237 , 57518.6907466109 
 1238 , 57516.294745391 
 1239 , 57521.5738852653 
 1240 , 57533.7269115246 
 1241 , 57539.1579909192 
 1242 , 57530.3321562277 
 1243 , 57521.2540042842 
 1244 , 57526.3504564406 
 1245 , 57539.2593898808 
 1246 , 57547.0369156949 
 1247 , 57547.6029695111 
 1248 , 57546.0351742686 
 1249 , 57546.0246283969 
 1250 , 57549.4651707363 
 1251 , 57555.9903137543 
 1252 , 57560.672718345 
 1253 , 57560.0444821652 
 1254 , 57558.7339894607 
 1255 , 57562.5056621859 
 1256 , 57570.3859599123 
 1257 , 57578.3293543932 
 1258 , 57583.3302240476 
 1259 , 57583.3403670075 
 1260 , 57580.4351528607 
 1261 , 57582.6220160558 
 1262 , 57593.3536303825 
 1263 , 57603.0171351 
 1264 , 57602.7871126087 
 1265 , 57597.8986910462 
 1266 , 57597.0244695058 
 1267 , 57600.8687356406 
 1268 , 57605.7890122791 
 1269 , 57609.3385069032 
 1270 , 57610.2943449517 
 1271 , 57609.6168715866 
 1272 , 57611.8173545001 
 1273 , 57619.1166726127 
 1274 , 57625.9278652563 
 1275 , 57626.9206550971 
 1276 , 57626.1361933488 
 1277 , 57630.1262964688 
 1278 , 57637.9455482134 
 1279 , 57644.261059548 
 1280 , 57647.8107201134 
 1281 , 57651.5969899309 
 1282 , 57656.2001586179 
 1283 , 57657.5478768306 
 1284 , 57653.4219653941 
 1285 , 57648.9211612449 
 1286 , 57649.6837875495 
 1287 , 57656.2401273501 
 1288 , 57667.001847159 
 1289 , 57677.0497768159 
 1290 , 57679.7726654048 
 1291 , 57677.7142006683 
 1292 , 57682.8952456212 
 1293 , 57698.6189777292 
 1294 , 57712.0846729959 
 1295 , 57714.5897372894 
 1296 , 57714.9319479517 
 1297 , 57722.7390689969 
 1298 , 57733.9571937821 
 1299 , 57740.7035396797 
 1300 , 57743.6082591466 
 1301 , 57748.0839271723 
 1302 , 57754.9174313147 
 1303 , 57760.3574884833 
 1304 , 57762.9055118688 
 1305 , 57765.0082703121 
 1306 , 57769.1636156924 
 1307 , 57777.0254034893 
 1308 , 57789.0985997335 
 1309 , 57801.0436774511 
 1310 , 57808.0831821965 
 1311 , 57814.3157974258 
 1312 , 57827.7686356111 
 1313 , 57845.2851520122 
 1314 , 57854.4277140426 
 1315 , 57853.5118960012 
 1316 , 57856.098539791 
 1317 , 57869.4287330023 
 1318 , 57883.7513148648 
 1319 , 57890.1225693722 
 1320 , 57891.9866831231 
 1321 , 57894.9822282931 
 1322 , 57899.0685423183 
 1323 , 57902.0390999023 
 1324 , 57904.3037844842 
 1325 , 57908.0025553091 
 1326 , 57913.3158445783 
 1327 , 57918.2439756048 
 1328 , 57922.4039345954 
 1329 , 57928.4811411355 
 1330 , 57937.6753807618 
 1331 , 57945.9068799145 
 1332 , 57949.9015859868 
 1333 , 57955.1879852624 
 1334 , 57968.6865139277 
 1335 , 57985.6779158851 
 1336 , 57996.0907047055 
 1337 , 58000.1036159144 
 1338 , 58006.1765710348 
 1339 , 58016.6391238177 
 1340 , 58025.5999000354 
 1341 , 58030.8096728397 
 1342 , 58038.645140464 
 1343 , 58052.9975591287 
 1344 , 58065.7847777645 
 1345 , 58068.5580434296 
 1346 , 58065.0377766892 
 1347 , 58062.8512314408 
 1348 , 58066.1354870419 
 1349 , 58076.7309148786 
 1350 , 58090.4360975645 
 1351 , 58097.9114807962 
 1352 , 58097.366048384 
 1353 , 58097.5636346733 
 1354 , 58103.1804352349 
 1355 , 58108.4745427567 
 1356 , 58108.6795166074 
 1357 , 58107.0742591638 
 1358 , 58107.3305695944 
 1359 , 58105.4707164544 
 1360 , 58095.8746822787 
 1361 , 58083.0554168501 
 1362 , 58076.4843510546 
 1363 , 58073.397879101 
 1364 , 58060.7558730828 
 1365 , 58035.9719432115 
 1366 , 58010.5373817186 
 1367 , 57991.9852151998 
 1368 , 57977.9799004769 
 1369 , 57962.7029955102 
 1370 , 57933.0558964989 
 1371 , 57879.8585438858 
 1372 , 57821.1078025193 
 1373 , 57781.1156156266 
 1374 , 57765.2125900582 
 1375 , 57768.3191737298 
 1376 , 57770.6850958988 
 1377 , 57742.1315047841 
 1378 , 57668.4850283652 
 1379 , 57554.1231681731 
 1380 , 57419.6300629078 
 1381 , 57311.312497035 
 1382 , 57252.8983739705 
 1383 , 57203.2937455912 
 1384 , 57124.1430364196 
 1385 , 57029.915452039 
 1386 , 56945.5892106185 
 1387 , 56878.0851676439 
 1388 , 56824.6069550805 
 1389 , 56755.0234647595 
 1390 , 56625.8710868783 
 1391 , 56447.0896122409 
 1392 , 56275.1594306906 
 1393 , 56144.0222483163 
 1394 , 56056.3497796455 
 1395 , 56004.8357231981 
 1396 , 55967.070723881 
 1397 , 55923.8341965781 
 1398 , 55869.9681788246 
 1399 , 55804.8800430989 
 1400 , 55737.0335224933 
 1401 , 55674.9439372557 
 1402 , 55610.4169231997 
 1403 , 55529.6533438063 
 1404 , 55433.9958161929 
 1405 , 55334.0949768973 
 1406 , 55239.6084075306 
 1407 , 55159.2423407952 
 1408 , 55104.0329735018 
 1409 , 55087.8397893017 
 1410 , 55100.7166867114 
 1411 , 55087.9165137238 
 1412 , 55013.5008491427 
 1413 , 54906.701133786 
 1414 , 54805.9479616548 
 1415 , 54741.8715284926 
 1416 , 54733.4146635365 
 1417 , 54739.4314554601 
 1418 , 54701.4690979316 
 1419 , 54615.861970066 
 1420 , 54508.7247808756 
 1421 , 54394.3833062857 
 1422 , 54277.2933371301 
 1423 , 54154.7646308628 
 1424 , 54016.7599729781 
 1425 , 53876.5950141521 
 1426 , 53785.1154378978 
 1427 , 53765.0137141495 
 1428 , 53767.7243271621 
 1429 , 53746.1651762749 
 1430 , 53690.2924749292 
 1431 , 53602.2020888885 
 1432 , 53505.8981705208 
 1433 , 53427.171295817 
 1434 , 53357.6357003799 
 1435 , 53276.2494322486 
 1436 , 53185.4688467736 
 1437 , 53101.2242640313 
 1438 , 53022.8116349812 
 1439 , 52935.6765792304 
 1440 , 52840.5468753696 
 1441 , 52756.5289481328 
 1442 , 52694.1099673783 
 1443 , 52648.0215878874 
 1444 , 52609.9307159972 
 1445 , 52567.8299157711 
 1446 , 52513.4517964387 
 1447 , 52452.1734472646 
 1448 , 52389.9598861792 
 1449 , 52322.9227235115 
 1450 , 52244.9175394137 
 1451 , 52153.5553882664 
 1452 , 52052.1101231507 
 1453 , 51983.9327132137 
 1454 , 52007.7421402924 
 1455 , 52077.2910227128 
 1456 , 52070.1409754273 
 1457 , 51965.5670514932 
 1458 , 51848.9590060258 
 1459 , 51761.806929887 
 1460 , 51677.7096417845 
 1461 , 51580.6889657856 
 1462 , 51483.9196314498 
 1463 , 51393.6460450431 
 1464 , 51289.877160954 
 1465 , 51155.4054117512 
 1466 , 50997.8790676429 
 1467 , 50830.9049072739 
 1468 , 50670.1324902092 
 1469 , 50530.613118482 
 1470 , 50418.8402630081 
 1471 , 50336.2079669936 
 1472 , 50269.5581714746 
 1473 , 50198.8225520512 
 1474 , 50124.4161967255 
 1475 , 50061.8806591923 
 1476 , 50015.339580476 
 1477 , 49976.9911188516 
 1478 , 49934.6118654973 
 1479 , 49870.9845632029 
 1480 , 49780.9430651206 
 1481 , 49680.819466722 
 1482 , 49584.1215587534 
 1483 , 49492.9142691664 
 1484 , 49410.4984091468 
 1485 , 49348.9276879751 
 1486 , 49314.0400873935 
 1487 , 49278.8542056687 
 1488 , 49215.7911526449 
 1489 , 49141.7598724448 
 1490 , 49084.6848013398 
 1491 , 49038.1860711354 
 1492 , 48982.3236299974 
 1493 , 48921.1358618225 
 1494 , 48871.6361524284 
 1495 , 48828.133034266 
 1496 , 48768.0387394797 
 1497 , 48688.9157821852 
 1498 , 48608.5390433699 
 1499 , 48533.118788727 
 1500 , 48453.1271129484 
 1501 , 48367.0559086799 
 1502 , 48288.1162802768 
 1503 , 48224.0292566641 
 1504 , 48168.1549072685 
 1505 , 48110.7972104668 
 1506 , 48038.874274007 
 1507 , 47946.2037429369 
 1508 , 47852.9784732394 
 1509 , 47777.949371208 
 1510 , 47706.3917175641 
 1511 , 47618.0870691475 
 1512 , 47517.78795857 
 1513 , 47417.9252266148 
 1514 , 47318.0537823223 
 1515 , 47212.7525227966 
 1516 , 47108.8922405234 
 1517 , 47020.2617870977 
 1518 , 46953.4583347403 
 1519 , 46908.9604437296 
 1520 , 46874.3580818092 
 1521 , 46825.9130148143 
 1522 , 46759.1661772743 
 1523 , 46692.3542329963 
 1524 , 46630.5426860891 
 1525 , 46558.0285971859 
 1526 , 46467.229838461 
 1527 , 46368.0161416312 
 1528 , 46271.6089770129 
 1529 , 46188.1940598793 
 1530 , 46123.1760824473 
 1531 , 46069.0184932426 
 1532 , 46018.7087054362 
 1533 , 45974.9033788041 
 1534 , 45941.1955112071 
 1535 , 45915.9904037702 
 1536 , 45893.9086273911 
 1537 , 45856.5353046383 
 1538 , 45785.2723980206 
 1539 , 45691.4445809884 
 1540 , 45597.242212142 
 1541 , 45508.4208918625 
 1542 , 45423.066402901 
 1543 , 45349.7008617113 
 1544 , 45302.2725997362 
 1545 , 45276.4496492927 
 1546 , 45254.2257814459 
 1547 , 45225.3120361012 
 1548 , 45187.093511215 
 1549 , 45143.930725597 
 1550 , 45107.3036465387 
 1551 , 45078.520992025 
 1552 , 45045.1146217855 
 1553 , 45001.3365364257 
 1554 , 44953.4939073527 
 1555 , 44907.5239361512 
 1556 , 44866.6468124411 
 1557 , 44827.6676473569 
 1558 , 44773.6277010065 
 1559 , 44694.216951226 
 1560 , 44602.1772971974 
 1561 , 44511.0331482188 
 1562 , 44424.3330982849 
 1563 , 44342.4066576045 
 1564 , 44260.9054989517 
 1565 , 44176.5396618561 
 1566 , 44096.3371963648 
 1567 , 44029.8170526751 
 1568 , 43983.5125204631 
 1569 , 43960.8530948903 
 1570 , 43951.3551190508 
 1571 , 43939.1534545456 
 1572 , 43911.3967589221 
 1573 , 43859.1326515405 
 1574 , 43797.2639019255 
 1575 , 43751.09928891 
 1576 , 43708.4425026448 
 1577 , 43635.0987870089 
 1578 , 43538.5398494064 
 1579 , 43456.6610545591 
 1580 , 43397.051482044 
 1581 , 43340.3455610882 
 1582 , 43274.7465614631 
 1583 , 43197.2972666376 
 1584 , 43113.8566177667 
 1585 , 43039.6700931726 
 1586 , 42976.8469656134 
 1587 , 42909.810382327 
 1588 , 42839.1765870832 
 1589 , 42791.4465680682 
 1590 , 42774.3648978916 
 1591 , 42760.0013256699 
 1592 , 42725.7938283451 
 1593 , 42666.4804729962 
 1594 , 42586.9452231994 
 1595 , 42510.1019883189 
 1596 , 42448.8727857877 
 1597 , 42384.933694514 
 1598 , 42306.5082296865 
 1599 , 42234.4220657455 
 1600 , 42186.6883054116 
 1601 , 42153.3202812212 
 1602 , 42119.1092951226 
 1603 , 42070.5453166258 
 1604 , 42000.4012163981 
 1605 , 41926.0656961165 
 1606 , 41866.5668641329 
 1607 , 41818.337058533 
 1608 , 41769.8881309473 
 1609 , 41703.0189292118 
 1610 , 41603.5110057741 
 1611 , 41494.250500597 
 1612 , 41406.3965316915 
 1613 , 41334.4327165984 
 1614 , 41260.2687364713 
 1615 , 41184.9518433349 
 1616 , 41115.519621731 
 1617 , 41035.6443100138 
 1618 , 40921.8410951575 
 1619 , 40794.5077135662 
 1620 , 40694.2865614391 
 1621 , 40618.6633421864 
 1622 , 40541.96281475 
 1623 , 40475.3676065337 
 1624 , 40451.2088372098 
 1625 , 40456.3563710677 
 1626 , 40446.2265654394 
 1627 , 40397.4058406374 
 1628 , 40305.0617489483 
 1629 , 40191.935026234 
 1630 , 40101.3548027297 
 1631 , 40035.8964502862 
 1632 , 39961.8891347645 
 1633 , 39869.8160436462 
 1634 , 39774.7062448969 
 1635 , 39688.5973903964 
 1636 , 39619.0999262129 
 1637 , 39566.0988431109 
 1638 , 39521.0728103014 
 1639 , 39473.2370237164 
 1640 , 39409.9113781743 
 1641 , 39327.8383227955 
 1642 , 39235.8655549235 
 1643 , 39148.7360020729 
 1644 , 39087.5424167882 
 1645 , 39051.2729135136 
 1646 , 39007.6266540116 
 1647 , 38947.3465541109 
 1648 , 38898.5422021043 
 1649 , 38869.1556459397 
 1650 , 38831.1016077526 
 1651 , 38771.130931316 
 1652 , 38705.4673868893 
 1653 , 38650.3459503421 
 1654 , 38617.1326545388 
 1655 , 38599.5985160003 
 1656 , 38560.9868019442 
 1657 , 38484.9188294848 
 1658 , 38399.0173925154 
 1659 , 38322.5806565587 
 1660 , 38249.3347447378 
 1661 , 38173.5957869152 
 1662 , 38096.8143993186 
 1663 , 38022.3510355442 
 1664 , 37955.7322567157 
 1665 , 37897.3614241996 
 1666 , 37836.073155401 
 1667 , 37767.7822257686 
 1668 , 37707.3670198075 
 1669 , 37663.7706765706 
 1670 , 37626.690719577 
 1671 , 37586.4770701245 
 1672 , 37541.1594677634 
 1673 , 37486.4572489544 
 1674 , 37410.0706566708 
 1675 , 37311.5406936363 
 1676 , 37221.7380363063 
 1677 , 37157.6284710645 
 1678 , 37090.8267763354 
 1679 , 37002.7022400521 
 1680 , 36915.6545119 
 1681 , 36847.1571892314 
 1682 , 36786.76246604 
 1683 , 36725.7933585973 
 1684 , 36670.8156586093 
 1685 , 36625.0929065835 
 1686 , 36577.6011199392 
 1687 , 36518.0784000132 
 1688 , 36443.8104064439 
 1689 , 36359.2527614084 
 1690 , 36283.9500593875 
 1691 , 36229.5275138189 
 1692 , 36181.901906883 
 1693 , 36129.5095910631 
 1694 , 36076.9058903166 
 1695 , 36027.6847488329 
 1696 , 35977.0176219034 
 1697 , 35920.9750861158 
 1698 , 35860.9026501582 
 1699 , 35799.8769189336 
 1700 , 35743.225270044 
 1701 , 35693.9574370852 
 1702 , 35648.8633912935 
 1703 , 35599.6973778851 
 1704 , 35528.8013876396 
 1705 , 35437.7741908749 
 1706 , 35374.0505903027 
 1707 , 35354.6573540362 
 1708 , 35317.1057649597 
 1709 , 35229.8229429614 
 1710 , 35148.4593830184 
 1711 , 35106.3154247448 
 1712 , 35068.4257750631 
 1713 , 35009.7608033849 
 1714 , 34941.400491916 
 1715 , 34877.0046552552 
 1716 , 34826.9744218006 
 1717 , 34790.2747602935 
 1718 , 34745.8109772598 
 1719 , 34686.6133790716 
 1720 , 34633.9852450999 
 1721 , 34594.3812608999 
 1722 , 34544.865371857 
 1723 , 34478.3317173832 
 1724 , 34417.1881619549 
 1725 , 34370.708429299 
 1726 , 34324.2859186002 
 1727 , 34267.5647693388 
 1728 , 34199.3073080757 
 1729 , 34122.9170228212 
 1730 , 34047.198622912 
 1731 , 33982.1956274547 
 1732 , 33938.4206027353 
 1733 , 33905.2448674961 
 1734 , 33847.3096959242 
 1735 , 33759.4964429751 
 1736 , 33672.530200195 
 1737 , 33605.4315523234 
 1738 , 33561.8840268017 
 1739 , 33529.9011169031 
 1740 , 33484.0143416938 
 1741 , 33429.321127928 
 1742 , 33397.940072179 
 1743 , 33382.5434157083 
 1744 , 33342.4222262828 
 1745 , 33268.0456990283 
 1746 , 33176.0693032285 
 1747 , 33083.6928188371 
 1748 , 33007.2134606601 
 1749 , 32953.3716242091 
 1750 , 32920.9774411919 
 1751 , 32893.6092830346 
 1752 , 32847.1364968713 
 1753 , 32776.5718384423 
 1754 , 32690.616915268 
 1755 , 32620.2013819483 
 1756 , 32600.0082058211 
 1757 , 32599.91843634 
 1758 , 32566.6902334936 
 1759 , 32507.2157600945 
 1760 , 32451.1089290146 
 1761 , 32403.6392132073 
 1762 , 32362.1979513159 
 1763 , 32334.6147775244 
 1764 , 32326.3767395097 
 1765 , 32311.9461547801 
 1766 , 32264.8548239314 
 1767 , 32199.3126981384 
 1768 , 32137.336911785 
 1769 , 32085.9015696352 
 1770 , 32042.4621850937 
 1771 , 31984.070844886 
 1772 , 31900.7954611044 
 1773 , 31837.8429286461 
 1774 , 31826.9222651807 
 1775 , 31832.4195710856 
 1776 , 31820.395806679 
 1777 , 31789.2891629251 
 1778 , 31745.6096848491 
 1779 , 31702.7030393959 
 1780 , 31663.4601074495 
 1781 , 31609.4877419881 
 1782 , 31538.0711197764 
 1783 , 31476.2515323406 
 1784 , 31431.7581954463 
 1785 , 31380.3678171384 
 1786 , 31319.1381663561 
 1787 , 31275.2749015625 
 1788 , 31258.0487033747 
 1789 , 31254.0393176715 
 1790 , 31247.3443880737 
 1791 , 31221.6475473862 
 1792 , 31175.692857352 
 1793 , 31121.2561822717 
 1794 , 31069.4670312849 
 1795 , 31029.5873099778 
 1796 , 30998.3769443468 
 1797 , 30965.553794616 
 1798 , 30931.7988050488 
 1799 , 30902.9054235916 
 1800 , 30875.245413926 
 1801 , 30842.4186661559 
 1802 , 30810.447560299 
 1803 , 30785.4388495626 
 1804 , 30744.7651625793 
 1805 , 30665.218554305 
 1806 , 30568.7224824662 
 1807 , 30485.863279465 
 1808 , 30428.6060811093 
 1809 , 30398.3882314963 
 1810 , 30377.081742313 
 1811 , 30350.1844234204 
 1812 , 30324.3890090495 
 1813 , 30305.5436706175 
 1814 , 30289.1495984668 
 1815 , 30272.0328976258 
 1816 , 30256.4549439711 
 1817 , 30246.9716578101 
 1818 , 30250.2860772161 
 1819 , 30247.771185581 
 1820 , 30187.9361862417 
 1821 , 30083.1858985543 
 1822 , 30019.1638620841 
 1823 , 30013.9050283804 
 1824 , 30017.2523688098 
 1825 , 29997.2833808564 
 1826 , 29941.6066494894 
 1827 , 29868.8141338544 
 1828 , 29814.7155571804 
 1829 , 29783.1023406052 
 1830 , 29760.167001161 
 1831 , 29735.89830002 
 1832 , 29703.0003583897 
 1833 , 29659.51232731 
 1834 , 29605.619003689 
 1835 , 29542.2229642985 
 1836 , 29474.9152068528 
 1837 , 29426.6914173021 
 1838 , 29410.9352895308 
 1839 , 29397.8988063494 
 1840 , 29363.4807558547 
 1841 , 29318.6709507927 
 1842 , 29274.6591026482 
 1843 , 29232.105249669 
 1844 , 29189.1958356768 
 1845 , 29142.3364357517 
 1846 , 29095.661234965 
 1847 , 29063.1159995373 
 1848 , 29041.2976994614 
 1849 , 29008.9102262125 
 1850 , 28972.4860413252 
 1851 , 28960.123289907 
 1852 , 28953.594382731 
 1853 , 28907.3992246163 
 1854 , 28834.018961927 
 1855 , 28774.2115333637 
 1856 , 28732.5689996269 
 1857 , 28695.8941043459 
 1858 , 28643.2160861211 
 1859 , 28561.7723208817 
 1860 , 28486.9277043307 
 1861 , 28453.8885565169 
 1862 , 28452.2463229739 
 1863 , 28459.4914962179 
 1864 , 28446.871873883 
 1865 , 28400.8709365655 
 1866 , 28341.3236404691 
 1867 , 28283.3979842731 
 1868 , 28227.9966834153 
 1869 , 28172.2686774715 
 1870 , 28110.9071583169 
 1871 , 28054.1226163368 
 1872 , 28025.7537826604 
 1873 , 28016.8501926424 
 1874 , 27995.3761311438 
 1875 , 27965.377166877 
 1876 , 27948.9933084802 
 1877 , 27931.7231323581 
 1878 , 27888.5752011353 
 1879 , 27837.0344761485 
 1880 , 27802.9716181596 
 1881 , 27780.4152359118 
 1882 , 27756.0568500721 
 1883 , 27721.4784618111 
 1884 , 27677.5181370519 
 1885 , 27645.4407762475 
 1886 , 27631.6182748088 
 1887 , 27608.4560817369 
 1888 , 27558.4555676744 
 1889 , 27484.7101992798 
 1890 , 27402.7022169929 
 1891 , 27338.9537403458 
 1892 , 27302.7377435987 
 1893 , 27286.5614847424 
 1894 , 27265.340427693 
 1895 , 27209.0021643526 
 1896 , 27138.8166962784 
 1897 , 27092.515473365 
 1898 , 27053.9447042562 
 1899 , 26996.4211897863 
 1900 , 26934.1866406816 
 1901 , 26884.3621865416 
 1902 , 26838.0660646232 
 1903 , 26788.8787659135 
 1904 , 26747.9230255901 
 1905 , 26718.6570758451 
 1906 , 26687.4231689747 
 1907 , 26656.2389453971 
 1908 , 26647.8713524299 
 1909 , 26647.5279392418 
 1910 , 26607.3725832843 
 1911 , 26545.4934202337 
 1912 , 26522.4267875853 
 1913 , 26538.5166231679 
 1914 , 26560.6058094982 
 1915 , 26552.5408788502 
 1916 , 26488.6861812097 
 1917 , 26395.8664640356 
 1918 , 26309.4184012552 
 1919 , 26244.1898985908 
 1920 , 26202.4332385823 
 1921 , 26166.9139078942 
 1922 , 26126.4281700682 
 1923 , 26084.5108803687 
 1924 , 26045.3074910516 
 1925 , 26011.8071954514 
 1926 , 25983.6693839221 
 1927 , 25957.544104877 
 1928 , 25929.3606305501 
 1929 , 25895.3896041975 
 1930 , 25857.8542002597 
 1931 , 25821.0431725083 
 1932 , 25784.983560836 
 1933 , 25747.7572929613 
 1934 , 25705.5867953858 
 1935 , 25658.1642367271 
 1936 , 25615.4740447394 
 1937 , 25587.7189104117 
 1938 , 25581.9684770627 
 1939 , 25587.9628058325 
 1940 , 25574.2486281315 
 1941 , 25541.8145743334 
 1942 , 25521.4888194959 
 1943 , 25507.6542944475 
 1944 , 25472.9302506966 
 1945 , 25425.3464225898 
 1946 , 25386.0402199656 
 1947 , 25351.4541210741 
 1948 , 25311.8894488391 
 1949 , 25266.2734304187 
 1950 , 25213.7507840931 
 1951 , 25149.0775748915 
 1952 , 25080.1457954204 
 1953 , 25038.4258826984 
 1954 , 25027.0866719205 
 1955 , 25012.4229393638 
 1956 , 24984.714965859 
 1957 , 24956.3389001731 
 1958 , 24928.2788341269 
 1959 , 24894.8320782151 
 1960 , 24856.0996847569 
 1961 , 24815.8793549201 
 1962 , 24783.3725303881 
 1963 , 24763.5594672094 
 1964 , 24743.7153192861 
 1965 , 24715.1310517232 
 1966 , 24684.3477291177 
 1967 , 24652.5931328219 
 1968 , 24611.5072703657 
 1969 , 24568.9176911144 
 1970 , 24546.5581473651 
 1971 , 24529.3464082215 
 1972 , 24483.0789496934 
 1973 , 24425.2889871195 
 1974 , 24389.9703411778 
 1975 , 24370.8299936148 
 1976 , 24349.8922945275 
 1977 , 24312.3442126373 
 1978 , 24252.3453991591 
 1979 , 24182.079542664 
 1980 , 24116.1047815803 
 1981 , 24068.4499480405 
 1982 , 24040.2782883253 
 1983 , 24020.4526035553 
 1984 , 24003.947707023 
 1985 , 23989.5245851285 
 1986 , 23970.4342019469 
 1987 , 23938.1169067515 
 1988 , 23887.5109130346 
 1989 , 23822.3332403052 
 1990 , 23769.7494023751 
 1991 , 23744.4765382714 
 1992 , 23727.8211654658 
 1993 , 23707.3502968127 
 1994 , 23684.3638072261 
 1995 , 23663.9038793716 
 1996 , 23652.2856628952 
 1997 , 23643.0519867216 
 1998 , 23625.5236894451 
 1999 , 23610.6357454043 
 2000 , 23610.4571765346 
 2001 , 23608.1927919271 
 2002 , 23586.1224492246 
 2003 , 23542.1955521199 
 2004 , 23486.1081471406 
 2005 , 23441.9491841854 
 2006 , 23413.9263036691 
 2007 , 23384.1383183426 
 2008 , 23343.2475478272 
 2009 , 23290.1531319375 
 2010 , 23234.3012926253 
 2011 , 23187.6880571845 
 2012 , 23151.8698328952 
 2013 , 23125.0168458248 
 2014 , 23104.3251218977 
 2015 , 23088.4093001232 
 2016 , 23078.4761276053 
 2017 , 23065.5325805232 
 2018 , 23030.0848423598 
 2019 , 22981.8004321115 
 2020 , 22949.8851131023 
 2021 , 22933.9516758706 
 2022 , 22918.6448920535 
 2023 , 22888.884941226 
 2024 , 22837.0803933354 
 2025 , 22777.9137921093 
 2026 , 22723.1786515416 
 2027 , 22671.4596768202 
 2028 , 22626.8399645228 
 2029 , 22601.0731327758 
 2030 , 22594.8515154282 
 2031 , 22598.4153869047 
 2032 , 22589.615434951 
 2033 , 22549.7407568947 
 2034 , 22505.5555530691 
 2035 , 22480.6697437562 
 2036 , 22449.9574818398 
 2037 , 22401.122883488 
 2038 , 22359.8164189906 
 2039 , 22334.9289834938 
 2040 , 22312.8435142266 
 2041 , 22290.8222681001 
 2042 , 22272.7517755201 
 2043 , 22247.7270761045 
 2044 , 22204.7469714478 
 2045 , 22160.700473966 
 2046 , 22130.1880931627 
 2047 , 22103.2920116729 
 2048 , 22071.2281606425 
 2049 , 22032.8234333944 
 2050 , 21985.8367813868 
 2051 , 21927.9837730719 
 2052 , 21874.2810230416 
 2053 , 21845.0172807529 
 2054 , 21829.8693126104 
 2055 , 21811.3148813162 
 2056 , 21785.5542535576 
 2057 , 21744.7018559649 
 2058 , 21668.1342002237 
 2059 , 21585.3704164285 
 2060 , 21582.197483779 
 2061 , 21629.901833179 
 2062 , 21622.9749130168 
 2063 , 21561.3400449715 
 2064 , 21489.04748231 
 2065 , 21424.3529661792 
 2066 , 21376.1177161641 
 2067 , 21347.3047800156 
 2068 , 21334.5874303966 
 2069 , 21326.2501983632 
 2070 , 21303.8626431372 
 2071 , 21248.1327705935 
 2072 , 21183.986807064 
 2073 , 21150.850721335 
 2074 , 21136.1191237523 
 2075 , 21117.902671074 
 2076 , 21096.5555155522 
 2077 , 21068.7126468288 
 2078 , 21018.55058185 
 2079 , 20950.2767016641 
 2080 , 20888.4832450639 
 2081 , 20841.524152991 
 2082 , 20805.8078612356 
 2083 , 20770.1205828432 
 2084 , 20729.7630131708 
 2085 , 20709.3610688184 
 2086 , 20706.5071538123 
 2087 , 20660.6033410077 
 2088 , 20578.3728597095 
 2089 , 20540.2714997494 
 2090 , 20547.418802368 
 2091 , 20551.5682794029 
 2092 , 20533.4055379382 
 2093 , 20489.0461776569 
 2094 , 20428.6984643385 
 2095 , 20370.1429339681 
 2096 , 20338.9316428664 
 2097 , 20334.8603522803 
 2098 , 20330.4834694179 
 2099 , 20321.3660874041 
 2100 , 20315.908685569 
 2101 , 20305.0048728229 
 2102 , 20276.5719726507 
 2103 , 20230.032596528 
 2104 , 20174.9968150779 
 2105 , 20134.3282099808 
 2106 , 20109.1703934151 
 2107 , 20078.8305585649 
 2108 , 20046.3738735594 
 2109 , 20023.2689473591 
 2110 , 19985.1168697375 
 2111 , 19914.2558929963 
 2112 , 19847.8302351841 
 2113 , 19809.6784830985 
 2114 , 19786.6890739557 
 2115 , 19779.7206578183 
 2116 , 19799.0191643349 
 2117 , 19792.8790131533 
 2118 , 19704.7671724575 
 2119 , 19610.7333449776 
 2120 , 19584.4229377907 
 2121 , 19597.3939670584 
 2122 , 19610.6313008785 
 2123 , 19594.0140526008 
 2124 , 19547.7768755836 
 2125 , 19494.5740285904 
 2126 , 19449.1867405258 
 2127 , 19418.622393866 
 2128 , 19394.8363912588 
 2129 , 19368.3806383179 
 2130 , 19334.0143318068 
 2131 , 19285.4772657541 
 2132 , 19218.0027267579 
 2133 , 19162.8812346451 
 2134 , 19156.7953137004 
 2135 , 19141.154704602 
 2136 , 19062.8680244665 
 2137 , 18976.8148658161 
 2138 , 18924.830464862 
 2139 , 18899.3488934228 
 2140 , 18889.8680994887 
 2141 , 18886.8877808865 
 2142 , 18880.2628066697 
 2143 , 18862.5483022421 
 2144 , 18838.1789061869 
 2145 , 18815.5361881611 
 2146 , 18804.6374882561 
 2147 , 18802.2449457654 
 2148 , 18789.9626338064 
 2149 , 18748.4855258787 
 2150 , 18666.3830192119 
 2151 , 18573.8511950698 
 2152 , 18504.7198580293 
 2153 , 18466.0712431111 
 2154 , 18449.0517654253 
 2155 , 18430.1339548277 
 2156 , 18410.5531997792 
 2157 , 18406.5750336587 
 2158 , 18400.3130525015 
 2159 , 18373.2730643424 
 2160 , 18352.6667150593 
 2161 , 18353.3499869393 
 2162 , 18352.6400964564 
 2163 , 18334.1898805401 
 2164 , 18292.840902174 
 2165 , 18238.2912562584 
 2166 , 18183.467267941 
 2167 , 18125.0116080749 
 2168 , 18065.1998631768 
 2169 , 18025.584054219 
 2170 , 18008.6623835226 
 2171 , 17995.413322528 
 2172 , 17984.9624933603 
 2173 , 17981.6827553554 
 2174 , 17961.6937792969 
 2175 , 17913.3087800774 
 2176 , 17872.3667606097 
 2177 , 17854.8217113538 
 2178 , 17844.0009937934 
 2179 , 17823.0636112074 
 2180 , 17782.0779244292 
 2181 , 17741.5189515843 
 2182 , 17720.644910572 
 2183 , 17709.607177871 
 2184 , 17695.5878360087 
 2185 , 17668.7554364377 
 2186 , 17629.3452612239 
 2187 , 17586.2975753969 
 2188 , 17558.8020561885 
 2189 , 17555.4836472412 
 2190 , 17546.5767060766 
 2191 , 17516.8513264334 
 2192 , 17479.6678269677 
 2193 , 17439.574822502 
 2194 , 17395.7869692325 
 2195 , 17362.9711706378 
 2196 , 17348.4321371526 
 2197 , 17323.3435295909 
 2198 , 17279.3805449251 
 2199 , 17243.9066076495 
 2200 , 17218.3750210848 
 2201 , 17186.2182385065 
 2202 , 17147.3856426339 
 2203 , 17109.0758424526 
 2204 , 17081.2793738883 
 2205 , 17067.2754703106 
 2206 , 17060.0208216957 
 2207 , 17046.0455560539 
 2208 , 17010.3195590834 
 2209 , 16951.4808780821 
 2210 , 16884.6177058049 
 2211 , 16853.9910325854 
 2212 , 16860.5956823311 
 2213 , 16847.7594520262 
 2214 , 16807.9219505586 
 2215 , 16764.4033229885 
 2216 , 16720.4908277372 
 2217 , 16673.2814332829 
 2218 , 16621.0799849996 
 2219 , 16571.9474133728 
 2220 , 16542.6717607262 
 2221 , 16524.1591038372 
 2222 , 16497.1005990114 
 2223 , 16466.3421202348 
 2224 , 16436.525729096 
 2225 , 16398.3404380607 
 2226 , 16358.0831496879 
 2227 , 16335.8191988256 
 2228 , 16316.0932913304 
 2229 , 16274.6809562113 
 2230 , 16224.2780092676 
 2231 , 16178.7188567114 
 2232 , 16138.5421974778 
 2233 , 16107.6466573518 
 2234 , 16091.0051360486 
 2235 , 16072.3034615943 
 2236 , 16032.3859310316 
 2237 , 15971.7179555278 
 2238 , 15911.7981403424 
 2239 , 15894.6842632717 
 2240 , 15901.7399620575 
 2241 , 15878.1975020358 
 2242 , 15816.0909357318 
 2243 , 15739.2867431687 
 2244 , 15707.7739541326 
 2245 , 15727.2289904104 
 2246 , 15737.5769485519 
 2247 , 15712.4066380262 
 2248 , 15655.0966353263 
 2249 , 15604.3143946956 
 2250 , 15577.6435774774 
 2251 , 15538.8295780226 
 2252 , 15487.4570639872 
 2253 , 15455.8748392309 
 2254 , 15444.38118534 
 2255 , 15438.082605072 
 2256 , 15419.3121620696 
 2257 , 15384.2667423509 
 2258 , 15348.1680588848 
 2259 , 15315.7326023146 
 2260 , 15284.2907762187 
 2261 , 15253.9100761383 
 2262 , 15223.7815451465 
 2263 , 15189.5589751811 
 2264 , 15151.3002952387 
 2265 , 15113.4030378096 
 2266 , 15075.9234440645 
 2267 , 15037.2426987258 
 2268 , 14997.4285937562 
 2269 , 14962.158973697 
 2270 , 14943.5835473422 
 2271 , 14936.0291814114 
 2272 , 14922.8047363814 
 2273 , 14897.251832657 
 2274 , 14857.6089701483 
 2275 , 14806.1854557661 
 2276 , 14758.0550406423 
 2277 , 14735.0845167317 
 2278 , 14714.7381361019 
 2279 , 14672.505935709 
 2280 , 14645.433694694 
 2281 , 14645.0163320406 
 2282 , 14630.0799488502 
 2283 , 14584.7681413488 
 2284 , 14518.6308227483 
 2285 , 14467.5384881144 
 2286 , 14450.2459830058 
 2287 , 14436.5424367233 
 2288 , 14417.4775422393 
 2289 , 14404.8676959625 
 2290 , 14379.6996594727 
 2291 , 14325.9425123311 
 2292 , 14273.0610729028 
 2293 , 14232.2893863308 
 2294 , 14184.951915668 
 2295 , 14142.1328014974 
 2296 , 14124.1957300378 
 2297 , 14116.2414237195 
 2298 , 14097.4210531383 
 2299 , 14053.1641841806 
 2300 , 13993.8162952071 
 2301 , 13946.7680426941 
 2302 , 13931.0510789257 
 2303 , 13940.9063304014 
 2304 , 13924.7607529132 
 2305 , 13881.3257681695 
 2306 , 13857.4803219503 
 2307 , 13845.6203206711 
 2308 , 13821.2813488692 
 2309 , 13783.4011285625 
 2310 , 13735.7003441892 
 2311 , 13683.5105710359 
 2312 , 13640.9240053873 
 2313 , 13619.7880247986 
 2314 , 13605.5356160933 
 2315 , 13587.5285523991 
 2316 , 13569.6474896508 
 2317 , 13539.5402301049 
 2318 , 13481.439281479 
 2319 , 13421.3754691541 
 2320 , 13388.2424705964 
 2321 , 13390.4138379371 
 2322 , 13398.5580123608 
 2323 , 13363.9077293575 
 2324 , 13300.646200147 
 2325 , 13244.4210209376 
 2326 , 13224.7618248867 
 2327 , 13228.7638740505 
 2328 , 13208.5121808714 
 2329 , 13167.5151339375 
 2330 , 13128.4105964218 
 2331 , 13101.5099651217 
 2332 , 13081.6449784517 
 2333 , 13050.8167307724 
 2334 , 13016.7679130006 
 2335 , 12992.092282827 
 2336 , 12960.6846706113 
 2337 , 12921.1861413795 
 2338 , 12897.407047035 
 2339 , 12882.6816627307 
