11-20-2017,18:09:11
Wavenumber(cm-1),Intensity
 250 , 10 
 251 , 10 
 252 , 10 
 253 , 10 
 254 , 10 
 255 , 56.3828125 
 256 , 55.9296875 
 257 , 51.6875 
 258 , 38.6484375 
 259 , 14.8828125 
 260 ,-17 
 261 ,-45.6640625 
 262 ,-59.9609375 
 263 ,-54.09375 
 264 ,-23.609375 
 265 , 38.7890625 
 266 , 135.734375 
 267 , 242.546875 
 268 , 320.484375 
 269 , 342.5859375 
 270 , 331.6015625 
 271 , 320.8515625 
 272 , 324.59375 
 273 , 330.984375 
 274 , 327.0703125 
 275 , 328.484375 
 276 , 371.46875 
 277 , 479.203125 
 278 , 616.5078125 
 279 , 731.7734375 
 280 , 797.5859375 
 281 , 834.0078125 
 282 , 865.6953125 
 283 , 902.4140625 
 284 , 940.7421875 
 285 , 978.6796875 
 286 , 1019.265625 
 287 , 1066.265625 
 288 , 1117.6796875 
 289 , 1167.765625 
 290 , 1212.0234375 
 291 , 1251.5546875 
 292 , 1288.3515625 
 293 , 1322.484375 
 294 , 1344.8828125 
 295 , 1343.1875 
 296 , 1315.2109375 
 297 , 1285.6640625 
 298 , 1283.1328125 
 299 , 1306.265625 
 300 , 1314.65625 
 301 , 1269.8515625 
 302 , 1188.6015625 
 303 , 1122.8984375 
 304 , 1113.265625 
 305 , 1142.8515625 
 306 , 1178.7890625 
 307 , 1198.046875 
 308 , 1202.2890625 
 309 , 1197.953125 
 310 , 1200.296875 
 311 , 1225.8125 
 312 , 1284.875 
 313 , 1367.859375 
 314 , 1460.7265625 
 315 , 1551.4453125 
 316 , 1627.4375 
 317 , 1676.3671875 
 318 , 1703.5390625 
 319 , 1731.15625 
 320 , 1776.828125 
 321 , 1830.453125 
 322 , 1872.7890625 
 323 , 1899.140625 
 324 , 1931.703125 
 325 , 1994.171875 
 326 , 2084.0078125 
 327 , 2175.6015625 
 328 , 2246.6796875 
 329 , 2301.5625 
 330 , 2355.03125 
 331 , 2416.6328125 
 332 , 2483.734375 
 333 , 2551.9140625 
 334 , 2616.7890625 
 335 , 2673.828125 
 336 , 2719.8203125 
 337 , 2759.6953125 
 338 , 2801.4296875 
 339 , 2847.1171875 
 340 , 2883.984375 
 341 , 2897.578125 
 342 , 2890.6640625 
 343 , 2884.9765625 
 344 , 2898.4375 
 345 , 2913.59375 
 346 , 2896.875 
 347 , 2830.4140625 
 348 , 2740.4140625 
 349 , 2659.9140625 
 350 , 2601.6640625 
 351 , 2555.5 
 352 , 2512.0234375 
 353 , 2476.6875 
 354 , 2461.6015625 
 355 , 2468.9140625 
 356 , 2473.671875 
 357 , 2447.4296875 
 358 , 2387.9921875 
 359 , 2321.7578125 
 360 , 2273.5859375 
 361 , 2246.84375 
 362 , 2235.203125 
 363 , 2230.640625 
 364 , 2221.890625 
 365 , 2197.953125 
 366 , 2162.125 
 367 , 2131.8828125 
 368 , 2121.21875 
 369 , 2117.546875 
 370 , 2097.5078125 
 371 , 2051.2109375 
 372 , 2001.1171875 
 373 , 1973.296875 
 374 , 1972.765625 
 375 , 1984.4375 
 376 , 1993.984375 
 377 , 1996.4609375 
 378 , 1990.5234375 
 379 , 1977.9609375 
 380 , 1968.46875 
 381 , 1972.2578125 
 382 , 1985.4609375 
 383 , 1990.9765625 
 384 , 1975.6484375 
 385 , 1951.4921875 
 386 , 1939.53125 
 387 , 1947.75 
 388 , 1956.75 
 389 , 1945.0234375 
 390 , 1914.109375 
 391 , 1884.703125 
 392 , 1870.6875 
 393 , 1850.671875 
 394 , 1792.8203125 
 395 , 1690.203125 
 396 , 1577.734375 
 397 , 1491.265625 
 398 , 1431.4453125 
 399 , 1376.859375 
 400 , 1312.6015625 
 401 , 1250.453125 
 402 , 1208.6640625 
 403 , 1193.09375 
 404 , 1190.1953125 
 405 , 1185.9765625 
 406 , 1177.2421875 
 407 , 1165.828125 
 408 , 1153.4140625 
 409 , 1142.71875 
 410 , 1137.140625 
 411 , 1134.421875 
 412 , 1126.21875 
 413 , 1105.171875 
 414 , 1073.7265625 
 415 , 1038.6171875 
 416 , 1005.578125 
 417 , 975.3203125 
 418 , 946.6640625 
 419 , 917.1328125 
 420 , 888.1328125 
 421 , 863.5546875 
 422 , 849.765625 
 423 , 849.8828125 
 424 , 859.3359375 
 425 , 863.4453125 
 426 , 848.59375 
 427 , 814.9921875 
 428 , 770.890625 
 429 , 722.203125 
 430 , 672.3671875 
 431 , 627.265625 
 432 , 594.3125 
 433 , 580.03125 
 434 , 589.6171875 
 435 , 620 
 436 , 660.671875 
 437 , 702.8828125 
 438 , 743.0234375 
 439 , 777.984375 
 440 , 803.2421875 
 441 , 817.34375 
 442 , 820.4375 
 443 , 815 
 444 , 802.8515625 
 445 , 784.390625 
 446 , 758.1796875 
 447 , 722.8125 
 448 , 676.734375 
 449 , 618.2578125 
 450 , 546.90625 
 451 , 469.7265625 
 452 , 397.625 
 453 , 337.2890625 
 454 , 287.6171875 
 455 , 247.1171875 
 456 , 218.71875 
 457 , 205.34375 
 458 , 205.296875 
 459 , 207.6640625 
 460 , 201.3046875 
 461 , 186.546875 
 462 , 173.1328125 
 463 , 168.6328125 
 464 , 170.34375 
 465 , 173.546875 
 466 , 174.671875 
 467 , 171.484375 
 468 , 162.015625 
 469 , 147.0625 
 470 , 130.1875 
 471 , 111.0390625 
 472 , 86.4609375 
 473 , 54.78125 
 474 , 21.515625 
 475 ,-4.328125 
 476 ,-14.9453125 
 477 ,-8.8359375 
 478 , 11.109375 
 479 , 41.46875 
 480 , 77.8671875 
 481 , 114.2265625 
 482 , 148.1796875 
 483 , 175.96875 
 484 , 193.0390625 
 485 , 196.625 
 486 , 190.0234375 
 487 , 176.7890625 
 488 , 161.78125 
 489 , 150.71875 
 490 , 147.9375 
 491 , 153.6953125 
 492 , 166.6328125 
 493 , 186.890625 
 494 , 216.96875 
 495 , 259.46875 
 496 , 308.078125 
 497 , 353.4765625 
 498 , 392.6171875 
 499 , 431.734375 
 500 , 476.7734375 
 501 , 521.5078125 
 502 , 555.203125 
 503 , 574.2734375 
 504 , 587.4296875 
 505 , 602.6796875 
 506 , 618.015625 
 507 , 626.9140625 
 508 , 629.2421875 
 509 , 633.796875 
 510 , 648.2578125 
 511 , 670.140625 
 512 , 691.0390625 
 513 , 703.453125 
 514 , 704.09375 
 515 , 692.5546875 
 516 , 673.78125 
 517 , 653.390625 
 518 , 632.3359375 
 519 , 608.2890625 
 520 , 580.7109375 
 521 , 553.78125 
 522 , 532.7109375 
 523 , 520.921875 
 524 , 518.6875 
 525 , 525.796875 
 526 , 543.3359375 
 527 , 569.5546875 
 528 , 600.78125 
 529 , 632.34375 
 530 , 661.0078125 
 531 , 683.4296875 
 532 , 695.84375 
 533 , 694.953125 
 534 , 681.671875 
 535 , 661.9609375 
 536 , 641.765625 
 537 , 621.8828125 
 538 , 599.1484375 
 539 , 570.21875 
 540 , 537.171875 
 541 , 505.2734375 
 542 , 480.4609375 
 543 , 465.328125 
 544 , 457.0625 
 545 , 447.2109375 
 546 , 427.9296875 
 547 , 399.171875 
 548 , 367.921875 
 549 , 339.265625 
 550 , 310.0859375 
 551 , 273.8203125 
 552 , 229.125 
 553 , 182.65625 
 554 , 140.21875 
 555 , 104.53125 
 556 , 76.8203125 
 557 , 57.59375 
 558 , 40.6796875 
 559 , 21.4921875 
 560 , 7.6953125 
 561 , 15.015625 
 562 , 48.1640625 
 563 , 92.7109375 
 564 , 131.3828125 
 565 , 160.109375 
 566 , 185.9921875 
 567 , 215.1171875 
 568 , 247.40625 
 569 , 280.9921875 
 570 , 313.921875 
 571 , 341.515625 
 572 , 358.9296875 
 573 , 369.6171875 
 574 , 384.703125 
 575 , 412.6484375 
 576 , 446.984375 
 577 , 475.7890625 
 578 , 491.296875 
 579 , 494.375 
 580 , 490.5546875 
 581 , 485.421875 
 582 , 481.7578125 
 583 , 479.3984375 
 584 , 479.7734375 
 585 , 485.78125 
 586 , 499.203125 
 587 , 520.90625 
 588 , 549.890625 
 589 , 579.609375 
 590 , 602.0390625 
 591 , 612.828125 
 592 , 611.1796875 
 593 , 598.0625 
 594 , 578.15625 
 595 , 557.1640625 
 596 , 536.578125 
 597 , 513.171875 
 598 , 484.8515625 
 599 , 456.5546875 
 600 , 433.21875 
 601 , 414.0234375 
 602 , 394.265625 
 603 , 374.8125 
 604 , 362.3828125 
 605 , 361.359375 
 606 , 364.6875 
 607 , 355.953125 
 608 , 328.09375 
 609 , 287.65625 
 610 , 240.890625 
 611 , 186.984375 
 612 , 127.7578125 
 613 , 74.7890625 
 614 , 35.5 
 615 , 11.296875 
 616 , 2.0234375 
 617 , 10.6015625 
 618 , 40.2734375 
 619 , 83.1328125 
 620 , 121.109375 
 621 , 139.453125 
 622 , 142.3046875 
 623 , 144.1328125 
 624 , 152.2578125 
 625 , 164.8125 
 626 , 174.3828125 
 627 , 176.9921875 
 628 , 174.4765625 
 629 , 172.8671875 
 630 , 177.40625 
 631 , 187.2421875 
 632 , 194.8515625 
 633 , 193.578125 
 634 , 185.671875 
 635 , 182.5078125 
 636 , 191.0390625 
 637 , 202.265625 
 638 , 202.875 
 639 , 190.8359375 
 640 , 178.8515625 
 641 , 175.1796875 
 642 , 175.9375 
 643 , 173.640625 
 644 , 166.6875 
 645 , 160.125 
 646 , 159.671875 
 647 , 166.453125 
 648 , 175.5234375 
 649 , 178.21875 
 650 , 169.0234375 
 651 , 151.265625 
 652 , 134.9765625 
 653 , 128.71875 
 654 , 133.0234375 
 655 , 144.1953125 
 656 , 161.328125 
 657 , 183.40625 
 658 , 207.453125 
 659 , 230.71875 
 660 , 253.9921875 
 661 , 278.53125 
 662 , 302.828125 
 663 , 322.578125 
 664 , 333.765625 
 665 , 335.2421875 
 666 , 327.59375 
 667 , 313.46875 
 668 , 296.4296875 
 669 , 277.5703125 
 670 , 253.2890625 
 671 , 221.15625 
 672 , 185.3125 
 673 , 155.0859375 
 674 , 135.4375 
 675 , 118.9296875 
 676 , 95.8671875 
 677 , 67.3671875 
 678 , 44 
 679 , 32.1484375 
 680 , 23.265625 
 681 , 8.296875 
 682 ,-10.5078125 
 683 ,-21.0078125 
 684 ,-16.9609375 
 685 ,-4.69921875 
 686 , 6.09375 
 687 , 11.57421875 
 688 , 15.63671875 
 689 , 23.9609375 
 690 , 34.43359375 
 691 , 43.33203125 
 692 , 51.06640625 
 693 , 60.82421875 
 694 , 70.60546875 
 695 , 75.62109375 
 696 , 73.5390625 
 697 , 68.4609375 
 698 , 71.2109375 
 699 , 91.0625 
 700 , 125.4609375 
 701 , 167.49609375 
 702 , 213.25 
 703 , 260.640625 
 704 , 303.39453125 
 705 , 336.28515625 
 706 , 361.88671875 
 707 , 384.03125 
 708 , 398.95703125 
 709 , 398.03515625 
 710 , 385.43359375 
 711 , 373.375 
 712 , 365.89453125 
 713 , 352.03125 
 714 , 322.1796875 
 715 , 285.6953125 
 716 , 259.4609375 
 717 , 249.94921875 
 718 , 247.55078125 
 719 , 241.9375 
 720 , 233.01171875 
 721 , 226.34375 
 722 , 223.56640625 
 723 , 217.8359375 
 724 , 200.296875 
 725 , 171.5703125 
 726 , 141.73046875 
 727 , 119.7578125 
 728 , 104.27734375 
 729 , 85.875 
 730 , 59.3203125 
 731 , 31.77734375 
 732 , 14.23046875 
 733 , 10.078125 
 734 , 12.6171875 
 735 , 12.08984375 
 736 , 5.8046875 
 737 ,-0.546875 
 738 , 2.41796875 
 739 , 18.28515625 
 740 , 37.53515625 
 741 , 47.8359375 
 742 , 48.7734375 
 743 , 51.1796875 
 744 , 61.046875 
 745 , 68.8828125 
 746 , 67.70703125 
 747 , 63.9609375 
 748 , 67.65625 
 749 , 78.7734375 
 750 , 83.57421875 
 751 , 73.0859375 
 752 , 54.65625 
 753 , 40.25390625 
 754 , 32.9921875 
 755 , 26.140625 
 756 , 14.171875 
 757 , 1.484375 
 758 ,-0.39453125 
 759 , 16.1640625 
 760 , 45.1015625 
 761 , 74.49609375 
 762 , 100.24609375 
 763 , 128.41015625 
 764 , 165.57421875 
 765 , 204.85546875 
 766 , 229.16796875 
 767 , 234.45703125 
 768 , 232.21875 
 769 , 231.859375 
 770 , 228.421875 
 771 , 213.27734375 
 772 , 193.140625 
 773 , 181.75390625 
 774 , 182.18359375 
 775 , 181.20703125 
 776 , 167.5078125 
 777 , 149.2421875 
 778 , 142.7890625 
 779 , 152.28125 
 780 , 164.7421875 
 781 , 168.171875 
 782 , 165.41015625 
 783 , 165.390625 
 784 , 170.24609375 
 785 , 173.10546875 
 786 , 167.75390625 
 787 , 155.67578125 
 788 , 139.08203125 
 789 , 119.20703125 
 790 , 97.49609375 
 791 , 74.56640625 
 792 , 50.87890625 
 793 , 24.9765625 
 794 , 2.81640625 
 795 ,-3.95703125 
 796 , 8.60546875 
 797 , 26.6875 
 798 , 35.1015625 
 799 , 35.78125 
 800 , 39.38671875 
 801 , 47.42578125 
 802 , 49.140625 
 803 , 35.171875 
 804 , 16.42578125 
 805 , 6.875 
 806 , 7.83203125 
 807 , 9.44140625 
 808 , 5.26171875 
 809 ,-2.07421875 
 810 ,-7.15625 
 811 ,-6.40625 
 812 ,-0.6484375 
 813 , 6.06640625 
 814 , 10.625 
 815 , 15.9296875 
 816 , 27.07421875 
 817 , 43.9140625 
 818 , 61.1640625 
 819 , 72.79296875 
 820 , 79.1484375 
 821 , 86.45703125 
 822 , 93.98828125 
 823 , 96.3984375 
 824 , 95.3203125 
 825 , 101.03125 
 826 , 121.58984375 
 827 , 153.84375 
 828 , 189.7578125 
 829 , 223.01171875 
 830 , 251.34375 
 831 , 276.86328125 
 832 , 302.359375 
 833 , 326.453125 
 834 , 342.44921875 
 835 , 346.15234375 
 836 , 342.71484375 
 837 , 338.3828125 
 838 , 333.45703125 
 839 , 326.13671875 
 840 , 317.5703125 
 841 , 312.53125 
 842 , 313.9609375 
 843 , 317.62109375 
 844 , 318.4453125 
 845 , 316.93359375 
 846 , 317.54296875 
 847 , 322.0546875 
 848 , 327.08984375 
 849 , 330.09375 
 850 , 331.46875 
 851 , 334.08984375 
 852 , 339.734375 
 853 , 345.796875 
 854 , 348.5078125 
 855 , 348.7890625 
 856 , 350.515625 
 857 , 355.12890625 
 858 , 359.96484375 
 859 , 362.51171875 
 860 , 362.48046875 
 861 , 360.2421875 
 862 , 356.4296875 
 863 , 353.3671875 
 864 , 353.5390625 
 865 , 356.58984375 
 866 , 360.109375 
 867 , 358.99609375 
 868 , 344.84765625 
 869 , 313.21875 
 870 , 274.25390625 
 871 , 241.9921875 
 872 , 217.984375 
 873 , 192.63671875 
 874 , 161.9140625 
 875 , 134.60546875 
 876 , 118.75390625 
 877 , 106.70703125 
 878 , 86.58203125 
 879 , 58.8359375 
 880 , 34.4140625 
 881 , 19.796875 
 882 , 11.13671875 
 883 , 3.4609375 
 884 ,-1.28125 
 885 , 2.45703125 
 886 , 17.0234375 
 887 , 37.91015625 
 888 , 59.5703125 
 889 , 79.75 
 890 , 99.32421875 
 891 , 117.69140625 
 892 , 131.0625 
 893 , 134.953125 
 894 , 130.30859375 
 895 , 120.0703125 
 896 , 107.5390625 
 897 , 94.6953125 
 898 , 82.25 
 899 , 70.36328125 
 900 , 58.99609375 
 901 , 47.16015625 
 902 , 33.26953125 
 903 , 18.3046875 
 904 , 6.0390625 
 905 ,-0.30859375 
 906 , 0.2890625 
 907 , 8.296875 
 908 , 23.4453125 
 909 , 43.53515625 
 910 , 63.8671875 
 911 , 81.921875 
 912 , 98.90234375 
 913 , 117.3359375 
 914 , 134.12109375 
 915 , 144.67578125 
 916 , 150.19921875 
 917 , 155.01171875 
 918 , 162.14453125 
 919 , 170.78515625 
 920 , 176.83203125 
 921 , 177.93359375 
 922 , 175.59765625 
 923 , 172.18359375 
 924 , 167.45703125 
 925 , 160.796875 
 926 , 155.98828125 
 927 , 157.88671875 
 928 , 165.34375 
 929 , 173.0625 
 930 , 173.05859375 
 931 , 160.19140625 
 932 , 142.16015625 
 933 , 133.57421875 
 934 , 139.8671875 
 935 , 149.015625 
 936 , 149.296875 
 937 , 143.51171875 
 938 , 140.01171875 
 939 , 140.91015625 
 940 , 143.2421875 
 941 , 144.0234375 
 942 , 138.484375 
 943 , 122.3515625 
 944 , 101.19921875 
 945 , 85.765625 
 946 , 79.93359375 
 947 , 78.1328125 
 948 , 76.62109375 
 949 , 80.46875 
 950 , 95.8125 
 951 , 119.65625 
 952 , 144.0546875 
 953 , 164.1796875 
 954 , 181.453125 
 955 , 198.2734375 
 956 , 214 
 957 , 225.25390625 
 958 , 229.64453125 
 959 , 228.43359375 
 960 , 224.28515625 
 961 , 219.2265625 
 962 , 214.72265625 
 963 , 215.01953125 
 964 , 226.15625 
 965 , 247.6328125 
 966 , 272.0078125 
 967 , 294.171875 
 968 , 314.16796875 
 969 , 331.54296875 
 970 , 343.84375 
 971 , 350.66015625 
 972 , 354.33984375 
 973 , 355.76953125 
 974 , 354.04296875 
 975 , 347.29296875 
 976 , 334.765625 
 977 , 321.359375 
 978 , 315.8984375 
 979 , 321.58203125 
 980 , 330.84375 
 981 , 335.53515625 
 982 , 333.09375 
 983 , 323.45703125 
 984 , 305.73046875 
 985 , 277.48828125 
 986 , 240.0703125 
 987 , 201.7421875 
 988 , 169.4765625 
 989 , 140.6640625 
 990 , 110.015625 
 991 , 80.52734375 
 992 , 60.07421875 
 993 , 50.63671875 
 994 , 41.4609375 
 995 , 21.95703125 
 996 ,-2.375 
 997 ,-16.8203125 
 998 ,-16.4765625 
 999 ,-8.48046875 
 1000 , 0.91015625 
 1001 , 13.671875 
 1002 , 32.375 
 1003 , 55.25 
 1004 , 76.9453125 
 1005 , 90.7265625 
 1006 , 91.66015625 
 1007 , 80.1640625 
 1008 , 65.8046875 
 1009 , 58.58984375 
 1010 , 55.62109375 
 1011 , 48.5078125 
 1012 , 38.76953125 
 1013 , 39.75390625 
 1014 , 58.6015625 
 1015 , 81.9296875 
 1016 , 94.1171875 
 1017 , 94.8203125 
 1018 , 91.75390625 
 1019 , 88.90234375 
 1020 , 84.83203125 
 1021 , 79.03515625 
 1022 , 75.32421875 
 1023 , 78.05859375 
 1024 , 87.80078125 
 1025 , 103.05859375 
 1026 , 118.65625 
 1027 , 125.4921875 
 1028 , 118.1875 
 1029 , 101.55078125 
 1030 , 81.73046875 
 1031 , 61.66796875 
 1032 , 43.3125 
 1033 , 28.29296875 
 1034 , 16.41015625 
 1035 , 6.34375 
 1036 , 0.5859375 
 1037 , 3.08984375 
 1038 , 12.6796875 
 1039 , 24.17578125 
 1040 , 35.1328125 
 1041 , 47.3984375 
 1042 , 61.9140625 
 1043 , 74.39453125 
 1044 , 79.98828125 
 1045 , 80.7421875 
 1046 , 83.3671875 
 1047 , 89.7109375 
 1048 , 96.27734375 
 1049 , 99.84765625 
 1050 , 98.171875 
 1051 , 89.45703125 
 1052 , 75.47265625 
 1053 , 60.703125 
 1054 , 46.97265625 
 1055 , 34.4140625 
 1056 , 22.6875 
 1057 , 11.28125 
 1058 ,-0.27734375 
 1059 ,-8.625 
 1060 ,-7.79296875 
 1061 , 4.703125 
 1062 , 26.9765625 
 1063 , 56.31640625 
 1064 , 88.87109375 
 1065 , 121.52734375 
 1066 , 146.60546875 
 1067 , 155.0546875 
 1068 , 146.9453125 
 1069 , 131.4140625 
 1070 , 114.84375 
 1071 , 95.3671875 
 1072 , 71.5703125 
 1073 , 47.6171875 
 1074 , 29.59765625 
 1075 , 18.1875 
 1076 , 11.078125 
 1077 , 8.10546875 
 1078 , 10.0234375 
 1079 , 15.23046875 
 1080 , 15.421875 
 1081 , 3.953125 
 1082 ,-11.62890625 
 1083 ,-16.28515625 
 1084 ,-5.52734375 
 1085 , 10.3828125 
 1086 , 22.8359375 
 1087 , 30.07421875 
 1088 , 32.32421875 
 1089 , 37.75390625 
 1090 , 56.734375 
 1091 , 82.69140625 
 1092 , 91.65234375 
 1093 , 74.875 
 1094 , 56.48046875 
 1095 , 58.37890625 
 1096 , 68.265625 
 1097 , 64.25390625 
 1098 , 51.73828125 
 1099 , 56.96484375 
 1100 , 90.8359375 
 1101 , 137.359375 
 1102 , 179.43359375 
 1103 , 206.56640625 
 1104 , 211.6328125 
 1105 , 202.296875 
 1106 , 193.921875 
 1107 , 191.67578125 
 1108 , 188.64453125 
 1109 , 181.12890625 
 1110 , 175.11328125 
 1111 , 176.5078125 
 1112 , 181.609375 
 1113 , 183.48046875 
 1114 , 178.984375 
 1115 , 167.91796875 
 1116 , 150.3515625 
 1117 , 126.73828125 
 1118 , 100.5859375 
 1119 , 77.08984375 
 1120 , 60.3125 
 1121 , 45.12890625 
 1122 , 20.265625 
 1123 ,-10.10546875 
 1124 ,-22.8125 
 1125 ,-4.6875 
 1126 , 16.51953125 
 1127 , 11.12109375 
 1128 ,-4.0234375 
 1129 , 3.66796875 
 1130 , 33.40625 
 1131 , 53.66015625 
 1132 , 49 
 1133 , 39.81640625 
 1134 , 44.40625 
 1135 , 56.8359375 
 1136 , 63.2109375 
 1137 , 61.82421875 
 1138 , 58.80078125 
 1139 , 57.16015625 
 1140 , 56.953125 
 1141 , 59.21875 
 1142 , 64.40234375 
 1143 , 71.1953125 
 1144 , 76.23046875 
 1145 , 74.51171875 
 1146 , 64.48046875 
 1147 , 42.67578125 
 1148 , 14.64453125 
 1149 , 2.06640625 
 1150 , 17.859375 
 1151 , 39.8125 
 1152 , 42.59765625 
 1153 , 39.7734375 
 1154 , 62.0859375 
 1155 , 107.8828125 
 1156 , 145.01953125 
 1157 , 151.66796875 
 1158 , 140.3828125 
 1159 , 124.8828125 
 1160 , 103.2265625 
 1161 , 70.01953125 
 1162 , 32.01953125 
 1163 ,-1.6796875 
 1164 ,-21.28515625 
 1165 ,-14.32421875 
 1166 , 23.65234375 
 1167 , 72.3515625 
 1168 , 109.62890625 
 1169 , 134.1484375 
 1170 , 155.01953125 
 1171 , 184.66796875 
 1172 , 233.09765625 
 1173 , 294.2578125 
 1174 , 350.7265625 
 1175 , 386.23828125 
 1176 , 394.25390625 
 1177 , 374.53125 
 1178 , 341.5625 
 1179 , 312.02734375 
 1180 , 294.3046875 
 1181 , 293.82421875 
 1182 , 308 
 1183 , 320.3828125 
 1184 , 318.4921875 
 1185 , 307.00390625 
 1186 , 293.5546875 
 1187 , 281.9296875 
 1188 , 273.765625 
 1189 , 266.4375 
 1190 , 254.234375 
 1191 , 239.62890625 
 1192 , 237.78515625 
 1193 , 257.95703125 
 1194 , 286.13671875 
 1195 , 305.03515625 
 1196 , 313.4921875 
 1197 , 318.69140625 
 1198 , 318.203125 
 1199 , 297.8359375 
 1200 , 257.55859375 
 1201 , 224.82421875 
 1202 , 220.28125 
 1203 , 231.53125 
 1204 , 241.39453125 
 1205 , 247.7890625 
 1206 , 254.3984375 
 1207 , 256.3671875 
 1208 , 243.50390625 
 1209 , 211.83203125 
 1210 , 161.8203125 
 1211 , 100.51953125 
 1212 , 61.40625 
 1213 , 76.86328125 
 1214 , 129.91015625 
 1215 , 183.43359375 
 1216 , 217.8828125 
 1217 , 232.1796875 
 1218 , 228.12109375 
 1219 , 202.73828125 
 1220 , 161.08203125 
 1221 , 133.2578125 
 1222 , 145.9453125 
 1223 , 189.390625 
 1224 , 241.5625 
 1225 , 279.04296875 
 1226 , 282.05859375 
 1227 , 254.77734375 
 1228 , 218.90625 
 1229 , 190.22265625 
 1230 , 182.01953125 
 1231 , 205.421875 
 1232 , 249.43359375 
 1233 , 294.28125 
 1234 , 321.41015625 
 1235 , 318.83203125 
 1236 , 303.6171875 
 1237 , 312.71875 
 1238 , 358.5 
 1239 , 415.28515625 
 1240 , 463.53125 
 1241 , 520.515625 
 1242 , 608.0234375 
 1243 , 704.5859375 
 1244 , 768.984375 
 1245 , 799.50390625 
 1246 , 830.14453125 
 1247 , 873.41015625 
 1248 , 907.34375 
 1249 , 919.71875 
 1250 , 924.37890625 
 1251 , 933.41796875 
 1252 , 945.453125 
 1253 , 957.359375 
 1254 , 962.35546875 
 1255 , 949.95703125 
 1256 , 920.11328125 
 1257 , 884.7578125 
 1258 , 852.91015625 
 1259 , 825.765625 
 1260 , 806.1328125 
 1261 , 799.90234375 
 1262 , 807.25390625 
 1263 , 813.5 
 1264 , 805.6328125 
 1265 , 794.40234375 
 1266 , 799.9453125 
 1267 , 823.73046875 
 1268 , 845.50390625 
 1269 , 854.46875 
 1270 , 870.47265625 
 1271 , 905.671875 
 1272 , 922.5234375 
 1273 , 883.01171875 
 1274 , 821.828125 
 1275 , 797.51171875 
 1276 , 807.08203125 
 1277 , 806.69140625 
 1278 , 791.63671875 
 1279 , 802.25 
 1280 , 854.1875 
 1281 , 915.609375 
 1282 , 960.05078125 
 1283 , 988.50390625 
 1284 , 1006.390625 
 1285 , 1022.73828125 
 1286 , 1048.40234375 
 1287 , 1079.66015625 
 1288 , 1102.84765625 
 1289 , 1120.62109375 
 1290 , 1152.4140625 
 1291 , 1199.0859375 
 1292 , 1230.7734375 
 1293 , 1227.921875 
 1294 , 1203.38671875 
 1295 , 1171.796875 
 1296 , 1140.0703125 
 1297 , 1115.4765625 
 1298 , 1093.89453125 
 1299 , 1061.35546875 
 1300 , 1032.96875 
 1301 , 1049.7578125 
 1302 , 1111.5546875 
 1303 , 1164.16015625 
 1304 , 1178.09765625 
 1305 , 1188.296875 
 1306 , 1228.18359375 
 1307 , 1282.453125 
 1308 , 1323.49609375 
 1309 , 1342.8359375 
 1310 , 1341.83203125 
 1311 , 1330.08203125 
 1312 , 1321.90234375 
 1313 , 1318.91015625 
 1314 , 1312.03125 
 1315 , 1301.1640625 
 1316 , 1303.57421875 
 1317 , 1333.8984375 
 1318 , 1384.53125 
 1319 , 1442.01171875 
 1320 , 1504.72265625 
 1321 , 1575.0234375 
 1322 , 1629.36328125 
 1323 , 1631.50390625 
 1324 , 1591.03125 
 1325 , 1559.16015625 
 1326 , 1553.5 
 1327 , 1540.390625 
 1328 , 1509.16796875 
 1329 , 1508.2734375 
 1330 , 1571.84375 
 1331 , 1660.84765625 
 1332 , 1728.890625 
 1333 , 1769.27734375 
 1334 , 1786.23046875 
 1335 , 1785.8515625 
 1336 , 1775.99609375 
 1337 , 1759.7578125 
 1338 , 1738.43359375 
 1339 , 1713.6484375 
 1340 , 1689.04296875 
 1341 , 1665.08203125 
 1342 , 1632.68359375 
 1343 , 1591.47265625 
 1344 , 1570.35546875 
 1345 , 1590.734375 
 1346 , 1622.05859375 
 1347 , 1626.12890625 
 1348 , 1620.8984375 
 1349 , 1654.23828125 
 1350 , 1713.44140625 
 1351 , 1725.48046875 
 1352 , 1667.28515625 
 1353 , 1600.81640625 
 1354 , 1576.8515625 
 1355 , 1586.3671875 
 1356 , 1601.234375 
 1357 , 1587.82421875 
 1358 , 1525.30859375 
 1359 , 1425.53515625 
 1360 , 1306.28125 
 1361 , 1200.26171875 
 1362 , 1156.39453125 
 1363 , 1176.26171875 
 1364 , 1205.76171875 
 1365 , 1214.95703125 
 1366 , 1226.07421875 
 1367 , 1249.35546875 
 1368 , 1244.9140625 
 1369 , 1180.24609375 
 1370 , 1089.27734375 
 1371 , 1019.828125 
 1372 , 983.6484375 
 1373 , 974.04296875 
 1374 , 993.796875 
 1375 , 1048.13671875 
 1376 , 1097.0546875 
 1377 , 1081.21484375 
 1378 , 1006.375 
 1379 , 934.80078125 
 1380 , 887.3671875 
 1381 , 820.671875 
 1382 , 721.69921875 
 1383 , 661.86328125 
 1384 , 692.421875 
 1385 , 749.1796875 
 1386 , 756.546875 
 1387 , 709.7421875 
 1388 , 632.8828125 
 1389 , 561.69921875 
 1390 , 530.56640625 
 1391 , 530.8515625 
 1392 , 511.421875 
 1393 , 460.0546875 
 1394 , 433.32421875 
 1395 , 462.16796875 
 1396 , 502.8046875 
 1397 , 511.35546875 
 1398 , 487.89453125 
 1399 , 445.97265625 
 1400 , 386.81640625 
 1401 , 301.71875 
 1402 , 218.515625 
 1403 , 187.35546875 
 1404 , 203.328125 
 1405 , 217.9375 
 1406 , 212.69140625 
 1407 , 207.70703125 
 1408 , 224.95703125 
 1409 , 275.73046875 
 1410 , 342.44140625 
 1411 , 371.77734375 
 1412 , 347.046875 
 1413 , 330.3984375 
 1414 , 364.97265625 
 1415 , 423.3828125 
 1416 , 481.5703125 
 1417 , 535.22265625 
 1418 , 568.73828125 
 1419 , 578.0234375 
 1420 , 587.44921875 
 1421 , 608.6171875 
 1422 , 613.9453125 
 1423 , 586.08984375 
 1424 , 554.28515625 
 1425 , 540.48046875 
 1426 , 518.25 
 1427 , 471.8515625 
 1428 , 454.9765625 
 1429 , 513.75390625 
 1430 , 594.61328125 
 1431 , 628.4609375 
 1432 , 623.9375 
 1433 , 616.55859375 
 1434 , 612.27734375 
 1435 , 597.61328125 
 1436 , 571.28515625 
 1437 , 546.30859375 
 1438 , 522.171875 
 1439 , 487.3671875 
 1440 , 451.16015625 
 1441 , 440.82421875 
 1442 , 463.75 
 1443 , 500.1640625 
 1444 , 536.92578125 
 1445 , 575.03515625 
 1446 , 614.66015625 
 1447 , 651.80078125 
 1448 , 681.55078125 
 1449 , 704.61328125 
 1450 , 726.40234375 
 1451 , 729.1640625 
 1452 , 679.88671875 
 1453 , 618.3359375 
 1454 , 639.41015625 
 1455 , 747.890625 
 1456 , 858.90625 
 1457 , 923.41015625 
 1458 , 955.1328125 
 1459 , 977.05859375 
 1460 , 987.97265625 
 1461 , 975.8984375 
 1462 , 950.078125 
 1463 , 923.1171875 
 1464 , 875.76953125 
 1465 , 786.4453125 
 1466 , 673.5078125 
 1467 , 572.2265625 
 1468 , 513.33984375 
 1469 , 509.0859375 
 1470 , 516.20703125 
 1471 , 476.29296875 
 1472 , 395.25390625 
 1473 , 320.18359375 
 1474 , 284.31640625 
 1475 , 300.8515625 
 1476 , 357.23046875 
 1477 , 423.46484375 
 1478 , 475.85546875 
 1479 , 492.23828125 
 1480 , 458.6171875 
 1481 , 383.74609375 
 1482 , 293.25390625 
 1483 , 241.49609375 
 1484 , 257.83984375 
 1485 , 280.65234375 
 1486 , 251.9765625 
 1487 , 203.65625 
 1488 , 184.37890625 
 1489 , 214.48046875 
 1490 , 299.8203125 
 1491 , 402.1640625 
 1492 , 463.5390625 
 1493 , 467.19140625 
 1494 , 429.0546875 
 1495 , 378.4765625 
 1496 , 345.65625 
 1497 , 333.34765625 
 1498 , 323.6484375 
 1499 , 309.625 
 1500 , 297.91015625 
 1501 , 296.51171875 
 1502 , 307.43359375 
 1503 , 325.09765625 
 1504 , 341.87890625 
 1505 , 356.4765625 
 1506 , 364.50390625 
 1507 , 356.83203125 
 1508 , 341.4453125 
 1509 , 328.37890625 
 1510 , 276.23046875 
 1511 , 138.59375 
 1512 , 2.83203125 
 1513 ,-5.5 
 1514 , 82.19921875 
 1515 , 156.91015625 
 1516 , 188.2890625 
 1517 , 198.515625 
 1518 , 199.328125 
 1519 , 198.56640625 
 1520 , 208.29296875 
 1521 , 233.6015625 
 1522 , 265.31640625 
 1523 , 277.44921875 
 1524 , 262.08984375 
 1525 , 238.44921875 
 1526 , 215.515625 
 1527 , 176.390625 
 1528 , 111.89453125 
 1529 , 55.7421875 
 1530 , 45.7734375 
 1531 , 76.796875 
 1532 , 128.33984375 
 1533 , 200.84375 
 1534 , 303.76171875 
 1535 , 411.22265625 
 1536 , 479.95703125 
 1537 , 496.83984375 
 1538 , 468.1171875 
 1539 , 415.01953125 
 1540 , 364.09765625 
 1541 , 322.5625 
 1542 , 292.37890625 
 1543 , 280.59375 
 1544 , 286.3359375 
 1545 , 288.5390625 
 1546 , 260.0859375 
 1547 , 212.96875 
 1548 , 185.046875 
 1549 , 181.890625 
 1550 , 190.58984375 
 1551 , 210.3515625 
 1552 , 239.1171875 
 1553 , 271.62109375 
 1554 , 302.85546875 
 1555 , 328.109375 
 1556 , 347.60546875 
 1557 , 362.4296875 
 1558 , 369.95703125 
 1559 , 367.26171875 
 1560 , 359.46484375 
 1561 , 353.98046875 
 1562 , 339.52734375 
 1563 , 301.18359375 
 1564 , 257.6484375 
 1565 , 235.640625 
 1566 , 221.5 
 1567 , 189.01953125 
 1568 , 161.52734375 
 1569 , 182.21484375 
 1570 , 258.7578125 
 1571 , 374.80078125 
 1572 , 476.09765625 
 1573 , 504.16796875 
 1574 , 484.7890625 
 1575 , 481.99609375 
 1576 , 491.40625 
 1577 , 464.421875 
 1578 , 403.81640625 
 1579 , 357.578125 
 1580 , 341.82421875 
 1581 , 336.32421875 
 1582 , 330.1171875 
 1583 , 330.66015625 
 1584 , 346.515625 
 1585 , 376.078125 
 1586 , 404.44921875 
 1587 , 411.3203125 
 1588 , 405.1953125 
 1589 , 426.48828125 
 1590 , 486.1484375 
 1591 , 558.29296875 
 1592 , 623.8046875 
 1593 , 657.98046875 
 1594 , 645.48046875 
 1595 , 621.08203125 
 1596 , 621.91796875 
 1597 , 646.22265625 
 1598 , 671.35546875 
 1599 , 661.3359375 
 1600 , 602.375 
 1601 , 542.90234375 
 1602 , 528.4140625 
 1603 , 539.98828125 
 1604 , 549.62890625 
 1605 , 571.85546875 
 1606 , 624.671875 
 1607 , 664.76953125 
 1608 , 638.890625 
 1609 , 577.00390625 
 1610 , 532.73046875 
 1611 , 501.9453125 
 1612 , 460.29296875 
 1613 , 416.12890625 
 1614 , 391.41015625 
 1615 , 385 
 1616 , 384.0859375 
 1617 , 384.8671875 
 1618 , 392.21875 
 1619 , 400.125 
 1620 , 386.2734375 
 1621 , 347.2421875 
 1622 , 304.51953125 
 1623 , 280.84765625 
 1624 , 289.6015625 
 1625 , 324.69921875 
 1626 , 373.16015625 
 1627 , 413.78515625 
 1628 , 409.55078125 
 1629 , 360.171875 
 1630 , 308.625 
 1631 , 269.10546875 
 1632 , 222.42578125 
 1633 , 167.12890625 
 1634 , 124.08984375 
 1635 , 114.79296875 
 1636 , 145.7109375 
 1637 , 203.1015625 
 1638 , 273.37109375 
 1639 , 343.9296875 
 1640 , 382.66015625 
 1641 , 363.6171875 
 1642 , 286.50390625 
 1643 , 192.61328125 
 1644 , 160.0078125 
 1645 , 198.2265625 
 1646 , 236.87890625 
 1647 , 242.765625 
 1648 , 234.7421875 
 1649 , 231.63671875 
 1650 , 244.33203125 
 1651 , 271.0703125 
 1652 , 290.98046875 
 1653 , 292.7890625 
 1654 , 283.05859375 
 1655 , 268.4375 
 1656 , 268.2578125 
 1657 , 286.21875 
 1658 , 270.79296875 
 1659 , 201.59765625 
 1660 , 150.52734375 
 1661 , 158.94140625 
 1662 , 169.3203125 
 1663 , 141.859375 
 1664 , 113.2109375 
 1665 , 112.48828125 
 1666 , 123.7421875 
 1667 , 134.88671875 
 1668 , 149.9375 
 1669 , 174.88671875 
 1670 , 228.671875 
 1671 , 306.4765625 
 1672 , 333.734375 
 1673 , 274.9765625 
 1674 , 216.109375 
 1675 , 217.59375 
 1676 , 236.1875 
 1677 , 235.66015625 
 1678 , 228.15234375 
 1679 , 226.30859375 
 1680 , 235.29296875 
 1681 , 253.203125 
 1682 , 257.3359375 
 1683 , 240.47265625 
 1684 , 241.8125 
 1685 , 275.703125 
 1686 , 284.93359375 
 1687 , 243.82421875 
 1688 , 214.13671875 
 1689 , 233.86328125 
 1690 , 277.22265625 
 1691 , 323.203125 
 1692 , 350.6484375 
 1693 , 340.359375 
 1694 , 317.5234375 
 1695 , 305.6171875 
 1696 , 268.78125 
 1697 , 192.8203125 
 1698 , 166.6484375 
 1699 , 239.3203125 
 1700 , 315.78515625 
 1701 , 325.6171875 
 1702 , 311.8828125 
 1703 , 309.99609375 
 1704 , 299.98828125 
 1705 , 271.1953125 
 1706 , 243.52734375 
 1707 , 227.51171875 
 1708 , 207.6875 
 1709 , 176.43359375 
 1710 , 104.47265625 
 1711 , 0.65625 
 1712 ,-34.50390625 
 1713 , 42.80859375 
 1714 , 139.18359375 
 1715 , 188.53125 
 1716 , 214.94140625 
 1717 , 237.4296875 
 1718 , 242.96875 
 1719 , 244.12890625 
 1720 , 273.85546875 
 1721 , 336.85546875 
 1722 , 381.14453125 
 1723 , 380.84765625 
 1724 , 364.19140625 
 1725 , 354.2578125 
 1726 , 355.7265625 
 1727 , 357.11328125 
 1728 , 322.96484375 
 1729 , 241.0078125 
 1730 , 143.203125 
 1731 , 68.67578125 
 1732 , 48.7109375 
 1733 , 70.08203125 
 1734 , 85.75390625 
 1735 , 92.5625 
 1736 , 113.765625 
 1737 , 137.22265625 
 1738 , 133.3046875 
 1739 , 112.67578125 
 1740 , 114.76953125 
 1741 , 145.77734375 
 1742 , 182.59765625 
 1743 , 208.3125 
 1744 , 216.1015625 
 1745 , 217.80078125 
 1746 , 231.234375 
 1747 , 246.6875 
 1748 , 247.40625 
 1749 , 251.5 
 1750 , 285.98828125 
 1751 , 307.1953125 
 1752 , 241.65625 
 1753 , 137.1484375 
 1754 , 102.27734375 
 1755 , 148.16796875 
 1756 , 230.90234375 
 1757 , 302.4765625 
 1758 , 327.6171875 
 1759 , 333.94140625 
 1760 , 361.33984375 
 1761 , 408.3125 
 1762 , 460.48046875 
 1763 , 496.84375 
 1764 , 500.171875 
 1765 , 488.44921875 
 1766 , 485.8515625 
 1767 , 479.88671875 
 1768 , 454.546875 
 1769 , 421.95703125 
 1770 , 394.38671875 
 1771 , 374.5234375 
 1772 , 359.71484375 
 1773 , 333.3828125 
 1774 , 297.6796875 
 1775 , 305.89453125 
 1776 , 377.75390625 
 1777 , 442.4921875 
 1778 , 444.76953125 
 1779 , 374.88671875 
 1780 , 252.7578125 
 1781 , 162.42578125 
 1782 , 153.6640625 
 1783 , 191.34375 
 1784 , 238.61328125 
 1785 , 272.4140625 
 1786 , 272.36328125 
 1787 , 221.88671875 
 1788 , 142.87109375 
 1789 , 97.2578125 
 1790 , 110.1171875 
 1791 , 176.32421875 
 1792 , 256.4453125 
 1793 , 279.484375 
 1794 , 251.25390625 
 1795 , 231.38671875 
 1796 , 244.359375 
 1797 , 289.640625 
 1798 , 337.98046875 
 1799 , 349.5859375 
 1800 , 366.359375 
 1801 , 454.96875 
 1802 , 529 
 1803 , 463.39453125 
 1804 , 315.66015625 
 1805 , 197.60546875 
 1806 , 135.76953125 
 1807 , 118.80859375 
 1808 , 105.15234375 
 1809 , 69.1328125 
 1810 , 47.75 
 1811 , 62.40234375 
 1812 , 76.75 
 1813 , 71 
 1814 , 62.859375 
 1815 , 73.03125 
 1816 , 139.4609375 
 1817 , 258.32421875 
 1818 , 336.3125 
 1819 , 329.08203125 
 1820 , 285.875 
 1821 , 244.3671875 
 1822 , 214.7734375 
 1823 , 192.71484375 
 1824 , 161.6328125 
 1825 , 140.88671875 
 1826 , 178.5859375 
 1827 , 259.01171875 
 1828 , 320.04296875 
 1829 , 346.93359375 
 1830 , 356.79296875 
 1831 , 363.27734375 
 1832 , 375.08984375 
 1833 , 379.453125 
 1834 , 358.2578125 
 1835 , 314.81640625 
 1836 , 264.5546875 
 1837 , 237.11328125 
 1838 , 251.2578125 
 1839 , 285.34375 
 1840 , 311.390625 
 1841 , 306.33984375 
 1842 , 270.765625 
 1843 , 250.80078125 
 1844 , 265.09375 
 1845 , 281.92578125 
 1846 , 292.93359375 
 1847 , 325.01171875 
 1848 , 374.0546875 
 1849 , 396.23828125 
 1850 , 397.51953125 
 1851 , 430.140625 
 1852 , 450.01953125 
 1853 , 351.70703125 
 1854 , 205.34375 
 1855 , 165.94921875 
 1856 , 184.9140625 
 1857 , 149.8828125 
 1858 , 153.28125 
 1859 , 302.8984375 
 1860 , 435.2109375 
 1861 , 387.65625 
 1862 , 275.8828125 
 1863 , 224.625 
 1864 , 214.19140625 
 1865 , 216.60546875 
 1866 , 241.80859375 
 1867 , 286.4453125 
 1868 , 309.27734375 
 1869 , 288.140625 
 1870 , 244.4140625 
 1871 , 210.68359375 
 1872 , 208.70703125 
 1873 , 225.5 
 1874 , 240.73046875 
 1875 , 261.96875 
 1876 , 296.28515625 
 1877 , 325.6796875 
 1878 , 335.9296875 
 1879 , 334.5625 
 1880 , 325.12890625 
 1881 , 306.66796875 
 1882 , 283.4296875 
 1883 , 254.10546875 
 1884 , 224.32421875 
 1885 , 223.8046875 
 1886 , 257.53125 
 1887 , 278.36328125 
 1888 , 265.296875 
 1889 , 244.34765625 
 1890 , 231.4453125 
 1891 , 230.703125 
 1892 , 242.30078125 
 1893 , 256.7890625 
 1894 , 255.69921875 
 1895 , 225.375 
 1896 , 212.109375 
 1897 , 267.86328125 
 1898 , 320.578125 
 1899 , 285.390625 
 1900 , 207.00390625 
 1901 , 149.3046875 
 1902 , 128.32421875 
 1903 , 140.55859375 
 1904 , 160.16796875 
 1905 , 178.46875 
 1906 , 220.40625 
 1907 , 282.5078125 
 1908 , 316.96484375 
 1909 , 323.98828125 
 1910 , 356.89453125 
 1911 , 399.2421875 
 1912 , 381.2578125 
 1913 , 323.73828125 
 1914 , 297.953125 
 1915 , 296.609375 
 1916 , 282.3046875 
 1917 , 266.3828125 
 1918 , 268.96484375 
 1919 , 273.5234375 
 1920 , 268.90625 
 1921 , 281.296875 
 1922 , 313.9140625 
 1923 , 327.2265625 
 1924 , 313.67578125 
 1925 , 303.14453125 
 1926 , 295.44921875 
 1927 , 266.94140625 
 1928 , 231.73046875 
 1929 , 217.76953125 
 1930 , 203.7578125 
 1931 , 167.40625 
 1932 , 155.0390625 
 1933 , 198.1953125 
 1934 , 185.9609375 
 1935 , 62.2890625 
 1936 ,-0.18359375 
 1937 , 89.15625 
 1938 , 201.1484375 
 1939 , 249.8671875 
 1940 , 246.8671875 
 1941 , 236.23046875 
 1942 , 271.6015625 
 1943 , 333.86328125 
 1944 , 359.8828125 
 1945 , 355.51953125 
 1946 , 351.37109375 
 1947 , 330.09375 
 1948 , 277.5703125 
 1949 , 242.5234375 
 1950 , 252.92578125 
 1951 , 253.921875 
 1952 , 216.3203125 
 1953 , 172.9140625 
 1954 , 149.33984375 
 1955 , 164.0390625 
 1956 , 204.69140625 
 1957 , 224.5859375 
 1958 , 219.328125 
 1959 , 212.22265625 
 1960 , 202.44921875 
 1961 , 186.18359375 
 1962 , 197.88671875 
 1963 , 248.515625 
 1964 , 243.80859375 
 1965 , 146.8203125 
 1966 , 71.64453125 
 1967 , 71.4140625 
 1968 , 95.6796875 
 1969 , 115.1328125 
 1970 , 120.5390625 
 1971 , 120.37890625 
 1972 , 142.18359375 
 1973 , 176.8125 
 1974 , 193.140625 
 1975 , 207.75 
 1976 , 246.625 
 1977 , 273.41015625 
 1978 , 259.84375 
 1979 , 247.66015625 
 1980 , 256.26171875 
 1981 , 249.26953125 
 1982 , 216.671875 
 1983 , 180.6015625 
 1984 , 159.1953125 
 1985 , 165.4375 
 1986 , 192.953125 
 1987 , 224.01171875 
 1988 , 230.4140625 
 1989 , 196.40234375 
 1990 , 157.765625 
 1991 , 147.578125 
 1992 , 165.6875 
 1993 , 196.73046875 
 1994 , 221.82421875 
 1995 , 261.35546875 
 1996 , 356.33203125 
 1997 , 442.12109375 
 1998 , 417.59765625 
 1999 , 346.54296875 
 2000 , 325.328125 
 2001 , 320.6171875 
 2002 , 293.49609375 
 2003 , 279.546875 
 2004 , 308.46875 
 2005 , 372.01171875 
 2006 , 411.7734375 
 2007 , 336.359375 
 2008 , 218.64453125 
 2009 , 220.09375 
 2010 , 291.41796875 
 2011 , 312.65625 
 2012 , 291.24609375 
 2013 , 265.1328125 
 2014 , 250.9375 
 2015 , 256.19140625 
 2016 , 275.8984375 
 2017 , 297.76953125 
 2018 , 306.58203125 
 2019 , 286.1953125 
 2020 , 222.828125 
 2021 , 143 
 2022 , 86.49609375 
 2023 , 47.05859375 
 2024 , 14.32421875 
 2025 , 8.29296875 
 2026 , 31.91015625 
 2027 , 54.58984375 
 2028 , 63.15234375 
 2029 , 60.7265625 
 2030 , 64.27734375 
 2031 , 100.75390625 
 2032 , 127.82421875 
 2033 , 88.1640625 
 2034 , 71.6484375 
 2035 , 151.33984375 
 2036 , 191.515625 
 2037 , 119.37109375 
 2038 , 54.26171875 
 2039 , 48.72265625 
 2040 , 50.99609375 
 2041 , 67.17578125 
 2042 , 140.67578125 
 2043 , 194.69140625 
 2044 , 135.9609375 
 2045 , 45.34765625 
 2046 , 11.70703125 
 2047 , 18.85546875 
 2048 , 44.84765625 
 2049 , 89.11328125 
 2050 , 127.30078125 
 2051 , 128.703125 
 2052 , 87.12109375 
 2053 , 19.30859375 
 2054 ,-15.9375 
 2055 , 23.98046875 
 2056 , 73.7421875 
 2057 , 83.0859375 
 2058 , 81.1875 
 2059 , 81.484375 
 2060 , 66.03125 
 2061 , 70.375 
 2062 , 144.87890625 
 2063 , 231.3359375 
 2064 , 244.80859375 
 2065 , 214.71484375 
 2066 , 194.33984375 
 2067 , 212.08203125 
 2068 , 253.89453125 
 2069 , 254.82421875 
 2070 , 220.359375 
 2071 , 215.26953125 
 2072 , 236.7265625 
 2073 , 251.87890625 
 2074 , 264.8125 
 2075 , 280.3046875 
 2076 , 275.3046875 
 2077 , 245.60546875 
 2078 , 223.07421875 
 2079 , 199.96875 
 2080 , 131.96875 
 2081 , 47.2890625 
 2082 , 9.98046875 
 2083 , 14.2265625 
 2084 , 29.90625 
 2085 , 43.74609375 
 2086 , 56.3203125 
 2087 , 76.21484375 
 2088 , 94.93359375 
 2089 , 96.16796875 
 2090 , 95.09765625 
 2091 , 109.51953125 
 2092 , 122.34375 
 2093 , 109.6171875 
 2094 , 58.22265625 
 2095 ,-4.53515625 
 2096 , 27.53125 
 2097 , 159.8828125 
 2098 , 278.87890625 
 2099 , 356.05859375 
 2100 , 418.39453125 
 2101 , 445.7265625 
 2102 , 421.5859375 
 2103 , 382.703125 
 2104 , 356.1953125 
 2105 , 332.87890625 
 2106 , 324.5078125 
 2107 , 361.33984375 
 2108 , 423.62109375 
 2109 , 466.94140625 
 2110 , 464.2734375 
 2111 , 410.640625 
 2112 , 352.76171875 
 2113 , 319.5078125 
 2114 , 295.0078125 
 2115 , 270.8984375 
 2116 , 248.71484375 
 2117 , 215.171875 
 2118 , 158.0703125 
 2119 , 114.16796875 
 2120 , 118.453125 
 2121 , 162.265625 
 2122 , 220.671875 
 2123 , 258.5859375 
 2124 , 259.2265625 
 2125 , 222.21484375 
 2126 , 163.50390625 
 2127 , 112.60546875 
 2128 , 123.5234375 
 2129 , 208.2734375 
 2130 , 283.91796875 
 2131 , 323.55859375 
 2132 , 370.12109375 
 2133 , 387.30078125 
 2134 , 307.28125 
 2135 , 175.25 
 2136 , 63.25 
 2137 , 7.90234375 
 2138 , 24.2421875 
 2139 , 101.8359375 
 2140 , 195.65234375 
 2141 , 237.9765625 
 2142 , 205.46875 
 2143 , 115.26953125 
 2144 , 59.890625 
 2145 , 94.953125 
 2146 , 165.5234375 
 2147 , 242.23046875 
 2148 , 334.703125 
 2149 , 396.78125 
 2150 , 365.34765625 
 2151 , 277.2890625 
 2152 , 183.10546875 
 2153 , 107.98828125 
 2154 , 55.46484375 
 2155 , 10.1484375 
 2156 ,-14.54296875 
 2157 , 10.0859375 
 2158 , 59.30859375 
 2159 , 96.50390625 
 2160 , 122.86328125 
 2161 , 154.23828125 
 2162 , 213.87109375 
 2163 , 281.48046875 
 2164 , 291.87109375 
 2165 , 263.48046875 
 2166 , 237.1640625 
 2167 , 173.41015625 
 2168 , 78.99609375 
 2169 , 90.94140625 
 2170 , 197.6875 
 2171 , 226.453125 
 2172 , 190.890625 
 2173 , 195.42578125 
 2174 , 234.9609375 
 2175 , 279.33984375 
 2176 , 316.328125 
 2177 , 334.19140625 
 2178 , 320.44921875 
 2179 , 277.58203125 
 2180 , 222.4140625 
 2181 , 196.36328125 
 2182 , 225.74609375 
 2183 , 277.1953125 
 2184 , 306.48828125 
 2185 , 273.87890625 
 2186 , 223.43359375 
 2187 , 234.07421875 
 2188 , 246.8125 
 2189 , 204.1484375 
 2190 , 185.74609375 
 2191 , 222.5078125 
 2192 , 250.25390625 
 2193 , 251.85546875 
 2194 , 245.6015625 
 2195 , 235.00390625 
 2196 , 226.0546875 
 2197 , 242.67578125 
 2198 , 283.75 
 2199 , 311.0546875 
 2200 , 304.53125 
 2201 , 263.23828125 
 2202 , 209.58203125 
 2203 , 165.85546875 
 2204 , 133.56640625 
 2205 , 109.98046875 
 2206 , 91.34375 
 2207 , 91.4609375 
 2208 , 132.515625 
 2209 , 208.2421875 
 2210 , 291.85546875 
 2211 , 332.46484375 
 2212 , 314.984375 
 2213 , 272.4453125 
 2214 , 215.70703125 
 2215 , 145.30078125 
 2216 , 92.16015625 
 2217 , 72.2421875 
 2218 , 46.80859375 
 2219 , 25.33203125 
 2220 , 73.13671875 
 2221 , 150.31640625 
 2222 , 174.4453125 
 2223 , 165.08203125 
 2224 , 148.80078125 
 2225 , 105.6328125 
 2226 , 67.328125 
 2227 , 112.5546875 
 2228 , 187.9375 
 2229 , 196.12890625 
 2230 , 142.7890625 
 2231 , 71.78515625 
 2232 , 45.3359375 
 2233 , 71.1796875 
 2234 , 109.1875 
 2235 , 133.41015625 
 2236 , 130.19140625 
 2237 , 101.734375 
 2238 , 78.15625 
 2239 , 121.18359375 
 2240 , 196.83203125 
 2241 , 213.55078125 
 2242 , 173.46875 
 2243 , 116.0859375 
 2244 , 86.52734375 
 2245 , 85.26171875 
 2246 , 66.890625 
 2247 , 43.4296875 
 2248 , 49.66796875 
 2249 , 71.3671875 
 2250 , 91.2265625 
 2251 , 116.68359375 
 2252 , 145.6171875 
 2253 , 162.58203125 
 2254 , 165.0703125 
 2255 , 161.2421875 
 2256 , 165.4765625 
 2257 , 178.1328125 
 2258 , 184.03125 
 2259 , 202.94140625 
 2260 , 257.142578125 
 2261 , 258.765625 
 2262 , 167.71484375 
 2263 , 113.3984375 
 2264 , 137.626953125 
 2265 , 174.5859375 
 2266 , 161.060546875 
 2267 , 71.62890625 
 2268 , 1.806640625 
 2269 , 1.443359375 
 2270 , 17.19921875 
 2271 , 60.9765625 
 2272 , 170.95703125 
 2273 , 241.390625 
 2274 , 192.9296875 
 2275 , 116.7734375 
 2276 , 72.94921875 
 2277 , 54.416015625 
 2278 , 37.12890625 
 2279 , 12.625 
 2280 , 27.466796875 
 2281 , 79.890625 
 2282 , 97.3828125 
 2283 , 96.380859375 
 2284 , 136.240234375 
 2285 , 116.978515625 
 2286 , 3.251953125 
 2287 ,-23.951171875 
 2288 , 50.71875 
 2289 , 86.72265625 
 2290 , 67.3125 
 2291 , 27.857421875 
 2292 , 3.0703125 
 2293 , 2.912109375 
 2294 , 10.5234375 
 2295 , 11.9765625 
 2296 , 11.578125 
 2297 , 27.21484375 
 2298 , 56.556640625 
 2299 , 55.009765625 
 2300 , 31.861328125 
 2301 , 27.5234375 
 2302 , 18.369140625 
 2303 ,-9.25390625 
 2304 , 8.822265625 
 2305 , 75.712890625 
 2306 , 122.0234375 
 2307 , 121.25 
 2308 , 84.306640625 
 2309 , 52.7109375 
 2310 , 58.923828125 
 2311 , 105.115234375 
 2312 , 154.125 
 2313 , 160.02734375 
 2314 , 139.025390625 
 2315 , 122.59375 
 2316 , 136.294921875 
 2317 , 161.583984375 
 2318 , 159.0390625 
 2319 , 112.0703125 
 2320 , 39.458984375 
 2321 , 8.46484375 
 2322 , 20.134765625 
 2323 , 20.197265625 
 2324 , 30.734375 
 2325 , 61.005859375 
 2326 , 31.26171875 
 2327 ,-42.9140625 
 2328 ,-51.59765625 
 2329 ,-9.55859375 
 2330 , 10 
 2331 , 10 
 2332 , 10 
 2333 , 10 
 2334 , 10 
 2335 , 10 
 2336 , 10 
 2337 , 10 
 2338 , 10 
 2339 , 10 
