11-20-2017,18:08:57
Wavenumber(cm-1),Intensity
 250 , 50866.9655331462 
 251 , 50895.1532870851 
 252 , 50913.9263491118 
 253 , 50931.903205237 
 254 , 50949.0709144666 
 255 , 50964.6517649157 
 256 , 50977.7907645965 
 257 , 50987.5754407371 
 258 , 50994.2659507715 
 259 , 51004.4665469289 
 260 , 51026.9021611154 
 261 , 51067.2254364546 
 262 , 51124.0133282956 
 263 , 51194.9678022919 
 264 , 51280.7703698099 
 265 , 51385.2513569185 
 266 , 51510.05913731 
 267 , 51637.8430950712 
 268 , 51741.9994232929 
 269 , 51806.3250980414 
 270 , 51849.3194700189 
 271 , 51896.3721848983 
 272 , 51957.8224592681 
 273 , 52022.0844593195 
 274 , 52077.5106701988 
 275 , 52132.9379187627 
 276 , 52210.9492055329 
 277 , 52326.4889553786 
 278 , 52457.6484776884 
 279 , 52571.8947958936 
 280 , 52652.1482973032 
 281 , 52711.6385527971 
 282 , 52766.6140584748 
 283 , 52823.8720036093 
 284 , 52881.8216947221 
 285 , 52938.6894728196 
 286 , 52993.3922102702 
 287 , 53045.1204211174 
 288 , 53094.0792257197 
 289 , 53143.0933038474 
 290 , 53195.339413549 
 291 , 53252.086366875 
 292 , 53312.4377966144 
 293 , 53375.0056208226 
 294 , 53435.206495034 
 295 , 53486.8402866839 
 296 , 53527.8256547006 
 297 , 53569.8083372344 
 298 , 53626.9273164529 
 299 , 53696.6919501551 
 300 , 53753.189462131 
 301 , 53772.0927056603 
 302 , 53766.4485910162 
 303 , 53772.6996038257 
 304 , 53817.5342293188 
 305 , 53885.6896809037 
 306 , 53951.1940568565 
 307 , 54001.1166365419 
 308 , 54044.6850140155 
 309 , 54092.9601130339 
 310 , 54152.4345896003 
 311 , 54226.1911451661 
 312 , 54316.146649843 
 313 , 54418.7935543544 
 314 , 54528.9128046437 
 315 , 54638.847315472 
 316 , 54736.085210821 
 317 , 54808.3978945107 
 318 , 54858.8454683764 
 319 , 54903.6488474794 
 320 , 54956.8739364823 
 321 , 55017.505638639 
 322 , 55079.0937759644 
 323 , 55139.5450710005 
 324 , 55206.6555299886 
 325 , 55289.000729153 
 326 , 55382.6615701743 
 327 , 55471.7045029319 
 328 , 55542.2371309792 
 329 , 55596.9831444124 
 330 , 55645.3697820995 
 331 , 55694.2950223236 
 332 , 55744.2922851798 
 333 , 55794.9009369471 
 334 , 55845.2486688761 
 335 , 55894.0345809273 
 336 , 55940.2662740677 
 337 , 55985.2998857182 
 338 , 56031.5089748834 
 339 , 56078.509542322 
 340 , 56118.5588824935 
 341 , 56143.1302952985 
 342 , 56155.3173378324 
 343 , 56170.9117730283 
 344 , 56202.9152924021 
 345 , 56238.6012645338 
 346 , 56253.5925341088 
 347 , 56235.7230781078 
 348 , 56206.537374955 
 349 , 56192.7101882596 
 350 , 56203.8322036698 
 351 , 56230.4969171783 
 352 , 56263.8269095482 
 353 , 56306.444502592 
 354 , 56366.2168047913 
 355 , 56444.0665029618 
 356 , 56521.8302526831 
 357 , 56578.7502665242 
 358 , 56611.6301529327 
 359 , 56636.5383240653 
 360 , 56669.0355561394 
 361 , 56713.7369771377 
 362 , 56770.3764082017 
 363 , 56835.5495721603 
 364 , 56897.6383437184 
 365 , 56944.1847266044 
 366 , 56975.2351692354 
 367 , 57003.9563930396 
 368 , 57041.2202865022 
 369 , 57077.8856136468 
 370 , 57096.4388515966 
 371 , 57089.4506804158 
 372 , 57074.3163542127 
 373 , 57071.4806006669 
 374 , 57086.2636347553 
 375 , 57109.2682934842 
 376 , 57131.5755213659 
 377 , 57150.9973322428 
 378 , 57167.9258982029 
 379 , 57184.1707459028 
 380 , 57204.6662087842 
 381 , 57234.3308734956 
 382 , 57270.1350050851 
 383 , 57302.0944823613 
 384 , 57322.6574637382 
 385 , 57338.6662825188 
 386 , 57361.7343553053 
 387 , 57395.9320226086 
 388 , 57430.7346675816 
 389 , 57454.8479919029 
 390 , 57470.2289287603 
 391 , 57488.9366816721 
 392 , 57518.5899599212 
 393 , 57545.4495291676 
 394 , 57549.9405489498 
 395 , 57529.0181277342 
 396 , 57506.7723911951 
 397 , 57507.6609454697 
 398 , 57531.2339258393 
 399 , 57561.0293275264 
 400 , 57584.8050936658 
 401 , 57606.9417164757 
 402 , 57635.5064990471 
 403 , 57671.5501039825 
 404 , 57706.6179554945 
 405 , 57732.5288919676 
 406 , 57749.5310370921 
 407 , 57762.2831671079 
 408 , 57774.9223368666 
 409 , 57789.9466796307 
 410 , 57809.4090012612 
 411 , 57831.4062258149 
 412 , 57849.7350797322 
 413 , 57858.9271636344 
 414 , 57859.8651644941 
 415 , 57856.0326424285 
 416 , 57850.8587960199 
 417 , 57847.6329357112 
 418 , 57849.3727171923 
 419 , 57854.7150380715 
 420 , 57858.5874826768 
 421 , 57857.4971086701 
 422 , 57856.2891168627 
 423 , 57862.2860494508 
 424 , 57876.6567381175 
 425 , 57890.1570481801 
 426 , 57893.4653193725 
 427 , 57887.8835507145 
 428 , 57881.4863841442 
 429 , 57880.2836338799 
 430 , 57882.6362295073 
 431 , 57885.2811868853 
 432 , 57886.9869597731 
 433 , 57889.0527923862 
 434 , 57892.5918095225 
 435 , 57896.0876720342 
 436 , 57896.8174787734 
 437 , 57893.5931712076 
 438 , 57889.0129301029 
 439 , 57886.0941252775 
 440 , 57884.9788283541 
 441 , 57883.2381961115 
 442 , 57878.9733458204 
 443 , 57873.432850881 
 444 , 57868.8465614565 
 445 , 57866.34863546 
 446 , 57865.2186495287 
 447 , 57864.5525248078 
 448 , 57863.3973476996 
 449 , 57860.7700613038 
 450 , 57856.3170307296 
 451 , 57851.7677209831 
 452 , 57849.2052751985 
 453 , 57848.429172043 
 454 , 57846.6170514437 
 455 , 57841.4925920444 
 456 , 57835.3910492864 
 457 , 57832.517520219 
 458 , 57833.7748518793 
 459 , 57833.0449410892 
 460 , 57823.8765876015 
 461 , 57808.0792448045 
 462 , 57793.7347372386 
 463 , 57787.1282769758 
 464 , 57786.5872823443 
 465 , 57788.4351006011 
 466 , 57789.9586876701 
 467 , 57789.7514805796 
 468 , 57786.7725431607 
 469 , 57782.1655822562 
 470 , 57778.1205197537 
 471 , 57775.5939802739 
 472 , 57772.5101086092 
 473 , 57766.5063522792 
 474 , 57758.1687169816 
 475 , 57750.5956514811 
 476 , 57746.3541973198 
 477 , 57745.2218851935 
 478 , 57746.1748169315 
 479 , 57747.8339853992 
 480 , 57748.2978261285 
 481 , 57745.8675461916 
 482 , 57740.9703323084 
 483 , 57735.1260340554 
 484 , 57729.5723878786 
 485 , 57724.7975004913 
 486 , 57721.1337327862 
 487 , 57718.2373351479 
 488 , 57715.1706757389 
 489 , 57711.2995748084 
 490 , 57707.488758905 
 491 , 57705.0108253489 
 492 , 57703.8012532453 
 493 , 57701.8342295998 
 494 , 57697.2853833683 
 495 , 57691.3608251768 
 496 , 57686.7887429331 
 497 , 57685.038663707 
 498 , 57684.4389247508 
 499 , 57682.9356418547 
 500 , 57680.0758360483 
 501 , 57676.7388599956 
 502 , 57673.7309560163 
 503 , 57671.3729786919 
 504 , 57669.8391894982 
 505 , 57668.5882625303 
 506 , 57666.1183187613 
 507 , 57661.2646801115 
 508 , 57655.8711868956 
 509 , 57653.1286596452 
 510 , 57654.6229988901 
 511 , 57658.4434479281 
 512 , 57662.2386086029 
 513 , 57663.8970238975 
 514 , 57661.4810939019 
 515 , 57654.2631625379 
 516 , 57645.82732928 
 517 , 57640.5922955546 
 518 , 57639.2520212306 
 519 , 57638.2916145438 
 520 , 57634.6325901037 
 521 , 57629.1218596016 
 522 , 57624.0330808822 
 523 , 57620.4426269796 
 524 , 57617.329049303 
 525 , 57613.6266052697 
 526 , 57609.9489751411 
 527 , 57607.8785630257 
 528 , 57608.3756904619 
 529 , 57610.6686870879 
 530 , 57613.6828458246 
 531 , 57616.1623257218 
 532 , 57616.6926879768 
 533 , 57614.2648708028 
 534 , 57609.6446186973 
 535 , 57604.070698644 
 536 , 57598.5374708447 
 537 , 57593.7209045074 
 538 , 57590.0719651433 
 539 , 57586.6512825952 
 540 , 57581.9505326451 
 541 , 57575.8816100566 
 542 , 57571.1026005886 
 543 , 57570.2427656613 
 544 , 57572.1485142605 
 545 , 57573.3161988703 
 546 , 57571.4130809159 
 547 , 57567.5837738933 
 548 , 57563.5210246205 
 549 , 57559.492383173 
 550 , 57554.486241063 
 551 , 57547.9324681375 
 552 , 57541.3680857881 
 553 , 57536.8572580705 
 554 , 57534.8712340627 
 555 , 57533.8516045646 
 556 , 57532.1259851025 
 557 , 57528.1367993435 
 558 , 57520.3998539738 
 559 , 57510.0047181086 
 560 , 57502.6665051637 
 561 , 57503.7912693733 
 562 , 57511.045811236 
 563 , 57517.7282280216 
 564 , 57519.5607389225 
 565 , 57518.5434563848 
 566 , 57517.5224874851 
 567 , 57517.2784074189 
 568 , 57516.9784615042 
 569 , 57515.9607724594 
 570 , 57514.3316942705 
 571 , 57512.3672108277 
 572 , 57510.2692430279 
 573 , 57508.1613200445 
 574 , 57506.251736043 
 575 , 57505.1966268771 
 576 , 57505.7664893636 
 577 , 57507.4491688201 
 578 , 57507.9149210375 
 579 , 57505.203148916 
 580 , 57500.9441625951 
 581 , 57498.3029423226 
 582 , 57498.7858297024 
 583 , 57500.7618822614 
 584 , 57502.3797811387 
 585 , 57503.0555143325 
 586 , 57502.9334038339 
 587 , 57502.2927562706 
 588 , 57501.7284533015 
 589 , 57501.8290907924 
 590 , 57502.3997065586 
 591 , 57502.660005114 
 592 , 57501.9734217348 
 593 , 57500.2246469887 
 594 , 57497.4251644205 
 595 , 57493.9951984888 
 596 , 57490.7449819223 
 597 , 57488.4823712734 
 598 , 57487.9374651883 
 599 , 57489.7711740683 
 600 , 57493.063942941 
 601 , 57494.9968518493 
 602 , 57493.3983002485 
 603 , 57490.3686610899 
 604 , 57489.4414504305 
 605 , 57490.9466009865 
 606 , 57490.4157275756 
 607 , 57484.0297428275 
 608 , 57475.5150915916 
 609 , 57471.8735054819 
 610 , 57475.6050311136 
 611 , 57480.8636941379 
 612 , 57481.553769784 
 613 , 57477.6343306107 
 614 , 57472.3449490993 
 615 , 57468.0141969 
 616 , 57464.8355012851 
 617 , 57462.7108963865 
 618 , 57461.5686738011 
 619 , 57461.3537311018 
 620 , 57461.5747969856 
 621 , 57460.5411307836 
 622 , 57456.5535596158 
 623 , 57450.9056669321 
 624 , 57447.2271172154 
 625 , 57447.6945281995 
 626 , 57449.4751995586 
 627 , 57448.889492686 
 628 , 57445.9400541361 
 629 , 57443.9983745312 
 630 , 57445.4486779742 
 631 , 57448.3050362648 
 632 , 57449.6009023782 
 633 , 57448.751082912 
 634 , 57447.6887701371 
 635 , 57447.8754654796 
 636 , 57448.0404528659 
 637 , 57446.1947104222 
 638 , 57442.6246540886 
 639 , 57440.3627981411 
 640 , 57441.7934787323 
 641 , 57444.9712512649 
 642 , 57446.5588095885 
 643 , 57445.1817775258 
 644 , 57442.1368551148 
 645 , 57438.9452429668 
 646 , 57437.3313159098 
 647 , 57439.050879164 
 648 , 57443.3236370355 
 649 , 57445.5290873249 
 650 , 57441.7405783475 
 651 , 57434.9776766786 
 652 , 57431.1243380008 
 653 , 57432.6033925165 
 654 , 57436.0587323874 
 655 , 57438.0024024521 
 656 , 57438.1054855036 
 657 , 57437.4882733451 
 658 , 57436.9468672662 
 659 , 57436.6774183023 
 660 , 57436.7918181411 
 661 , 57437.2254210295 
 662 , 57437.8248600253 
 663 , 57438.316848323 
 664 , 57438.1969442062 
 665 , 57437.0299860021 
 666 , 57435.2428242454 
 667 , 57433.7141716202 
 668 , 57432.681128658 
 669 , 57431.0569238019 
 670 , 57427.7935100217 
 671 , 57423.7657993272 
 672 , 57420.9123190303 
 673 , 57420.2862791078 
 674 , 57421.0219637237 
 675 , 57422.077445495 
 676 , 57423.1227882765 
 677 , 57424.2350346227 
 678 , 57424.9288207653 
 679 , 57423.4689716127 
 680 , 57418.2900336289 
 681 , 57411.2848930274 
 682 , 57406.3722812692 
 683 , 57405.8079011728 
 684 , 57408.0692816493 
 685 , 57411.1915376607 
 686 , 57413.939997498 
 687 , 57415.513664503 
 688 , 57415.2972226209 
 689 , 57413.0785182183 
 690 , 57408.9007450966 
 691 , 57404.8756130125 
 692 , 57404.3238379996 
 693 , 57408.4593092149 
 694 , 57413.8018730566 
 695 , 57416.558903425 
 696 , 57416.1208835806 
 697 , 57413.7188051659 
 698 , 57410.4641275466 
 699 , 57407.1626054036 
 700 , 57404.6250487459 
 701 , 57404.0945737679 
 702 , 57407.0433806163 
 703 , 57412.9487218186 
 704 , 57417.1554281812 
 705 , 57415.2292647452 
 706 , 57409.4179210363 
 707 , 57405.5186079103 
 708 , 57406.4428302791 
 709 , 57409.378262363 
 710 , 57411.1571618765 
 711 , 57411.2362007743 
 712 , 57410.3914644864 
 713 , 57409.2139512818 
 714 , 57407.9367744617 
 715 , 57406.7804948723 
 716 , 57406.1655265875 
 717 , 57406.5979210515 
 718 , 57407.9847881392 
 719 , 57409.2179511273 
 720 , 57409.3312797936 
 721 , 57409.0414817732 
 722 , 57409.7561810154 
 723 , 57411.1964428504 
 724 , 57410.4739658118 
 725 , 57405.3976346078 
 726 , 57399.5199594559 
 727 , 57398.4912005809 
 728 , 57402.7978325456 
 729 , 57405.7334996411 
 730 , 57401.8765251203 
 731 , 57395.7718957256 
 732 , 57395.1723004189 
 733 , 57401.0977211848 
 734 , 57406.2243209048 
 735 , 57404.5137117233 
 736 , 57398.5171286789 
 737 , 57393.2385446587 
 738 , 57390.9592284621 
 739 , 57390.9941629006 
 740 , 57392.6588603375 
 741 , 57395.881397523 
 742 , 57400.6526242635 
 743 , 57405.0174670468 
 744 , 57405.1803370604 
 745 , 57399.2755626051 
 746 , 57392.3295230324 
 747 , 57390.4568328212 
 748 , 57393.3973491981 
 749 , 57395.7254651046 
 750 , 57394.2258143123 
 751 , 57392.4583093699 
 752 , 57394.7752148581 
 753 , 57400.271636789 
 754 , 57404.4479790406 
 755 , 57404.375612768 
 756 , 57401.0208816873 
 757 , 57395.9790578069 
 758 , 57391.4739565542 
 759 , 57390.0699733694 
 760 , 57392.2257437428 
 761 , 57394.2950076249 
 762 , 57392.9146453219 
 763 , 57390.5488056258 
 764 , 57392.298789758 
 765 , 57398.6900283678 
 766 , 57402.9833059477 
 767 , 57399.2937166732 
 768 , 57390.7367465889 
 769 , 57383.6874976229 
 770 , 57381.225111839 
 771 , 57382.2151581675 
 772 , 57385.3314296469 
 773 , 57389.6316259741 
 774 , 57394.2804423963 
 775 , 57398.3294570034 
 776 , 57400.714989148 
 777 , 57400.8378454112 
 778 , 57399.7772138243 
 779 , 57398.8981451805 
 780 , 57398.1458908665 
 781 , 57396.3262271973 
 782 , 57393.0091506984 
 783 , 57389.9270066499 
 784 , 57389.0257483028 
 785 , 57390.5884317001 
 786 , 57393.8589097624 
 787 , 57397.6496363355 
 788 , 57399.9183652004 
 789 , 57398.868109943 
 790 , 57395.4619229919 
 791 , 57391.952471328 
 792 , 57389.5518894853 
 793 , 57387.8437596675 
 794 , 57386.4247172354 
 795 , 57385.7585472961 
 796 , 57386.5819612011 
 797 , 57388.6677762552 
 798 , 57390.6627083139 
 799 , 57391.3550886329 
 800 , 57390.3636125728 
 801 , 57387.5966644806 
 802 , 57384.4088432502 
 803 , 57383.4109260107 
 804 , 57385.8341143654 
 805 , 57388.8290828479 
 806 , 57389.0872939501 
 807 , 57386.368472408 
 808 , 57382.3880565209 
 809 , 57379.002247051 
 810 , 57378.2902012208 
 811 , 57381.771146775 
 812 , 57386.5410722284 
 813 , 57387.757904776 
 814 , 57384.5278759744 
 815 , 57381.7151114808 
 816 , 57383.2379075783 
 817 , 57385.9263808581 
 818 , 57384.6143679279 
 819 , 57380.0631477296 
 820 , 57379.1631608532 
 821 , 57385.773150194 
 822 , 57392.4717960036 
 823 , 57390.257401023 
 824 , 57381.3467922612 
 825 , 57376.083816191 
 826 , 57379.9705803692 
 827 , 57387.020582173 
 828 , 57390.3711256637 
 829 , 57389.2043286223 
 830 , 57385.7128932173 
 831 , 57381.9526364899 
 832 , 57379.7330363967 
 833 , 57380.4468384003 
 834 , 57383.3882325335 
 835 , 57387.166493161 
 836 , 57390.6017693189 
 837 , 57392.7366586328 
 838 , 57393.0835484013 
 839 , 57392.7096539215 
 840 , 57392.8987635008 
 841 , 57393.4532303457 
 842 , 57393.1333178201 
 843 , 57391.6583254901 
 844 , 57390.8761898967 
 845 , 57392.5045184286 
 846 , 57395.1267004425 
 847 , 57395.9123417347 
 848 , 57393.6759210259 
 849 , 57389.5613377402 
 850 , 57384.9013409967 
 851 , 57381.0906806584 
 852 , 57379.4805585015 
 853 , 57380.2044665587 
 854 , 57382.2788094242 
 855 , 57384.784030556 
 856 , 57387.0988423018 
 857 , 57388.6890294789 
 858 , 57389.3762887105 
 859 , 57389.1900589615 
 860 , 57388.0573744375 
 861 , 57385.7212766613 
 862 , 57382.1836155108 
 863 , 57379.0644063109 
 864 , 57378.5156825478 
 865 , 57381.2342148126 
 866 , 57386.3169668649 
 867 , 57392.2509213147 
 868 , 57395.7244556855 
 869 , 57393.4778400387 
 870 , 57387.7261877773 
 871 , 57384.4050164491 
 872 , 57386.1953371693 
 873 , 57389.0800040709 
 874 , 57388.9360544769 
 875 , 57386.3229142806 
 876 , 57383.6929057486 
 877 , 57382.3786792969 
 878 , 57382.3435209557 
 879 , 57383.1836088724 
 880 , 57383.4264263562 
 881 , 57381.4764470143 
 882 , 57377.5244698177 
 883 , 57373.0728059677 
 884 , 57369.5626001775 
 885 , 57368.2398651067 
 886 , 57370.0406742634 
 887 , 57373.8971508015 
 888 , 57377.909743474 
 889 , 57381.1781123158 
 890 , 57384.0503662112 
 891 , 57386.6623891936 
 892 , 57388.048914989 
 893 , 57387.1185649376 
 894 , 57384.6388752429 
 895 , 57382.725976788 
 896 , 57382.6324398359 
 897 , 57383.7505949224 
 898 , 57385.3389520534 
 899 , 57387.3147681687 
 900 , 57389.844412439 
 901 , 57392.408399387 
 902 , 57393.6780553421 
 903 , 57392.8268974363 
 904 , 57390.946983777 
 905 , 57389.4933743088 
 906 , 57389.238029217 
 907 , 57390.4866937959 
 908 , 57392.4511533824 
 909 , 57392.3146886542 
 910 , 57388.0470580238 
 911 , 57383.4996217228 
 912 , 57384.3881355524 
 913 , 57390.0693429274 
 914 , 57393.3397748515 
 915 , 57389.9137856938 
 916 , 57385.0198096643 
 917 , 57384.9047836599 
 918 , 57388.7012141049 
 919 , 57391.5834529618 
 920 , 57391.8209920929 
 921 , 57392.5551440818 
 922 , 57396.0326796381 
 923 , 57398.3978636952 
 924 , 57394.4606653448 
 925 , 57386.4282098638 
 926 , 57382.6691258545 
 927 , 57387.3635861678 
 928 , 57394.6057522081 
 929 , 57397.8322613371 
 930 , 57395.9124092039 
 931 , 57390.148395787 
 932 , 57383.875321573 
 933 , 57382.8464591333 
 934 , 57390.2103920303 
 935 , 57399.79292138 
 936 , 57404.0649763831 
 937 , 57402.3935999697 
 938 , 57398.4340500521 
 939 , 57395.0473811791 
 940 , 57393.6577156832 
 941 , 57394.9068139499 
 942 , 57396.267353887 
 943 , 57394.4743714363 
 944 , 57390.3693077465 
 945 , 57388.295703654 
 946 , 57390.5396881732 
 947 , 57394.3962131343 
 948 , 57396.8684548162 
 949 , 57397.786097004 
 950 , 57398.1435664728 
 951 , 57397.9482772645 
 952 , 57396.0823227316 
 953 , 57392.4619737081 
 954 , 57390.4133151159 
 955 , 57393.3442375188 
 956 , 57399.0380258842 
 957 , 57402.1850357466 
 958 , 57400.9549001443 
 959 , 57398.6839672506 
 960 , 57398.1172509567 
 961 , 57397.8533517675 
 962 , 57395.6439862081 
 963 , 57392.2421989595 
 964 , 57390.5400847338 
 965 , 57392.1972759449 
 966 , 57396.4935832304 
 967 , 57402.0691312798 
 968 , 57405.5418373396 
 969 , 57403.1647706442 
 970 , 57396.8697733086 
 971 , 57393.602129504 
 972 , 57397.0239154676 
 973 , 57402.8409097375 
 974 , 57406.1768799118 
 975 , 57405.7120479797 
 976 , 57401.6556617276 
 977 , 57396.1267245799 
 978 , 57393.2650117626 
 979 , 57395.2497638799 
 980 , 57398.5360727142 
 981 , 57399.1518150709 
 982 , 57397.6904554894 
 983 , 57396.9183765182 
 984 , 57397.734868654 
 985 , 57398.7062820911 
 986 , 57398.7161680115 
 987 , 57398.1615464439 
 988 , 57397.6474783662 
 989 , 57396.7966848101 
 990 , 57394.7178619366 
 991 , 57392.3236603156 
 992 , 57393.0767023316 
 993 , 57398.5924580287 
 994 , 57402.8530885246 
 995 , 57398.9508759445 
 996 , 57390.0440699213 
 997 , 57385.5169728684 
 998 , 57388.3982955346 
 999 , 57391.6584735559 
 1000 , 57389.7303768077 
 1001 , 57386.735345964 
 1002 , 57388.6924532158 
 1003 , 57393.8745503114 
 1004 , 57395.3223364142 
 1005 , 57390.450331869 
 1006 , 57384.1815492646 
 1007 , 57381.1771797967 
 1008 , 57381.7308857295 
 1009 , 57384.8776222309 
 1010 , 57389.0871611892 
 1011 , 57392.4384944378 
 1012 , 57394.4424205473 
 1013 , 57397.1393363111 
 1014 , 57402.0226287297 
 1015 , 57406.8557830848 
 1016 , 57408.5641227964 
 1017 , 57407.5096909574 
 1018 , 57406.5817530668 
 1019 , 57407.2417195192 
 1020 , 57408.2938001065 
 1021 , 57408.5547753518 
 1022 , 57408.1891379331 
 1023 , 57407.7101385173 
 1024 , 57406.9918601587 
 1025 , 57405.4475355569 
 1026 , 57403.4806826124 
 1027 , 57403.2633074236 
 1028 , 57406.1946003869 
 1029 , 57409.3110113828 
 1030 , 57408.8116269974 
 1031 , 57406.4220601838 
 1032 , 57407.7709503586 
 1033 , 57413.7994546211 
 1034 , 57417.3449672889 
 1035 , 57413.0174388839 
 1036 , 57406.5147401018 
 1037 , 57405.8618223687 
 1038 , 57410.6887142428 
 1039 , 57414.9917689586 
 1040 , 57416.0164475588 
 1041 , 57416.333970751 
 1042 , 57418.1398070058 
 1043 , 57420.2554541794 
 1044 , 57420.7982841671 
 1045 , 57419.3715463741 
 1046 , 57416.5130897409 
 1047 , 57413.3160689993 
 1048 , 57411.6548181405 
 1049 , 57412.6589028918 
 1050 , 57414.6083396738 
 1051 , 57415.3469663177 
 1052 , 57414.56334725 
 1053 , 57412.9866414098 
 1054 , 57412.0421561091 
 1055 , 57414.0297468048 
 1056 , 57419.4063477957 
 1057 , 57422.8256979729 
 1058 , 57418.9850516912 
 1059 , 57411.7452921774 
 1060 , 57409.1219537118 
 1061 , 57412.6606392587 
 1062 , 57416.7519896281 
 1063 , 57417.9321848895 
 1064 , 57419.1900650223 
 1065 , 57423.563414745 
 1066 , 57427.7539694128 
 1067 , 57426.2590768369 
 1068 , 57420.2992399326 
 1069 , 57417.2994614445 
 1070 , 57420.952529597 
 1071 , 57426.6034597235 
 1072 , 57429.4554728957 
 1073 , 57429.4563462758 
 1074 , 57428.1045142154 
 1075 , 57427.1235981333 
 1076 , 57428.3819864078 
 1077 , 57431.8573209558 
 1078 , 57434.3301590507 
 1079 , 57433.3091062667 
 1080 , 57430.4757720861 
 1081 , 57428.4534516424 
 1082 , 57428.718949251 
 1083 , 57432.0141124946 
 1084 , 57437.0910518642 
 1085 , 57440.0816965192 
 1086 , 57438.8064405073 
 1087 , 57436.7655728636 
 1088 , 57437.7492661568 
 1089 , 57439.6068006621 
 1090 , 57437.7238744857 
 1091 , 57433.4611277409 
 1092 , 57434.2324788157 
 1093 , 57442.5779455318 
 1094 , 57449.4689219606 
 1095 , 57446.944847955 
 1096 , 57441.3114267672 
 1097 , 57442.8590240474 
 1098 , 57450.208929698 
 1099 , 57453.2553820255 
 1100 , 57449.4095563252 
 1101 , 57448.7589980059 
 1102 , 57458.1798239369 
 1103 , 57468.0237998245 
 1104 , 57466.5035524499 
 1105 , 57458.2194442164 
 1106 , 57456.3712453162 
 1107 , 57463.3168724186 
 1108 , 57468.579519239 
 1109 , 57466.0371488355 
 1110 , 57462.6854500493 
 1111 , 57465.9754917973 
 1112 , 57473.4250733639 
 1113 , 57479.0363125273 
 1114 , 57480.5760773577 
 1115 , 57478.9315591246 
 1116 , 57476.2433169876 
 1117 , 57476.681551178 
 1118 , 57482.6074511371 
 1119 , 57488.4224139473 
 1120 , 57487.5472770086 
 1121 , 57482.8839999261 
 1122 , 57482.4126855715 
 1123 , 57487.4933352984 
 1124 , 57491.6460333844 
 1125 , 57490.5625915688 
 1126 , 57486.5360394851 
 1127 , 57482.8796955422 
 1128 , 57482.8897891648 
 1129 , 57489.4525606844 
 1130 , 57499.3692102739 
 1131 , 57504.8154490331 
 1132 , 57503.1551722904 
 1133 , 57500.2704839116 
 1134 , 57500.8571825473 
 1135 , 57502.7597154146 
 1136 , 57502.9317244568 
 1137 , 57503.3225524059 
 1138 , 57508.0583699123 
 1139 , 57514.9596250913 
 1140 , 57515.4680509882 
 1141 , 57507.2964387995 
 1142 , 57501.9538696577 
 1143 , 57509.0131601194 
 1144 , 57520.8909840143 
 1145 , 57526.0532529913 
 1146 , 57524.6177317787 
 1147 , 57523.8928754001 
 1148 , 57527.6155530335 
 1149 , 57534.8416411404 
 1150 , 57543.8398523738 
 1151 , 57551.5958234265 
 1152 , 57555.2883942564 
 1153 , 57554.4698558961 
 1154 , 57549.7974423903 
 1155 , 57545.4249273454 
 1156 , 57548.0411755073 
 1157 , 57557.9414486836 
 1158 , 57565.6073126276 
 1159 , 57564.2141559821 
 1160 , 57558.12337541 
 1161 , 57553.4394344949 
 1162 , 57552.8946980049 
 1163 , 57557.545268092 
 1164 , 57564.3894590042 
 1165 , 57566.9489847355 
 1166 , 57563.7228727898 
 1167 , 57562.0538350033 
 1168 , 57567.1582787728 
 1169 , 57573.3083473243 
 1170 , 57573.4693053584 
 1171 , 57570.1168266416 
 1172 , 57570.1714209297 
 1173 , 57577.45778479 
 1174 , 57592.7621851596 
 1175 , 57612.2098099044 
 1176 , 57623.3446310835 
 1177 , 57617.605452934 
 1178 , 57605.5409770003 
 1179 , 57600.8785467728 
 1180 , 57604.0843807096 
 1181 , 57608.9769607617 
 1182 , 57613.0530906908 
 1183 , 57617.552712721 
 1184 , 57622.9092624083 
 1185 , 57627.6530183007 
 1186 , 57630.5584973415 
 1187 , 57632.2833607139 
 1188 , 57633.868206833 
 1189 , 57635.5324071847 
 1190 , 57637.0707358491 
 1191 , 57638.3212369486 
 1192 , 57639.1795060931 
 1193 , 57640.7914809446 
 1194 , 57646.7182546685 
 1195 , 57658.4334288926 
 1196 , 57668.1072675 
 1197 , 57667.1956518835 
 1198 , 57660.3858203578 
 1199 , 57658.5620118856 
 1200 , 57663.6843134018 
 1201 , 57669.16082911 
 1202 , 57671.6709709724 
 1203 , 57674.4686882346 
 1204 , 57680.5300015046 
 1205 , 57689.2967343731 
 1206 , 57699.0998920572 
 1207 , 57705.9237537839 
 1208 , 57705.0976356454 
 1209 , 57699.5670739784 
 1210 , 57698.8134659101 
 1211 , 57705.5620853904 
 1212 , 57711.1749295913 
 1213 , 57710.5924994802 
 1214 , 57713.4180849447 
 1215 , 57729.3210778225 
 1216 , 57749.6313492295 
 1217 , 57759.3297081821 
 1218 , 57757.2211793179 
 1219 , 57752.4935728908 
 1220 , 57751.1584799072 
 1221 , 57754.4435100535 
 1222 , 57763.2998896726 
 1223 , 57778.8848227102 
 1224 , 57800.6083013938 
 1225 , 57818.5236113485 
 1226 , 57821.111453055 
 1227 , 57813.4042429165 
 1228 , 57810.3813246508 
 1229 , 57815.9758216488 
 1230 , 57821.38989011 
 1231 , 57822.6369761741 
 1232 , 57827.284912546 
 1233 , 57840.8944067511 
 1234 , 57854.9625094376 
 1235 , 57858.9851496763 
 1236 , 57855.2691616372 
 1237 , 57852.1811689587 
 1238 , 57854.4113667562 
 1239 , 57863.2669937933 
 1240 , 57875.2595835796 
 1241 , 57879.4038688885 
 1242 , 57870.5869933353 
 1243 , 57863.2489249871 
 1244 , 57871.724929075 
 1245 , 57888.6451798098 
 1246 , 57899.686914792 
 1247 , 57900.8912656863 
 1248 , 57895.2227272002 
 1249 , 57887.2968736066 
 1250 , 57883.5054187275 
 1251 , 57886.4779175021 
 1252 , 57890.6744074136 
 1253 , 57891.2952189434 
 1254 , 57890.6024184929 
 1255 , 57891.9781183075 
 1256 , 57893.9242178594 
 1257 , 57892.8318521344 
 1258 , 57887.7604151495 
 1259 , 57880.0405105674 
 1260 , 57873.5649640697 
 1261 , 57875.8340060513 
 1262 , 57889.0590423136 
 1263 , 57900.9502306316 
 1264 , 57899.7825008294 
 1265 , 57887.9297032559 
 1266 , 57872.1358728792 
 1267 , 57859.926132126 
 1268 , 57858.8453227896 
 1269 , 57867.6100745142 
 1270 , 57876.4860951076 
 1271 , 57878.7145547855 
 1272 , 57873.0621966126 
 1273 , 57860.1541876765 
 1274 , 57844.5871485574 
 1275 , 57830.6425894416 
 1276 , 57816.8184838924 
 1277 , 57800.2916594073 
 1278 , 57785.3140106668 
 1279 , 57780.0339103811 
 1280 , 57782.7611283635 
 1281 , 57781.5994528402 
 1282 , 57770.7658704826 
 1283 , 57756.1757768845 
 1284 , 57743.3490640325 
 1285 , 57732.793556369 
 1286 , 57723.7509561439 
 1287 , 57713.8250045983 
 1288 , 57700.591327239 
 1289 , 57687.7242787581 
 1290 , 57682.2653548143 
 1291 , 57681.105775775 
 1292 , 57670.5925622368 
 1293 , 57645.5731035014 
 1294 , 57616.7053733262 
 1295 , 57591.9404941204 
 1296 , 57566.0679392457 
 1297 , 57532.4492029794 
 1298 , 57490.3332854029 
 1299 , 57442.2987108453 
 1300 , 57404.4942162225 
 1301 , 57399.7160795618 
 1302 , 57422.0111341947 
 1303 , 57437.5677649159 
 1304 , 57430.6856635036 
 1305 , 57416.7980674708 
 1306 , 57406.9882713198 
 1307 , 57392.6396227425 
 1308 , 57363.9065276668 
 1309 , 57321.1530913384 
 1310 , 57268.4389022935 
 1311 , 57215.2622980995 
 1312 , 57173.2629039878 
 1313 , 57142.6037869408 
 1314 , 57113.8231387979 
 1315 , 57083.3815966082 
 1316 , 57056.3444497574 
 1317 , 57036.6835861834 
 1318 , 57024.4326720177 
 1319 , 57019.3249327907 
 1320 , 57022.0589047683 
 1321 , 57031.2686175819 
 1322 , 57029.883560525 
 1323 , 56996.6745667738 
 1324 , 56940.8473713225 
 1325 , 56891.6294580961 
 1326 , 56853.94622789 
 1327 , 56805.7196141621 
 1328 , 56745.2107877316 
 1329 , 56709.2486492107 
 1330 , 56719.0100907983 
 1331 , 56738.1695327997 
 1332 , 56727.4701448632 
 1333 , 56685.2469265901 
 1334 , 56621.5516485691 
 1335 , 56546.7965982999 
 1336 , 56471.221996038 
 1337 , 56399.2097987003 
 1338 , 56330.3150731814 
 1339 , 56263.1477837893 
 1340 , 56195.260754669 
 1341 , 56121.3124444949 
 1342 , 56030.1450831067 
 1343 , 55919.9019069948 
 1344 , 55822.5286235287 
 1345 , 55767.7911211598 
 1346 , 55732.9562910097 
 1347 , 55681.6968065152 
 1348 , 55624.5422518853 
 1349 , 55595.8918042134 
 1350 , 55582.4126992142 
 1351 , 55529.3104558387 
 1352 , 55421.6615827162 
 1353 , 55301.031755519 
 1354 , 55199.0915257731 
 1355 , 55117.4914028234 
 1356 , 55048.1902782606 
 1357 , 54963.051314088 
 1358 , 54836.0981563988 
 1359 , 54678.3076055156 
 1360 , 54514.0248442034 
 1361 , 54370.857369833 
 1362 , 54276.3978737443 
 1363 , 54225.9070386909 
 1364 , 54187.3575742544 
 1365 , 54146.3473789541 
 1366 , 54112.5926147689 
 1367 , 54083.7128392431 
 1368 , 54029.7411462445 
 1369 , 53930.8761311808 
 1370 , 53809.9187241774 
 1371 , 53694.4967111183 
 1372 , 53594.086544611 
 1373 , 53513.2522889866 
 1374 , 53463.4677242814 
 1375 , 53456.4414166273 
 1376 , 53457.7784347329 
 1377 , 53400.4248534703 
 1378 , 53276.0102487512 
 1379 , 53142.8370941472 
 1380 , 53026.9296680166 
 1381 , 52893.6481776281 
 1382 , 52732.3958016027 
 1383 , 52609.9227599887 
 1384 , 52578.7245835358 
 1385 , 52583.87499989 
 1386 , 52552.5601328555 
 1387 , 52470.9125071401 
 1388 , 52349.6423171677 
 1389 , 52214.2223372208 
 1390 , 52097.1422128091 
 1391 , 51999.1675869085 
 1392 , 51893.810223202 
 1393 , 51782.6746248202 
 1394 , 51704.6682190033 
 1395 , 51675.0172181387 
 1396 , 51658.9711459898 
 1397 , 51624.6243069968 
 1398 , 51564.4371729587 
 1399 , 51476.4868200614 
 1400 , 51364.4225702024 
 1401 , 51236.0687626859 
 1402 , 51117.2823316982 
 1403 , 51037.9845989564 
 1404 , 50990.0005127089 
 1405 , 50942.7304023917 
 1406 , 50886.5687267861 
 1407 , 50831.0643891899 
 1408 , 50788.1039667634 
 1409 , 50771.495364688 
 1410 , 50771.7058406429 
 1411 , 50735.3930906615 
 1412 , 50635.9482510718 
 1413 , 50533.4115120634 
 1414 , 50483.0538578781 
 1415 , 50459.8215797509 
 1416 , 50423.6911524707 
 1417 , 50369.9412304744 
 1418 , 50306.7524628705 
 1419 , 50236.3562217887 
 1420 , 50157.7547669323 
 1421 , 50071.5005139983 
 1422 , 49979.4995258999 
 1423 , 49886.3605621626 
 1424 , 49799.5589548821 
 1425 , 49718.645670069 
 1426 , 49630.4238490446 
 1427 , 49535.483120393 
 1428 , 49468.1744066979 
 1429 , 49448.4802446602 
 1430 , 49433.9678435927 
 1431 , 49380.4960039099 
 1432 , 49297.2789593344 
 1433 , 49207.1722208183 
 1434 , 49115.9631947022 
 1435 , 49022.5218198087 
 1436 , 48930.9904450182 
 1437 , 48848.0723719447 
 1438 , 48768.4620579192 
 1439 , 48677.1678442852 
 1440 , 48577.2920604374 
 1441 , 48493.3768194222 
 1442 , 48435.1052381664 
 1443 , 48385.99481329 
 1444 , 48333.5755659917 
 1445 , 48279.9436402191 
 1446 , 48228.1952892588 
 1447 , 48178.1817564947 
 1448 , 48128.7300913043 
 1449 , 48076.9511469509 
 1450 , 48018.4137041478 
 1451 , 47941.7630330532 
 1452 , 47837.3581418549 
 1453 , 47739.255755894 
 1454 , 47701.8270571475 
 1455 , 47717.5844441796 
 1456 , 47732.576839247 
 1457 , 47716.9792184478 
 1458 , 47667.3034246642 
 1459 , 47589.0313652108 
 1460 , 47498.4204739309 
 1461 , 47408.0596117703 
 1462 , 47322.092825721 
 1463 , 47238.6275756611 
 1464 , 47142.6063978634 
 1465 , 47022.5180765223 
 1466 , 46887.0017364639 
 1467 , 46750.4898306233 
 1468 , 46633.8537909542 
 1469 , 46553.6929901088 
 1470 , 46483.0470812468 
 1471 , 46381.035638431 
 1472 , 46252.0594735747 
 1473 , 46125.9106154928 
 1474 , 46024.797707645 
 1475 , 45964.0568149905 
 1476 , 45938.5968649303 
 1477 , 45923.1587684239 
 1478 , 45897.3282471287 
 1479 , 45848.3146321098 
 1480 , 45770.2888674918 
 1481 , 45668.6458939456 
 1482 , 45559.2029381187 
 1483 , 45479.1837330169 
 1484 , 45447.1655558084 
 1485 , 45415.0078864697 
 1486 , 45338.288360442 
 1487 , 45241.2848669829 
 1488 , 45162.1809041017 
 1489 , 45117.0502319563 
 1490 , 45110.2165917045 
 1491 , 45115.1116388913 
 1492 , 45093.4823603498 
 1493 , 45034.1419119396 
 1494 , 44943.0341716741 
 1495 , 44838.3666252782 
 1496 , 44746.7744516946 
 1497 , 44673.9223764155 
 1498 , 44604.5435107768 
 1499 , 44530.3299924477 
 1500 , 44453.0283359587 
 1501 , 44376.5382227587 
 1502 , 44307.181832345 
 1503 , 44247.1048107942 
 1504 , 44189.229296178 
 1505 , 44128.3034734101 
 1506 , 44067.1771878918 
 1507 , 44009.7966290647 
 1508 , 43959.1765807257 
 1509 , 43911.2818062317 
 1510 , 43830.5250118977 
 1511 , 43687.4160533682 
 1512 , 43543.9115579538 
 1513 , 43482.4371813994 
 1514 , 43477.6141204933 
 1515 , 43458.0070329829 
 1516 , 43408.1524749442 
 1517 , 43345.8082836293 
 1518 , 43279.6725888738 
 1519 , 43211.3751137809 
 1520 , 43144.6774405999 
 1521 , 43085.1547495804 
 1522 , 43027.6178930584 
 1523 , 42954.5211505942 
 1524 , 42861.2638757088 
 1525 , 42762.8641584271 
 1526 , 42667.8243065131 
 1527 , 42570.2623800567 
 1528 , 42469.7048202507 
 1529 , 42381.0687332275 
 1530 , 42316.1264118979 
 1531 , 42272.0790218953 
 1532 , 42244.4236679972 
 1533 , 42231.5123959264 
 1534 , 42229.4467072155 
 1535 , 42221.6740888818 
 1536 , 42191.0306244762 
 1537 , 42136.2129994409 
 1538 , 42062.6501911643 
 1539 , 41984.702825325 
 1540 , 41918.694470554 
 1541 , 41864.7475400381 
 1542 , 41815.2395422195 
 1543 , 41770.554980038 
 1544 , 41735.1479289216 
 1545 , 41697.90716094 
 1546 , 41637.2265062205 
 1547 , 41560.7835315568 
 1548 , 41502.5230853968 
 1549 , 41470.8869551377 
 1550 , 41445.3195336144 
 1551 , 41412.8732400257 
 1552 , 41372.6180086628 
 1553 , 41325.286933001 
 1554 , 41272.9414996616 
 1555 , 41217.7931502057 
 1556 , 41162.1124872063 
 1557 , 41107.3904775881 
 1558 , 41053.3464602425 
 1559 , 40999.2906342624 
 1560 , 40944.081921717 
 1561 , 40885.1299635987 
 1562 , 40815.3828876643 
 1563 , 40730.9772036818 
 1564 , 40644.0338714528 
 1565 , 40566.2929933942 
 1566 , 40489.4105506171 
 1567 , 40404.2329676454 
 1568 , 40330.1327414906 
 1569 , 40293.1818062905 
 1570 , 40297.4207644513 
 1571 , 40334.2024059487 
 1572 , 40365.8281452914 
 1573 , 40346.5665861492 
 1574 , 40290.4164732516 
 1575 , 40241.5290938135 
 1576 , 40198.4630115916 
 1577 , 40131.704356977 
 1578 , 40044.7226399509 
 1579 , 39965.3976440098 
 1580 , 39900.9831164026 
 1581 , 39840.3339247187 
 1582 , 39778.1089958834 
 1583 , 39715.4951474489 
 1584 , 39655.2287980421 
 1585 , 39601.2856635064 
 1586 , 39549.0058131069 
 1587 , 39482.6121012344 
 1588 , 39405.2153256376 
 1589 , 39349.1736692395 
 1590 , 39327.229770195 
 1591 , 39314.4791815593 
 1592 , 39287.7635106401 
 1593 , 39234.5563465886 
 1594 , 39153.7704357251 
 1595 , 39066.9307489532 
 1596 , 38992.6020476045 
 1597 , 38934.2482968025 
 1598 , 38886.9354784404 
 1599 , 38828.387505602 
 1600 , 38745.7595459592 
 1601 , 38666.9084306085 
 1602 , 38617.309131736 
 1603 , 38583.1638752184 
 1604 , 38547.4903489387 
 1605 , 38517.845085018 
 1606 , 38500.7915121426 
 1607 , 38467.9712106748 
 1608 , 38390.4031876263 
 1609 , 38290.4997287699 
 1610 , 38201.6132604842 
 1611 , 38120.7913064039 
 1612 , 38034.5970397236 
 1613 , 37949.4441044812 
 1614 , 37878.012663428 
 1615 , 37818.5271535712 
 1616 , 37763.0317526817 
 1617 , 37707.162202455 
 1618 , 37648.2229164054 
 1619 , 37582.0480101843 
 1620 , 37504.3692665989 
 1621 , 37418.5739921483 
 1622 , 37332.9130425976 
 1623 , 37258.4146057958 
 1624 , 37206.8119031252 
 1625 , 37175.2610600561 
 1626 , 37150.3117351782 
 1627 , 37116.2394544433 
 1628 , 37056.9905193434 
 1629 , 36977.9653067124 
 1630 , 36901.5595639516 
 1631 , 36830.995794237 
 1632 , 36752.2473821741 
 1633 , 36662.8138976791 
 1634 , 36572.0973171873 
 1635 , 36492.7693651592 
 1636 , 36439.8451445113 
 1637 , 36413.2075858561 
 1638 , 36395.8535226603 
 1639 , 36370.9884218031 
 1640 , 36323.252285456 
 1641 , 36242.7585932077 
 1642 , 36127.0319421336 
 1643 , 36000.1088312084 
 1644 , 35919.7292010853 
 1645 , 35899.4969184655 
 1646 , 35888.0180254306 
 1647 , 35854.478586533 
 1648 , 35805.8954458525 
 1649 , 35751.2690221436 
 1650 , 35697.812962713 
 1651 , 35646.0219008623 
 1652 , 35585.7131316457 
 1653 , 35513.8637916926 
 1654 , 35441.4432189063 
 1655 , 35378.4949221383 
 1656 , 35330.8030827135 
 1657 , 35291.1554482241 
 1658 , 35229.0517631464 
 1659 , 35137.4417001253 
 1660 , 35059.6869253051 
 1661 , 35017.2367337824 
 1662 , 34975.7461763422 
 1663 , 34914.3510379893 
 1664 , 34854.2425672181 
 1665 , 34809.0744971292 
 1666 , 34764.9881551895 
 1667 , 34711.7620736871 
 1668 , 34655.1364422421 
 1669 , 34604.2468315653 
 1670 , 34571.0131223715 
 1671 , 34550.0759914303 
 1672 , 34495.1286721208 
 1673 , 34385.8311271961 
 1674 , 34277.1065122941 
 1675 , 34207.2137694824 
 1676 , 34147.9028671557 
 1677 , 34074.9021541598 
 1678 , 33997.7489188947 
 1679 , 33927.8225869861 
 1680 , 33868.4688247544 
 1681 , 33816.9806109118 
 1682 , 33758.6020525668 
 1683 , 33688.8113886113 
 1684 , 33633.4527050837 
 1685 , 33603.3118719161 
 1686 , 33559.3485186977 
 1687 , 33479.9824185308 
 1688 , 33407.2464707521 
 1689 , 33372.3850227231 
 1690 , 33354.5412742925 
 1691 , 33330.4341722687 
 1692 , 33290.9737864228 
 1693 , 33234.3389086078 
 1694 , 33171.3224889019 
 1695 , 33105.4992445506 
 1696 , 33018.0051723763 
 1697 , 32909.6827350449 
 1698 , 32837.3304048678 
 1699 , 32830.0610200018 
 1700 , 32831.0701374989 
 1701 , 32798.997074206 
 1702 , 32758.0292410535 
 1703 , 32726.40312799 
 1704 , 32687.2660897917 
 1705 , 32629.7254940029 
 1706 , 32567.141760647 
 1707 , 32509.0271516433 
 1708 , 32449.3337640791 
 1709 , 32377.5376785116 
 1710 , 32278.1521144063 
 1711 , 32160.6126553059 
 1712 , 32086.323237946 
 1713 , 32081.255327788 
 1714 , 32089.042807083 
 1715 , 32070.4351109356 
 1716 , 32037.0431356775 
 1717 , 31997.3161139729 
 1718 , 31943.6532008005 
 1719 , 31879.5251643666 
 1720 , 31830.527646887 
 1721 , 31803.3631987895 
 1722 , 31769.5904665308 
 1723 , 31715.1303821645 
 1724 , 31654.1197869505 
 1725 , 31597.2485218146 
 1726 , 31545.9685847689 
 1727 , 31493.5628138446 
 1728 , 31422.952330309 
 1729 , 31330.2910292277 
 1730 , 31231.0170803597 
 1731 , 31144.8464120379 
 1732 , 31094.3938014398 
 1733 , 31074.3351912265 
 1734 , 31046.0750278654 
 1735 , 30998.9160131829 
 1736 , 30955.5585780691 
 1737 , 30917.6248674567 
 1738 , 30863.1703108386 
 1739 , 30793.5409864555 
 1740 , 30733.7115237819 
 1741 , 30689.9156476746 
 1742 , 30650.0023680371 
 1743 , 30604.4088971902 
 1744 , 30547.2468779692 
 1745 , 30485.5427947815 
 1746 , 30435.3308061174 
 1747 , 30393.2586783033 
 1748 , 30343.0244204498 
 1749 , 30291.0206371514 
 1750 , 30255.9135919496 
 1751 , 30214.8532873474 
 1752 , 30125.2653098123 
 1753 , 30014.2284032721 
 1754 , 29943.5400322038 
 1755 , 29919.6460056739 
 1756 , 29918.6271675716 
 1757 , 29911.4148959464 
 1758 , 29872.3501151696 
 1759 , 29817.4662210791 
 1760 , 29776.9546369167 
 1761 , 29754.2079591732 
 1762 , 29741.287766362 
 1763 , 29726.3714310139 
 1764 , 29699.6752963352 
 1765 , 29668.8614818857 
 1766 , 29642.818406356 
 1767 , 29610.7547167016 
 1768 , 29561.2797364325 
 1769 , 29503.0752033933 
 1770 , 29447.657443679 
 1771 , 29398.649555074 
 1772 , 29354.803165568 
 1773 , 29305.093991317 
 1774 , 29248.5085297241 
 1775 , 29217.0219745959 
 1776 , 29224.8564197848 
 1777 , 29229.0849372426 
 1778 , 29194.0698722362 
 1779 , 29118.4442391523 
 1780 , 29019.1610780308 
 1781 , 28939.1724077662 
 1782 , 28899.9084055135 
 1783 , 28882.0660763124 
 1784 , 28867.5399061959 
 1785 , 28845.6962365887 
 1786 , 28807.1965060839 
 1787 , 28744.3553798593 
 1788 , 28671.3889014005 
 1789 , 28626.151212853 
 1790 , 28622.6321173493 
 1791 , 28648.8563102159 
 1792 , 28674.552192724 
 1793 , 28657.6699728935 
 1794 , 28601.5696531636 
 1795 , 28542.4981568889 
 1796 , 28496.4253912262 
 1797 , 28464.0687660398 
 1798 , 28432.1228777337 
 1799 , 28384.6140847352 
 1800 , 28347.1079267042 
 1801 , 28353.3457035594 
 1802 , 28355.6614645449 
 1803 , 28289.4993886724 
 1804 , 28185.9676370701 
 1805 , 28100.6793265698 
 1806 , 28045.8815481372 
 1807 , 28016.0132358883 
 1808 , 27985.839101261 
 1809 , 27937.6352269828 
 1810 , 27894.6596407313 
 1811 , 27873.910313222 
 1812 , 27851.6983311973 
 1813 , 27810.9530191872 
 1814 , 27766.0801302185 
 1815 , 27735.5267745714 
 1816 , 27736.6120243079 
 1817 , 27762.1854767071 
 1818 , 27766.0578668749 
 1819 , 27729.8279879042 
 1820 , 27677.8448358202 
 1821 , 27626.6951416006 
 1822 , 27580.1413533744 
 1823 , 27535.0928303754 
 1824 , 27483.6615865954 
 1825 , 27436.4509259689 
 1826 , 27416.6074486063 
 1827 , 27415.2470155053 
 1828 , 27404.0682431945 
 1829 , 27378.3973348534 
 1830 , 27346.659593453 
 1831 , 27314.796647467 
 1832 , 27285.787254149 
 1833 , 27251.9664404801 
 1834 , 27203.7996465305 
 1835 , 27142.0619689325 
 1836 , 27073.1898488306 
 1837 , 27013.474551833 
 1838 , 26974.5798709712 
 1839 , 26946.2704867051 
 1840 , 26914.9675999381 
 1841 , 26869.4636442471 
 1842 , 26811.3086102322 
 1843 , 26766.8298517858 
 1844 , 26746.6657656999 
 1845 , 26731.2420066148 
 1846 , 26712.9031214235 
 1847 , 26702.9424707023 
 1848 , 26697.8523374901 
 1849 , 26678.1429004104 
 1850 , 26649.3310881222 
 1851 , 26635.7905305387 
 1852 , 26613.4486131033 
 1853 , 26532.6534647893 
 1854 , 26432.3133594312 
 1855 , 26387.5781111728 
 1856 , 26368.2035507644 
 1857 , 26315.4060014986 
 1858 , 26279.2263159463 
 1859 , 26315.952475614 
 1860 , 26339.5330427254 
 1861 , 26267.53757728 
 1862 , 26163.1352670516 
 1863 , 26091.8025311972 
 1864 , 26043.5115631367 
 1865 , 26004.3050475462 
 1866 , 25977.346681618 
 1867 , 25959.2378557127 
 1868 , 25932.8078507507 
 1869 , 25889.2512750548 
 1870 , 25832.4252973233 
 1871 , 25776.0412635349 
 1872 , 25741.297438459 
 1873 , 25724.796537771 
 1874 , 25705.4720650815 
 1875 , 25684.4176201316 
 1876 , 25674.0593549547 
 1877 , 25665.6008824586 
 1878 , 25643.4804982471 
 1879 , 25612.698416459 
 1880 , 25583.1487889063 
 1881 , 25552.9855989631 
 1882 , 25517.4875361485 
 1883 , 25473.1828005863 
 1884 , 25422.7788633694 
 1885 , 25383.6356914283 
 1886 , 25360.4875129529 
 1887 , 25330.1503501187 
 1888 , 25283.1832187096 
 1889 , 25234.3606385156 
 1890 , 25191.3609242251 
 1891 , 25151.8328079184 
 1892 , 25113.6033267639 
 1893 , 25074.6040468079 
 1894 , 25026.8352985886 
 1895 , 24962.507435879 
 1896 , 24907.8663629504 
 1897 , 24894.426195511 
 1898 , 24884.4829591923 
 1899 , 24830.8141197586 
 1900 , 24755.9734745928 
 1901 , 24693.4153195681 
 1902 , 24651.1563200343 
 1903 , 24626.6746405045 
 1904 , 24604.7345193307 
 1905 , 24578.88097657 
 1906 , 24560.5859683016 
 1907 , 24548.1847616763 
 1908 , 24521.7636102354 
 1909 , 24484.1404389484 
 1910 , 24459.0943263587 
 1911 , 24438.6960903839 
 1912 , 24395.4453935894 
 1913 , 24339.9940218492 
 1914 , 24298.8099488987 
 1915 , 24266.1187969577 
 1916 , 24227.5329814611 
 1917 , 24187.6100951345 
 1918 , 24152.2311166682 
 1919 , 24114.2530535874 
 1920 , 24071.8525717794 
 1921 , 24041.348601646 
 1922 , 24025.4121067852 
 1923 , 24000.0357532114 
 1924 , 23958.624615595 
 1925 , 23918.3155400538 
 1926 , 23880.0258683665 
 1927 , 23830.5580176166 
 1928 , 23779.4510897838 
 1929 , 23747.4631414186 
 1930 , 23722.0383654231 
 1931 , 23682.4996207086 
 1932 , 23651.3841528575 
 1933 , 23646.1342315468 
 1934 , 23609.5025257759 
 1935 , 23512.4040580425 
 1936 , 23445.9513858453 
 1937 , 23459.1944628175 
 1938 , 23486.8332739153 
 1939 , 23484.0430048126 
 1940 , 23451.0084963035 
 1941 , 23408.114211314 
 1942 , 23388.9904614949 
 1943 , 23386.3889376854 
 1944 , 23368.6106108645 
 1945 , 23338.6760082093 
 1946 , 23311.9763321755 
 1947 , 23276.8828294494 
 1948 , 23222.4129404382 
 1949 , 23174.3552973563 
 1950 , 23149.2043896283 
 1951 , 23118.3452405506 
 1952 , 23066.9486398506 
 1953 , 23016.7374469918 
 1954 , 22982.0507254546 
 1955 , 22962.8370799146 
 1956 , 22948.4656317834 
 1957 , 22921.5476610391 
 1958 , 22884.0037960863 
 1959 , 22848.1112474105 
 1960 , 22814.0027407586 
 1961 , 22780.5300929458 
 1962 , 22764.9074618144 
 1963 , 22771.216243594 
 1964 , 22747.1524215562 
 1965 , 22670.665698802 
 1966 , 22604.1728608423 
 1967 , 22577.4537326874 
 1968 , 22559.311722084 
 1969 , 22533.498304817 
 1970 , 22503.3101349766 
 1971 , 22472.6650631927 
 1972 , 22444.6980411784 
 1973 , 22417.6081528378 
 1974 , 22388.7881234729 
 1975 , 22363.1809959444 
 1976 , 22343.3903004064 
 1977 , 22316.7028304907 
 1978 , 22277.3714430653 
 1979 , 22241.2002571619 
 1980 , 22212.0338179425 
 1981 , 22172.780517066 
 1982 , 22120.5044133117 
 1983 , 22067.7765777155 
 1984 , 22023.8455112423 
 1985 , 21994.0333646899 
 1986 , 21974.5533260839 
 1987 , 21956.602388933 
 1988 , 21927.1160576022 
 1989 , 21879.2725000076 
 1990 , 21829.0749554712 
 1991 , 21792.0758335156 
 1992 , 21774.0789604415 
 1993 , 21770.726164217 
 1994 , 21766.8609772 
 1995 , 21768.8990783411 
 1996 , 21798.0244224035 
 1997 , 21821.6187067057 
 1998 , 21787.7809879125 
 1999 , 21727.443648282 
 2000 , 21688.2750878731 
 2001 , 21656.1670900965 
 2002 , 21614.3162277866 
 2003 , 21577.2903305954 
 2004 , 21557.5863039367 
 2005 , 21555.4854351751 
 2006 , 21544.4336004883 
 2007 , 21476.6034875655 
 2008 , 21388.1833175192 
 2009 , 21361.8149546442 
 2010 , 21373.4112419406 
 2011 , 21362.574079333 
 2012 , 21331.5586040616 
 2013 , 21297.4150647787 
 2014 , 21267.0851936374 
 2015 , 21244.4482786952 
 2016 , 21230.9252149208 
 2017 , 21222.3763724124 
 2018 , 21208.4352393757 
 2019 , 21179.6412829492 
 2020 , 21129.71326309 
 2021 , 21070.7433373157 
 2022 , 21019.7532688168 
 2023 , 20972.8597659459 
 2024 , 20925.9182362444 
 2025 , 20893.6134065786 
 2026 , 20879.7778106586 
 2027 , 20861.4837093304 
 2028 , 20829.2040968945 
 2029 , 20793.1264185181 
 2030 , 20762.9570179384 
 2031 , 20744.4862585146 
 2032 , 20721.8418067919 
 2033 , 20679.4337376613 
 2034 , 20654.3827255344 
 2035 , 20669.7740578853 
 2036 , 20662.3297225381 
 2037 , 20600.646881365 
 2038 , 20536.9464874896 
 2039 , 20496.2686861779 
 2040 , 20464.6936870957 
 2041 , 20447.564200853 
 2042 , 20458.1799981497 
 2043 , 20456.3027131071 
 2044 , 20397.2674299596 
 2045 , 20319.3681598382 
 2046 , 20264.6552531101 
 2047 , 20228.7940057981 
 2048 , 20204.6481922569 
 2049 , 20191.4906210066 
 2050 , 20179.2776738987 
 2051 , 20149.793391307 
 2052 , 20099.6345316425 
 2053 , 20037.7812724211 
 2054 , 19992.2282255632 
 2055 , 19982.6285877753 
 2056 , 19976.7425136641 
 2057 , 19950.3555696335 
 2058 , 19917.5959386239 
 2059 , 19884.9093715553 
 2060 , 19844.9966659412 
 2061 , 19812.7751084384 
 2062 , 19813.8868523097 
 2063 , 19820.2604387055 
 2064 , 19791.0183866059 
 2065 , 19739.0066707192 
 2066 , 19689.1573267027 
 2067 , 19659.6231273126 
 2068 , 19646.0180107224 
 2069 , 19613.6543258298 
 2070 , 19564.1280139857 
 2071 , 19530.7115215761 
 2072 , 19510.8322198135 
 2073 , 19485.7341198287 
 2074 , 19459.1361655883 
 2075 , 19435.843980249 
 2076 , 19402.5081584171 
 2077 , 19355.8194642733 
 2078 , 19314.4361377315 
 2079 , 19276.5992263552 
 2080 , 19220.2326977898 
 2081 , 19155.1373422246 
 2082 , 19107.1670146592 
 2083 , 19077.4611594205 
 2084 , 19056.6178046401 
 2085 , 19030.3738883318 
 2086 , 18995.3722392252 
 2087 , 18969.4667222497 
 2088 , 18952.1161591046 
 2089 , 18922.5008772664 
 2090 , 18887.3018389329 
 2091 , 18865.9733155 
 2092 , 18842.6604016967 
 2093 , 18795.9471838228 
 2094 , 18730.4753020339 
 2095 , 18668.7427568273 
 2096 , 18654.9364884115 
 2097 , 18689.0512766737 
 2098 , 18722.6191465523 
 2099 , 18738.3632333964 
 2100 , 18738.6204491556 
 2101 , 18712.8875047415 
 2102 , 18655.623161529 
 2103 , 18592.6535824354 
 2104 , 18541.3661888213 
 2105 , 18493.3140238208 
 2106 , 18454.1019204746 
 2107 , 18443.8100856294 
 2108 , 18450.8653533979 
 2109 , 18447.2238482041 
 2110 , 18421.7455082728 
 2111 , 18375.8441492373 
 2112 , 18330.4140770961 
 2113 , 18297.6070847323 
 2114 , 18269.8003047236 
 2115 , 18241.4489087816 
 2116 , 18210.34628246 
 2117 , 18171.6243405187 
 2118 , 18122.4658935463 
 2119 , 18076.5455318899 
 2120 , 18047.1143975813 
 2121 , 18034.2438575468 
 2122 , 18028.0683022859 
 2123 , 18008.5158142868 
 2124 , 17967.3788517926 
 2125 , 17907.5065953224 
 2126 , 17839.5580178547 
 2127 , 17779.6100806319 
 2128 , 17751.4359816475 
 2129 , 17759.4167229726 
 2130 , 17766.39624031 
 2131 , 17759.3964115183 
 2132 , 17755.1205387399 
 2133 , 17736.9589587168 
 2134 , 17675.4231653401 
 2135 , 17591.3850385224 
 2136 , 17516.9575096595 
 2137 , 17466.8481834102 
 2138 , 17446.0964417346 
 2139 , 17448.8670268507 
 2140 , 17455.8591924013 
 2141 , 17439.4347681504 
 2142 , 17390.9600387823 
 2143 , 17319.436896279 
 2144 , 17267.1951109194 
 2145 , 17258.1894550888 
 2146 , 17262.671809193 
 2147 , 17266.5378152542 
 2148 , 17277.9653364483 
 2149 , 17276.4354403898 
 2150 , 17232.5371294977 
 2151 , 17167.234229152 
 2152 , 17108.9808025335 
 2153 , 17062.0765916749 
 2154 , 17023.5396390864 
 2155 , 16986.4527522008 
 2156 , 16955.1620173764 
 2157 , 16940.1578736654 
 2158 , 16932.8086229156 
 2159 , 16920.3368946406 
 2160 , 16902.9293079808 
 2161 , 16886.7956046803 
 2162 , 16882.8051501367 
 2163 , 16880.2196520214 
 2164 , 16852.0866367922 
 2165 , 16808.8804088366 
 2166 , 16770.4079224101 
 2167 , 16716.8801015948 
 2168 , 16648.4283489711 
 2169 , 16624.108565436 
 2170 , 16638.6500920485 
 2171 , 16617.0273498749 
 2172 , 16566.5469453985 
 2173 , 16534.6224800096 
 2174 , 16521.3276236868 
 2175 , 16514.2466393464 
 2176 , 16505.0348848672 
 2177 , 16487.8507198385 
 2178 , 16459.5997833728 
 2179 , 16421.8850984655 
 2180 , 16381.1540473328 
 2181 , 16353.8993234787 
 2182 , 16349.8316156736 
 2183 , 16352.5616435043 
 2184 , 16341.0069072545 
 2185 , 16296.4494512289 
 2186 , 16240.1588527703 
 2187 , 16210.6234358701 
 2188 , 16185.1125030477 
 2189 , 16139.3665461268 
 2190 , 16104.5578855829 
 2191 , 16093.0450959698 
 2192 , 16079.1037692689 
 2193 , 16052.2769028515 
 2194 , 16015.7854390912 
 2195 , 15975.9530860185 
 2196 , 15940.7580808971 
 2197 , 15919.7077899389 
 2198 , 15911.982146703 
 2199 , 15902.3735782685 
 2200 , 15882.1512873127 
 2201 , 15849.4064319701 
 2202 , 15809.9483342151 
 2203 , 15770.6405099731 
 2204 , 15733.5847107992 
 2205 , 15697.4492428317 
 2206 , 15658.1611694922 
 2207 , 15622.7085097086 
 2208 , 15603.2902004448 
 2209 , 15596.8839085781 
 2210 , 15592.2516887291 
 2211 , 15571.0517051391 
 2212 , 15528.7593455153 
 2213 , 15479.3432285801 
 2214 , 15427.4641393516 
 2215 , 15373.0330717433 
 2216 , 15327.0353738575 
 2217 , 15294.5690680774 
 2218 , 15259.1052166981 
 2219 , 15226.0030400332 
 2220 , 15225.1870559167 
 2221 , 15237.2791247719 
 2222 , 15223.7988154561 
 2223 , 15195.0855355128 
 2224 , 15162.9906417522 
 2225 , 15114.9915042748 
 2226 , 15065.7667344306 
 2227 , 15053.8385779634 
 2228 , 15054.4517354393 
 2229 , 15023.0650619121 
 2230 , 14965.2626025855 
 2231 , 14902.1449456614 
 2232 , 14859.7719061119 
 2233 , 14839.3174790477 
 2234 , 14820.9809765281 
 2235 , 14793.7531170964 
 2236 , 14752.7342399528 
 2237 , 14699.6301585305 
 2238 , 14650.7008589401 
 2239 , 14637.8198945146 
 2240 , 14643.2170961779 
 2241 , 14621.3626776052 
 2242 , 14574.3485496082 
 2243 , 14520.8519678601 
 2244 , 14479.4693788046 
 2245 , 14450.4882684368 
 2246 , 14415.4725777987 
 2247 , 14380.2582860103 
 2248 , 14358.8370368389 
 2249 , 14339.9277789788 
 2250 , 14315.5741706779 
 2251 , 14295.5721136232 
 2252 , 14280.0992164513 
 2253 , 14260.3520144826 
 2254 , 14237.0606165899 
 2255 , 14214.3300118351 
 2256 , 14193.6973992797 
 2257 , 14172.1798894966 
 2258 , 14142.6484855863 
 2259 , 14115.4905844884 
 2260 , 14103.1706885484 
 2261 , 14070.5271673097 
 2262 , 14001.3488375619 
 2263 , 13949.1124088867 
 2264 , 13931.5433241535 
 2265 , 13921.3041708736 
 2266 , 13890.588462902 
 2267 , 13828.4037244951 
 2268 , 13776.4050404901 
 2269 , 13754.5825409634 
 2270 , 13736.8812044462 
 2271 , 13728.3830123668 
 2272 , 13746.3692916069 
 2273 , 13744.5293561195 
 2274 , 13691.531447283 
 2275 , 13632.6168365942 
 2276 , 13591.6727040769 
 2277 , 13560.3595642262 
 2278 , 13529.4876396929 
 2279 , 13495.7613496065 
 2280 , 13473.6912448318 
 2281 , 13462.2958804871 
 2282 , 13436.0829871958 
 2283 , 13406.0702858601 
 2284 , 13395.3973332529 
 2285 , 13362.0779998884 
 2286 , 13290.6665728761 
 2287 , 13255.1332209553 
 2288 , 13262.4581029709 
 2289 , 13254.4653741634 
 2290 , 13222.0103311414 
 2291 , 13179.0475248479 
 2292 , 13142.9083590733 
 2293 , 13117.758197225 
 2294 , 13091.4517132255 
 2295 , 13061.1302254098 
 2296 , 13030.8026497802 
 2297 , 13007.8978202784 
 2298 , 12990.0508684233 
 2299 , 12958.8162909228 
 2300 , 12919.9083099393 
 2301 , 12892.5768552041 
 2302 , 12863.467893058 
 2303 , 12825.1313353119 
 2304 , 12806.038749159 
 2305 , 12804.5876139878 
 2306 , 12788.2785805694 
 2307 , 12750.2513826457 
 2308 , 12698.7892745631 
 2309 , 12651.3742676516 
 2310 , 12620.9460677878 
 2311 , 12610.628268561 
 2312 , 12603.4062800004 
 2313 , 12579.0004884633 
 2314 , 12545.957519372 
 2315 , 12517.3808540229 
 2316 , 12501.7419812443 
 2317 , 12491.7552738802 
 2318 , 12471.27060318 
 2319 , 12433.203937797 
 2320 , 12383.6853576014 
 2321 , 12347.5457194479 
 2322 , 12325.038272659 
 2323 , 12298.0602792458 
 2324 , 12274.3167024427 
 2325 , 12257.6469740133 
 2326 , 12221.6338571639 
 2327 , 12170.5859877229 
 2328 , 12139.371060118 
 2329 , 12126.9179447674 
 2330 , 12121.6710808553 
 2331 , 12127.8588821527 
 2332 , 12122.180060341 
 2333 , 12056.225307746 
 2334 , 11975.4726828241 
 2335 , 11946.5456183162 
 2336 , 11943.5576750882 
 2337 , 11938.6186273496 
 2338 , 11927.0484794668 
 2339 , 11903.8035373777 
