11-20-2017,18:26:46
Wavenumber(cm-1),Intensity
 250 , 10 
 251 , 10 
 252 , 10 
 253 , 10 
 254 , 10 
 255 , 79.9453125 
 256 , 80.765625 
 257 , 100.3828125 
 258 , 122.703125 
 259 , 124.2421875 
 260 , 91.90625 
 261 , 29.6015625 
 262 ,-23.34375 
 263 ,-33.5 
 264 , 3.7421875 
 265 , 68.6875 
 266 , 142.1328125 
 267 , 215.046875 
 268 , 279.515625 
 269 , 333.046875 
 270 , 377.546875 
 271 , 410.8515625 
 272 , 439.6796875 
 273 , 469.9140625 
 274 , 506.5546875 
 275 , 553.953125 
 276 , 617.3984375 
 277 , 700.6875 
 278 , 802.390625 
 279 , 919.546875 
 280 , 1039.75 
 281 , 1132.1484375 
 282 , 1166.1328125 
 283 , 1154.453125 
 284 , 1148.3828125 
 285 , 1194.328125 
 286 , 1292.4609375 
 287 , 1423.4921875 
 288 , 1562.5078125 
 289 , 1682.171875 
 290 , 1757.4140625 
 291 , 1787.125 
 292 , 1791.4609375 
 293 , 1788.59375 
 294 , 1778.8515625 
 295 , 1754.9921875 
 296 , 1716.7265625 
 297 , 1679.515625 
 298 , 1660.6875 
 299 , 1663.3671875 
 300 , 1673.8828125 
 301 , 1678.34375 
 302 , 1675.4765625 
 303 , 1672.8515625 
 304 , 1677.8828125 
 305 , 1688.3203125 
 306 , 1697.8359375 
 307 , 1698.1875 
 308 , 1686.5390625 
 309 , 1663.046875 
 310 , 1634.9765625 
 311 , 1609.0546875 
 312 , 1588.734375 
 313 , 1572.3359375 
 314 , 1558.5234375 
 315 , 1548.2578125 
 316 , 1542.015625 
 317 , 1539.4609375 
 318 , 1540.6796875 
 319 , 1547.9453125 
 320 , 1561.6640625 
 321 , 1572.890625 
 322 , 1570.2421875 
 323 , 1551.1640625 
 324 , 1526.7109375 
 325 , 1508.328125 
 326 , 1499.078125 
 327 , 1496.1875 
 328 , 1497.5703125 
 329 , 1505.9375 
 330 , 1525.7578125 
 331 , 1559.1171875 
 332 , 1603.0625 
 333 , 1653.8828125 
 334 , 1704.5234375 
 335 , 1744.171875 
 336 , 1764.5703125 
 337 , 1774.9765625 
 338 , 1791.859375 
 339 , 1823.3203125 
 340 , 1856.203125 
 341 , 1874.5390625 
 342 , 1876.484375 
 343 , 1875.6640625 
 344 , 1884.84375 
 345 , 1903.75 
 346 , 1926 
 347 , 1944.2578125 
 348 , 1949.2109375 
 349 , 1931.7890625 
 350 , 1892.9296875 
 351 , 1844.3828125 
 352 , 1796.515625 
 353 , 1745.71875 
 354 , 1682.1171875 
 355 , 1601.7265625 
 356 , 1516.546875 
 357 , 1440.84375 
 358 , 1377.203125 
 359 , 1315.65625 
 360 , 1247.15625 
 361 , 1173.3125 
 362 , 1100.2890625 
 363 , 1032.625 
 364 , 971.6796875 
 365 , 918.375 
 366 , 872.8125 
 367 , 833.4375 
 368 , 799.0546875 
 369 , 772.2890625 
 370 , 757.6484375 
 371 , 757.5703125 
 372 , 768.6484375 
 373 , 786.46875 
 374 , 806.0546875 
 375 , 822.21875 
 376 , 830.546875 
 377 , 830.859375 
 378 , 824.5625 
 379 , 815.3515625 
 380 , 812.8125 
 381 , 826.6015625 
 382 , 849.25 
 383 , 857.4140625 
 384 , 833.21875 
 385 , 792.8125 
 386 , 764.25 
 387 , 761.0078125 
 388 , 766.21875 
 389 , 759.96875 
 390 , 736.609375 
 391 , 702.921875 
 392 , 665.796875 
 393 , 628.6875 
 394 , 593.0390625 
 395 , 557.671875 
 396 , 518.0703125 
 397 , 470.0390625 
 398 , 413.3828125 
 399 , 350.671875 
 400 , 284.984375 
 401 , 222.5078125 
 402 , 170.6171875 
 403 , 132.6328125 
 404 , 103.6484375 
 405 , 78.703125 
 406 , 60.5625 
 407 , 55.5078125 
 408 , 64.640625 
 409 , 75.7421875 
 410 , 75.3359375 
 411 , 61.421875 
 412 , 44.4921875 
 413 , 34.109375 
 414 , 30.6796875 
 415 , 31.546875 
 416 , 33.5625 
 417 , 33.4609375 
 418 , 26.6171875 
 419 , 13.8125 
 420 , 5.40625 
 421 , 11.4921875 
 422 , 30.515625 
 423 , 53.2109375 
 424 , 71.234375 
 425 , 81.046875 
 426 , 82 
 427 , 75.90625 
 428 , 63.328125 
 429 , 43.1640625 
 430 , 19.21875 
 431 ,-3.3984375 
 432 ,-17.4453125 
 433 ,-14.9453125 
 434 , 10.90625 
 435 , 57.171875 
 436 , 112.3984375 
 437 , 165.765625 
 438 , 215.0859375 
 439 , 260.3125 
 440 , 300.34375 
 441 , 332.59375 
 442 , 357.4296875 
 443 , 375.2265625 
 444 , 384.8125 
 445 , 384.640625 
 446 , 372.8359375 
 447 , 348.015625 
 448 , 311.7578125 
 449 , 267.2890625 
 450 , 217.3828125 
 451 , 163.3046875 
 452 , 108.4765625 
 453 , 59.4921875 
 454 , 22.8984375 
 455 , 3.328125 
 456 ,-1.921875 
 457 ,-1.0546875 
 458 , 0.6796875 
 459 , 4.671875 
 460 , 13.1328125 
 461 , 24.7109375 
 462 , 37.6796875 
 463 , 50.65625 
 464 , 60.9453125 
 465 , 66.2421875 
 466 , 67.0625 
 467 , 66.5625 
 468 , 68.328125 
 469 , 70.46875 
 470 , 66.1796875 
 471 , 51.25 
 472 , 29.9921875 
 473 , 8.984375 
 474 ,-7.7109375 
 475 ,-18.2578125 
 476 ,-20.78125 
 477 ,-13.0546875 
 478 , 4.46875 
 479 , 29.9453125 
 480 , 59.2265625 
 481 , 89.9609375 
 482 , 122.390625 
 483 , 155.328125 
 484 , 183.9375 
 485 , 198.546875 
 486 , 193.4375 
 487 , 172.796875 
 488 , 150.3359375 
 489 , 138.6953125 
 490 , 138.953125 
 491 , 145.1171875 
 492 , 154.59375 
 493 , 173.4375 
 494 , 209.4921875 
 495 , 261.0625 
 496 , 312.7109375 
 497 , 351.265625 
 498 , 382.7734375 
 499 , 423.84375 
 500 , 479.0703125 
 501 , 531.15625 
 502 , 561.2265625 
 503 , 570.8515625 
 504 , 577.3828125 
 505 , 592.4140625 
 506 , 610.8046875 
 507 , 622.625 
 508 , 625.921875 
 509 , 628.34375 
 510 , 637.2890625 
 511 , 652.046875 
 512 , 666.265625 
 513 , 674.9375 
 514 , 677.5546875 
 515 , 674.53125 
 516 , 664.8125 
 517 , 646.7265625 
 518 , 620.9609375 
 519 , 592.75 
 520 , 568.046875 
 521 , 548.484375 
 522 , 533.5078125 
 523 , 523.671875 
 524 , 521.421875 
 525 , 529.0703125 
 526 , 548.4375 
 527 , 577.484375 
 528 , 611.359375 
 529 , 641.8046875 
 530 , 661.953125 
 531 , 671.453125 
 532 , 675.28125 
 533 , 676.515625 
 534 , 671.25 
 535 , 657.765625 
 536 , 638.9921875 
 537 , 618.9140625 
 538 , 597.515625 
 539 , 571.890625 
 540 , 543.453125 
 541 , 516.015625 
 542 , 492.75 
 543 , 473.75 
 544 , 458.4375 
 545 , 443.5859375 
 546 , 424.7109375 
 547 , 399.9609375 
 548 , 373.53125 
 549 , 349.2265625 
 550 , 323.7109375 
 551 , 290.3984375 
 552 , 247.796875 
 553 , 202.34375 
 554 , 160.2578125 
 555 , 125.09375 
 556 , 99.4765625 
 557 , 83.3828125 
 558 , 69.84375 
 559 , 53.1328125 
 560 , 39.2109375 
 561 , 42.40625 
 562 , 69.2265625 
 563 , 108.90625 
 564 , 146.3359375 
 565 , 175.40625 
 566 , 200.9453125 
 567 , 228.2421875 
 568 , 258.7109375 
 569 , 291.59375 
 570 , 324.890625 
 571 , 353.640625 
 572 , 372.7265625 
 573 , 385.40625 
 574 , 402.3828125 
 575 , 430.5390625 
 576 , 461.6171875 
 577 , 484.34375 
 578 , 495.1875 
 579 , 498.609375 
 580 , 498.078125 
 581 , 494.671875 
 582 , 488.8125 
 583 , 482.1015625 
 584 , 478.0078125 
 585 , 481.328125 
 586 , 495.59375 
 587 , 521.6640625 
 588 , 554.296875 
 589 , 582.453125 
 590 , 599.09375 
 591 , 604.9375 
 592 , 603.0703125 
 593 , 594.0859375 
 594 , 581.3125 
 595 , 567.8515625 
 596 , 551.2890625 
 597 , 525.6171875 
 598 , 491.15625 
 599 , 456.4921875 
 600 , 428.734375 
 601 , 407.3203125 
 602 , 387.46875 
 603 , 368.3515625 
 604 , 354.46875 
 605 , 350.5078125 
 606 , 353.4140625 
 607 , 350.140625 
 608 , 329.6484375 
 609 , 291.359375 
 610 , 238.875 
 611 , 176.296875 
 612 , 112.359375 
 613 , 59.8515625 
 614 , 25.5703125 
 615 , 9.2265625 
 616 , 6.6796875 
 617 , 16.9921875 
 618 , 43.625 
 619 , 81.703125 
 620 , 116.2421875 
 621 , 135.3046875 
 622 , 146.03125 
 623 , 157.7265625 
 624 , 168.8046875 
 625 , 172.53125 
 626 , 171.84375 
 627 , 175.484375 
 628 , 184.421875 
 629 , 191.5390625 
 630 , 192.3046875 
 631 , 191.3359375 
 632 , 190.0390625 
 633 , 185.15625 
 634 , 176.5078125 
 635 , 173.3359375 
 636 , 183.15625 
 637 , 198.3203125 
 638 , 204.34375 
 639 , 195.1328125 
 640 , 180.125 
 641 , 169.390625 
 642 , 162.5390625 
 643 , 154.984375 
 644 , 147.125 
 645 , 145.265625 
 646 , 152.546875 
 647 , 166.125 
 648 , 179.0546875 
 649 , 183.8515625 
 650 , 176.2265625 
 651 , 159.328125 
 652 , 142.5703125 
 653 , 133.96875 
 654 , 133.9375 
 655 , 138.9765625 
 656 , 150.7265625 
 657 , 171.78125 
 658 , 199.7890625 
 659 , 227.2109375 
 660 , 250.0703125 
 661 , 269.9375 
 662 , 288.0703125 
 663 , 302.46875 
 664 , 310.4140625 
 665 , 311.8046875 
 666 , 307.3125 
 667 , 299.125 
 668 , 289.3046875 
 669 , 275.5234375 
 670 , 251.0078125 
 671 , 215.078125 
 672 , 176.40625 
 673 , 146.765625 
 674 , 128.9375 
 675 , 112.984375 
 676 , 88.5390625 
 677 , 56.5546875 
 678 , 29.34375 
 679 , 16.7890625 
 680 , 13.359375 
 681 , 7.77734375 
 682 ,-3.3046875 
 683 ,-12.04296875 
 684 ,-10.80859375 
 685 ,-4.6015625 
 686 ,-0.0390625 
 687 , 3.27734375 
 688 , 11.44921875 
 689 , 25.453125 
 690 , 38.20703125 
 691 , 45.9765625 
 692 , 52.25390625 
 693 , 62.07421875 
 694 , 72.0234375 
 695 , 74.17578125 
 696 , 67.98046875 
 697 , 61.72265625 
 698 , 67.94921875 
 699 , 92.34375 
 700 , 128.3203125 
 701 , 167.92578125 
 702 , 207.91796875 
 703 , 248.265625 
 704 , 287.62890625 
 705 , 325.08203125 
 706 , 358.76171875 
 707 , 383.4296875 
 708 , 392.015625 
 709 , 384.01953125 
 710 , 371.8359375 
 711 , 365.91015625 
 712 , 363.50390625 
 713 , 350.328125 
 714 , 319.80078125 
 715 , 284.31640625 
 716 , 258.7109375 
 717 , 245.14453125 
 718 , 234.0625 
 719 , 222.55078125 
 720 , 217.046875 
 721 , 218.625 
 722 , 219.8828125 
 723 , 211.37890625 
 724 , 191.7265625 
 725 , 168.06640625 
 726 , 146.5859375 
 727 , 128.52734375 
 728 , 110.55078125 
 729 , 88.83984375 
 730 , 62.7734375 
 731 , 36.92578125 
 732 , 17.67578125 
 733 , 8.36328125 
 734 , 7.59765625 
 735 , 8.9765625 
 736 , 7.35546875 
 737 , 4.23828125 
 738 , 7.015625 
 739 , 19.59765625 
 740 , 33.078125 
 741 , 36.44140625 
 742 , 30.734375 
 743 , 29.12890625 
 744 , 40.7109375 
 745 , 56.97265625 
 746 , 65.59375 
 747 , 65.984375 
 748 , 68.9140625 
 749 , 81.61328125 
 750 , 93.80859375 
 751 , 88.58984375 
 752 , 63.15625 
 753 , 33.1015625 
 754 , 15.30078125 
 755 , 9.76953125 
 756 , 5.99609375 
 757 , 1.90625 
 758 , 6.34765625 
 759 , 26.265625 
 760 , 55.41015625 
 761 , 82.93359375 
 762 , 105.66796875 
 763 , 130.3828125 
 764 , 162.921875 
 765 , 196.48046875 
 766 , 219.21484375 
 767 , 230.5859375 
 768 , 237.36328125 
 769 , 241.14453125 
 770 , 234.8203125 
 771 , 214.83984375 
 772 , 192.140625 
 773 , 178.63671875 
 774 , 174.09375 
 775 , 166.32421875 
 776 , 149.39453125 
 777 , 134.72265625 
 778 , 133.484375 
 779 , 143.19921875 
 780 , 151.2265625 
 781 , 151.37109375 
 782 , 150.42578125 
 783 , 155.515625 
 784 , 166.10546875 
 785 , 172.59765625 
 786 , 166.140625 
 787 , 148.1171875 
 788 , 125.95703125 
 789 , 105.96875 
 790 , 87.40625 
 791 , 66.6796875 
 792 , 43.03515625 
 793 , 18.2109375 
 794 , 0.953125 
 795 ,-0.78515625 
 796 , 11.33984375 
 797 , 23.66796875 
 798 , 27.93359375 
 799 , 31.1640625 
 800 , 40.0859375 
 801 , 50.4296875 
 802 , 50.12109375 
 803 , 33.19140625 
 804 , 13.23828125 
 805 , 3.31640625 
 806 , 3.8046875 
 807 , 5.91015625 
 808 , 5.16796875 
 809 , 3.73046875 
 810 , 1.90234375 
 811 ,-0.890625 
 812 ,-2.234375 
 813 , 0.05078125 
 814 , 5.26953125 
 815 , 12.9609375 
 816 , 25.0625 
 817 , 43.15234375 
 818 , 65.3828125 
 819 , 83.85546875 
 820 , 91.203125 
 821 , 89.72265625 
 822 , 87.74609375 
 823 , 91.55078125 
 824 , 100.59375 
 825 , 112.9609375 
 826 , 129.85546875 
 827 , 154.0078125 
 828 , 184.46875 
 829 , 217.12109375 
 830 , 249.42578125 
 831 , 281.40625 
 832 , 310.87109375 
 833 , 332.48046875 
 834 , 342.0234375 
 835 , 339.8515625 
 836 , 333.4375 
 837 , 329.02734375 
 838 , 326.2109375 
 839 , 320.45703125 
 840 , 310.09765625 
 841 , 301.53515625 
 842 , 302.5234375 
 843 , 310.50390625 
 844 , 315.22265625 
 845 , 312.0546875 
 846 , 307.6875 
 847 , 309.48046875 
 848 , 316.2109375 
 849 , 322.69140625 
 850 , 326.95703125 
 851 , 332.4765625 
 852 , 342.28125 
 853 , 352.59375 
 854 , 356.15234375 
 855 , 352.28125 
 856 , 348.84375 
 857 , 351.734375 
 858 , 357.9296875 
 859 , 361.765625 
 860 , 361.3359375 
 861 , 358.3046875 
 862 , 354.73046875 
 863 , 353.64453125 
 864 , 357.87890625 
 865 , 364.47265625 
 866 , 365.04296875 
 867 , 352.125 
 868 , 327.68359375 
 869 , 298.9921875 
 870 , 271.80859375 
 871 , 244.85546875 
 872 , 212.984375 
 873 , 177.5703125 
 874 , 145.73828125 
 875 , 124.8046875 
 876 , 116.30859375 
 877 , 108.93359375 
 878 , 89.80078125 
 879 , 59.54296875 
 880 , 31.6796875 
 881 , 16.03125 
 882 , 8.7421875 
 883 , 3.38671875 
 884 , 0.77734375 
 885 , 6.046875 
 886 , 21.20703125 
 887 , 41.33984375 
 888 , 60.3984375 
 889 , 77.08203125 
 890 , 93.85546875 
 891 , 111.4453125 
 892 , 125.95703125 
 893 , 133.4140625 
 894 , 133.65625 
 895 , 127.734375 
 896 , 117.30078125 
 897 , 103.2265625 
 898 , 85.5703125 
 899 , 65.7265625 
 900 , 46.02734375 
 901 , 28.9375 
 902 , 16.40234375 
 903 , 9.59375 
 904 , 6.8046875 
 905 , 4.5625 
 906 , 2.6171875 
 907 , 3.65625 
 908 , 11.41015625 
 909 , 30.92578125 
 910 , 63.15625 
 911 , 96.15625 
 912 , 116.23828125 
 913 , 124.63671875 
 914 , 132.37890625 
 915 , 143.62890625 
 916 , 154.86328125 
 917 , 163.59765625 
 918 , 170.59765625 
 919 , 175.3671875 
 920 , 175.27734375 
 921 , 171.171875 
 922 , 167.3359375 
 923 , 165.87109375 
 924 , 165.30078125 
 925 , 162.8046875 
 926 , 159.13671875 
 927 , 157.91796875 
 928 , 160.94921875 
 929 , 166.37109375 
 930 , 168.9765625 
 931 , 165.85546875 
 932 , 159.96484375 
 933 , 152.921875 
 934 , 143.01171875 
 935 , 132.57421875 
 936 , 127.2109375 
 937 , 129.484375 
 938 , 136.6640625 
 939 , 143.5703125 
 940 , 146.7578125 
 941 , 144.0546875 
 942 , 134.8515625 
 943 , 119.7421875 
 944 , 103.25 
 945 , 90.0390625 
 946 , 80.56640625 
 947 , 72.20703125 
 948 , 64.80078125 
 949 , 65.0234375 
 950 , 79.765625 
 951 , 106.4296875 
 952 , 136.99609375 
 953 , 165.05859375 
 954 , 185.7890625 
 955 , 195.59765625 
 956 , 199.0859375 
 957 , 204.25 
 958 , 212.39453125 
 959 , 217.06640625 
 960 , 214.57421875 
 961 , 210.01171875 
 962 , 209.8359375 
 963 , 216.6171875 
 964 , 230.03125 
 965 , 247.296875 
 966 , 266.5078125 
 967 , 287.78515625 
 968 , 310.44140625 
 969 , 331.3203125 
 970 , 345.9765625 
 971 , 352.69140625 
 972 , 353.3125 
 973 , 350.10546875 
 974 , 343.890625 
 975 , 334.9140625 
 976 , 324.62890625 
 977 , 317.1640625 
 978 , 317.50390625 
 979 , 325.9375 
 980 , 334.98828125 
 981 , 337.28515625 
 982 , 332.27734375 
 983 , 322.46484375 
 984 , 306.7578125 
 985 , 279.16015625 
 986 , 238.85546875 
 987 , 197.29296875 
 988 , 165.234375 
 989 , 138.80859375 
 990 , 108.6875 
 991 , 76.6953125 
 992 , 52.95703125 
 993 , 41.98828125 
 994 , 33.5078125 
 995 , 16.65234375 
 996 ,-3.97265625 
 997 ,-16.72265625 
 998 ,-16.90625 
 999 ,-8.05078125 
 1000 , 5.79296875 
 1001 , 21.24609375 
 1002 , 34.2578125 
 1003 , 47.30078125 
 1004 , 65.98046875 
 1005 , 87.578125 
 1006 , 98.90625 
 1007 , 91.5859375 
 1008 , 75.99609375 
 1009 , 64.72265625 
 1010 , 57.01953125 
 1011 , 46.3359375 
 1012 , 34.97265625 
 1013 , 35.44921875 
 1014 , 54.23046875 
 1015 , 78.27734375 
 1016 , 92.4921875 
 1017 , 95.5234375 
 1018 , 92.94140625 
 1019 , 88.6875 
 1020 , 85.0703125 
 1021 , 84.1875 
 1022 , 85.484375 
 1023 , 87.34765625 
 1024 , 91.44140625 
 1025 , 102.41796875 
 1026 , 118.22265625 
 1027 , 127.515625 
 1028 , 122.58984375 
 1029 , 108.20703125 
 1030 , 90.15234375 
 1031 , 69.28515625 
 1032 , 45.67578125 
 1033 , 23 
 1034 , 6.6875 
 1035 , 0 
 1036 , 1.5078125 
 1037 , 9.27734375 
 1038 , 19.4453125 
 1039 , 26.203125 
 1040 , 28.51953125 
 1041 , 34.34375 
 1042 , 49.66796875 
 1043 , 66.65234375 
 1044 , 74.5546875 
 1045 , 75.91015625 
 1046 , 80.37109375 
 1047 , 90.13671875 
 1048 , 98.09765625 
 1049 , 98.73828125 
 1050 , 93.35546875 
 1051 , 84.5 
 1052 , 74.91796875 
 1053 , 65.1953125 
 1054 , 53.8515625 
 1055 , 38.171875 
 1056 , 18 
 1057 , 1.296875 
 1058 ,-5.296875 
 1059 ,-3.3359375 
 1060 , 2.4375 
 1061 , 12.00390625 
 1062 , 30.0390625 
 1063 , 57.10546875 
 1064 , 87.95703125 
 1065 , 116.9765625 
 1066 , 138.63671875 
 1067 , 147.78515625 
 1068 , 143.41796875 
 1069 , 130.109375 
 1070 , 111.8828125 
 1071 , 92.109375 
 1072 , 72.8203125 
 1073 , 53.8125 
 1074 , 35 
 1075 , 18.06640625 
 1076 , 5.75390625 
 1077 , 2.07421875 
 1078 , 7.0234375 
 1079 , 17.4921875 
 1080 , 22.40234375 
 1081 , 12.1015625 
 1082 ,-6.1015625 
 1083 ,-15.296875 
 1084 ,-8.7265625 
 1085 , 6.0234375 
 1086 , 21.33984375 
 1087 , 33.421875 
 1088 , 38.58984375 
 1089 , 45.5546875 
 1090 , 66.9375 
 1091 , 95.32421875 
 1092 , 102.66796875 
 1093 , 78.79296875 
 1094 , 55.375 
 1095 , 60.66796875 
 1096 , 76.1484375 
 1097 , 70.34765625 
 1098 , 52.20703125 
 1099 , 61.30078125 
 1100 , 109.77734375 
 1101 , 162.6484375 
 1102 , 189.80078125 
 1103 , 197.625 
 1104 , 200.2421875 
 1105 , 201.09375 
 1106 , 197.8125 
 1107 , 190.703125 
 1108 , 183.296875 
 1109 , 178.84375 
 1110 , 178.9296875 
 1111 , 183.8515625 
 1112 , 187.62109375 
 1113 , 182.74609375 
 1114 , 170.0625 
 1115 , 156.9609375 
 1116 , 145.05859375 
 1117 , 125.5703125 
 1118 , 95.5 
 1119 , 69.44140625 
 1120 , 60.79296875 
 1121 , 57.625 
 1122 , 33.953125 
 1123 ,-8.2734375 
 1124 ,-30.625 
 1125 ,-10.734375 
 1126 , 17.73828125 
 1127 , 18.11328125 
 1128 , 4.421875 
 1129 , 8.1171875 
 1130 , 30.31640625 
 1131 , 46.453125 
 1132 , 43.69140625 
 1133 , 37.6328125 
 1134 , 43.7109375 
 1135 , 56.82421875 
 1136 , 65.58203125 
 1137 , 66.9765625 
 1138 , 63.55859375 
 1139 , 59.20703125 
 1140 , 59.57421875 
 1141 , 67.4140625 
 1142 , 76.80859375 
 1143 , 81 
 1144 , 80.7890625 
 1145 , 78.5390625 
 1146 , 71.2890625 
 1147 , 52.703125 
 1148 , 24.23828125 
 1149 , 3.09375 
 1150 , 2.25 
 1151 , 11.6640625 
 1152 , 17.7109375 
 1153 , 28.3984375 
 1154 , 63.171875 
 1155 , 114.68359375 
 1156 , 148.55859375 
 1157 , 146.84375 
 1158 , 128.203125 
 1159 , 113.18359375 
 1160 , 97.484375 
 1161 , 72.42578125 
 1162 , 40.01953125 
 1163 , 4.40234375 
 1164 ,-21.1875 
 1165 ,-13.90625 
 1166 , 32.72265625 
 1167 , 85.35546875 
 1168 , 113.05859375 
 1169 , 127.4140625 
 1170 , 151 
 1171 , 191.23828125 
 1172 , 243.16796875 
 1173 , 296.10546875 
 1174 , 337.734375 
 1175 , 357.94140625 
 1176 , 357.75390625 
 1177 , 341.71484375 
 1178 , 318.05859375 
 1179 , 295.28515625 
 1180 , 280.86328125 
 1181 , 282.91015625 
 1182 , 298.453125 
 1183 , 307.546875 
 1184 , 297.71484375 
 1185 , 280.6953125 
 1186 , 269.5 
 1187 , 263.26171875 
 1188 , 257.19140625 
 1189 , 248.91796875 
 1190 , 236.421875 
 1191 , 223.30078125 
 1192 , 223.23046875 
 1193 , 242.8359375 
 1194 , 263.49609375 
 1195 , 266.39453125 
 1196 , 261.79296875 
 1197 , 269.24609375 
 1198 , 280.1484375 
 1199 , 265.36328125 
 1200 , 221.671875 
 1201 , 184.546875 
 1202 , 178.8515625 
 1203 , 188.11328125 
 1204 , 191.703125 
 1205 , 189.3203125 
 1206 , 187.6953125 
 1207 , 188.3203125 
 1208 , 181.9765625 
 1209 , 160.5703125 
 1210 , 111.546875 
 1211 , 38.9296875 
 1212 ,-9.515625 
 1213 , 7.20703125 
 1214 , 59.859375 
 1215 , 98.2578125 
 1216 , 112.9140625 
 1217 , 120.1328125 
 1218 , 118.8203125 
 1219 , 94.59375 
 1220 , 45.74609375 
 1221 , 9.359375 
 1222 , 15.6484375 
 1223 , 46.31640625 
 1224 , 74.98046875 
 1225 , 92.0546875 
 1226 , 92.59375 
 1227 , 73.02734375 
 1228 , 36.59375 
 1229 ,-6.1484375 
 1230 ,-28.515625 
 1231 ,-12.35546875 
 1232 , 22.7265625 
 1233 , 50.0078125 
 1234 , 57.1171875 
 1235 , 38.453125 
 1236 , 11.0390625 
 1237 , 11.23046875 
 1238 , 47.97265625 
 1239 , 88.3046875 
 1240 , 114.05078125 
 1241 , 153.8125 
 1242 , 235.1953125 
 1243 , 324.25 
 1244 , 367.0078125 
 1245 , 368.24609375 
 1246 , 374.65234375 
 1247 , 402.5390625 
 1248 , 427.9921875 
 1249 , 435.2421875 
 1250 , 432.9453125 
 1251 , 430.50390625 
 1252 , 429.453125 
 1253 , 429.26953125 
 1254 , 421.6015625 
 1255 , 393.921875 
 1256 , 347.85546875 
 1257 , 298.62109375 
 1258 , 257.01953125 
 1259 , 224.7578125 
 1260 , 200.67578125 
 1261 , 180.296875 
 1262 , 159.43359375 
 1263 , 135.83984375 
 1264 , 109.1796875 
 1265 , 90.640625 
 1266 , 96.578125 
 1267 , 120.4921875 
 1268 , 132.32421875 
 1269 , 119.72265625 
 1270 , 108.8125 
 1271 , 120.44140625 
 1272 , 127.69140625 
 1273 , 97.21875 
 1274 , 45.01171875 
 1275 , 11.1328125 
 1276 , 5.03515625 
 1277 , 0.41015625 
 1278 ,-12.2734375 
 1279 ,-10.703125 
 1280 , 17.390625 
 1281 , 52.30859375 
 1282 , 74.30859375 
 1283 , 82.16796875 
 1284 , 78.5078125 
 1285 , 75.34375 
 1286 , 87.64453125 
 1287 , 109.59765625 
 1288 , 126.4296875 
 1289 , 133.90625 
 1290 , 141.75 
 1291 , 157.09375 
 1292 , 172.88671875 
 1293 , 177.74609375 
 1294 , 165.046875 
 1295 , 134.34765625 
 1296 , 99.65625 
 1297 , 78.37890625 
 1298 , 69.51171875 
 1299 , 58.28515625 
 1300 , 43.16796875 
 1301 , 40.57421875 
 1302 , 53.734375 
 1303 , 59.0390625 
 1304 , 43.55078125 
 1305 , 34.21484375 
 1306 , 58.3828125 
 1307 , 106.02734375 
 1308 , 155.02734375 
 1309 , 194.19921875 
 1310 , 219.50390625 
 1311 , 233.1640625 
 1312 , 241.609375 
 1313 , 246.6875 
 1314 , 246.3125 
 1315 , 241.99609375 
 1316 , 244.875 
 1317 , 265.375 
 1318 , 297.09375 
 1319 , 327.6484375 
 1320 , 353.37109375 
 1321 , 376.93359375 
 1322 , 396.21875 
 1323 , 402.3515625 
 1324 , 396.76171875 
 1325 , 398.97265625 
 1326 , 417.1328125 
 1327 , 432.65234375 
 1328 , 433.3515625 
 1329 , 434.6484375 
 1330 , 452.5625 
 1331 , 483.1953125 
 1332 , 519.859375 
 1333 , 569.8671875 
 1334 , 640.3359375 
 1335 , 713.59375 
 1336 , 761.671875 
 1337 , 783.546875 
 1338 , 802.15625 
 1339 , 828.03125 
 1340 , 856.171875 
 1341 , 887.734375 
 1342 , 935.875 
 1343 , 1007.5234375 
 1344 , 1078.78125 
 1345 , 1120.9375 
 1346 , 1142.9609375 
 1347 , 1169.9375 
 1348 , 1204.9375 
 1349 , 1240.3828125 
 1350 , 1278.203125 
 1351 , 1321.1796875 
 1352 , 1367.3671875 
 1353 , 1422.5 
 1354 , 1496.09375 
 1355 , 1581.03125 
 1356 , 1660.3515625 
 1357 , 1726.421875 
 1358 , 1783.1328125 
 1359 , 1838 
 1360 , 1891.4453125 
 1361 , 1937.046875 
 1362 , 1976.21875 
 1363 , 2015.984375 
 1364 , 2051.5859375 
 1365 , 2075.8125 
 1366 , 2098.296875 
 1367 , 2128.8046875 
 1368 , 2154.796875 
 1369 , 2161.34375 
 1370 , 2160.0546875 
 1371 , 2173.9375 
 1372 , 2213.65625 
 1373 , 2274.640625 
 1374 , 2331.4375 
 1375 , 2351.546875 
 1376 , 2339.1640625 
 1377 , 2338.9609375 
 1378 , 2373.0390625 
 1379 , 2418.1875 
 1380 , 2451.359375 
 1381 , 2466.2421875 
 1382 , 2467.0078125 
 1383 , 2468.8125 
 1384 , 2477.84375 
 1385 , 2480.671875 
 1386 , 2467.515625 
 1387 , 2435.2109375 
 1388 , 2385.0703125 
 1389 , 2338.2421875 
 1390 , 2319.96875 
 1391 , 2333.9765625 
 1392 , 2358.9296875 
 1393 , 2375.4609375 
 1394 , 2386.2421875 
 1395 , 2392.0625 
 1396 , 2368.8046875 
 1397 , 2292.7890625 
 1398 , 2171.6328125 
 1399 , 2035.671875 
 1400 , 1950.09375 
 1401 , 1961.5625 
 1402 , 2012.4765625 
 1403 , 2021.4765625 
 1404 , 1982.328125 
 1405 , 1923.0625 
 1406 , 1871.3359375 
 1407 , 1865.1953125 
 1408 , 1906.7890625 
 1409 , 1939.0234375 
 1410 , 1926.8359375 
 1411 , 1902.640625 
 1412 , 1899.1328125 
 1413 , 1892.4140625 
 1414 , 1852.921875 
 1415 , 1839.765625 
 1416 , 1931.671875 
 1417 , 2058.9140625 
 1418 , 2086.2578125 
 1419 , 2016.0546875 
 1420 , 1949.5078125 
 1421 , 1926.796875 
 1422 , 1906.5390625 
 1423 , 1854.5078125 
 1424 , 1785.0390625 
 1425 , 1729.1875 
 1426 , 1703.953125 
 1427 , 1705.796875 
 1428 , 1726.5859375 
 1429 , 1764.0859375 
 1430 , 1789.578125 
 1431 , 1765.5546875 
 1432 , 1697.65625 
 1433 , 1612.3515625 
 1434 , 1532.0703125 
 1435 , 1467.71875 
 1436 , 1415.734375 
 1437 , 1372.5078125 
 1438 , 1342.0234375 
 1439 , 1334.6015625 
 1440 , 1348.8515625 
 1441 , 1362.09375 
 1442 , 1365.359375 
 1443 , 1382.0390625 
 1444 , 1424.2421875 
 1445 , 1464.0390625 
 1446 , 1476.0703125 
 1447 , 1466.859375 
 1448 , 1449.125 
 1449 , 1440.8984375 
 1450 , 1462.625 
 1451 , 1492.359375 
 1452 , 1483.6015625 
 1453 , 1462.8671875 
 1454 , 1514.3203125 
 1455 , 1631.5390625 
 1456 , 1716.3515625 
 1457 , 1727.578125 
 1458 , 1711.1796875 
 1459 , 1707.5078125 
 1460 , 1706.734375 
 1461 , 1688.7265625 
 1462 , 1663.2890625 
 1463 , 1635.1875 
 1464 , 1549.1953125 
 1465 , 1365.609375 
 1466 , 1168.5625 
 1467 , 1055.390625 
 1468 , 1001.515625 
 1469 , 942.671875 
 1470 , 873.6015625 
 1471 , 813.7890625 
 1472 , 753.8515625 
 1473 , 676.6875 
 1474 , 612.390625 
 1475 , 615.96875 
 1476 , 690.53125 
 1477 , 794.703125 
 1478 , 882.234375 
 1479 , 894.515625 
 1480 , 807.453125 
 1481 , 668.2734375 
 1482 , 543.84375 
 1483 , 524.3359375 
 1484 , 642.8203125 
 1485 , 744.40625 
 1486 , 691.5625 
 1487 , 571.4921875 
 1488 , 508.921875 
 1489 , 518.65625 
 1490 , 576.34375 
 1491 , 641.5859375 
 1492 , 666.5 
 1493 , 638.828125 
 1494 , 576.4921875 
 1495 , 511.890625 
 1496 , 478.2890625 
 1497 , 481.6484375 
 1498 , 507.8984375 
 1499 , 541.6875 
 1500 , 565.4296875 
 1501 , 567.5 
 1502 , 538.703125 
 1503 , 482.8046875 
 1504 , 444.5234375 
 1505 , 458.28125 
 1506 , 493.3125 
 1507 , 506.578125 
 1508 , 490.8046875 
 1509 , 457.40625 
 1510 , 403.578125 
 1511 , 319.984375 
 1512 , 246.2265625 
 1513 , 238.8515625 
 1514 , 270.390625 
 1515 , 267.359375 
 1516 , 218.4765625 
 1517 , 155.515625 
 1518 , 103.0625 
 1519 , 82.5703125 
 1520 , 103.4609375 
 1521 , 158.65625 
 1522 , 226.71875 
 1523 , 272.1953125 
 1524 , 283.7421875 
 1525 , 285.875 
 1526 , 292.203125 
 1527 , 286.828125 
 1528 , 256.5390625 
 1529 , 222.7890625 
 1530 , 215.6484375 
 1531 , 233.265625 
 1532 , 258.3671875 
 1533 , 292.90625 
 1534 , 352.25 
 1535 , 431.3203125 
 1536 , 505.46875 
 1537 , 553 
 1538 , 562.671875 
 1539 , 536.9921875 
 1540 , 486.046875 
 1541 , 424.8359375 
 1542 , 373.875 
 1543 , 332.6484375 
 1544 , 278.4765625 
 1545 , 221.5546875 
 1546 , 203.77734375 
 1547 , 227.671875 
 1548 , 249.22265625 
 1549 , 246.23828125 
 1550 , 242.35546875 
 1551 , 254.22265625 
 1552 , 265.55859375 
 1553 , 261.8359375 
 1554 , 240.8046875 
 1555 , 213.765625 
 1556 , 220.34765625 
 1557 , 277.37890625 
 1558 , 338.140625 
 1559 , 361.26953125 
 1560 , 352.33203125 
 1561 , 332.13671875 
 1562 , 321.328125 
 1563 , 325.875 
 1564 , 331.08203125 
 1565 , 327.421875 
 1566 , 309.80859375 
 1567 , 272.125 
 1568 , 254.4921875 
 1569 , 311.4453125 
 1570 , 427.4296875 
 1571 , 551.66015625 
 1572 , 626.12890625 
 1573 , 604.3984375 
 1574 , 526.16015625 
 1575 , 468.87109375 
 1576 , 428.953125 
 1577 , 352.46875 
 1578 , 272.95703125 
 1579 , 292.78125 
 1580 , 391.84375 
 1581 , 436.15234375 
 1582 , 386.51171875 
 1583 , 311.77734375 
 1584 , 267.40625 
 1585 , 275.5390625 
 1586 , 321.8125 
 1587 , 358.64453125 
 1588 , 377.875 
 1589 , 420.75390625 
 1590 , 499.29296875 
 1591 , 588.5234375 
 1592 , 672.01171875 
 1593 , 728.2265625 
 1594 , 738.37109375 
 1595 , 721.9765625 
 1596 , 709.1640625 
 1597 , 712.8984375 
 1598 , 723.57421875 
 1599 , 706.84765625 
 1600 , 651.21484375 
 1601 , 614.07421875 
 1602 , 643.390625 
 1603 , 693.1015625 
 1604 , 713.00390625 
 1605 , 747.12109375 
 1606 , 841.1875 
 1607 , 904.34375 
 1608 , 831.7890625 
 1609 , 704.58203125 
 1610 , 649.734375 
 1611 , 661.04296875 
 1612 , 681.8125 
 1613 , 676.00390625 
 1614 , 625.734375 
 1615 , 559.69921875 
 1616 , 518.625 
 1617 , 484.82421875 
 1618 , 423.34375 
 1619 , 362.1484375 
 1620 , 345.24609375 
 1621 , 355.79296875 
 1622 , 357.625 
 1623 , 352.88671875 
 1624 , 358.5546875 
 1625 , 374.265625 
 1626 , 395.421875 
 1627 , 416.03515625 
 1628 , 416.1875 
 1629 , 374.87890625 
 1630 , 287.37890625 
 1631 , 185.88671875 
 1632 , 125.4453125 
 1633 , 109.0078125 
 1634 , 94.42578125 
 1635 , 86.01953125 
 1636 , 121.1796875 
 1637 , 184.39453125 
 1638 , 225.38671875 
 1639 , 239.98046875 
 1640 , 257.0390625 
 1641 , 279.1796875 
 1642 , 290.75 
 1643 , 286.796875 
 1644 , 261.4765625 
 1645 , 214.54296875 
 1646 , 176.05078125 
 1647 , 173.765625 
 1648 , 214.8203125 
 1649 , 284.42578125 
 1650 , 335.1953125 
 1651 , 345.2265625 
 1652 , 339.82421875 
 1653 , 337.9765625 
 1654 , 338 
 1655 , 329.98046875 
 1656 , 310.703125 
 1657 , 283.15234375 
 1658 , 234.40625 
 1659 , 162.4921875 
 1660 , 112.21875 
 1661 , 113.96484375 
 1662 , 140.6171875 
 1663 , 162.33203125 
 1664 , 174.171875 
 1665 , 173.29296875 
 1666 , 145.7109375 
 1667 , 101.32421875 
 1668 , 100.0546875 
 1669 , 162.015625 
 1670 , 215.953125 
 1671 , 220.71484375 
 1672 , 223.93359375 
 1673 , 255.703125 
 1674 , 279.0234375 
 1675 , 264.56640625 
 1676 , 226.953125 
 1677 , 193.875 
 1678 , 201.2578125 
 1679 , 259.875 
 1680 , 325.2734375 
 1681 , 363.234375 
 1682 , 379.9140625 
 1683 , 384.3515625 
 1684 , 376.12890625 
 1685 , 352.265625 
 1686 , 317.62890625 
 1687 , 280.75 
 1688 , 233.109375 
 1689 , 168.66796875 
 1690 , 128.76171875 
 1691 , 146.859375 
 1692 , 176.9453125 
 1693 , 171.19921875 
 1694 , 151.72265625 
 1695 , 160.51171875 
 1696 , 219.640625 
 1697 , 304.2265625 
 1698 , 314.13671875 
 1699 , 215.44921875 
 1700 , 146.6171875 
 1701 , 191.8359375 
 1702 , 254.45703125 
 1703 , 249.68359375 
 1704 , 178.953125 
 1705 , 75.2890625 
 1706 , 7.7265625 
 1707 , 6.7578125 
 1708 , 15.8046875 
 1709 , 2.90625 
 1710 ,-2.7421875 
 1711 , 12.55859375 
 1712 , 25.046875 
 1713 , 23.3046875 
 1714 , 23.984375 
 1715 , 35.453125 
 1716 , 54.28515625 
 1717 , 80.20703125 
 1718 , 109.07421875 
 1719 , 144.3984375 
 1720 , 199.57421875 
 1721 , 268.1015625 
 1722 , 312.15234375 
 1723 , 316.5 
 1724 , 311.1953125 
 1725 , 312.72265625 
 1726 , 305.83984375 
 1727 , 283.3984375 
 1728 , 250.078125 
 1729 , 205.42578125 
 1730 , 151.92578125 
 1731 , 110.3359375 
 1732 , 110.36328125 
 1733 , 135.1328125 
 1734 , 132.3828125 
 1735 , 99.94140625 
 1736 , 67.2890625 
 1737 , 51.69921875 
 1738 , 77.375 
 1739 , 150.71484375 
 1740 , 246.69140625 
 1741 , 325.76171875 
 1742 , 341.55078125 
 1743 , 291.9375 
 1744 , 217.140625 
 1745 , 165.34765625 
 1746 , 177.71875 
 1747 , 228.37890625 
 1748 , 257.5234375 
 1749 , 256.78125 
 1750 , 243.32421875 
 1751 , 228.484375 
 1752 , 222.890625 
 1753 , 229.19140625 
 1754 , 245.39453125 
 1755 , 269.07421875 
 1756 , 296.26171875 
 1757 , 330.30859375 
 1758 , 380.71875 
 1759 , 428.90234375 
 1760 , 440.3359375 
 1761 , 423.515625 
 1762 , 405.17578125 
 1763 , 387.25 
 1764 , 363.26953125 
 1765 , 334.0078125 
 1766 , 305.54296875 
 1767 , 282.15234375 
 1768 , 271.41015625 
 1769 , 296.35546875 
 1770 , 356.828125 
 1771 , 372.87109375 
 1772 , 295.03515625 
 1773 , 221.84375 
 1774 , 242.1796875 
 1775 , 327.80078125 
 1776 , 422.609375 
 1777 , 466.53125 
 1778 , 434.69921875 
 1779 , 360.40625 
 1780 , 271.3671875 
 1781 , 192.21875 
 1782 , 150.05078125 
 1783 , 158.66015625 
 1784 , 204.6015625 
 1785 , 241.69140625 
 1786 , 248.19921875 
 1787 , 237.9375 
 1788 , 223.83203125 
 1789 , 212.109375 
 1790 , 185.546875 
 1791 , 119.5625 
 1792 , 58.6015625 
 1793 , 90.22265625 
 1794 , 186.56640625 
 1795 , 238.34375 
 1796 , 246.47265625 
 1797 , 279.484375 
 1798 , 323.64453125 
 1799 , 324.125 
 1800 , 318.04296875 
 1801 , 378.0078125 
 1802 , 456.01171875 
 1803 , 461.08203125 
 1804 , 388.140625 
 1805 , 276.18359375 
 1806 , 187.30859375 
 1807 , 161.8515625 
 1808 , 148.83203125 
 1809 , 103.70703125 
 1810 , 61.62890625 
 1811 , 52.7265625 
 1812 , 71.3984375 
 1813 , 110.28125 
 1814 , 145.640625 
 1815 , 161.765625 
 1816 , 187.65234375 
 1817 , 238.59765625 
 1818 , 277.84375 
 1819 , 273.40234375 
 1820 , 224.33203125 
 1821 , 158.0234375 
 1822 , 123.5859375 
 1823 , 121.7265625 
 1824 , 106.86328125 
 1825 , 92.86328125 
 1826 , 141.828125 
 1827 , 237.06640625 
 1828 , 305.5078125 
 1829 , 334.1171875 
 1830 , 348.72265625 
 1831 , 365.9921875 
 1832 , 392.8125 
 1833 , 401.66796875 
 1834 , 362.609375 
 1835 , 305.44140625 
 1836 , 270.46875 
 1837 , 259.40625 
 1838 , 266.03515625 
 1839 , 293.6328125 
 1840 , 335.18359375 
 1841 , 354.17578125 
 1842 , 336.02734375 
 1843 , 318.9921875 
 1844 , 312.62109375 
 1845 , 273.89453125 
 1846 , 222.17578125 
 1847 , 260.7109375 
 1848 , 373.73828125 
 1849 , 410.85546875 
 1850 , 351.5078125 
 1851 , 298.3125 
 1852 , 282.1015625 
 1853 , 272.37890625 
 1854 , 272.92578125 
 1855 , 310.08984375 
 1856 , 328.953125 
 1857 , 256.4375 
 1858 , 174.28125 
 1859 , 186.35546875 
 1860 , 232.16796875 
 1861 , 233.01953125 
 1862 , 223.70703125 
 1863 , 244.7734375 
 1864 , 275.52734375 
 1865 , 297.86328125 
 1866 , 326.55859375 
 1867 , 360.33984375 
 1868 , 355.75 
 1869 , 300.74609375 
 1870 , 243.61328125 
 1871 , 224.38671875 
 1872 , 249.4921875 
 1873 , 289.25 
 1874 , 309.63671875 
 1875 , 319.45703125 
 1876 , 333.03515625 
 1877 , 327.640625 
 1878 , 285.73828125 
 1879 , 245.9140625 
 1880 , 240.96484375 
 1881 , 240.390625 
 1882 , 222.140625 
 1883 , 220.13671875 
 1884 , 252.93359375 
 1885 , 276.33203125 
 1886 , 262.74609375 
 1887 , 236.17578125 
 1888 , 216.4296875 
 1889 , 209.66796875 
 1890 , 221.65234375 
 1891 , 261.5859375 
 1892 , 311.75390625 
 1893 , 327.19921875 
 1894 , 296.16796875 
 1895 , 235.328125 
 1896 , 180.2734375 
 1897 , 163.7265625 
 1898 , 168.93359375 
 1899 , 171.734375 
 1900 , 178.78515625 
 1901 , 194.94921875 
 1902 , 196.3671875 
 1903 , 173.671875 
 1904 , 165.26171875 
 1905 , 198.12109375 
 1906 , 266.2578125 
 1907 , 341.0390625 
 1908 , 365.31640625 
 1909 , 337.8984375 
 1910 , 319.34375 
 1911 , 313.171875 
 1912 , 275.39453125 
 1913 , 232.78515625 
 1914 , 253.12890625 
 1915 , 325.93359375 
 1916 , 397.39453125 
 1917 , 407.0703125 
 1918 , 329.59765625 
 1919 , 236.03125 
 1920 , 187.73828125 
 1921 , 187.171875 
 1922 , 209.0078125 
 1923 , 200.85546875 
 1924 , 160.2109375 
 1925 , 140.62890625 
 1926 , 147.5390625 
 1927 , 146.6875 
 1928 , 148.6796875 
 1929 , 180.14453125 
 1930 , 198.6875 
 1931 , 154.46875 
 1932 , 85.30859375 
 1933 , 42.7109375 
 1934 , 37.23046875 
 1935 , 71.84765625 
 1936 , 150.79296875 
 1937 , 251.484375 
 1938 , 303.5234375 
 1939 , 286.05859375 
 1940 , 256.3984375 
 1941 , 244.61328125 
 1942 , 240.4296875 
 1943 , 239.52734375 
 1944 , 249.4921875 
 1945 , 299.15625 
 1946 , 405.0859375 
 1947 , 462.80859375 
 1948 , 381.26171875 
 1949 , 262.40234375 
 1950 , 199.93359375 
 1951 , 160.859375 
 1952 , 123.6171875 
 1953 , 114.44140625 
 1954 , 130.26953125 
 1955 , 139.7421875 
 1956 , 139.375 
 1957 , 138.85546875 
 1958 , 145.16796875 
 1959 , 165.5546875 
 1960 , 190.15625 
 1961 , 201.51953125 
 1962 , 184.796875 
 1963 , 141.14453125 
 1964 , 118.55859375 
 1965 , 141.96484375 
 1966 , 160.65234375 
 1967 , 136.296875 
 1968 , 74.33984375 
 1969 , 22.69140625 
 1970 , 48.01171875 
 1971 , 104.36328125 
 1972 , 99.37109375 
 1973 , 83.88671875 
 1974 , 135.83984375 
 1975 , 205.09765625 
 1976 , 237.4375 
 1977 , 248.05078125 
 1978 , 252.78125 
 1979 , 265.7734375 
 1980 , 288.578125 
 1981 , 293.31640625 
 1982 , 271.8515625 
 1983 , 240.953125 
 1984 , 229.10546875 
 1985 , 264.046875 
 1986 , 304.12890625 
 1987 , 295.17578125 
 1988 , 276.44140625 
 1989 , 292.62109375 
 1990 , 324.7421875 
 1991 , 353.28515625 
 1992 , 372.75390625 
 1993 , 375.3515625 
 1994 , 359.19921875 
 1995 , 338.09765625 
 1996 , 331.06640625 
 1997 , 321.87890625 
 1998 , 284.1328125 
 1999 , 254.83984375 
 2000 , 279.421875 
 2001 , 334.4296875 
 2002 , 380.89453125 
 2003 , 393.296875 
 2004 , 373.359375 
 2005 , 354.6796875 
 2006 , 359.83203125 
 2007 , 399.11328125 
 2008 , 448.3125 
 2009 , 462.671875 
 2010 , 441.56640625 
 2011 , 402.34765625 
 2012 , 348.421875 
 2013 , 291.43359375 
 2014 , 276.22265625 
 2015 , 311.87109375 
 2016 , 329.46875 
 2017 , 299.1953125 
 2018 , 251.9609375 
 2019 , 214.1796875 
 2020 , 199.8515625 
 2021 , 191.734375 
 2022 , 168.87109375 
 2023 , 159.703125 
 2024 , 183.48046875 
 2025 , 181.9453125 
 2026 , 123.69921875 
 2027 , 61.35546875 
 2028 , 26.47265625 
 2029 , 5.3046875 
 2030 , 22.96484375 
 2031 , 130.9765625 
 2032 , 250.3046875 
 2033 , 258.01171875 
 2034 , 188.3359375 
 2035 , 117.8203125 
 2036 , 74.06640625 
 2037 , 62.8671875 
 2038 , 86.13671875 
 2039 , 129.3125 
 2040 , 150.453125 
 2041 , 144.4921875 
 2042 , 140.19140625 
 2043 , 146.12890625 
 2044 , 159.4140625 
 2045 , 184.61328125 
 2046 , 220.3125 
 2047 , 238.84765625 
 2048 , 222.19921875 
 2049 , 179.8359375 
 2050 , 147.5625 
 2051 , 171.12109375 
 2052 , 190.3125 
 2053 , 104.7265625 
 2054 ,-1.53125 
 2055 ,-19.65234375 
 2056 , 9.0546875 
 2057 , 39.19921875 
 2058 , 81.44140625 
 2059 , 145.890625 
 2060 , 229.34375 
 2061 , 291.26953125 
 2062 , 278.984375 
 2063 , 224.72265625 
 2064 , 189.3203125 
 2065 , 166.31640625 
 2066 , 146.40625 
 2067 , 153.71875 
 2068 , 187.49609375 
 2069 , 208.76953125 
 2070 , 215.1171875 
 2071 , 234.375 
 2072 , 258.11328125 
 2073 , 268.72265625 
 2074 , 298.96875 
 2075 , 360.953125 
 2076 , 364.74609375 
 2077 , 280.8125 
 2078 , 207.94921875 
 2079 , 166.0625 
 2080 , 91.29296875 
 2081 , 22.31640625 
 2082 , 40.17578125 
 2083 , 77.34765625 
 2084 , 56.2109375 
 2085 , 54.53515625 
 2086 , 110.16015625 
 2087 , 120.046875 
 2088 , 75.87890625 
 2089 , 89.46484375 
 2090 , 144.7578125 
 2091 , 151.91796875 
 2092 , 148.4609375 
 2093 , 191.5390625 
 2094 , 219.484375 
 2095 , 200.14453125 
 2096 , 214.27734375 
 2097 , 291.9453125 
 2098 , 387.18359375 
 2099 , 444.65234375 
 2100 , 425.09375 
 2101 , 379.91796875 
 2102 , 367.4921875 
 2103 , 365.63671875 
 2104 , 361.9296875 
 2105 , 392.77734375 
 2106 , 441.015625 
 2107 , 433.97265625 
 2108 , 395.76953125 
 2109 , 396.30859375 
 2110 , 410.6171875 
 2111 , 399.35546875 
 2112 , 381.3203125 
 2113 , 365.8671875 
 2114 , 330.18359375 
 2115 , 281.34765625 
 2116 , 251.42578125 
 2117 , 214.265625 
 2118 , 130.10546875 
 2119 , 49.53515625 
 2120 , 23.3203125 
 2121 , 33.3046875 
 2122 , 61.9375 
 2123 , 109.3046875 
 2124 , 174.65234375 
 2125 , 250.8046875 
 2126 , 303.046875 
 2127 , 304.9140625 
 2128 , 307.671875 
 2129 , 346.63671875 
 2130 , 386.76171875 
 2131 , 384.6171875 
 2132 , 304.46875 
 2133 , 186.25 
 2134 , 108.0390625 
 2135 , 99.08203125 
 2136 , 145.203125 
 2137 , 157.83203125 
 2138 , 107.38671875 
 2139 , 71.75390625 
 2140 , 72.1640625 
 2141 , 78.95703125 
 2142 , 109.28515625 
 2143 , 181.5859375 
 2144 , 228.5625 
 2145 , 211.97265625 
 2146 , 195.62109375 
 2147 , 236.46484375 
 2148 , 354.83984375 
 2149 , 415.28515625 
 2150 , 256.73828125 
 2151 , 76 
 2152 , 64.21484375 
 2153 , 71.75390625 
 2154 , 20.203125 
 2155 ,-2.98828125 
 2156 , 18.234375 
 2157 , 33.54296875 
 2158 , 21.1796875 
 2159 ,-8.4765625 
 2160 , 19.0859375 
 2161 , 124.375 
 2162 , 217.00390625 
 2163 , 234.5234375 
 2164 , 167.71875 
 2165 , 99.81640625 
 2166 , 126.28515625 
 2167 , 174.2578125 
 2168 , 180.96875 
 2169 , 185.328125 
 2170 , 202.375 
 2171 , 209.78515625 
 2172 , 201.890625 
 2173 , 187.75390625 
 2174 , 193.71484375 
 2175 , 227.73828125 
 2176 , 243.390625 
 2177 , 240.078125 
 2178 , 276.57421875 
 2179 , 330.43359375 
 2180 , 336.8203125 
 2181 , 300.578125 
 2182 , 262.74609375 
 2183 , 295.4296875 
 2184 , 371.78515625 
 2185 , 340.8046875 
 2186 , 231.609375 
 2187 , 182.734375 
 2188 , 197.97265625 
 2189 , 239.66796875 
 2190 , 288.59375 
 2191 , 319.46875 
 2192 , 300.69140625 
 2193 , 264.55078125 
 2194 , 273.98828125 
 2195 , 306.01171875 
 2196 , 322.71484375 
 2197 , 328.96484375 
 2198 , 331.921875 
 2199 , 332.1328125 
 2200 , 322.8359375 
 2201 , 292.23828125 
 2202 , 229.65234375 
 2203 , 151.10546875 
 2204 , 145.6640625 
 2205 , 215.4765625 
 2206 , 233.96875 
 2207 , 193.5546875 
 2208 , 168.27734375 
 2209 , 175.79296875 
 2210 , 219.6640625 
 2211 , 320.44140625 
 2212 , 430.92578125 
 2213 , 422.23046875 
 2214 , 297.73046875 
 2215 , 151.26171875 
 2216 , 71.203125 
 2217 , 88.6484375 
 2218 , 108.5859375 
 2219 , 86.69921875 
 2220 , 58.5625 
 2221 , 47.30859375 
 2222 , 60.984375 
 2223 , 90.3671875 
 2224 , 118.48046875 
 2225 , 119.49609375 
 2226 , 88.1484375 
 2227 , 47.71484375 
 2228 , 49.51953125 
 2229 , 122.82421875 
 2230 , 169.86328125 
 2231 , 136.62890625 
 2232 , 95.4453125 
 2233 , 83.1171875 
 2234 , 91.19140625 
 2235 , 95.375 
 2236 , 83.44921875 
 2237 , 96.66015625 
 2238 , 147.99609375 
 2239 , 196.62890625 
 2240 , 201.7265625 
 2241 , 140.453125 
 2242 , 95.22265625 
 2243 , 123.12890625 
 2244 , 129.4375 
 2245 , 83.60546875 
 2246 , 53.4765625 
 2247 , 69.421875 
 2248 , 118.40625 
 2249 , 107.41015625 
 2250 , 19.34765625 
 2251 , 16.625 
 2252 , 109.33984375 
 2253 , 165.7265625 
 2254 , 176.23828125 
 2255 , 182.296875 
 2256 , 205.23828125 
 2257 , 233.921875 
 2258 , 225.78125 
 2259 , 205.55078125 
 2260 , 226.9921875 
 2261 , 252.234375 
 2262 , 243.76953125 
 2263 , 222.92578125 
 2264 , 204.67578125 
 2265 , 188.75 
 2266 , 154.89453125 
 2267 , 95.3984375 
 2268 , 76.2421875 
 2269 , 114.79296875 
 2270 , 133.3828125 
 2271 , 102.42578125 
 2272 , 47.015625 
 2273 , 54.67578125 
 2274 , 146.6640625 
 2275 , 170.40234375 
 2276 , 117.21875 
 2277 , 119.9296875 
 2278 , 148.22265625 
 2279 , 131.640625 
 2280 , 113.08984375 
 2281 , 108.29296875 
 2282 , 76.08984375 
 2283 , 53.296875 
 2284 , 104.20703125 
 2285 , 174.5703125 
 2286 , 208.6796875 
 2287 , 218.53515625 
 2288 , 233.82421875 
 2289 , 270.74609375 
 2290 , 253.3359375 
 2291 , 128.38671875 
 2292 , 13.83984375 
 2293 ,-20.53515625 
 2294 ,-8.49609375 
 2295 , 18.8046875 
 2296 , 48.65625 
 2297 , 86.1015625 
 2298 , 117.5390625 
 2299 , 104.890625 
 2300 , 46.1640625 
 2301 ,-23.78515625 
 2302 ,-38.515625 
 2303 , 18.61328125 
 2304 , 40.03515625 
 2305 , 19.4921875 
 2306 , 47.90234375 
 2307 , 121.66015625 
 2308 , 198.15625 
 2309 , 213.45703125 
 2310 , 165.75 
 2311 , 153.44140625 
 2312 , 190.8828125 
 2313 , 234.73046875 
 2314 , 230.55078125 
 2315 , 177.66796875 
 2316 , 155.125 
 2317 , 169.76171875 
 2318 , 175.70703125 
 2319 , 140.09375 
 2320 , 66.203125 
 2321 , 23.5234375 
 2322 , 6.15234375 
 2323 ,-30.59765625 
 2324 ,-27.4609375 
 2325 , 51.3359375 
 2326 , 96.64453125 
 2327 , 82.94140625 
 2328 , 79.0859375 
 2329 , 52.83984375 
 2330 , 10 
 2331 , 10 
 2332 , 10 
 2333 , 10 
 2334 , 10 
 2335 , 10 
 2336 , 10 
 2337 , 10 
 2338 , 10 
 2339 , 10 
