11-20-2017,18:26:31
Wavenumber(cm-1),Intensity
 250 , 56181.6031823234 
 251 , 56254.9466829659 
 252 , 56304.7037931433 
 253 , 56325.934990991 
 254 , 56333.6034943251 
 255 , 56343.6071573474 
 256 , 56360.2393683076 
 257 , 56379.1621371784 
 258 , 56396.139827048 
 259 , 56408.5991870377 
 260 , 56414.5456970751 
 261 , 56416.8310841934 
 262 , 56429.4615575641 
 263 , 56467.4639792106 
 264 , 56532.0350847609 
 265 , 56609.7557893419 
 266 , 56687.3185863151 
 267 , 56758.0296407668 
 268 , 56818.4173564818 
 269 , 56866.9513594993 
 270 , 56908.4680881484 
 271 , 56949.0704503827 
 272 , 56992.2181697004 
 273 , 57037.5204513142 
 274 , 57084.4529116529 
 275 , 57134.5823681946 
 276 , 57190.8789548232 
 277 , 57255.720289491 
 278 , 57328.5962370668 
 279 , 57408.1067063541 
 280 , 57486.859735146 
 281 , 57545.7124644286 
 282 , 57565.6386741393 
 283 , 57555.3746317394 
 284 , 57548.2953657117 
 285 , 57573.5703945985 
 286 , 57628.0688479759 
 287 , 57695.9662630899 
 288 , 57762.9251032378 
 289 , 57818.5275531837 
 290 , 57853.3005261533 
 291 , 57867.1264641828 
 292 , 57870.5046700509 
 293 , 57873.5074537732 
 294 , 57877.6737089184 
 295 , 57880.2226322466 
 296 , 57880.2331336486 
 297 , 57883.0748190619 
 298 , 57895.2881622094 
 299 , 57917.1213240256 
 300 , 57939.9600046892 
 301 , 57955.4224697141 
 302 , 57965.1677004726 
 303 , 57977.1400094835 
 304 , 57996.6073049573 
 305 , 58017.3350085613 
 306 , 58030.1828381362 
 307 , 58031.9702931677 
 308 , 58029.6431523818 
 309 , 58030.6776886432 
 310 , 58036.0703889972 
 311 , 58041.9809453744 
 312 , 58045.4190990664 
 313 , 58048.2284043047 
 314 , 58053.742221126 
 315 , 58062.7730215561 
 316 , 58071.1113378191 
 317 , 58074.1908670188 
 318 , 58071.684588597 
 319 , 58066.9147399638 
 320 , 58062.8281728875 
 321 , 58059.4862668421 
 322 , 58055.9082516294 
 323 , 58051.4354463514 
 324 , 58046.1422371074 
 325 , 58040.1803805854 
 326 , 58033.1955966079 
 327 , 58024.3470172505 
 328 , 58013.1158182764 
 329 , 58001.2298693749 
 330 , 57991.3227024202 
 331 , 57985.4078924087 
 332 , 57983.9441106839 
 333 , 57987.042808272 
 334 , 57992.1310693631 
 335 , 57993.8413071908 
 336 , 57987.8608618212 
 337 , 57978.3516429311 
 338 , 57973.1569336777 
 339 , 57975.8217023504 
 340 , 57978.3976306615 
 341 , 57971.3953022812 
 342 , 57954.8837742509 
 343 , 57939.3772650499 
 344 , 57934.4558074448 
 345 , 57938.7305083085 
 346 , 57945.8396592181 
 347 , 57950.6099866607 
 348 , 57951.2015134848 
 349 , 57946.4456278704 
 350 , 57938.0900616325 
 351 , 57931.1254686374 
 352 , 57929.707383612 
 353 , 57930.3997074536 
 354 , 57926.3024639473 
 355 , 57914.0860709373 
 356 , 57900.2446129749 
 357 , 57892.6550635248 
 358 , 57891.4544662393 
 359 , 57888.2891827315 
 360 , 57875.8357928596 
 361 , 57857.5130442048 
 362 , 57841.5184432295 
 363 , 57832.9494500163 
 364 , 57828.6732433494 
 365 , 57824.3076665852 
 366 , 57817.7567358298 
 367 , 57809.323231098 
 368 , 57799.5272837215 
 369 , 57789.6014845296 
 370 , 57781.0760806291 
 371 , 57774.9877799139 
 372 , 57771.1592761944 
 373 , 57769.1795069897 
 374 , 57767.5230316745 
 375 , 57763.5800292752 
 376 , 57755.2152923711 
 377 , 57743.5103638629 
 378 , 57730.7803821182 
 379 , 57720.1298490172 
 380 , 57716.4044606314 
 381 , 57724.1345079545 
 382 , 57737.8128932716 
 383 , 57743.1503027681 
 384 , 57729.3498977966 
 385 , 57706.0640517893 
 386 , 57689.7411304085 
 387 , 57688.2478369379 
 388 , 57692.8444201979 
 389 , 57693.3759833339 
 390 , 57686.8110859191 
 391 , 57675.5489588173 
 392 , 57662.3006436968 
 393 , 57650.5739599682 
 394 , 57644.0653383492 
 395 , 57643.8064159946 
 396 , 57646.4544787999 
 397 , 57648.463460371 
 398 , 57648.6353280368 
 399 , 57647.2815244495 
 400 , 57644.7594640229 
 401 , 57641.5046080507 
 402 , 57637.9427732792 
 403 , 57633.3132710707 
 404 , 57625.2480885207 
 405 , 57611.9740108917 
 406 , 57598.0130799732 
 407 , 57591.1781785841 
 408 , 57595.2443177751 
 409 , 57602.0920642717 
 410 , 57601.7455468317 
 411 , 57592.466696077 
 412 , 57581.4722541488 
 413 , 57575.3612249047 
 414 , 57573.6004478462 
 415 , 57572.740767468 
 416 , 57570.4366469973 
 417 , 57566.8443000955 
 418 , 57562.4874425432 
 419 , 57558.3392385928 
 420 , 57555.7534133845 
 421 , 57555.6995687775 
 422 , 57557.2004114723 
 423 , 57558.6836555383 
 424 , 57558.7402812119 
 425 , 57556.2377744573 
 426 , 57550.3283163418 
 427 , 57543.1150426338 
 428 , 57538.5822755125 
 429 , 57539.2210614524 
 430 , 57542.1620645757 
 431 , 57543.4398799717 
 432 , 57542.001058917 
 433 , 57540.4199037141 
 434 , 57540.9694860708 
 435 , 57541.8910560192 
 436 , 57539.574859612 
 437 , 57532.4377503844 
 438 , 57523.8993066069 
 439 , 57517.9749282452 
 440 , 57515.6761387829 
 441 , 57515.3285800625 
 442 , 57515.3819472213 
 443 , 57515.3950749226 
 444 , 57515.2735704056 
 445 , 57514.6121972808 
 446 , 57512.4795363709 
 447 , 57508.0866667554 
 448 , 57502.7753813095 
 449 , 57499.2083091661 
 450 , 57498.9170238248 
 451 , 57499.6272518412 
 452 , 57498.3722077957 
 453 , 57494.9716299977 
 454 , 57492.4444201932 
 455 , 57493.2936858382 
 456 , 57495.4005864196 
 457 , 57494.7659077512 
 458 , 57489.6204793704 
 459 , 57482.9404088694 
 460 , 57478.1466829536 
 461 , 57476.2982409626 
 462 , 57476.6605034171 
 463 , 57478.2484975926 
 464 , 57479.2392419669 
 465 , 57477.6466362751 
 466 , 57473.6410441582 
 467 , 57470.3166074963 
 468 , 57470.420703086 
 469 , 57472.2526826145 
 470 , 57471.9802637075 
 471 , 57467.7814418442 
 472 , 57462.7837887657 
 473 , 57460.6671146781 
 474 , 57461.7756663028 
 475 , 57463.6114831372 
 476 , 57464.0836185067 
 477 , 57463.3715127985 
 478 , 57462.2875956305 
 479 , 57460.9224753925 
 480 , 57458.3043279847 
 481 , 57453.7224312041 
 482 , 57449.474779825 
 483 , 57449.4008564446 
 484 , 57454.7458799706 
 485 , 57460.0418357454 
 486 , 57459.1017888015 
 487 , 57452.1250381587 
 488 , 57444.9204256415 
 489 , 57442.1328197552 
 490 , 57442.1329121799 
 491 , 57441.5222170406 
 492 , 57439.2845256801 
 493 , 57437.8981202207 
 494 , 57439.6096507083 
 495 , 57442.3443726443 
 496 , 57441.8597143587 
 497 , 57436.63973988 
 498 , 57431.9520182541 
 499 , 57433.6604282358 
 500 , 57440.3051909811 
 501 , 57444.3315131099 
 502 , 57440.2780721367 
 503 , 57432.4139453857 
 504 , 57427.4960478539 
 505 , 57427.7380609273 
 506 , 57429.2551113109 
 507 , 57428.2967693406 
 508 , 57425.2945790163 
 509 , 57422.5595283022 
 510 , 57421.4987948469 
 511 , 57421.5386640589 
 512 , 57421.8874695343 
 513 , 57422.3226771846 
 514 , 57423.0339884923 
 515 , 57423.9536369682 
 516 , 57424.060455224 
 517 , 57422.1769945295 
 518 , 57418.7682076912 
 519 , 57416.1549143679 
 520 , 57416.2520962853 
 521 , 57417.9789154422 
 522 , 57419.1670173901 
 523 , 57418.6776327706 
 524 , 57417.1756067217 
 525 , 57415.5377795597 
 526 , 57414.9433616432 
 527 , 57416.7441791514 
 528 , 57420.9773000148 
 529 , 57424.0812856182 
 530 , 57422.1556095618 
 531 , 57416.2435238336 
 532 , 57411.716971868 
 533 , 57412.5023747699 
 534 , 57415.6479496495 
 535 , 57416.4315433646 
 536 , 57413.5354331267 
 537 , 57410.0767803061 
 538 , 57408.9593535745 
 539 , 57409.5978209798 
 540 , 57409.9561756128 
 541 , 57408.8528130758 
 542 , 57406.7654136521 
 543 , 57404.3551583634 
 544 , 57402.2190010163 
 545 , 57400.9137562755 
 546 , 57400.7740471183 
 547 , 57401.4957099118 
 548 , 57402.6415371673 
 549 , 57403.4189801227 
 550 , 57402.7165601318 
 551 , 57399.885042243 
 552 , 57396.3247256462 
 553 , 57393.9594460883 
 554 , 57393.5661540349 
 555 , 57394.4604601236 
 556 , 57395.7258597036 
 557 , 57395.5583989799 
 558 , 57391.8261185979 
 559 , 57384.7137999098 
 560 , 57378.5716619542 
 561 , 57377.6604825779 
 562 , 57381.1174588999 
 563 , 57385.1864946883 
 564 , 57387.260978963 
 565 , 57387.7348187137 
 566 , 57387.4483432804 
 567 , 57386.8982883219 
 568 , 57386.313015164 
 569 , 57385.8809853579 
 570 , 57385.6728850983 
 571 , 57385.731380892 
 572 , 57386.0590634402 
 573 , 57386.616105343 
 574 , 57387.2727340608 
 575 , 57387.4544996239 
 576 , 57386.4616561973 
 577 , 57384.3084176953 
 578 , 57382.0207523911 
 579 , 57380.5616683456 
 580 , 57379.9044993382 
 581 , 57379.5960268797 
 582 , 57379.2497716914 
 583 , 57378.6082064929 
 584 , 57377.5351835513 
 585 , 57376.9629403425 
 586 , 57378.4341195649 
 587 , 57382.2448841663 
 588 , 57385.5588788711 
 589 , 57385.3136680858 
 590 , 57382.0970258842 
 591 , 57379.2234732562 
 592 , 57379.1931079566 
 593 , 57381.5992530657 
 594 , 57385.4038915734 
 595 , 57388.8925324492 
 596 , 57389.705213525 
 597 , 57386.3988579879 
 598 , 57381.6169912522 
 599 , 57379.0240652427 
 600 , 57379.4518256624 
 601 , 57380.3277160042 
 602 , 57379.4042357684 
 603 , 57377.3956236177 
 604 , 57376.0292075645 
 605 , 57375.8784839704 
 606 , 57375.7879686053 
 607 , 57374.6715719374 
 608 , 57372.9713619551 
 609 , 57371.7934422562 
 610 , 57371.4043538425 
 611 , 57370.5136823113 
 612 , 57367.9371524254 
 613 , 57365.0374554495 
 614 , 57364.5510296104 
 615 , 57367.4274506611 
 616 , 57370.5418500765 
 617 , 57370.5069383798 
 618 , 57367.4795486954 
 619 , 57363.9417204792 
 620 , 57361.9322176631 
 621 , 57362.1601321819 
 622 , 57364.9436581651 
 623 , 57368.0870051422 
 624 , 57367.4322456689 
 625 , 57361.0874568875 
 626 , 57354.8251566774 
 627 , 57355.6121934313 
 628 , 57362.7817438907 
 629 , 57368.6831015687 
 630 , 57367.528952773 
 631 , 57361.8709185611 
 632 , 57356.2221508411 
 633 , 57352.8552463078 
 634 , 57351.6733164619 
 635 , 57352.3656251305 
 636 , 57354.1596555402 
 637 , 57356.1566378578 
 638 , 57357.6816928122 
 639 , 57358.3301482909 
 640 , 57357.7113196939 
 641 , 57355.4231438257 
 642 , 57351.0927884962 
 643 , 57345.7733374319 
 644 , 57342.4572684607 
 645 , 57343.768448367 
 646 , 57349.2436902947 
 647 , 57357.2445336295 
 648 , 57365.331285687 
 649 , 57369.8542558949 
 650 , 57367.911325443 
 651 , 57362.413275343 
 652 , 57358.6625359203 
 653 , 57358.6692065985 
 654 , 57358.9481707304 
 655 , 57356.1753127005 
 656 , 57352.2104511395 
 657 , 57351.2666612339 
 658 , 57354.6714612589 
 659 , 57358.5131183361 
 660 , 57358.8261244761 
 661 , 57355.7909955052 
 662 , 57351.6438875914 
 663 , 57348.0765198338 
 664 , 57345.6966506089 
 665 , 57344.9882052273 
 666 , 57346.4384577749 
 667 , 57350.526359808 
 668 , 57356.2335922894 
 669 , 57359.4722867681 
 670 , 57356.4323419908 
 671 , 57349.5603905975 
 672 , 57344.7645882852 
 673 , 57345.2202763597 
 674 , 57348.175324452 
 675 , 57350.3506852293 
 676 , 57350.8405576121 
 677 , 57350.1058602995 
 678 , 57348.766956956 
 679 , 57347.7593876514 
 680 , 57347.964757361 
 681 , 57349.2780731007 
 682 , 57351.0137352895 
 683 , 57352.3875105046 
 684 , 57352.4111497234 
 685 , 57350.294727358 
 686 , 57347.5959991231 
 687 , 57347.2544701949 
 688 , 57350.1005803993 
 689 , 57352.2002017046 
 690 , 57349.5845194615 
 691 , 57344.6053712924 
 692 , 57343.3229935705 
 693 , 57348.2331833881 
 694 , 57353.8426804713 
 695 , 57354.2669057375 
 696 , 57350.4528800429 
 697 , 57347.2865950123 
 698 , 57347.3772881223 
 699 , 57348.3273791531 
 700 , 57347.4072217114 
 701 , 57344.9610699829 
 702 , 57343.0494137923 
 703 , 57342.9737034591 
 704 , 57344.4260250559 
 705 , 57346.7827001651 
 706 , 57348.3595603652 
 707 , 57346.9231886616 
 708 , 57342.4635748143 
 709 , 57339.3404222618 
 710 , 57341.6851237246 
 711 , 57347.3928543758 
 712 , 57351.2478398974 
 713 , 57350.8830826012 
 714 , 57349.19989435 
 715 , 57349.1112954541 
 716 , 57349.2458351634 
 717 , 57346.2721392374 
 718 , 57340.1276268026 
 719 , 57336.3050844222 
 720 , 57339.6730576493 
 721 , 57346.9635930751 
 722 , 57351.4996144382 
 723 , 57350.6833564329 
 724 , 57348.2384872464 
 725 , 57347.8569680185 
 726 , 57349.6561423811 
 727 , 57352.3733522992 
 728 , 57354.5637681988 
 729 , 57354.5330543062 
 730 , 57351.2096533714 
 731 , 57347.0397780539 
 732 , 57345.5869686647 
 733 , 57347.5186064978 
 734 , 57349.913150922 
 735 , 57350.2258240191 
 736 , 57348.7678053441 
 737 , 57346.6743282227 
 738 , 57344.4057919377 
 739 , 57341.6873501498 
 740 , 57338.4450609888 
 741 , 57335.5753683104 
 742 , 57334.178737911 
 743 , 57334.4538678285 
 744 , 57335.7464438281 
 745 , 57337.4538690292 
 746 , 57339.2668372346 
 747 , 57340.9844258373 
 748 , 57343.1397411127 
 749 , 57346.8596156596 
 750 , 57351.977425435 
 751 , 57354.5625945836 
 752 , 57350.5303762189 
 753 , 57342.3274178304 
 754 , 57336.8625527378 
 755 , 57338.0062920696 
 756 , 57342.2112063943 
 757 , 57345.246278133 
 758 , 57346.7557296085 
 759 , 57348.5781384698 
 760 , 57351.0799033518 
 761 , 57351.7134746321 
 762 , 57348.1896930555 
 763 , 57342.7985675217 
 764 , 57339.9170703983 
 765 , 57341.2560041304 
 766 , 57344.2885350226 
 767 , 57346.3452072177 
 768 , 57346.1529139247 
 769 , 57343.0070836287 
 770 , 57338.0398021123 
 771 , 57334.7260470224 
 772 , 57335.598171358 
 773 , 57338.0851436816 
 774 , 57338.2931032743 
 775 , 57336.1997559712 
 776 , 57335.7280880586 
 777 , 57339.2755521838 
 778 , 57343.1540842122 
 779 , 57342.6269796118 
 780 , 57337.9113872054 
 781 , 57333.202806409 
 782 , 57331.6810688395 
 783 , 57333.4631182381 
 784 , 57338.0012820351 
 785 , 57343.0856250187 
 786 , 57345.4832673056 
 787 , 57343.9101029835 
 788 , 57341.121192731 
 789 , 57339.9424847732 
 790 , 57339.8442203227 
 791 , 57338.7395182306 
 792 , 57336.4594012285 
 793 , 57335.8290088481 
 794 , 57339.0246957557 
 795 , 57343.1005286088 
 796 , 57343.4604067597 
 797 , 57340.0261279015 
 798 , 57337.998142602 
 799 , 57340.9533926477 
 800 , 57344.6964218827 
 801 , 57343.4221701573 
 802 , 57337.7432804074 
 803 , 57333.8505391438 
 804 , 57335.477377434 
 805 , 57338.769202887 
 806 , 57338.9754664694 
 807 , 57336.5709728111 
 808 , 57335.345778678 
 809 , 57337.0878703687 
 810 , 57339.3905579404 
 811 , 57339.666620622 
 812 , 57337.8216551013 
 813 , 57334.900768815 
 814 , 57332.1277264212 
 815 , 57330.9777577042 
 816 , 57332.5384845305 
 817 , 57335.8339720047 
 818 , 57339.2523494455 
 819 , 57341.5687018548 
 820 , 57341.9585446619 
 821 , 57340.1780144811 
 822 , 57337.896382069 
 823 , 57337.0565075064 
 824 , 57337.7747875201 
 825 , 57338.8421019447 
 826 , 57339.273651275 
 827 , 57338.665711819 
 828 , 57336.8649518322 
 829 , 57335.13721043 
 830 , 57335.424226651 
 831 , 57337.7824598599 
 832 , 57339.3389981601 
 833 , 57337.7251299152 
 834 , 57334.583506822 
 835 , 57332.8078067646 
 836 , 57333.4189499203 
 837 , 57335.4660992796 
 838 , 57337.7966222127 
 839 , 57338.8922864672 
 840 , 57337.3659226629 
 841 , 57334.5820212781 
 842 , 57333.8396116092 
 843 , 57336.4562225241 
 844 , 57339.3613212937 
 845 , 57339.4117789805 
 846 , 57337.3117567561 
 847 , 57335.5103166398 
 848 , 57334.882637315 
 849 , 57334.0720207712 
 850 , 57332.1666984498 
 851 , 57331.1008775556 
 852 , 57333.4528636836 
 853 , 57338.2163471056 
 854 , 57341.0984474627 
 855 , 57339.6608126789 
 856 , 57337.0569650688 
 857 , 57337.0091344409 
 858 , 57338.9983064818 
 859 , 57340.0321287015 
 860 , 57338.5296801996 
 861 , 57335.4372856549 
 862 , 57332.1185943054 
 863 , 57330.8825742436 
 864 , 57334.2224706939 
 865 , 57340.3123207098 
 866 , 57342.5806569192 
 867 , 57337.2470609328 
 868 , 57330.8653523076 
 869 , 57331.3999605231 
 870 , 57336.8902515831 
 871 , 57338.6242263953 
 872 , 57332.844920684 
 873 , 57326.0358947845 
 874 , 57324.8027549299 
 875 , 57328.3257850442 
 876 , 57332.7736733568 
 877 , 57335.7589488766 
 878 , 57336.6621087725 
 879 , 57335.2712112919 
 880 , 57332.504525249 
 881 , 57329.5032545014 
 882 , 57326.8151881788 
 883 , 57324.5535342476 
 884 , 57323.0438318137 
 885 , 57323.0860779473 
 886 , 57325.2609263128 
 887 , 57328.1772098973 
 888 , 57329.6487416632 
 889 , 57329.2986011892 
 890 , 57329.0070282439 
 891 , 57330.2536365774 
 892 , 57332.4630098719 
 893 , 57334.6288599905 
 894 , 57336.5177588302 
 895 , 57338.4550493409 
 896 , 57340.1054112999 
 897 , 57339.7326485939 
 898 , 57335.860259263 
 899 , 57329.9255241857 
 900 , 57324.5509835364 
 901 , 57321.9549532595 
 902 , 57323.8749297124 
 903 , 57330.6442506472 
 904 , 57337.7829880836 
 905 , 57340.1372387855 
 906 , 57337.1500915823 
 907 , 57331.3388284402 
 908 , 57325.9010278008 
 909 , 57325.2008522599 
 910 , 57332.2769649529 
 911 , 57341.6942932945 
 912 , 57345.2333011736 
 913 , 57341.4411334429 
 914 , 57335.8485183537 
 915 , 57332.9973330356 
 916 , 57333.558678837 
 917 , 57337.2083334302 
 918 , 57340.8590098083 
 919 , 57339.9369249732 
 920 , 57334.1231063464 
 921 , 57329.7268341369 
 922 , 57331.6794303622 
 923 , 57335.8623769576 
 924 , 57335.9104194946 
 925 , 57331.878366771 
 926 , 57329.1736145966 
 927 , 57330.7659407335 
 928 , 57333.6302721194 
 929 , 57334.5644029644 
 930 , 57335.1269618714 
 931 , 57338.8074352873 
 932 , 57344.340905041 
 933 , 57344.7686394868 
 934 , 57336.2447181903 
 935 , 57326.6240933854 
 936 , 57325.317830063 
 937 , 57331.478936569 
 938 , 57337.9057901277 
 939 , 57340.3713062457 
 940 , 57339.7838714591 
 941 , 57337.5679686492 
 942 , 57335.2828925846 
 943 , 57334.4338657938 
 944 , 57334.846034139 
 945 , 57334.9104488339 
 946 , 57333.5328307242 
 947 , 57330.9087900606 
 948 , 57327.545899795 
 949 , 57324.8632669611 
 950 , 57324.6192814622 
 951 , 57327.19065661 
 952 , 57331.3832347847 
 953 , 57335.5478082461 
 954 , 57336.8828763438 
 955 , 57332.9190323867 
 956 , 57326.576438945 
 957 , 57323.7247919733 
 958 , 57326.1606065907 
 959 , 57329.6427099213 
 960 , 57330.6813042913 
 961 , 57330.8811201933 
 962 , 57332.8991210805 
 963 , 57335.8622831801 
 964 , 57336.3946586554 
 965 , 57333.9123415871 
 966 , 57333.1277209594 
 967 , 57337.8408345894 
 968 , 57343.9323640652 
 969 , 57345.0038305113 
 970 , 57341.040712214 
 971 , 57337.6706032571 
 972 , 57338.0674475699 
 973 , 57339.308487424 
 974 , 57338.2099413988 
 975 , 57335.5466219086 
 976 , 57333.6748668292 
 977 , 57333.9833585935 
 978 , 57336.8267034911 
 979 , 57341.5159995053 
 980 , 57344.5992031043 
 981 , 57342.8588710698 
 982 , 57338.8762372186 
 983 , 57337.9296445737 
 984 , 57340.7276939178 
 985 , 57342.2912024214 
 986 , 57339.3732109367 
 987 , 57335.5554396394 
 988 , 57335.1991272091 
 989 , 57336.6875866865 
 990 , 57335.1378285851 
 991 , 57330.1489110741 
 992 , 57327.6867600223 
 993 , 57331.6933864179 
 994 , 57336.7401255929 
 995 , 57335.9513987665 
 996 , 57330.825851659 
 997 , 57328.0645515201 
 998 , 57330.4665674217 
 999 , 57334.6222609416 
 1000 , 57337.1062451117 
 1001 , 57336.6610798408 
 1002 , 57332.8126175497 
 1003 , 57327.8652402376 
 1004 , 57325.9824519595 
 1005 , 57328.4373100674 
 1006 , 57331.5927802618 
 1007 , 57332.2129354099 
 1008 , 57330.9432264254 
 1009 , 57329.4348047758 
 1010 , 57328.3071738528 
 1011 , 57327.4417348702 
 1012 , 57327.205330032 
 1013 , 57328.8459484319 
 1014 , 57333.1241020657 
 1015 , 57338.1224097349 
 1016 , 57341.2823112801 
 1017 , 57341.9563674904 
 1018 , 57340.9183887764 
 1019 , 57339.5930549716 
 1020 , 57340.5082205138 
 1021 , 57345.0998561147 
 1022 , 57349.1556970357 
 1023 , 57347.2602352658 
 1024 , 57340.3139261162 
 1025 , 57333.8601847112 
 1026 , 57331.4927287105 
 1027 , 57333.1689268125 
 1028 , 57337.9282439789 
 1029 , 57342.3088373021 
 1030 , 57342.4552037933 
 1031 , 57338.8458893505 
 1032 , 57335.0465356333 
 1033 , 57332.9866147317 
 1034 , 57331.7030389955 
 1035 , 57330.5168830873 
 1036 , 57331.1967599849 
 1037 , 57335.7579735082 
 1038 , 57341.0439327144 
 1039 , 57340.4855712454 
 1040 , 57333.2418004691 
 1041 , 57327.6645941722 
 1042 , 57330.1644839056 
 1043 , 57336.1873993899 
 1044 , 57339.0196017476 
 1045 , 57338.1980402785 
 1046 , 57337.1041304216 
 1047 , 57337.1118091813 
 1048 , 57336.6139554756 
 1049 , 57334.5734150258 
 1050 , 57332.790451261 
 1051 , 57333.4282089995 
 1052 , 57336.1320334899 
 1053 , 57339.1605560398 
 1054 , 57341.0796554119 
 1055 , 57340.8672789054 
 1056 , 57338.4266671866 
 1057 , 57336.4052597233 
 1058 , 57337.4942066498 
 1059 , 57340.5647380958 
 1060 , 57342.725498227 
 1061 , 57342.9355967998 
 1062 , 57342.2055694029 
 1063 , 57341.4018725259 
 1064 , 57340.7500833021 
 1065 , 57340.2662529775 
 1066 , 57339.261389094 
 1067 , 57336.8411672092 
 1068 , 57333.6620719304 
 1069 , 57331.8124597699 
 1070 , 57332.7584851879 
 1071 , 57336.5431223155 
 1072 , 57342.3890661977 
 1073 , 57346.1939797114 
 1074 , 57343.2637113876 
 1075 , 57335.9505084241 
 1076 , 57331.8746554575 
 1077 , 57334.3707965039 
 1078 , 57339.3212239281 
 1079 , 57342.6780488335 
 1080 , 57343.5651723914 
 1081 , 57342.0322725433 
 1082 , 57339.4666339759 
 1083 , 57338.0202830543 
 1084 , 57338.4056944223 
 1085 , 57339.4160137668 
 1086 , 57340.2247049059 
 1087 , 57341.56228388 
 1088 , 57344.1667988303 
 1089 , 57346.6035249514 
 1090 , 57346.5522884596 
 1091 , 57344.2455959772 
 1092 , 57342.5050151281 
 1093 , 57342.9019007209 
 1094 , 57343.9361149534 
 1095 , 57343.996207823 
 1096 , 57343.1304355633 
 1097 , 57342.0439878135 
 1098 , 57342.9067273783 
 1099 , 57348.9318755592 
 1100 , 57358.7885826809 
 1101 , 57363.6548729908 
 1102 , 57357.4989355954 
 1103 , 57347.4159403818 
 1104 , 57342.647730793 
 1105 , 57343.603050789 
 1106 , 57345.9302165582 
 1107 , 57347.1938779227 
 1108 , 57347.269442556 
 1109 , 57346.9018119476 
 1110 , 57348.7366606594 
 1111 , 57354.6499775273 
 1112 , 57359.9839504636 
 1113 , 57358.1169134997 
 1114 , 57350.6925915876 
 1115 , 57346.1090216691 
 1116 , 57348.0633347245 
 1117 , 57351.6779788105 
 1118 , 57352.9243759832 
 1119 , 57354.5470122117 
 1120 , 57360.2274562255 
 1121 , 57366.5673911172 
 1122 , 57366.4354946133 
 1123 , 57359.4941539489 
 1124 , 57353.4309898747 
 1125 , 57353.157174713 
 1126 , 57355.4323677711 
 1127 , 57356.4759775478 
 1128 , 57356.7040097331 
 1129 , 57357.9013762484 
 1130 , 57359.7320760813 
 1131 , 57360.2399353803 
 1132 , 57358.8525705257 
 1133 , 57357.2856909614 
 1134 , 57356.9544776818 
 1135 , 57357.4973277447 
 1136 , 57358.2762124971 
 1137 , 57359.5769108898 
 1138 , 57362.0572510507 
 1139 , 57364.4882806994 
 1140 , 57363.7388693558 
 1141 , 57359.2960565756 
 1142 , 57356.3353114242 
 1143 , 57359.1021412828 
 1144 , 57364.1547572667 
 1145 , 57366.3083870157 
 1146 , 57365.9033296517 
 1147 , 57366.6292203576 
 1148 , 57368.2490827131 
 1149 , 57365.4768122435 
 1150 , 57356.7105814584 
 1151 , 57350.96674695 
 1152 , 57356.5950767965 
 1153 , 57367.792964287 
 1154 , 57374.2056470102 
 1155 , 57374.3887854245 
 1156 , 57373.6029567319 
 1157 , 57374.2709225834 
 1158 , 57374.248948197 
 1159 , 57372.2462032122 
 1160 , 57370.9022643694 
 1161 , 57372.9789347161 
 1162 , 57376.5861275606 
 1163 , 57378.0466709008 
 1164 , 57377.6617450568 
 1165 , 57379.17228562 
 1166 , 57383.055311578 
 1167 , 57383.9208748572 
 1168 , 57378.4216505647 
 1169 , 57372.769356564 
 1170 , 57374.1032205755 
 1171 , 57379.5319006303 
 1172 , 57381.6367060759 
 1173 , 57379.6930629375 
 1174 , 57379.3902391724 
 1175 , 57382.7995134726 
 1176 , 57384.6634742529 
 1177 , 57381.0559336156 
 1178 , 57376.5077154325 
 1179 , 57376.9110483573 
 1180 , 57381.8966534589 
 1181 , 57387.9105924505 
 1182 , 57392.0738006341 
 1183 , 57392.2316139404 
 1184 , 57388.7702513933 
 1185 , 57386.9959692534 
 1186 , 57390.8710399017 
 1187 , 57396.6058858058 
 1188 , 57399.0864440672 
 1189 , 57398.7950971858 
 1190 , 57399.0185921947 
 1191 , 57400.6838020731 
 1192 , 57402.3255849725 
 1193 , 57402.6083485135 
 1194 , 57400.649948742 
 1195 , 57396.4096638168 
 1196 , 57392.954434026 
 1197 , 57393.5757956636 
 1198 , 57397.0275561251 
 1199 , 57399.9042020943 
 1200 , 57401.1361243631 
 1201 , 57401.8991597073 
 1202 , 57402.8154001795 
 1203 , 57403.335808986 
 1204 , 57403.1718639069 
 1205 , 57403.430021428 
 1206 , 57405.3822018001 
 1207 , 57409.1580240694 
 1208 , 57414.2793851104 
 1209 , 57418.731814723 
 1210 , 57419.2120124519 
 1211 , 57415.586953066 
 1212 , 57412.959026012 
 1213 , 57415.0031021548 
 1214 , 57419.3400440186 
 1215 , 57422.9582664106 
 1216 , 57426.5021279367 
 1217 , 57431.7924537452 
 1218 , 57436.5964972862 
 1219 , 57435.7425187494 
 1220 , 57429.7531733133 
 1221 , 57427.1812114335 
 1222 , 57432.766866797 
 1223 , 57439.6194966825 
 1224 , 57440.853268602 
 1225 , 57439.5693643746 
 1226 , 57441.5257516243 
 1227 , 57445.6836940217 
 1228 , 57446.9157913229 
 1229 , 57444.5306008005 
 1230 , 57442.9535926964 
 1231 , 57445.1279287681 
 1232 , 57450.30056087 
 1233 , 57456.9147420063 
 1234 , 57462.0418157938 
 1235 , 57463.0245265278 
 1236 , 57462.2673048013 
 1237 , 57464.423830868 
 1238 , 57469.9644221 
 1239 , 57475.6355479627 
 1240 , 57479.1445146175 
 1241 , 57479.9488199321 
 1242 , 57478.3950036965 
 1243 , 57477.0143029733 
 1244 , 57478.1412345829 
 1245 , 57480.6109775243 
 1246 , 57482.1570070768 
 1247 , 57482.4159775033 
 1248 , 57482.2972911082 
 1249 , 57483.0615939492 
 1250 , 57486.3479309959 
 1251 , 57492.3801232349 
 1252 , 57498.3439811146 
 1253 , 57501.8432030457 
 1254 , 57503.6737361771 
 1255 , 57505.2476569193 
 1256 , 57506.6183363 
 1257 , 57507.2826212235 
 1258 , 57508.0022125755 
 1259 , 57510.5591012901 
 1260 , 57515.2082314457 
 1261 , 57519.9444490503 
 1262 , 57522.9578970295 
 1263 , 57523.4085483907 
 1264 , 57521.1980010152 
 1265 , 57519.082791684 
 1266 , 57520.3576632229 
 1267 , 57525.1818010753 
 1268 , 57531.9323100976 
 1269 , 57537.9171097462 
 1270 , 57539.4952436739 
 1271 , 57537.5279951202 
 1272 , 57540.4338241844 
 1273 , 57552.2687044275 
 1274 , 57561.9938841403 
 1275 , 57559.1311925838 
 1276 , 57551.6745196458 
 1277 , 57552.7155624669 
 1278 , 57562.1662644656 
 1279 , 57572.0655615171 
 1280 , 57577.6737630796 
 1281 , 57577.7331261777 
 1282 , 57572.8922047745 
 1283 , 57566.8972663757 
 1284 , 57563.320360324 
 1285 , 57564.188343732 
 1286 , 57570.6142217242 
 1287 , 57580.206310298 
 1288 , 57589.412848853 
 1289 , 57595.6269967591 
 1290 , 57597.0048109076 
 1291 , 57596.1031549531 
 1292 , 57600.0016179674 
 1293 , 57610.8556816768 
 1294 , 57621.7925113388 
 1295 , 57627.2356865644 
 1296 , 57628.3633805967 
 1297 , 57627.5721296948 
 1298 , 57626.8961600342 
 1299 , 57628.1867416643 
 1300 , 57632.6848477217 
 1301 , 57641.1096094812 
 1302 , 57650.56786152 
 1303 , 57654.7303126756 
 1304 , 57652.7304828653 
 1305 , 57652.7569861717 
 1306 , 57660.3668789897 
 1307 , 57671.6389089565 
 1308 , 57681.639545087 
 1309 , 57688.3190545273 
 1310 , 57690.9237866394 
 1311 , 57692.4332032656 
 1312 , 57697.5030098731 
 1313 , 57706.5066054956 
 1314 , 57716.195079327 
 1315 , 57724.4186716913 
 1316 , 57730.7084883299 
 1317 , 57735.1844192588 
 1318 , 57739.0305895121 
 1319 , 57743.0915098122 
 1320 , 57746.3060547461 
 1321 , 57747.5748014525 
 1322 , 57748.715083965 
 1323 , 57752.6864164163 
 1324 , 57761.4826407517 
 1325 , 57776.2603114693 
 1326 , 57793.4340112513 
 1327 , 57804.2721550316 
 1328 , 57805.8223717588 
 1329 , 57805.8614797148 
 1330 , 57809.5967418653 
 1331 , 57811.470957075 
 1332 , 57806.9833468612 
 1333 , 57806.661448124 
 1334 , 57823.0588923546 
 1335 , 57845.818403456 
 1336 , 57854.1388451274 
 1337 , 57848.8966834139 
 1338 , 57848.496974923 
 1339 , 57859.1900980932 
 1340 , 57870.8707453777 
 1341 , 57878.5918082511 
 1342 , 57890.2668483695 
 1343 , 57910.1457472243 
 1344 , 57924.7683816555 
 1345 , 57921.2738720203 
 1346 , 57911.2433287888 
 1347 , 57912.7133866491 
 1348 , 57923.1389151229 
 1349 , 57929.0449156824 
 1350 , 57929.6634727318 
 1351 , 57935.3882177532 
 1352 , 57949.4261453573 
 1353 , 57964.6352205706 
 1354 , 57976.8183855933 
 1355 , 57989.7101014578 
 1356 , 58005.6640752538 
 1357 , 58018.7000364068 
 1358 , 58023.286129176 
 1359 , 58026.6732558056 
 1360 , 58039.0003697572 
 1361 , 58054.8542994733 
 1362 , 58060.8816888204 
 1363 , 58056.6666371019 
 1364 , 58052.8368820155 
 1365 , 58054.9615550213 
 1366 , 58061.5111521072 
 1367 , 58068.9059403682 
 1368 , 58070.4081524066 
 1369 , 58061.4768323933 
 1370 , 58045.7159387715 
 1371 , 58028.8768057954 
 1372 , 58019.4557490384 
 1373 , 58024.5933017437 
 1374 , 58032.9575652309 
 1375 , 58025.5582078056 
 1376 , 58004.8843388522 
 1377 , 57989.1344769218 
 1378 , 57982.2427431669 
 1379 , 57971.6565358291 
 1380 , 57947.5779330484 
 1381 , 57906.3845117167 
 1382 , 57851.7165081787 
 1383 , 57804.4506872845 
 1384 , 57780.955721244 
 1385 , 57768.2822973532 
 1386 , 57746.999654617 
 1387 , 57703.5581498998 
 1388 , 57628.8377677774 
 1389 , 57535.8070509118 
 1390 , 57449.8141530707 
 1391 , 57382.6004504736 
 1392 , 57333.7263102673 
 1393 , 57300.1067724171 
 1394 , 57275.7363184337 
 1395 , 57250.2092581685 
 1396 , 57205.084859164 
 1397 , 57125.4420255565 
 1398 , 57009.0851568877 
 1399 , 56866.4405891862 
 1400 , 56753.5900505635 
 1401 , 56724.8747275732 
 1402 , 56736.7265908592 
 1403 , 56710.9097633023 
 1404 , 56637.8756021577 
 1405 , 56550.3308907926 
 1406 , 56476.713722848 
 1407 , 56440.3419172215 
 1408 , 56436.2572519195 
 1409 , 56423.4290331076 
 1410 , 56378.7816585187 
 1411 , 56317.2382293104 
 1412 , 56250.5316737575 
 1413 , 56170.1928644654 
 1414 , 56075.3184100546 
 1415 , 56010.2888052582 
 1416 , 56015.3509902153 
 1417 , 56032.8136023152 
 1418 , 55977.2397909127 
 1419 , 55856.9324779139 
 1420 , 55730.1460482046 
 1421 , 55619.2655984997 
 1422 , 55517.7457378474 
 1423 , 55418.7434218739 
 1424 , 55316.1487046816 
 1425 , 55214.7979424209 
 1426 , 55136.7798639067 
 1427 , 55093.7083205312 
 1428 , 55070.0231215408 
 1429 , 55045.641473864 
 1430 , 54997.8990716787 
 1431 , 54908.8175513721 
 1432 , 54785.528093122 
 1433 , 54643.2291144217 
 1434 , 54500.8198329781 
 1435 , 54377.314395467 
 1436 , 54275.5685986122 
 1437 , 54188.7965121298 
 1438 , 54114.6805837208 
 1439 , 54054.6013450807 
 1440 , 54002.8001133446 
 1441 , 53945.1471788022 
 1442 , 53879.1156793425 
 1443 , 53821.799227585 
 1444 , 53780.1120743355 
 1445 , 53733.7641962691 
 1446 , 53666.4191441541 
 1447 , 53586.5031207022 
 1448 , 53506.812950566 
 1449 , 53437.4278992359 
 1450 , 53384.5264597484 
 1451 , 53333.7033969397 
 1452 , 53266.6246756098 
 1453 , 53207.5661211153 
 1454 , 53200.5499567643 
 1455 , 53228.2248421334 
 1456 , 53227.8006420793 
 1457 , 53176.4527430973 
 1458 , 53093.7860870089 
 1459 , 52997.2013767283 
 1460 , 52898.2781326104 
 1461 , 52805.7853768275 
 1462 , 52723.9716947976 
 1463 , 52643.6791263425 
 1464 , 52522.4374220632 
 1465 , 52335.6166857481 
 1466 , 52141.2466852012 
 1467 , 51999.3993237365 
 1468 , 51888.6504532315 
 1469 , 51768.5164853115 
 1470 , 51641.5847997095 
 1471 , 51526.1464211388 
 1472 , 51414.9244665188 
 1473 , 51288.6447592118 
 1474 , 51166.887578688 
 1475 , 51097.1055050482 
 1476 , 51086.3889476078 
 1477 , 51100.6141080732 
 1478 , 51102.123190858 
 1479 , 51051.2938780224 
 1480 , 50935.3375538582 
 1481 , 50788.3263140395 
 1482 , 50656.5276836658 
 1483 , 50603.4951724198 
 1484 , 50650.1267360175 
 1485 , 50678.3857113209 
 1486 , 50584.3807683736 
 1487 , 50433.8938098536 
 1488 , 50321.9864686965 
 1489 , 50260.6978862181 
 1490 , 50231.8565058733 
 1491 , 50207.5604120429 
 1492 , 50157.5615485617 
 1493 , 50074.1440361286 
 1494 , 49964.0349004231 
 1495 , 49847.2913704434 
 1496 , 49753.2580438779 
 1497 , 49690.3635702708 
 1498 , 49645.8911949456 
 1499 , 49604.9340685209 
 1500 , 49551.0411316739 
 1501 , 49473.4869704162 
 1502 , 49371.1200276731 
 1503 , 49253.7725674769 
 1504 , 49152.4445903535 
 1505 , 49087.4570559231 
 1506 , 49042.9395906805 
 1507 , 48999.9250729916 
 1508 , 48949.9671092291 
 1509 , 48886.8316702396 
 1510 , 48803.7818477222 
 1511 , 48698.7553772259 
 1512 , 48598.7176361093 
 1513 , 48534.6632841336 
 1514 , 48483.797099738 
 1515 , 48401.8150437238 
 1516 , 48287.8803361361 
 1517 , 48166.8681602839 
 1518 , 48056.1128554691 
 1519 , 47966.617681407 
 1520 , 47901.5374481036 
 1521 , 47856.4983013391 
 1522 , 47817.6254797079 
 1523 , 47760.6691003771 
 1524 , 47678.7849211102 
 1525 , 47591.0179341364 
 1526 , 47509.2829463005 
 1527 , 47429.1178022908 
 1528 , 47347.8653020558 
 1529 , 47270.6877650979 
 1530 , 47202.0924317193 
 1531 , 47141.8121100688 
 1532 , 47088.8279840655 
 1533 , 47042.3800148335 
 1534 , 47001.603635228 
 1535 , 46964.9250780393 
 1536 , 46929.8381480779 
 1537 , 46889.760182708 
 1538 , 46837.8437756075 
 1539 , 46775.1539699251 
 1540 , 46706.1837211874 
 1541 , 46635.9831441567 
 1542 , 46569.0112588199 
 1543 , 46499.7907362916 
 1544 , 46418.0087774005 
 1545 , 46335.0253752761 
 1546 , 46277.5525996593 
 1547 , 46246.4339228137 
 1548 , 46218.7970012305 
 1549 , 46184.1026080319 
 1550 , 46146.2295337952 
 1551 , 46103.0851270862 
 1552 , 46043.8210748331 
 1553 , 45963.2223891586 
 1554 , 45865.9692334549 
 1555 , 45766.1265413924 
 1556 , 45693.7044499169 
 1557 , 45661.1794161274 
 1558 , 45637.5680114302 
 1559 , 45595.5651414414 
 1560 , 45533.8666528113 
 1561 , 45458.383228212 
 1562 , 45384.3374818992 
 1563 , 45323.0677605171 
 1564 , 45263.3710344628 
 1565 , 45191.087509234 
 1566 , 45103.9961825661 
 1567 , 45007.9090740648 
 1568 , 44934.1507090143 
 1569 , 44916.1951783486 
 1570 , 44941.8774465431 
 1571 , 44979.144460744 
 1572 , 44987.7042903305 
 1573 , 44929.5139360419 
 1574 , 44827.7493886603 
 1575 , 44735.8329454408 
 1576 , 44653.0466486264 
 1577 , 44546.6240957307 
 1578 , 44441.3331016026 
 1579 , 44401.7526707062 
 1580 , 44409.7546542283 
 1581 , 44376.4903455983 
 1582 , 44277.6763551521 
 1583 , 44156.2104890356 
 1584 , 44046.5636087374 
 1585 , 43969.4675229526 
 1586 , 43921.1194634815 
 1587 , 43866.8909769777 
 1588 , 43798.2291684933 
 1589 , 43748.6386962702 
 1590 , 43732.1827961561 
 1591 , 43723.7790918489 
 1592 , 43700.9412164592 
 1593 , 43653.7357608343 
 1594 , 43579.7520230163 
 1595 , 43490.0417470504 
 1596 , 43397.7720379354 
 1597 , 43316.8810685261 
 1598 , 43252.3526993756 
 1599 , 43183.1963329006 
 1600 , 43097.6622983494 
 1601 , 43029.0751901383 
 1602 , 43004.0054785872 
 1603 , 42990.3407970063 
 1604 , 42956.4724040587 
 1605 , 42929.4457620634 
 1606 , 42933.7101689293 
 1607 , 42909.1933476876 
 1608 , 42793.3689016688 
 1609 , 42643.0617406021 
 1610 , 42540.1624073685 
 1611 , 42480.2116247108 
 1612 , 42428.5333269836 
 1613 , 42362.1814914158 
 1614 , 42267.2802506026 
 1615 , 42161.7862870025 
 1616 , 42073.2800027828 
 1617 , 41987.9552085271 
 1618 , 41876.1926997103 
 1619 , 41756.2728123324 
 1620 , 41668.7546906764 
 1621 , 41608.6621802674 
 1622 , 41545.6231506165 
 1623 , 41476.7383132284 
 1624 , 41416.4704565356 
 1625 , 41365.9238862279 
 1626 , 41316.5784799473 
 1627 , 41262.4862292842 
 1628 , 41199.6504777723 
 1629 , 41120.5212787483 
 1630 , 41015.756614467 
 1631 , 40899.6861464117 
 1632 , 40806.489760566 
 1633 , 40736.3174854842 
 1634 , 40657.0157407131 
 1635 , 40570.0008964752 
 1636 , 40511.5911066629 
 1637 , 40481.532935452 
 1638 , 40438.1712001473 
 1639 , 40369.2796325047 
 1640 , 40299.4934704955 
 1641 , 40237.9738633254 
 1642 , 40171.9601117884 
 1643 , 40095.3710234675 
 1644 , 40012.9387489336 
 1645 , 39933.043467244 
 1646 , 39868.0478663274 
 1647 , 39825.1421023707 
 1648 , 39803.2012624058 
 1649 , 39789.2839208014 
 1650 , 39753.2966523782 
 1651 , 39683.1162548587 
 1652 , 39598.5040444403 
 1653 , 39516.2064813937 
 1654 , 39442.6406471146 
 1655 , 39377.9602466986 
 1656 , 39312.909190691 
 1657 , 39238.7838237899 
 1658 , 39149.838577649 
 1659 , 39051.3239744784 
 1660 , 38969.1566004517 
 1661 , 38917.3160357016 
 1662 , 38880.9226164083 
 1663 , 38845.8534203606 
 1664 , 38806.7876709481 
 1665 , 38756.6937370336 
 1666 , 38682.571596229 
 1667 , 38587.8276219011 
 1668 , 38513.7898426705 
 1669 , 38478.9673495542 
 1670 , 38438.579368491 
 1671 , 38364.3570714381 
 1672 , 38286.6583412484 
 1673 , 38226.1663403317 
 1674 , 38160.9489866413 
 1675 , 38073.432940766 
 1676 , 37971.4839585903 
 1677 , 37870.4534407256 
 1678 , 37794.7765919424 
 1679 , 37754.9441384871 
 1680 , 37723.5314475134 
 1681 , 37677.7016627855 
 1682 , 37620.5192160905 
 1683 , 37557.490207296 
 1684 , 37490.2444809864 
 1685 , 37419.1720025704 
 1686 , 37343.0473136069 
 1687 , 37260.6060916391 
 1688 , 37171.1344647093 
 1689 , 37079.8115456787 
 1690 , 37006.4205413564 
 1691 , 36959.8937194388 
 1692 , 36916.3034382779 
 1693 , 36857.3715333375 
 1694 , 36791.4820681873 
 1695 , 36732.3311580981 
 1696 , 36696.592145745 
 1697 , 36679.4723351617 
 1698 , 36623.1162605372 
 1699 , 36506.3812823519 
 1700 , 36414.5023279662 
 1701 , 36399.9718379047 
 1702 , 36402.2125651461 
 1703 , 36366.2139686226 
 1704 , 36286.8694509384 
 1705 , 36179.4714232553 
 1706 , 36089.2390317593 
 1707 , 36038.6511125912 
 1708 , 35991.9444678897 
 1709 , 35926.1444499398 
 1710 , 35861.4087851235 
 1711 , 35810.4803700281 
 1712 , 35759.7890014953 
 1713 , 35701.6544751419 
 1714 , 35646.337624182 
 1715 , 35600.0559744476 
 1716 , 35557.3412904697 
 1717 , 35512.7876856365 
 1718 , 35463.5578050636 
 1719 , 35412.3053525691 
 1720 , 35370.6678735812 
 1721 , 35339.0551150591 
 1722 , 35297.7534777938 
 1723 , 35239.3587679575 
 1724 , 35179.0219050066 
 1725 , 35122.8753146347 
 1726 , 35060.4130822682 
 1727 , 34987.5505812366 
 1728 , 34911.3877307241 
 1729 , 34835.397560309 
 1730 , 34757.1951015838 
 1731 , 34685.2685736315 
 1732 , 34641.8080541414 
 1733 , 34619.6510152424 
 1734 , 34575.9059633779 
 1735 , 34499.4716475277 
 1736 , 34417.7824391108 
 1737 , 34350.7429605266 
 1738 , 34307.4452150056 
 1739 , 34286.0362108442 
 1740 , 34273.8433815516 
 1741 , 34250.6696218142 
 1742 , 34191.0694630906 
 1743 , 34094.2934672877 
 1744 , 33981.7272755175 
 1745 , 33881.5550146837 
 1746 , 33823.8948510231 
 1747 , 33796.1829673288 
 1748 , 33756.3797461406 
 1749 , 33695.1285075782 
 1750 , 33625.8086998522 
 1751 , 33557.6669485332 
 1752 , 33496.5402375895 
 1753 , 33443.267931154 
 1754 , 33395.8874832391 
 1755 , 33353.1769232187 
 1756 , 33314.4445638758 
 1757 , 33279.9460351896 
 1758 , 33249.0304321818 
 1759 , 33211.1934886511 
 1760 , 33154.8975616184 
 1761 , 33089.8408460588 
 1762 , 33031.6399880754 
 1763 , 32981.5133819069 
 1764 , 32935.7839584658 
 1765 , 32892.0069659342 
 1766 , 32848.2096280985 
 1767 , 32802.7702604251 
 1768 , 32757.4633771875 
 1769 , 32727.3360989432 
 1770 , 32717.2859729399 
 1771 , 32684.1945600139 
 1772 , 32600.3375341891 
 1773 , 32519.9116434569 
 1774 , 32490.8018327163 
 1775 , 32498.8932596307 
 1776 , 32515.7902923669 
 1777 , 32504.3370515966 
 1778 , 32445.7033716804 
 1779 , 32363.2985706229 
 1780 , 32279.0963214223 
 1781 , 32201.9447791096 
 1782 , 32139.7151593787 
 1783 , 32100.8420480005 
 1784 , 32080.7335832278 
 1785 , 32055.9451111908 
 1786 , 32016.6134592047 
 1787 , 31972.3413227412 
 1788 , 31932.4799338689 
 1789 , 31903.9001265108 
 1790 , 31876.7892350329 
 1791 , 31827.1325265573 
 1792 , 31770.9971302101 
 1793 , 31755.4264196024 
 1794 , 31764.7635610017 
 1795 , 31740.4108531882 
 1796 , 31685.4402525108 
 1797 , 31639.5396380977 
 1798 , 31598.4630154993 
 1799 , 31538.5110407255 
 1800 , 31482.8096569157 
 1801 , 31468.0592029771 
 1802 , 31468.0783045612 
 1803 , 31437.8338318488 
 1804 , 31373.4359624973 
 1805 , 31289.1746495915 
 1806 , 31216.8388991562 
 1807 , 31179.7603171589 
 1808 , 31147.2328486379 
 1809 , 31090.6197624217 
 1810 , 31032.445251921 
 1811 , 30995.1652661048 
 1812 , 30971.8085037885 
 1813 , 30951.5073832106 
 1814 , 30926.1089598019 
 1815 , 30894.6059555051 
 1816 , 30868.9801116387 
 1817 , 30852.1673529912 
 1818 , 30830.0036600412 
 1819 , 30791.575584171 
 1820 , 30733.0552183557 
 1821 , 30664.8730188017 
 1822 , 30612.1222378732 
 1823 , 30574.4452562456 
 1824 , 30528.0220076775 
 1825 , 30480.4041171249 
 1826 , 30462.0963479385 
 1827 , 30463.667722675 
 1828 , 30451.4282234854 
 1829 , 30422.0351162302 
 1830 , 30388.628003871 
 1831 , 30358.6044651025 
 1832 , 30333.7367277777 
 1833 , 30298.2008047979 
 1834 , 30236.0004050236 
 1835 , 30162.3598994588 
 1836 , 30097.1266569784 
 1837 , 30041.2615247762 
 1838 , 29992.8966639996 
 1839 , 29955.6578615807 
 1840 , 29927.6098745817 
 1841 , 29890.3208027084 
 1842 , 29837.1985649421 
 1843 , 29790.4253494094 
 1844 , 29755.7387833226 
 1845 , 29707.1623186799 
 1846 , 29651.8089626781 
 1847 , 29642.1948130553 
 1848 , 29668.2880026755 
 1849 , 29653.0505135656 
 1850 , 29587.8439194597 
 1851 , 29524.0461069257 
 1852 , 29478.3169319047 
 1853 , 29442.5235629492 
 1854 , 29419.5670109923 
 1855 , 29413.7151679204 
 1856 , 29390.834316019 
 1857 , 29313.7769368588 
 1858 , 29226.7971194429 
 1859 , 29183.9186737424 
 1860 , 29155.2732763787 
 1861 , 29104.3176140843 
 1862 , 29050.3609322964 
 1863 , 29013.133224841 
 1864 , 28982.1998786808 
 1865 , 28949.0918340282 
 1866 , 28919.3698633021 
 1867 , 28890.5890803873 
 1868 , 28844.9883424977 
 1869 , 28779.5372035034 
 1870 , 28711.7102866088 
 1871 , 28658.7577868705 
 1872 , 28634.7010221869 
 1873 , 28627.5857769153 
 1874 , 28607.8722048252 
 1875 , 28576.9876677692 
 1876 , 28552.2200101457 
 1877 , 28522.3451533947 
 1878 , 28469.1362770131 
 1879 , 28414.3493104408 
 1880 , 28384.4027587235 
 1881 , 28361.4849545006 
 1882 , 28326.022484459 
 1883 , 28293.0989763566 
 1884 , 28272.2671531522 
 1885 , 28241.4918650794 
 1886 , 28188.4038425866 
 1887 , 28128.0880503236 
 1888 , 28073.0547781664 
 1889 , 28027.5558646542 
 1890 , 27993.7330679791 
 1891 , 27971.4304913188 
 1892 , 27948.6840715068 
 1893 , 27904.8961759283 
 1894 , 27835.8888463246 
 1895 , 27749.9301408109 
 1896 , 27667.7943017698 
 1897 , 27611.2861246576 
 1898 , 27572.009636434 
 1899 , 27534.4929121457 
 1900 , 27501.009946667 
 1901 , 27473.8036055339 
 1902 , 27439.8163770795 
 1903 , 27393.3961260882 
 1904 , 27353.025857239 
 1905 , 27330.8224968742 
 1906 , 27321.7517449363 
 1907 , 27310.9205059568 
 1908 , 27274.1074271137 
 1909 , 27213.7324950337 
 1910 , 27156.9247575423 
 1911 , 27106.3270405661 
 1912 , 27048.9158184454 
 1913 , 26998.3921610264 
 1914 , 26978.2206995317 
 1915 , 26980.700838036 
 1916 , 26983.423992653 
 1917 , 26953.2690806343 
 1918 , 26871.867563617 
 1919 , 26778.0861352441 
 1920 , 26708.3986169482 
 1921 , 26666.978183369 
 1922 , 26641.6975325006 
 1923 , 26601.4895899158 
 1924 , 26542.0937532726 
 1925 , 26493.1432357957 
 1926 , 26458.6194676391 
 1927 , 26419.6274033676 
 1928 , 26384.1286742143 
 1929 , 26372.8560391553 
 1930 , 26362.1794079354 
 1931 , 26316.691026106 
 1932 , 26253.179284434 
 1933 , 26200.171071203 
 1934 , 26163.4912353726 
 1935 , 26144.5808400598 
 1936 , 26147.3407382271 
 1937 , 26162.3362892462 
 1938 , 26155.0991735445 
 1939 , 26114.4809382779 
 1940 , 26063.6739550776 
 1941 , 26015.5309868208 
 1942 , 25970.7265696012 
 1943 , 25931.1351190398 
 1944 , 25901.0815430695 
 1945 , 25895.381949987 
 1946 , 25922.1374247305 
 1947 , 25924.4835574164 
 1948 , 25851.443124289 
 1949 , 25756.2831035277 
 1950 , 25689.646518123 
 1951 , 25634.1182308546 
 1952 , 25578.8010177629 
 1953 , 25542.5306109016 
 1954 , 25525.0265506039 
 1955 , 25499.566737705 
 1956 , 25459.6301618568 
 1957 , 25417.5490643478 
 1958 , 25381.5230600176 
 1959 , 25355.585905834 
 1960 , 25335.2970916864 
 1961 , 25312.6082709173 
 1962 , 25279.434009799 
 1963 , 25234.6480292568 
 1964 , 25198.4361675364 
 1965 , 25180.0987022004 
 1966 , 25157.9964621781 
 1967 , 25115.3743671417 
 1968 , 25049.1127350009 
 1969 , 24982.3876715777 
 1970 , 24958.1709480875 
 1971 , 24952.4558655997 
 1972 , 24905.9001863878 
 1973 , 24847.739101328 
 1974 , 24832.4221325375 
 1975 , 24830.4361716226 
 1976 , 24802.3705246555 
 1977 , 24762.4406883832 
 1978 , 24728.2547087165 
 1979 , 24700.9923857793 
 1980 , 24674.7576514897 
 1981 , 24636.9328349337 
 1982 , 24585.7756460128 
 1983 , 24531.2827586897 
 1984 , 24487.9560003893 
 1985 , 24468.4486988112 
 1986 , 24451.0500291974 
 1987 , 24408.5713697096 
 1988 , 24362.1984857604 
 1989 , 24335.7541890856 
 1990 , 24317.3134249671 
 1991 , 24295.7428531127 
 1992 , 24274.8601216387 
 1993 , 24254.5179341912 
 1994 , 24227.4930628833 
 1995 , 24196.433048053 
 1996 , 24171.4759145467 
 1997 , 24144.4321708023 
 1998 , 24101.0223217664 
 1999 , 24058.5296781348 
 2000 , 24038.8015835244 
 2001 , 24032.9981038609 
 2002 , 24024.5873486587 
 2003 , 23996.9786193198 
 2004 , 23948.3537775539 
 2005 , 23900.6007022666 
 2006 , 23868.2119175437 
 2007 , 23854.2232699929 
 2008 , 23845.8981281706 
 2009 , 23822.477872867 
 2010 , 23784.4514640927 
 2011 , 23740.3731355417 
 2012 , 23690.2796527548 
 2013 , 23637.7947017581 
 2014 , 23603.8818394214 
 2015 , 23593.2078769969 
 2016 , 23575.5360326371 
 2017 , 23538.1612753211 
 2018 , 23493.5551614543 
 2019 , 23453.4489361598 
 2020 , 23425.7063511143 
 2021 , 23400.1298243487 
 2022 , 23363.0119691946 
 2023 , 23327.7984701338 
 2024 , 23305.0724360868 
 2025 , 23271.2544063581 
 2026 , 23213.0089451624 
 2027 , 23148.3132078163 
 2028 , 23089.7536575921 
 2029 , 23039.9679214217 
 2030 , 23012.9013869884 
 2031 , 23025.6115568293 
 2032 , 23044.6040614673 
 2033 , 23022.9064172792 
 2034 , 22969.0396010811 
 2035 , 22906.5549880131 
 2036 , 22853.7818339625 
 2037 , 22819.2798239153 
 2038 , 22795.823799634 
 2039 , 22774.8390766363 
 2040 , 22748.6480805672 
 2041 , 22717.3027500193 
 2042 , 22685.9314850546 
 2043 , 22656.5900156623 
 2044 , 22629.7704720452 
 2045 , 22605.3328475517 
 2046 , 22580.3313902447 
 2047 , 22545.2406953022 
 2048 , 22495.3906793657 
 2049 , 22435.763061544 
 2050 , 22383.3815413416 
 2051 , 22361.0481009057 
 2052 , 22337.4157087924 
 2053 , 22263.4239706257 
 2054 , 22179.4954064503 
 2055 , 22137.7608011061 
 2056 , 22118.2754204447 
 2057 , 22099.0187928422 
 2058 , 22084.8360894577 
 2059 , 22080.496787302 
 2060 , 22085.3654586169 
 2061 , 22079.560556021 
 2062 , 22034.6795972126 
 2063 , 21968.4278144347 
 2064 , 21911.8090093982 
 2065 , 21859.7870878046 
 2066 , 21806.478167973 
 2067 , 21768.1970384715 
 2068 , 21747.4436881811 
 2069 , 21721.9468501205 
 2070 , 21689.2889420585 
 2071 , 21664.873727661 
 2072 , 21643.2930818771 
 2073 , 21612.9288078503 
 2074 , 21591.6679145634 
 2075 , 21588.1297991966 
 2076 , 21556.1785278195 
 2077 , 21480.0688213412 
 2078 , 21411.395949706 
 2079 , 21362.0163327795 
 2080 , 21300.3052315046 
 2081 , 21240.6959288265 
 2082 , 21216.7019432551 
 2083 , 21199.9387413214 
 2084 , 21158.5851391105 
 2085 , 21121.7396608662 
 2086 , 21103.5630040267 
 2087 , 21069.3944874821 
 2088 , 21019.2360739353 
 2089 , 20992.7233012559 
 2090 , 20982.1038045554 
 2091 , 20954.5623910412 
 2092 , 20920.5368907061 
 2093 , 20896.5678064829 
 2094 , 20865.0440697629 
 2095 , 20820.9450185727 
 2096 , 20795.3889590735 
 2097 , 20800.0797274365 
 2098 , 20819.720231825 
 2099 , 20823.7067655087 
 2100 , 20781.4565743054 
 2101 , 20715.9910697105 
 2102 , 20659.3543519871 
 2103 , 20609.1993943846 
 2104 , 20564.5016116589 
 2105 , 20538.123053786 
 2106 , 20521.8674897211 
 2107 , 20487.5830016228 
 2108 , 20444.3073158388 
 2109 , 20417.6168939674 
 2110 , 20397.503244768 
 2111 , 20369.4302339702 
 2112 , 20340.8953981425 
 2113 , 20314.6001259361 
 2114 , 20279.6244517471 
 2115 , 20237.5843661503 
 2116 , 20200.4599819927 
 2117 , 20157.436773159 
 2118 , 20092.9175060451 
 2119 , 20026.7491171661 
 2120 , 19979.3215115143 
 2121 , 19946.6630197527 
 2122 , 19922.6299855502 
 2123 , 19903.4207832365 
 2124 , 19888.3262844078 
 2125 , 19877.1841574923 
 2126 , 19857.0110008238 
 2127 , 19817.8039605994 
 2128 , 19781.9571938474 
 2129 , 19764.7405071072 
 2130 , 19751.7482332149 
 2131 , 19722.1743002165 
 2132 , 19655.5195431867 
 2133 , 19570.8338838007 
 2134 , 19507.4179294078 
 2135 , 19478.5619096999 
 2136 , 19475.7481360551 
 2137 , 19454.6929024958 
 2138 , 19399.3276880873 
 2139 , 19345.2059216246 
 2140 , 19304.3200555911 
 2141 , 19267.2112475086 
 2142 , 19244.2802011958 
 2143 , 19245.0265749376 
 2144 , 19237.3663339761 
 2145 , 19201.2161087513 
 2146 , 19161.9393920391 
 2147 , 19145.4869436519 
 2148 , 19165.3461354666 
 2149 , 19159.4805148607 
 2150 , 19052.5632644617 
 2151 , 18942.5758816625 
 2152 , 18920.7703534182 
 2153 , 18910.6181133779 
 2154 , 18869.8246386736 
 2155 , 18840.9604023995 
 2156 , 18828.6202275615 
 2157 , 18805.9198152985 
 2158 , 18766.1877454615 
 2159 , 18718.9878431066 
 2160 , 18698.6048516701 
 2161 , 18713.5659501779 
 2162 , 18719.8172268296 
 2163 , 18689.99090616 
 2164 , 18622.3447122202 
 2165 , 18558.2171512032 
 2166 , 18540.9048414796 
 2167 , 18535.8268022954 
 2168 , 18510.936714337 
 2169 , 18479.6179614138 
 2170 , 18448.9361974576 
 2171 , 18413.4197260703 
 2172 , 18371.6130280091 
 2173 , 18327.137384249 
 2174 , 18294.7777355197 
 2175 , 18279.7046615934 
 2176 , 18257.6286669714 
 2177 , 18227.7517688806 
 2178 , 18219.7798731042 
 2179 , 18223.9616819721 
 2180 , 18209.3565012341 
 2181 , 18175.4857532719 
 2182 , 18138.5344804997 
 2183 , 18130.1449684264 
 2184 , 18137.0573827626 
 2185 , 18089.6998358407 
 2186 , 18002.7176313379 
 2187 , 17942.0818241754 
 2188 , 17914.0384389644 
 2189 , 17903.4587603914 
 2190 , 17896.0335294831 
 2191 , 17878.4569842344 
 2192 , 17840.2299202958 
 2193 , 17793.0062246772 
 2194 , 17759.6606626407 
 2195 , 17734.9831144614 
 2196 , 17707.6627244148 
 2197 , 17678.5075591929 
 2198 , 17650.4228940759 
 2199 , 17625.915973341 
 2200 , 17602.2640708471 
 2201 , 17572.505285718 
 2202 , 17527.0603375691 
 2203 , 17469.623672076 
 2204 , 17441.920161984 
 2205 , 17444.7657272116 
 2206 , 17418.4841521472 
 2207 , 17360.5857469996 
 2208 , 17306.9306520339 
 2209 , 17265.2646730876 
 2210 , 17238.0326360269 
 2211 , 17239.1956821953 
 2212 , 17249.9646710288 
 2213 , 17211.9857601176 
 2214 , 17126.6986359803 
 2215 , 17035.576904047 
 2216 , 16974.8718017211 
 2217 , 16956.1617762354 
 2218 , 16937.939484836 
 2219 , 16901.7771828006 
 2220 , 16864.5178185694 
 2221 , 16834.6309922826 
 2222 , 16813.6024591063 
 2223 , 16799.1321357372 
 2224 , 16783.7330792224 
 2225 , 16751.8775751327 
 2226 , 16701.9160109881 
 2227 , 16648.350025535 
 2228 , 16612.6589352977 
 2229 , 16605.9685167648 
 2230 , 16588.3968023876 
 2231 , 16538.1233363034 
 2232 , 16485.601291929 
 2233 , 16444.6078963645 
 2234 , 16409.0365594086 
 2235 , 16368.643887269 
 2236 , 16319.2516079231 
 2237 , 16279.6579308159 
 2238 , 16258.8809800755 
 2239 , 16244.6744164337 
 2240 , 16216.0696430163 
 2241 , 16156.8592921164 
 2242 , 16104.1269857786 
 2243 , 16084.2449009106 
 2244 , 16054.9984634234 
 2245 , 16003.3063346037 
 2246 , 15959.956739281 
 2247 , 15938.7482882307 
 2248 , 15932.8616631798 
 2249 , 15896.4295430304 
 2250 , 15821.6335679882 
 2251 , 15785.8570761117 
 2252 , 15794.5333958692 
 2253 , 15788.5071210049 
 2254 , 15765.7008892896 
 2255 , 15744.6005906655 
 2256 , 15729.2268446505 
 2257 , 15711.3148996863 
 2258 , 15671.9662524691 
 2259 , 15623.9461788061 
 2260 , 15593.4953481889 
 2261 , 15567.0390020801 
 2262 , 15529.475663355 
 2263 , 15488.3699360625 
 2264 , 15449.696716075 
 2265 , 15413.6986058074 
 2266 , 15371.1781974063 
 2267 , 15318.6192813087 
 2268 , 15285.2045420143 
 2269 , 15276.9119631179 
 2270 , 15256.9906307368 
 2271 , 15213.0698496072 
 2272 , 15157.1115760245 
 2273 , 15124.5299285164 
 2274 , 15126.1572352052 
 2275 , 15105.161979138 
 2276 , 15056.900834418 
 2277 , 15031.1800685711 
 2278 , 15016.0617293978 
 2279 , 14982.1711638866 
 2280 , 14941.98884562 
 2281 , 14902.408117824 
 2282 , 14852.3353065778 
 2283 , 14808.8570268814 
 2284 , 14798.5803214951 
 2285 , 14798.7006549368 
 2286 , 14785.1150047668 
 2287 , 14761.2578253487 
 2288 , 14738.3196179695 
 2289 , 14725.432842015 
 2290 , 14689.2511097485 
 2291 , 14605.7203342504 
 2292 , 14526.7256795727 
 2293 , 14480.8542549343 
 2294 , 14451.2937572066 
 2295 , 14426.6753465941 
 2296 , 14402.4343196688 
 2297 , 14381.719900924 
 2298 , 14360.6034824476 
 2299 , 14321.4298365157 
 2300 , 14264.5603560993 
 2301 , 14206.6187845199 
 2302 , 14172.1166167845 
 2303 , 14165.8680665115 
 2304 , 14145.4876099756 
 2305 , 14105.3057926333 
 2306 , 14078.197815889 
 2307 , 14068.5067643468 
 2308 , 14061.8950651159 
 2309 , 14029.5003006694 
 2310 , 13974.1856110207 
 2311 , 13937.8078635883 
 2312 , 13923.7799768117 
 2313 , 13912.3249126179 
 2314 , 13883.542100048 
 2315 , 13838.0675782187 
 2316 , 13806.3336150387 
 2317 , 13789.8815559453 
 2318 , 13769.5857525023 
 2319 , 13733.0737085295 
 2320 , 13681.9212902749 
 2321 , 13639.0882659058 
 2322 , 13604.579542031 
 2323 , 13562.9555134552 
 2324 , 13535.1002503144 
 2325 , 13533.569154336 
 2326 , 13521.2234341365 
 2327 , 13488.5214279941 
 2328 , 13457.0046876847 
 2329 , 13418.6448701117 
 2330 , 13368.7083844889 
 2331 , 13348.2277945465 
 2332 , 13351.5879568661 
 2333 , 13316.9165390346 
 2334 , 13255.8916141525 
 2335 , 13208.0361853365 
 2336 , 13173.6216629771 
 2337 , 13145.3174016463 
 2338 , 13117.0191255352 
 2339 , 13087.8393125316 
