11-20-2017,18:29:12
Wavenumber(cm-1),Intensity
 250 , 46761.6357228607 
 251 , 46804.0561354084 
 252 , 46845.0451727832 
 253 , 46882.218877772 
 254 , 46914.955098171 
 255 , 46942.7614407076 
 256 , 46964.7867919844 
 257 , 46979.9132233025 
 258 , 46988.4994706517 
 259 , 46998.9182221203 
 260 , 47022.2171132059 
 261 , 47064.5996823131 
 262 , 47121.1143368818 
 263 , 47185.369262236 
 264 , 47254.1230381442 
 265 , 47327.4636137816 
 266 , 47405.1912711044 
 267 , 47483.4639691758 
 268 , 47556.6656509856 
 269 , 47620.8146751946 
 270 , 47677.3897714571 
 271 , 47729.0440943156 
 272 , 47780.6694245121 
 273 , 47840.4187117536 
 274 , 47916.2700086642 
 275 , 48010.8958162612 
 276 , 48123.4083047101 
 277 , 48249.6164624084 
 278 , 48370.2132819836 
 279 , 48461.5988900909 
 280 , 48514.6462128304 
 281 , 48548.6128437444 
 282 , 48585.2329538911 
 283 , 48630.8241039946 
 284 , 48678.0218611378 
 285 , 48720.6594270404 
 286 , 48763.2451347472 
 287 , 48814.473065002 
 288 , 48878.2056315344 
 289 , 48945.7967889352 
 290 , 49006.8287603366 
 291 , 49057.3485609753 
 292 , 49100.7395949649 
 293 , 49140.7160354578 
 294 , 49180.4319570376 
 295 , 49222.7573749702 
 296 , 49268.0231267395 
 297 , 49308.1305558014 
 298 , 49333.3886180391 
 299 , 49341.4375836913 
 300 , 49340.2435742304 
 301 , 49338.5808679182 
 302 , 49345.5699620573 
 303 , 49370.5480816564 
 304 , 49419.1657236071 
 305 , 49481.7660456408 
 306 , 49544.8151770158 
 307 , 49601.9186671698 
 308 , 49658.8126725934 
 309 , 49722.073413149 
 310 , 49793.4382378585 
 311 , 49871.0325512299 
 312 , 49952.5414429939 
 313 , 50033.8801474291 
 314 , 50110.4457383025 
 315 , 50182.185158473 
 316 , 50258.1078498607 
 317 , 50347.4383327764 
 318 , 50444.1119198413 
 319 , 50528.9026717132 
 320 , 50586.1594961858 
 321 , 50623.5965894092 
 322 , 50657.36187251 
 323 , 50699.8236259217 
 324 , 50754.7595565593 
 325 , 50824.5481362974 
 326 , 50906.930017054 
 327 , 50995.186281662 
 328 , 51082.61617933 
 329 , 51163.8250209626 
 330 , 51233.9542873405 
 331 , 51291.4333772113 
 332 , 51342.9008637209 
 333 , 51396.0029975877 
 334 , 51452.1217565255 
 335 , 51506.1174381284 
 336 , 51553.1358655525 
 337 , 51592.5412044156 
 338 , 51625.5329548179 
 339 , 51652.7868941013 
 340 , 51673.5632060528 
 341 , 51687.1078521826 
 342 , 51698.6085287665 
 343 , 51719.7458495613 
 344 , 51758.9606750769 
 345 , 51797.9557900135 
 346 , 51806.3330346911 
 347 , 51771.136189516 
 348 , 51727.4978544413 
 349 , 51717.574353542 
 350 , 51750.8779182097 
 351 , 51800.6211316332 
 352 , 51841.6543968131 
 353 , 51875.5389002463 
 354 , 51916.0352244379 
 355 , 51972.4262518469 
 356 , 52041.5642071881 
 357 , 52118.3113637701 
 358 , 52200.7609580793 
 359 , 52290.5505844574 
 360 , 52389.2029369165 
 361 , 52496.0691135557 
 362 , 52609.5274549375 
 363 , 52725.0744108774 
 364 , 52830.6207754511 
 365 , 52913.3887432311 
 366 , 52974.3349697046 
 367 , 53028.826976362 
 368 , 53090.6542051428 
 369 , 53158.0930959092 
 370 , 53222.9166986652 
 371 , 53280.0408997774 
 372 , 53332.1512476053 
 373 , 53383.1389178462 
 374 , 53437.6646828676 
 375 , 53501.1381950373 
 376 , 53577.0611188914 
 377 , 53656.9284689451 
 378 , 53727.6559034384 
 379 , 53778.3366955109 
 380 , 53802.9030237921 
 381 , 53797.1589228329 
 382 , 53779.2834204368 
 383 , 53787.0325511043 
 384 , 53850.0628547657 
 385 , 53950.7504305381 
 386 , 54055.7019678292 
 387 , 54144.6375292656 
 388 , 54222.660686213 
 389 , 54297.5503628912 
 390 , 54373.7510628512 
 391 , 54453.1652452332 
 392 , 54536.3456786309 
 393 , 54617.9959633548 
 394 , 54691.2030821502 
 395 , 54752.2816007916 
 396 , 54802.8444329148 
 397 , 54845.1761644531 
 398 , 54883.6384015479 
 399 , 54923.9279816077 
 400 , 54970.5841910849 
 401 , 55023.7737302847 
 402 , 55082.71890762 
 403 , 55149.5760299377 
 404 , 55230.4760062597 
 405 , 55330.2400822162 
 406 , 55439.5532255529 
 407 , 55541.7080751177 
 408 , 55626.0764207867 
 409 , 55699.9999749603 
 410 , 55773.8923195309 
 411 , 55852.8985810449 
 412 , 55936.4368698615 
 413 , 56022.8719115763 
 414 , 56105.4581529424 
 415 , 56175.3761828512 
 416 , 56228.0019964367 
 417 , 56268.1609029749 
 418 , 56301.9547407414 
 419 , 56335.247917584 
 420 , 56373.7038022106 
 421 , 56420.958292525 
 422 , 56470.7140684181 
 423 , 56513.7093419684 
 424 , 56546.9964248499 
 425 , 56578.3121848454 
 426 , 56615.7073228986 
 427 , 56659.0117686301 
 428 , 56702.8146895352 
 429 , 56743.6789036724 
 430 , 56785.4083723793 
 431 , 56833.2707973431 
 432 , 56888.0010944725 
 433 , 56944.6871791037 
 434 , 56998.2941517697 
 435 , 57045.5506910621 
 436 , 57084.0068675259 
 437 , 57114.3514424585 
 438 , 57144.9728861827 
 439 , 57184.8967456789 
 440 , 57233.2184187176 
 441 , 57280.1543742527 
 442 , 57317.6402011941 
 443 , 57347.9177584354 
 444 , 57376.4665677461 
 445 , 57407.0633331924 
 446 , 57440.6014157494 
 447 , 57477.6086454544 
 448 , 57517.6553283109 
 449 , 57559.7183492057 
 450 , 57603.9868756595 
 451 , 57654.6886229085 
 452 , 57716.5101007982 
 453 , 57782.9252536252 
 454 , 57834.5350580678 
 455 , 57855.4558119572 
 456 , 57858.0188010042 
 457 , 57866.0510630558 
 458 , 57892.6477024412 
 459 , 57928.0518200945 
 460 , 57960.154703785 
 461 , 57985.1532991982 
 462 , 58005.5510952312 
 463 , 58023.2441133605 
 464 , 58037.0123846756 
 465 , 58044.8802455925 
 466 , 58046.4941179868 
 467 , 58043.6996808523 
 468 , 58038.892222394 
 469 , 58037.6166421989 
 470 , 58046.9159689071 
 471 , 58068.63974352 
 472 , 58091.9127474126 
 473 , 58104.6407245558 
 474 , 58106.82148397 
 475 , 58108.7563875223 
 476 , 58118.3903552358 
 477 , 58131.4207877608 
 478 , 58140.147272708 
 479 , 58141.6446336099 
 480 , 58140.0161718617 
 481 , 58139.4808043121 
 482 , 58140.369734888 
 483 , 58141.0170201964 
 484 , 58140.7108982931 
 485 , 58141.2390659451 
 486 , 58144.6280742321 
 487 , 58149.996373436 
 488 , 58153.9079950784 
 489 , 58153.6302808523 
 490 , 58150.0901136418 
 491 , 58145.2543461299 
 492 , 58140.118975385 
 493 , 58134.2558324905 
 494 , 58127.39154817 
 495 , 58121.5255069162 
 496 , 58119.7956022183 
 497 , 58123.3300731328 
 498 , 58128.2660488395 
 499 , 58130.1668963393 
 500 , 58127.7060277969 
 501 , 58122.1451482099 
 502 , 58114.9656953647 
 503 , 58108.2506573881 
 504 , 58104.1942101827 
 505 , 58102.9243691429 
 506 , 58101.7956772527 
 507 , 58098.4249973461 
 508 , 58093.8269301916 
 509 , 58090.5413329869 
 510 , 58090.0477124884 
 511 , 58091.5087178057 
 512 , 58093.7381761931 
 513 , 58094.9313298783 
 514 , 58092.8353994883 
 515 , 58086.1913301029 
 516 , 58077.3285015481 
 517 , 58069.3192865493 
 518 , 58063.5383437912 
 519 , 58059.4419635558 
 520 , 58056.3949560848 
 521 , 58053.8300509022 
 522 , 58051.2016041563 
 523 , 58047.6827538488 
 524 , 58041.9547388969 
 525 , 58032.9756651801 
 526 , 58022.9817419086 
 527 , 58016.0990228522 
 528 , 58014.55037953 
 529 , 58015.2954004005 
 530 , 58014.532432279 
 531 , 58010.832836938 
 532 , 58004.8457492102 
 533 , 57997.4857124515 
 534 , 57990.5107258692 
 535 , 57985.8533591953 
 536 , 57983.3651206397 
 537 , 57980.1865793342 
 538 , 57973.9098405253 
 539 , 57966.4521068486 
 540 , 57961.5158981523 
 541 , 57960.2106368161 
 542 , 57958.6267957739 
 543 , 57952.6455968553 
 544 , 57942.1658012834 
 545 , 57929.5832799685 
 546 , 57917.3246735838 
 547 , 57907.7970550517 
 548 , 57903.1714556586 
 549 , 57901.1830532539 
 550 , 57895.5857087639 
 551 , 57882.2099905417 
 552 , 57866.4857799448 
 553 , 57856.2830802605 
 554 , 57853.6555283335 
 555 , 57853.2456599909 
 556 , 57849.8475467119 
 557 , 57842.3447306573 
 558 , 57831.2650029251 
 559 , 57818.7864114772 
 560 , 57810.0454931248 
 561 , 57809.7292839486 
 562 , 57815.1137536785 
 563 , 57819.2922545957 
 564 , 57818.0218280911 
 565 , 57813.9400653404 
 566 , 57810.6249248475 
 567 , 57809.5918396705 
 568 , 57810.7452258763 
 569 , 57813.2979632408 
 570 , 57814.1313077675 
 571 , 57809.7651907594 
 572 , 57800.8640408982 
 573 , 57792.4790160937 
 574 , 57788.9446303225 
 575 , 57789.903855424 
 576 , 57793.4966571105 
 577 , 57796.7659291493 
 578 , 57795.2008126475 
 579 , 57785.4978044911 
 580 , 57773.7377068315 
 581 , 57769.9840968153 
 582 , 57776.9352646526 
 583 , 57783.3792826399 
 584 , 57778.0799316947 
 585 , 57764.9250221163 
 586 , 57756.4753314423 
 587 , 57759.7496312369 
 588 , 57767.6616967 
 589 , 57771.4785674394 
 590 , 57769.9067939363 
 591 , 57767.2104487147 
 592 , 57766.5677044301 
 593 , 57767.1284985819 
 594 , 57767.2683845952 
 595 , 57766.553574399 
 596 , 57765.6863704095 
 597 , 57765.377865998 
 598 , 57766.1807656767 
 599 , 57768.5452305592 
 600 , 57770.9629318002 
 601 , 57769.5718751439 
 602 , 57761.6343442485 
 603 , 57751.5173289951 
 604 , 57745.9781890618 
 605 , 57746.8248342056 
 606 , 57748.4516275878 
 607 , 57745.449755512 
 608 , 57738.2340369861 
 609 , 57729.7706369353 
 610 , 57721.9415630138 
 611 , 57714.6047197434 
 612 , 57707.513314572 
 613 , 57701.4794565763 
 614 , 57697.8835205152 
 615 , 57696.7137084161 
 616 , 57694.7950169071 
 617 , 57688.8216137372 
 618 , 57679.1066257941 
 619 , 57668.3379999513 
 620 , 57659.1103697537 
 621 , 57653.6480795949 
 622 , 57653.8453716892 
 623 , 57657.5148966685 
 624 , 57659.2832664385 
 625 , 57655.5898800131 
 626 , 57649.1474791591 
 627 , 57643.8883299999 
 628 , 57642.2627083257 
 629 , 57645.3650482912 
 630 , 57652.905842053 
 631 , 57659.3499706723 
 632 , 57658.1264358997 
 633 , 57649.1218076246 
 634 , 57639.051816653 
 635 , 57633.442849821 
 636 , 57630.8261237005 
 637 , 57627.8162940981 
 638 , 57624.2854755737 
 639 , 57624.0371259846 
 640 , 57629.7393515804 
 641 , 57636.755749577 
 642 , 57638.1389220222 
 643 , 57631.8569642105 
 644 , 57622.5657215641 
 645 , 57614.9597507771 
 646 , 57611.0578052944 
 647 , 57611.8309174808 
 648 , 57615.91987072 
 649 , 57618.4398904832 
 650 , 57615.2478421937 
 651 , 57609.2946409865 
 652 , 57606.4552437179 
 653 , 57608.9738585763 
 654 , 57613.0329992043 
 655 , 57614.7235444181 
 656 , 57613.8051994045 
 657 , 57611.7221939039 
 658 , 57609.6794549641 
 659 , 57608.4331779803 
 660 , 57608.5272315234 
 661 , 57609.1283625893 
 662 , 57608.7268471076 
 663 , 57606.7523923618 
 664 , 57604.4647884338 
 665 , 57603.2218008022 
 666 , 57603.3755519542 
 667 , 57604.7417289006 
 668 , 57606.507689718 
 669 , 57606.5826102056 
 670 , 57603.0537969419 
 671 , 57597.2114322879 
 672 , 57592.1181491711 
 673 , 57589.5201168283 
 674 , 57588.3056861847 
 675 , 57587.0621276332 
 676 , 57585.0505077706 
 677 , 57581.9212121157 
 678 , 57577.6280275662 
 679 , 57572.7828928226 
 680 , 57568.1463763432 
 681 , 57565.104797941 
 682 , 57565.4021502226 
 683 , 57568.5761988648 
 684 , 57569.2191819898 
 685 , 57562.0570923775 
 686 , 57550.1766514048 
 687 , 57541.6062504292 
 688 , 57541.3693894726 
 689 , 57547.6139484777 
 690 , 57557.3438027934 
 691 , 57565.4011370194 
 692 , 57565.3788636104 
 693 , 57555.9630812798 
 694 , 57547.1398544057 
 695 , 57549.1050635252 
 696 , 57558.9326688591 
 697 , 57566.1312494219 
 698 , 57564.6675624338 
 699 , 57558.3084884317 
 700 , 57551.7971786044 
 701 , 57547.0111899176 
 702 , 57544.22244083 
 703 , 57543.5334031608 
 704 , 57544.732515714 
 705 , 57547.5415747533 
 706 , 57551.4296121727 
 707 , 57555.7284524878 
 708 , 57559.5114173955 
 709 , 57561.3475070847 
 710 , 57560.0254682301 
 711 , 57556.6921215317 
 712 , 57553.6696332018 
 713 , 57552.1053193856 
 714 , 57550.9753210047 
 715 , 57549.2146539818 
 716 , 57547.2424784323 
 717 , 57546.1638586588 
 718 , 57546.4906218223 
 719 , 57547.7232102308 
 720 , 57549.1610355425 
 721 , 57549.3809584659 
 722 , 57546.6876043212 
 723 , 57541.5614167185 
 724 , 57537.8455652912 
 725 , 57538.713907225 
 726 , 57541.3681474646 
 727 , 57540.8058138575 
 728 , 57536.3461664134 
 729 , 57533.3296777295 
 730 , 57536.2322805295 
 731 , 57542.343563616 
 732 , 57546.5853298322 
 733 , 57546.8107937749 
 734 , 57544.5070839246 
 735 , 57541.2620767599 
 736 , 57538.0679596421 
 737 , 57535.6996342589 
 738 , 57533.8482314883 
 739 , 57531.0243677376 
 740 , 57526.5968550568 
 741 , 57523.6762906348 
 742 , 57526.0710306962 
 743 , 57532.2574536549 
 744 , 57535.6684481406 
 745 , 57531.9309986791 
 746 , 57524.9063280657 
 747 , 57519.9876640412 
 748 , 57518.706792367 
 749 , 57519.4650618483 
 750 , 57520.5171626289 
 751 , 57519.9556247718 
 752 , 57516.1728927606 
 753 , 57511.7129654398 
 754 , 57511.9503598471 
 755 , 57518.6762886268 
 756 , 57525.0459003695 
 757 , 57523.925017334 
 758 , 57517.6875620572 
 759 , 57514.0832506849 
 760 , 57516.254926837 
 761 , 57518.2604868241 
 762 , 57514.2672112819 
 763 , 57507.3509720435 
 764 , 57504.6574367951 
 765 , 57508.7605440972 
 766 , 57514.9635729586 
 767 , 57518.7376006637 
 768 , 57520.4296329533 
 769 , 57522.1435246209 
 770 , 57523.8598802445 
 771 , 57522.8456632818 
 772 , 57517.4751818141 
 773 , 57512.1062016795 
 774 , 57512.5948547383 
 775 , 57519.0066138747 
 776 , 57525.5060369696 
 777 , 57527.3148861979 
 778 , 57524.3811036439 
 779 , 57517.8425657408 
 780 , 57510.9877138671 
 781 , 57508.8281974933 
 782 , 57513.4602238455 
 783 , 57518.9321411926 
 784 , 57518.6761864588 
 785 , 57514.2988396291 
 786 , 57512.4774161085 
 787 , 57516.377516875 
 788 , 57521.7855207802 
 789 , 57524.0892327703 
 790 , 57522.6877147797 
 791 , 57518.8858174448 
 792 , 57514.3804235372 
 793 , 57511.4597565176 
 794 , 57511.69913504 
 795 , 57512.3601683662 
 796 , 57509.3446249393 
 797 , 57503.2827993887 
 798 , 57500.3292715579 
 799 , 57504.8735416844 
 800 , 57512.9041006487 
 801 , 57518.4782184321 
 802 , 57519.1233050581 
 803 , 57515.3850219391 
 804 , 57508.5095147226 
 805 , 57501.4650203526 
 806 , 57497.2858243775 
 807 , 57496.2511134822 
 808 , 57496.886895978 
 809 , 57498.0186832865 
 810 , 57499.1408323291 
 811 , 57499.9133611486 
 812 , 57500.6300090706 
 813 , 57501.8554113027 
 814 , 57503.2441741909 
 815 , 57503.1250900563 
 816 , 57500.1177895189 
 817 , 57494.8440305397 
 818 , 57488.6022189638 
 819 , 57483.7732219402 
 820 , 57483.8566067861 
 821 , 57490.4288616465 
 822 , 57498.3460675292 
 823 , 57501.5035898045 
 824 , 57500.217437978 
 825 , 57499.4560803497 
 826 , 57501.6926023962 
 827 , 57503.4551223577 
 828 , 57501.1810024996 
 829 , 57497.4710248189 
 830 , 57497.9205544955 
 831 , 57503.4845746556 
 832 , 57507.8926638474 
 833 , 57505.8259639951 
 834 , 57500.3102694304 
 835 , 57496.9850913244 
 836 , 57497.8786916689 
 837 , 57501.2170647478 
 838 , 57504.9470373178 
 839 , 57506.6827687514 
 840 , 57504.3134497345 
 841 , 57500.2892154911 
 842 , 57500.2654009719 
 843 , 57506.3607643701 
 844 , 57512.8735836933 
 845 , 57513.952823011 
 846 , 57510.4514977423 
 847 , 57506.2875923548 
 848 , 57503.7848866776 
 849 , 57502.9965752593 
 850 , 57503.746148526 
 851 , 57505.5848678115 
 852 , 57507.9581453577 
 853 , 57509.7787135151 
 854 , 57509.4719118471 
 855 , 57506.5897403735 
 856 , 57503.9231990163 
 857 , 57504.5124769734 
 858 , 57508.1179721224 
 859 , 57512.5825250021 
 860 , 57516.4213065649 
 861 , 57519.3698319722 
 862 , 57521.0845330456 
 863 , 57520.0414462083 
 864 , 57514.4426384727 
 865 , 57506.680695887 
 866 , 57503.752432895 
 867 , 57509.730176143 
 868 , 57517.9221527444 
 869 , 57519.9433352527 
 870 , 57514.9244286686 
 871 , 57507.1339688427 
 872 , 57500.5963108131 
 873 , 57498.6433767853 
 874 , 57503.419235635 
 875 , 57509.6545594749 
 876 , 57509.2419219075 
 877 , 57501.1988314013 
 878 , 57493.2220025657 
 879 , 57491.473208766 
 880 , 57494.3748586659 
 881 , 57498.5299461649 
 882 , 57500.5184528973 
 883 , 57496.924954355 
 884 , 57488.0814110536 
 885 , 57482.315240071 
 886 , 57487.1812778621 
 887 , 57497.573192424 
 888 , 57503.1721573118 
 889 , 57501.4642087695 
 890 , 57499.6809067081 
 891 , 57503.2792140679 
 892 , 57508.6732474072 
 893 , 57510.5529807133 
 894 , 57509.3791519231 
 895 , 57509.7997649363 
 896 , 57513.8961112553 
 897 , 57518.2119643148 
 898 , 57519.4021920203 
 899 , 57519.4995279305 
 900 , 57522.6095223834 
 901 , 57528.4721991199 
 902 , 57531.6751610447 
 903 , 57528.7945849634 
 904 , 57524.3950461507 
 905 , 57524.2705092218 
 906 , 57527.9351729281 
 907 , 57530.7325441838 
 908 , 57530.1234158008 
 909 , 57527.6674777898 
 910 , 57525.2578408862 
 911 , 57524.1129128062 
 912 , 57525.150820665 
 913 , 57527.9160104323 
 914 , 57530.536589866 
 915 , 57531.5398921027 
 916 , 57530.8254415369 
 917 , 57528.7351660773 
 918 , 57527.4626872024 
 919 , 57530.1880965576 
 920 , 57536.6554754781 
 921 , 57541.2599289209 
 922 , 57539.6314425237 
 923 , 57535.2737741547 
 924 , 57533.7133308391 
 925 , 57536.0431865263 
 926 , 57539.6546749877 
 927 , 57542.2667772939 
 928 , 57542.615174258 
 929 , 57539.9080034045 
 930 , 57535.7175121264 
 931 , 57532.6273374341 
 932 , 57532.5681982471 
 933 , 57536.6849059605 
 934 , 57544.6674136019 
 935 , 57551.4246684628 
 936 , 57551.5012286767 
 937 , 57546.6468927743 
 938 , 57543.0598909588 
 939 , 57543.731372524 
 940 , 57546.1765109461 
 941 , 57547.8191243241 
 942 , 57548.1920568864 
 943 , 57547.4876683124 
 944 , 57546.1359726399 
 945 , 57544.7699399893 
 946 , 57544.0086289663 
 947 , 57544.4240726415 
 948 , 57546.3461900985 
 949 , 57548.4700479316 
 950 , 57548.8774919193 
 951 , 57547.9905804034 
 952 , 57548.8909459515 
 953 , 57552.7667385673 
 954 , 57554.4621059467 
 955 , 57548.5879224493 
 956 , 57539.4334505415 
 957 , 57536.5854757309 
 958 , 57542.3612787872 
 959 , 57548.3019859622 
 960 , 57548.0491311257 
 961 , 57547.4713815322 
 962 , 57554.6880805101 
 963 , 57565.6455859847 
 964 , 57567.6580414105 
 965 , 57557.5630881512 
 966 , 57550.2675785703 
 967 , 57558.440610548 
 968 , 57572.3846041077 
 969 , 57575.8092075909 
 970 , 57567.5506789315 
 971 , 57559.8184610025 
 972 , 57559.9078615776 
 973 , 57562.7389670064 
 974 , 57562.4206400079 
 975 , 57559.2205276961 
 976 , 57555.9181597136 
 977 , 57555.1068078347 
 978 , 57559.1711068534 
 979 , 57568.3358456092 
 980 , 57576.8470269401 
 981 , 57578.7537372898 
 982 , 57574.9067442766 
 983 , 57569.4361941799 
 984 , 57565.1718090815 
 985 , 57563.3033730947 
 986 , 57564.0293620618 
 987 , 57564.6372995626 
 988 , 57562.258753261 
 989 , 57558.2862008945 
 990 , 57556.4516123984 
 991 , 57557.8258322074 
 992 , 57559.6932088188 
 993 , 57559.8606730138 
 994 , 57559.1585063476 
 995 , 57559.0905190906 
 996 , 57560.7809244254 
 997 , 57565.0725138987 
 998 , 57570.2084990684 
 999 , 57570.3865958107 
 1000 , 57561.7817914237 
 1001 , 57550.2317467299 
 1002 , 57543.4077704757 
 1003 , 57540.5129545339 
 1004 , 57535.0340159598 
 1005 , 57525.4976632507 
 1006 , 57519.072551383 
 1007 , 57521.6999473676 
 1008 , 57530.1642754516 
 1009 , 57538.9866075658 
 1010 , 57546.6064519815 
 1011 , 57554.2860951998 
 1012 , 57563.1109420323 
 1013 , 57573.7461916638 
 1014 , 57585.8870558647 
 1015 , 57594.9228962979 
 1016 , 57595.5639175299 
 1017 , 57590.558095195 
 1018 , 57588.5414911834 
 1019 , 57592.7666217346 
 1020 , 57596.6202667286 
 1021 , 57594.4384426119 
 1022 , 57589.7875838894 
 1023 , 57588.5951201271 
 1024 , 57592.0218936979 
 1025 , 57597.7091653988 
 1026 , 57603.412426202 
 1027 , 57607.2345358166 
 1028 , 57608.0792765331 
 1029 , 57608.3531745202 
 1030 , 57611.1791444468 
 1031 , 57615.8375227671 
 1032 , 57618.8720108263 
 1033 , 57618.3089711114 
 1034 , 57614.7936859129 
 1035 , 57609.6389798035 
 1036 , 57605.9489023366 
 1037 , 57606.9118135226 
 1038 , 57610.7348435218 
 1039 , 57612.3180805149 
 1040 , 57610.7757581072 
 1041 , 57612.0094971444 
 1042 , 57619.8746211566 
 1043 , 57627.6940816646 
 1044 , 57627.1053701297 
 1045 , 57620.0531689436 
 1046 , 57614.7966269554 
 1047 , 57615.0415876345 
 1048 , 57617.7845025471 
 1049 , 57619.8376961038 
 1050 , 57619.2109268844 
 1051 , 57614.6007918179 
 1052 , 57608.7282247762 
 1053 , 57606.4743757648 
 1054 , 57610.1216841173 
 1055 , 57618.6007781913 
 1056 , 57629.0278833268 
 1057 , 57633.6446129802 
 1058 , 57625.4894904837 
 1059 , 57611.3699502617 
 1060 , 57604.3688006333 
 1061 , 57608.7509244931 
 1062 , 57619.0197175978 
 1063 , 57630.0879708656 
 1064 , 57639.2090903505 
 1065 , 57644.3003689603 
 1066 , 57645.1933404786 
 1067 , 57642.5755731945 
 1068 , 57638.9208724502 
 1069 , 57638.338964637 
 1070 , 57642.4731631712 
 1071 , 57647.6455598339 
 1072 , 57650.4553679685 
 1073 , 57652.4345252897 
 1074 , 57656.4906700808 
 1075 , 57662.323511178 
 1076 , 57667.2286937911 
 1077 , 57670.0467806744 
 1078 , 57672.3258401592 
 1079 , 57675.3800569423 
 1080 , 57678.5312572052 
 1081 , 57680.5992016447 
 1082 , 57680.3991897715 
 1083 , 57676.8190741852 
 1084 , 57671.7975946441 
 1085 , 57671.3097524201 
 1086 , 57678.5428132312 
 1087 , 57687.366808128 
 1088 , 57690.7334793571 
 1089 , 57687.9904961679 
 1090 , 57681.5718596113 
 1091 , 57677.7285106686 
 1092 , 57686.5274753259 
 1093 , 57709.1047248259 
 1094 , 57726.1278230381 
 1095 , 57720.8179418276 
 1096 , 57705.2154260695 
 1097 , 57699.8556325869 
 1098 , 57708.2053060941 
 1099 , 57720.8536395899 
 1100 , 57731.6214047466 
 1101 , 57740.1496408623 
 1102 , 57746.9871769801 
 1103 , 57754.070825375 
 1104 , 57763.2443747432 
 1105 , 57772.4236523222 
 1106 , 57777.510588729 
 1107 , 57778.4881345638 
 1108 , 57780.155660869 
 1109 , 57785.5886627778 
 1110 , 57792.7088250217 
 1111 , 57798.7665945152 
 1112 , 57801.9137600653 
 1113 , 57800.865586646 
 1114 , 57798.0548150058 
 1115 , 57798.9451250621 
 1116 , 57806.4834832591 
 1117 , 57819.056751217 
 1118 , 57834.0127513739 
 1119 , 57846.4092664284 
 1120 , 57851.3902792518 
 1121 , 57850.3690945319 
 1122 , 57848.148184385 
 1123 , 57846.133197833 
 1124 , 57841.6994722041 
 1125 , 57834.2952174 
 1126 , 57829.17192183 
 1127 , 57831.6223402844 
 1128 , 57841.9593938442 
 1129 , 57858.4116566951 
 1130 , 57874.7939289128 
 1131 , 57881.6420481093 
 1132 , 57878.1541935833 
 1133 , 57877.5653053079 
 1134 , 57889.3116689444 
 1135 , 57905.0734914828 
 1136 , 57914.004494205 
 1137 , 57916.421863696 
 1138 , 57917.926111522 
 1139 , 57919.9298056341 
 1140 , 57919.5783942825 
 1141 , 57917.5053093936 
 1142 , 57922.0851364406 
 1143 , 57939.0698224992 
 1144 , 57957.4233826333 
 1145 , 57962.7792755832 
 1146 , 57958.1444619002 
 1147 , 57957.1600008789 
 1148 , 57964.9066826234 
 1149 , 57975.3807242907 
 1150 , 57984.0138093829 
 1151 , 57991.9347371726 
 1152 , 58000.2766768684 
 1153 , 58004.7110411679 
 1154 , 57999.8476134387 
 1155 , 57993.8939827415 
 1156 , 58005.0522062319 
 1157 , 58034.0430074367 
 1158 , 58054.6392655886 
 1159 , 58048.6881593562 
 1160 , 58030.9079064086 
 1161 , 58020.6129053273 
 1162 , 58023.4885647462 
 1163 , 58038.8703472037 
 1164 , 58057.4401100627 
 1165 , 58062.510759333 
 1166 , 58050.9764532878 
 1167 , 58043.7389982905 
 1168 , 58056.2810944717 
 1169 , 58075.6595844013 
 1170 , 58084.5935818521 
 1171 , 58082.9031856566 
 1172 , 58078.6197805902 
 1173 , 58078.8815562039 
 1174 , 58089.8432463704 
 1175 , 58109.3016220601 
 1176 , 58119.3262279984 
 1177 , 58107.8390622231 
 1178 , 58092.7179098058 
 1179 , 58095.9845744906 
 1180 , 58111.5988145628 
 1181 , 58119.8063102837 
 1182 , 58116.8284303406 
 1183 , 58114.9979265251 
 1184 , 58120.4848192988 
 1185 , 58125.9901747119 
 1186 , 58124.9600298164 
 1187 , 58120.1876964366 
 1188 , 58116.5709579094 
 1189 , 58116.7235914339 
 1190 , 58121.8780921922 
 1191 , 58128.7459621401 
 1192 , 58129.551939432 
 1193 , 58121.2988532879 
 1194 , 58110.6177326195 
 1195 , 58103.7860419726 
 1196 , 58101.3557096591 
 1197 , 58102.2046433271 
 1198 , 58102.9786087151 
 1199 , 58099.4117284784 
 1200 , 58091.5917085002 
 1201 , 58083.7610418206 
 1202 , 58078.3519249133 
 1203 , 58074.200394659 
 1204 , 58067.7890048477 
 1205 , 58048.4447191378 
 1206 , 58007.3400184365 
 1207 , 57961.9229073215 
 1208 , 57939.9781465846 
 1209 , 57938.524454694 
 1210 , 57928.0708798054 
 1211 , 57901.3935936461 
 1212 , 57888.9883315835 
 1213 , 57902.6326147229 
 1214 , 57883.7391243349 
 1215 , 57777.7077784422 
 1216 , 57645.8027573856 
 1217 , 57589.0355267326 
 1218 , 57615.7783145378 
 1219 , 57664.6620182991 
 1220 , 57687.8574644423 
 1221 , 57658.8227185509 
 1222 , 57561.755582735 
 1223 , 57405.0331424433 
 1224 , 57213.4655095948 
 1225 , 57077.4967025563 
 1226 , 57094.5284972359 
 1227 , 57200.5971896248 
 1228 , 57235.1161874772 
 1229 , 57155.4518412733 
 1230 , 57054.8628335167 
 1231 , 56994.0596438471 
 1232 , 56949.9044222937 
 1233 , 56895.3529955799 
 1234 , 56830.4110535292 
 1235 , 56762.3426240173 
 1236 , 56701.6246268271 
 1237 , 56658.6085704211 
 1238 , 56611.7447180795 
 1239 , 56511.7840128756 
 1240 , 56355.8563151562 
 1241 , 56217.0022443985 
 1242 , 56144.3867011312 
 1243 , 56095.4670795184 
 1244 , 56023.776578504 
 1245 , 55959.0172129124 
 1246 , 55953.1547310313 
 1247 , 55996.0275464351 
 1248 , 56036.5610503204 
 1249 , 56031.8116795886 
 1250 , 55949.5033276457 
 1251 , 55795.7856123681 
 1252 , 55656.7551131652 
 1253 , 55602.1539847722 
 1254 , 55596.4459561812 
 1255 , 55582.9443905678 
 1256 , 55543.3610175096 
 1257 , 55478.0130728288 
 1258 , 55399.7129075946 
 1259 , 55331.2324090135 
 1260 , 55279.8248158918 
 1261 , 55229.8055741923 
 1262 , 55173.5330378563 
 1263 , 55128.9821486009 
 1264 , 55109.6811172487 
 1265 , 55087.4456368619 
 1266 , 55027.2073143449 
 1267 , 54949.0145768744 
 1268 , 54900.844150586 
 1269 , 54876.5437836334 
 1270 , 54818.1979044964 
 1271 , 54710.626398904 
 1272 , 54613.2848772267 
 1273 , 54570.113504003 
 1274 , 54557.9384255814 
 1275 , 54543.8760486846 
 1276 , 54509.9454960274 
 1277 , 54445.078423842 
 1278 , 54357.5968811847 
 1279 , 54267.5034677428 
 1280 , 54192.6565316137 
 1281 , 54148.3507590996 
 1282 , 54135.0726016278 
 1283 , 54127.2262206502 
 1284 , 54106.0312572885 
 1285 , 54082.4975857257 
 1286 , 54068.3277730405 
 1287 , 54045.8084635093 
 1288 , 53989.5173899174 
 1289 , 53904.2805217935 
 1290 , 53813.038123531 
 1291 , 53723.3930813077 
 1292 , 53626.7943679366 
 1293 , 53525.9018693933 
 1294 , 53444.4084637316 
 1295 , 53394.9059807655 
 1296 , 53349.5777634654 
 1297 , 53280.3106549156 
 1298 , 53199.4549477023 
 1299 , 53130.95090745 
 1300 , 53076.2884430215 
 1301 , 53024.1404731275 
 1302 , 52970.8888603194 
 1303 , 52920.499968497 
 1304 , 52870.5875366707 
 1305 , 52807.9996456705 
 1306 , 52726.3889073067 
 1307 , 52640.7613263834 
 1308 , 52566.1887826148 
 1309 , 52500.5756618262 
 1310 , 52436.6811895225 
 1311 , 52367.4267342637 
 1312 , 52286.3456795065 
 1313 , 52196.1702549034 
 1314 , 52107.373538124 
 1315 , 52027.5897730048 
 1316 , 51960.1758047077 
 1317 , 51905.31115162 
 1318 , 51856.6303181658 
 1319 , 51809.5669722633 
 1320 , 51770.1430074144 
 1321 , 51744.1436209295 
 1322 , 51718.0790323673 
 1323 , 51672.0776875104 
 1324 , 51607.4294757288 
 1325 , 51539.7092161792 
 1326 , 51477.4156639587 
 1327 , 51420.932374035 
 1328 , 51370.3519049299 
 1329 , 51325.9934155451 
 1330 , 51289.3702164525 
 1331 , 51265.4282824247 
 1332 , 51253.3383776503 
 1333 , 51220.4046241632 
 1334 , 51130.1793391996 
 1335 , 50999.5181590382 
 1336 , 50871.851499416 
 1337 , 50777.7255928809 
 1338 , 50736.0359593352 
 1339 , 50730.7466997832 
 1340 , 50701.2974249239 
 1341 , 50618.6714212791 
 1342 , 50524.9150719228 
 1343 , 50456.6759309137 
 1344 , 50402.8344924268 
 1345 , 50345.7859337601 
 1346 , 50288.1254896433 
 1347 , 50239.0080540324 
 1348 , 50202.5223325738 
 1349 , 50178.8011345011 
 1350 , 50147.6694574853 
 1351 , 50071.8164813161 
 1352 , 49946.8489240583 
 1353 , 49814.1985711368 
 1354 , 49705.6392526531 
 1355 , 49625.0887157703 
 1356 , 49569.1029433619 
 1357 , 49521.2374972666 
 1358 , 49461.7014082798 
 1359 , 49367.6621031088 
 1360 , 49220.7420564691 
 1361 , 49055.6654996289 
 1362 , 48933.664757951 
 1363 , 48861.2703100668 
 1364 , 48798.4192211721 
 1365 , 48727.8288420618 
 1366 , 48663.9454312011 
 1367 , 48616.0271734579 
 1368 , 48578.595690741 
 1369 , 48539.272789481 
 1370 , 48469.4350400769 
 1371 , 48350.2029219982 
 1372 , 48228.4156479623 
 1373 , 48162.6830149206 
 1374 , 48136.6467911548 
 1375 , 48100.5375616355 
 1376 , 48058.0861538235 
 1377 , 48051.4271210195 
 1378 , 48064.0264422696 
 1379 , 48012.7466496928 
 1380 , 47862.9974845021 
 1381 , 47668.4708381487 
 1382 , 47489.6008417138 
 1383 , 47382.1769309359 
 1384 , 47375.3307807125 
 1385 , 47393.4849329775 
 1386 , 47349.733126 
 1387 , 47253.5978689715 
 1388 , 47148.676143226 
 1389 , 47038.7934323525 
 1390 , 46905.8200105081 
 1391 , 46763.4042963548 
 1392 , 46652.5594324881 
 1393 , 46581.9629170272 
 1394 , 46517.4477925627 
 1395 , 46442.5063461718 
 1396 , 46379.793579446 
 1397 , 46340.938569305 
 1398 , 46293.1746028411 
 1399 , 46209.8936677999 
 1400 , 46126.6562893114 
 1401 , 46086.7984932971 
 1402 , 46069.6658373432 
 1403 , 46031.5753083997 
 1404 , 45969.6719348373 
 1405 , 45905.701453259 
 1406 , 45848.9686749894 
 1407 , 45797.5371420585 
 1408 , 45757.9968861853 
 1409 , 45748.1550152853 
 1410 , 45754.7694320219 
 1411 , 45705.2541757726 
 1412 , 45565.4490862544 
 1413 , 45424.6492212828 
 1414 , 45365.4860919285 
 1415 , 45356.6878214974 
 1416 , 45343.9285664489 
 1417 , 45311.6075487764 
 1418 , 45258.6221862704 
 1419 , 45180.656713065 
 1420 , 45073.012700773 
 1421 , 44953.3354139964 
 1422 , 44856.0413044775 
 1423 , 44787.5650997963 
 1424 , 44722.6543883783 
 1425 , 44650.7385472782 
 1426 , 44587.1728468164 
 1427 , 44541.9291335838 
 1428 , 44507.5891791717 
 1429 , 44473.3434038845 
 1430 , 44425.0980850561 
 1431 , 44352.0013345507 
 1432 , 44262.0507591439 
 1433 , 44168.5789451632 
 1434 , 44082.5617628717 
 1435 , 44012.3553659146 
 1436 , 43948.9881936784 
 1437 , 43874.0765229243 
 1438 , 43790.1571777893 
 1439 , 43717.1732890978 
 1440 , 43658.3578746825 
 1441 , 43596.8364070775 
 1442 , 43530.2020855558 
 1443 , 43481.4321787436 
 1444 , 43464.7839352997 
 1445 , 43469.4194587835 
 1446 , 43477.6454846586 
 1447 , 43460.8710241323 
 1448 , 43396.5567489258 
 1449 , 43299.9680974681 
 1450 , 43197.2924364661 
 1451 , 43115.2520152002 
 1452 , 43077.1172408337 
 1453 , 43070.6707295072 
 1454 , 43065.2027311736 
 1455 , 43050.6519649696 
 1456 , 43032.3185739857 
 1457 , 43001.4220089192 
 1458 , 42934.6917727506 
 1459 , 42829.8417807814 
 1460 , 42714.6772647072 
 1461 , 42608.1755815362 
 1462 , 42508.4445719466 
 1463 , 42414.4375997646 
 1464 , 42333.2648922639 
 1465 , 42266.9985787895 
 1466 , 42195.0786308057 
 1467 , 42098.3701220384 
 1468 , 41989.9084736207 
 1469 , 41888.6732931356 
 1470 , 41785.6646750841 
 1471 , 41663.0874290989 
 1472 , 41533.6898646968 
 1473 , 41426.6355079226 
 1474 , 41355.5447332113 
 1475 , 41321.4293401488 
 1476 , 41310.1886023496 
 1477 , 41293.1659605546 
 1478 , 41252.3744231128 
 1479 , 41184.8578880192 
 1480 , 41099.3985020764 
 1481 , 41023.3163156257 
 1482 , 40969.7176601434 
 1483 , 40914.7266889525 
 1484 , 40841.1652132612 
 1485 , 40768.4755482508 
 1486 , 40715.2201629659 
 1487 , 40667.0782187286 
 1488 , 40606.0141785519 
 1489 , 40541.0805763193 
 1490 , 40488.8591661174 
 1491 , 40451.3240144573 
 1492 , 40423.629246361 
 1493 , 40400.0726874821 
 1494 , 40374.2429563123 
 1495 , 40336.4507049568 
 1496 , 40275.0768657723 
 1497 , 40192.4316930573 
 1498 , 40104.6119552672 
 1499 , 40022.3107469276 
 1500 , 39948.5323188983 
 1501 , 39883.3994405426 
 1502 , 39823.1542094034 
 1503 , 39765.1020467625 
 1504 , 39709.527468168 
 1505 , 39656.5020997255 
 1506 , 39604.5030810228 
 1507 , 39551.4860689639 
 1508 , 39494.5103211505 
 1509 , 39431.7864280154 
 1510 , 39367.7442444387 
 1511 , 39306.818827649 
 1512 , 39242.6899439927 
 1513 , 39167.2001191882 
 1514 , 39089.392333583 
 1515 , 39024.0593879638 
 1516 , 38960.1359317083 
 1517 , 38873.1472948564 
 1518 , 38770.0881731795 
 1519 , 38680.9796604875 
 1520 , 38618.7312372587 
 1521 , 38579.410408148 
 1522 , 38551.3067504989 
 1523 , 38514.7364474688 
 1524 , 38466.2216702798 
 1525 , 38426.0919147698 
 1526 , 38393.3233116359 
 1527 , 38325.4473302793 
 1528 , 38207.2563724816 
 1529 , 38093.9222171485 
 1530 , 38024.8884973514 
 1531 , 37969.2111920765 
 1532 , 37902.8557974609 
 1533 , 37868.5932201491 
 1534 , 37900.8311664569 
 1535 , 37932.8522681721 
 1536 , 37889.4452677234 
 1537 , 37802.2040669327 
 1538 , 37732.4443801825 
 1539 , 37692.8761700242 
 1540 , 37673.2245578829 
 1541 , 37642.8497890625 
 1542 , 37564.6071144097 
 1543 , 37447.5465348971 
 1544 , 37329.7665056694 
 1545 , 37245.3641687702 
 1546 , 37222.6716423867 
 1547 , 37243.3140078744 
 1548 , 37247.5998256589 
 1549 , 37217.9725919687 
 1550 , 37184.532805652 
 1551 , 37158.1645601781 
 1552 , 37121.4327144296 
 1553 , 37071.4242767374 
 1554 , 37030.9975419319 
 1555 , 37008.8303977426 
 1556 , 36982.6977332688 
 1557 , 36938.8941722482 
 1558 , 36890.590986858 
 1559 , 36846.6580013949 
 1560 , 36794.4105551891 
 1561 , 36721.8467203022 
 1562 , 36630.8856796224 
 1563 , 36529.7891791569 
 1564 , 36440.5741217765 
 1565 , 36381.2566866056 
 1566 , 36335.3460135338 
 1567 , 36281.7310715856 
 1568 , 36230.1516350283 
 1569 , 36196.9508701565 
 1570 , 36170.3098526073 
 1571 , 36130.9462366216 
 1572 , 36093.5982691626 
 1573 , 36085.0940424788 
 1574 , 36088.3654086656 
 1575 , 36063.6438326778 
 1576 , 35998.461919761 
 1577 , 35900.3754128276 
 1578 , 35804.0856647723 
 1579 , 35761.2799630372 
 1580 , 35760.2801537231 
 1581 , 35735.5885823463 
 1582 , 35672.6558451207 
 1583 , 35609.2937744858 
 1584 , 35559.0807292802 
 1585 , 35505.4722731125 
 1586 , 35450.8763826066 
 1587 , 35424.3066573438 
 1588 , 35424.7212569889 
 1589 , 35403.5413468961 
 1590 , 35336.6837320922 
 1591 , 35248.6165131376 
 1592 , 35160.1387866043 
 1593 , 35075.6712524817 
 1594 , 35003.6416053342 
 1595 , 34965.4910172507 
 1596 , 34968.1254934014 
 1597 , 34977.4489249354 
 1598 , 34957.5050541228 
 1599 , 34885.20384546 
 1600 , 34759.1747000174 
 1601 , 34641.2458904457 
 1602 , 34583.3386235323 
 1603 , 34553.4816220887 
 1604 , 34514.1628036384 
 1605 , 34485.5612964323 
 1606 , 34490.226557255 
 1607 , 34490.8063825833 
 1608 , 34442.8867942558 
 1609 , 34358.3435798114 
 1610 , 34265.3108327188 
 1611 , 34177.7286635397 
 1612 , 34103.6823572156 
 1613 , 34047.2384421043 
 1614 , 34008.7925408901 
 1615 , 33973.5016051962 
 1616 , 33921.2074604539 
 1617 , 33845.5755958086 
 1618 , 33748.4356650061 
 1619 , 33642.9625755978 
 1620 , 33547.4587449114 
 1621 , 33468.3820671686 
 1622 , 33404.5553187629 
 1623 , 33349.5625929753 
 1624 , 33294.5932863458 
 1625 , 33244.1791180803 
 1626 , 33211.0547785284 
 1627 , 33186.8903010092 
 1628 , 33148.1748897425 
 1629 , 33093.7616142054 
 1630 , 33040.9464930036 
 1631 , 32994.7568341977 
 1632 , 32948.6362125383 
 1633 , 32896.1164710365 
 1634 , 32831.7562773273 
 1635 , 32763.3660328733 
 1636 , 32711.7153622459 
 1637 , 32676.6910611851 
 1638 , 32634.7373303274 
 1639 , 32574.0236426083 
 1640 , 32498.3207751884 
 1641 , 32422.8228020847 
 1642 , 32375.1779866543 
 1643 , 32352.1488483237 
 1644 , 32308.9941851884 
 1645 , 32230.791396851 
 1646 , 32148.3783684806 
 1647 , 32079.8839679652 
 1648 , 32019.5318604968 
 1649 , 31965.4617808673 
 1650 , 31924.8374860509 
 1651 , 31896.3411968349 
 1652 , 31863.5775988528 
 1653 , 31819.9243623664 
 1654 , 31777.8434239689 
 1655 , 31739.7605036029 
 1656 , 31686.8323709218 
 1657 , 31613.0099414018 
 1658 , 31540.2728491117 
 1659 , 31484.5277562848 
 1660 , 31443.8438967091 
 1661 , 31409.6603443828 
 1662 , 31364.2594978415 
 1663 , 31301.6457403528 
 1664 , 31242.5254649975 
 1665 , 31200.7626613536 
 1666 , 31168.3076326144 
 1667 , 31135.0639354333 
 1668 , 31092.7239166904 
 1669 , 31039.3598271589 
 1670 , 30986.9559449422 
 1671 , 30939.8518862267 
 1672 , 30880.2025678274 
 1673 , 30801.0491995304 
 1674 , 30728.6570441813 
 1675 , 30677.7192886203 
 1676 , 30623.4179008648 
 1677 , 30549.2729441947 
 1678 , 30473.5130763622 
 1679 , 30414.079178727 
 1680 , 30375.257827203 
 1681 , 30351.895505299 
 1682 , 30320.4567427792 
 1683 , 30266.4202212926 
 1684 , 30205.0501934417 
 1685 , 30152.4879755561 
 1686 , 30115.416891369 
 1687 , 30085.8750696055 
 1688 , 30022.6863721288 
 1689 , 29908.624573018 
 1690 , 29799.7761904926 
 1691 , 29737.4269880665 
 1692 , 29697.2874236877 
 1693 , 29661.2619069454 
 1694 , 29651.7332774938 
 1695 , 29668.6354401188 
 1696 , 29641.5720912073 
 1697 , 29537.0718711641 
 1698 , 29436.9651875565 
 1699 , 29396.8918174776 
 1700 , 29369.0438315208 
 1701 , 29315.4749836841 
 1702 , 29256.723065045 
 1703 , 29210.3575999748 
 1704 , 29167.9867924257 
 1705 , 29122.4035329023 
 1706 , 29077.1568938343 
 1707 , 29037.3909093565 
 1708 , 29008.5028877024 
 1709 , 28988.8400588721 
 1710 , 28961.8196936361 
 1711 , 28915.3137016907 
 1712 , 28850.2222498929 
 1713 , 28773.1064861941 
 1714 , 28698.5230075484 
 1715 , 28636.8872702713 
 1716 , 28588.9579422651 
 1717 , 28555.4129116247 
 1718 , 28538.6548011786 
 1719 , 28532.2819941357 
 1720 , 28514.3319983578 
 1721 , 28475.9025731934 
 1722 , 28432.4952475831 
 1723 , 28393.8963694001 
 1724 , 28357.0112105264 
 1725 , 28316.2583573783 
 1726 , 28264.1467327224 
 1727 , 28198.9554994861 
 1728 , 28127.5611202394 
 1729 , 28058.8501148631 
 1730 , 28003.315024163 
 1731 , 27962.8278430362 
 1732 , 27927.9744995437 
 1733 , 27888.8650522558 
 1734 , 27836.4059515 
 1735 , 27775.3623002911 
 1736 , 27725.689459836 
 1737 , 27691.5380873564 
 1738 , 27659.58075845 
 1739 , 27625.0160868212 
 1740 , 27592.1582446194 
 1741 , 27559.0533377165 
 1742 , 27517.7130021591 
 1743 , 27464.0018546722 
 1744 , 27397.6858925993 
 1745 , 27323.997393751 
 1746 , 27252.38205697 
 1747 , 27190.7574705955 
 1748 , 27145.092953863 
 1749 , 27112.2411320411 
 1750 , 27082.9963965467 
 1751 , 27050.6023665382 
 1752 , 27010.5501226959 
 1753 , 26964.5575743403 
 1754 , 26917.7925948145 
 1755 , 26873.9573661272 
 1756 , 26835.0044190734 
 1757 , 26795.2280861633 
 1758 , 26748.114530667 
 1759 , 26708.091286031 
 1760 , 26693.4808685786 
 1761 , 26688.3700378664 
 1762 , 26666.8292898738 
 1763 , 26623.4370779338 
 1764 , 26561.1992905647 
 1765 , 26488.7946853662 
 1766 , 26418.9271641266 
 1767 , 26374.384886459 
 1768 , 26369.8173340735 
 1769 , 26375.5855857832 
 1770 , 26357.6207211402 
 1771 , 26305.7677103508 
 1772 , 26230.2492670589 
 1773 , 26188.5638174123 
 1774 , 26210.4332778931 
 1775 , 26223.0203271805 
 1776 , 26173.4165715663 
 1777 , 26100.405727747 
 1778 , 26043.494259353 
 1779 , 26014.0186727992 
 1780 , 26004.7617772993 
 1781 , 25980.5324064312 
 1782 , 25925.3482012749 
 1783 , 25860.4214519779 
 1784 , 25803.3587844147 
 1785 , 25761.0775681529 
 1786 , 25732.5079841005 
 1787 , 25707.4434367523 
 1788 , 25677.745006319 
 1789 , 25638.9154097209 
 1790 , 25600.3807435837 
 1791 , 25584.0148921142 
 1792 , 25590.4871960859 
 1793 , 25601.1937761685 
 1794 , 25591.4096457111 
 1795 , 25536.4175110049 
 1796 , 25460.750042103 
 1797 , 25415.6427745687 
 1798 , 25397.8247311475 
 1799 , 25376.9516454382 
 1800 , 25355.4267865259 
 1801 , 25347.4754291533 
 1802 , 25338.6050739572 
 1803 , 25307.229610572 
 1804 , 25259.2217423203 
 1805 , 25207.3370097052 
 1806 , 25151.1561209552 
 1807 , 25089.1214088676 
 1808 , 25030.6313418613 
 1809 , 24984.6621799791 
 1810 , 24949.8060741116 
 1811 , 24923.1397021376 
 1812 , 24903.4766429986 
 1813 , 24888.2743837654 
 1814 , 24871.219043602 
 1815 , 24852.5584089814 
 1816 , 24846.085113957 
 1817 , 24850.5925760821 
 1818 , 24838.3474536551 
 1819 , 24801.6034664586 
 1820 , 24763.041876281 
 1821 , 24735.98236189 
 1822 , 24719.999330049 
 1823 , 24705.518260658 
 1824 , 24675.691574396 
 1825 , 24627.2428980858 
 1826 , 24568.4497683941 
 1827 , 24511.5835647189 
 1828 , 24469.8757841463 
 1829 , 24441.9783800406 
 1830 , 24418.3418975063 
 1831 , 24389.1651769289 
 1832 , 24346.4570514349 
 1833 , 24293.6664052592 
 1834 , 24239.3124046779 
 1835 , 24195.6953971598 
 1836 , 24170.4802745819 
 1837 , 24148.8304329058 
 1838 , 24118.3446859589 
 1839 , 24091.2643512354 
 1840 , 24076.9512154384 
 1841 , 24065.5757349383 
 1842 , 24045.806216304 
 1843 , 24009.4269945775 
 1844 , 23961.2233229293 
 1845 , 23926.1181409512 
 1846 , 23909.0563204165 
 1847 , 23886.719031588 
 1848 , 23854.2753661925 
 1849 , 23828.319250462 
 1850 , 23814.6423922395 
 1851 , 23807.868529002 
 1852 , 23792.042104487 
 1853 , 23747.7494157851 
 1854 , 23692.185439443 
 1855 , 23656.9174090299 
 1856 , 23626.0505719978 
 1857 , 23571.7917798587 
 1858 , 23520.7346106382 
 1859 , 23505.8330751671 
 1860 , 23503.1807954985 
 1861 , 23481.2593479931 
 1862 , 23435.9278850486 
 1863 , 23377.0362128954 
 1864 , 23335.8437749606 
 1865 , 23323.9081819182 
 1866 , 23305.3809126593 
 1867 , 23263.2693359907 
 1868 , 23220.0369328787 
 1869 , 23183.0063454512 
 1870 , 23136.3378275977 
 1871 , 23079.6386335445 
 1872 , 23029.0978038405 
 1873 , 22994.2059106543 
 1874 , 22977.3620050218 
 1875 , 22967.5216820733 
 1876 , 22947.8377662984 
 1877 , 22920.4971551468 
 1878 , 22895.6643490391 
 1879 , 22876.534040878 
 1880 , 22861.282478219 
 1881 , 22837.2671405012 
 1882 , 22797.9885014506 
 1883 , 22767.1676483526 
 1884 , 22758.4650286752 
 1885 , 22744.9816555336 
 1886 , 22713.514911139 
 1887 , 22688.2401157392 
 1888 , 22674.3536517685 
 1889 , 22644.1983034564 
 1890 , 22591.139081077 
 1891 , 22534.1267629024 
 1892 , 22478.9019544049 
 1893 , 22419.8223906107 
 1894 , 22364.2071387081 
 1895 , 22325.2493125387 
 1896 , 22292.3992473429 
 1897 , 22248.5646733028 
 1898 , 22208.1381083213 
 1899 , 22188.8694180341 
 1900 , 22172.5052681179 
 1901 , 22140.3408356118 
 1902 , 22103.1282004555 
 1903 , 22071.4029113083 
 1904 , 22041.6987772604 
 1905 , 22010.5969946293 
 1906 , 21978.271453041 
 1907 , 21948.1323464855 
 1908 , 21926.3903182169 
 1909 , 21899.0774097676 
 1910 , 21836.3653874849 
 1911 , 21762.470147175 
 1912 , 21733.2714617977 
 1913 , 21729.5066011789 
 1914 , 21702.8744604144 
 1915 , 21681.5737752988 
 1916 , 21704.7835737577 
 1917 , 21724.0164776992 
 1918 , 21688.2898451525 
 1919 , 21618.6425040178 
 1920 , 21545.2944233782 
 1921 , 21486.1069632824 
 1922 , 21449.2035678355 
 1923 , 21429.1176660559 
 1924 , 21414.3999427582 
 1925 , 21388.5861534995 
 1926 , 21349.6702674905 
 1927 , 21308.6934683782 
 1928 , 21272.857965822 
 1929 , 21245.5223552558 
 1930 , 21222.1660350336 
 1931 , 21196.3154678768 
 1932 , 21171.2400510663 
 1933 , 21148.2718784215 
 1934 , 21108.944062463 
 1935 , 21051.9549654928 
 1936 , 21033.1208727996 
 1937 , 21067.6795467765 
 1938 , 21079.0811351889 
 1939 , 21038.6714092534 
 1940 , 20994.1485719681 
 1941 , 20970.2902003511 
 1942 , 20963.951979942 
 1943 , 20962.9916630474 
 1944 , 20951.5723702084 
 1945 , 20928.234419378 
 1946 , 20897.7158528871 
 1947 , 20859.8084945057 
 1948 , 20813.7656255723 
 1949 , 20763.1729695349 
 1950 , 20713.1579706219 
 1951 , 20670.1323382864 
 1952 , 20634.184363524 
 1953 , 20594.3120669232 
 1954 , 20554.2483775603 
 1955 , 20535.6956140661 
 1956 , 20527.9734192463 
 1957 , 20494.9899497899 
 1958 , 20445.335584221 
 1959 , 20411.0932548487 
 1960 , 20391.4900205576 
 1961 , 20373.8940130979 
 1962 , 20356.5018522567 
 1963 , 20339.6629256111 
 1964 , 20320.7151675686 
 1965 , 20298.7593688535 
 1966 , 20277.7529017957 
 1967 , 20261.8687528407 
 1968 , 20254.3065591124 
 1969 , 20248.7798938794 
 1970 , 20230.2018378458 
 1971 , 20190.3963999439 
 1972 , 20129.5717131612 
 1973 , 20074.1858394396 
 1974 , 20054.8638451108 
 1975 , 20061.6570210914 
 1976 , 20068.6321381698 
 1977 , 20039.2836501531 
 1978 , 19962.2072526549 
 1979 , 19884.4681020176 
 1980 , 19833.7323756301 
 1981 , 19798.1825590939 
 1982 , 19764.9884009097 
 1983 , 19725.2073320774 
 1984 , 19692.0851542199 
 1985 , 19688.6115592152 
 1986 , 19698.4153679493 
 1987 , 19691.0223985462 
 1988 , 19654.6456738088 
 1989 , 19594.7288890188 
 1990 , 19552.0041556773 
 1991 , 19543.4945288242 
 1992 , 19526.664086898 
 1993 , 19492.9870386837 
 1994 , 19485.9206888899 
 1995 , 19503.0417403086 
 1996 , 19501.9710348048 
 1997 , 19484.0638567592 
 1998 , 19472.8391410371 
 1999 , 19461.759742224 
 2000 , 19438.0991361902 
 2001 , 19411.3961990463 
 2002 , 19392.1152493626 
 2003 , 19379.1844595677 
 2004 , 19364.4583852452 
 2005 , 19331.8815760214 
 2006 , 19283.4768965358 
 2007 , 19240.4362886158 
 2008 , 19210.514763027 
 2009 , 19190.1084751698 
 2010 , 19166.8767256409 
 2011 , 19129.4600958937 
 2012 , 19089.3362356488 
 2013 , 19060.7747410456 
 2014 , 19046.8515314852 
 2015 , 19041.3300305072 
 2016 , 19025.0499200576 
 2017 , 18992.455684372 
 2018 , 18955.6848674933 
 2019 , 18925.5438475116 
 2020 , 18909.3869036336 
 2021 , 18900.99175113 
 2022 , 18886.5338143594 
 2023 , 18847.8553487159 
 2024 , 18780.9448367517 
 2025 , 18728.4369072643 
 2026 , 18711.7247759714 
 2027 , 18696.1309231711 
 2028 , 18666.2973847524 
 2029 , 18637.0465142155 
 2030 , 18613.6573559856 
 2031 , 18592.9656348867 
 2032 , 18574.8524050536 
 2033 , 18559.2593473094 
 2034 , 18538.641006589 
 2035 , 18506.9769717461 
 2036 , 18469.2433180791 
 2037 , 18433.5884847869 
 2038 , 18410.0309013705 
 2039 , 18401.282413894 
 2040 , 18400.6544224611 
 2041 , 18388.7584026442 
 2042 , 18342.9451002479 
 2043 , 18280.5679443484 
 2044 , 18230.5706598245 
 2045 , 18195.2720229089 
 2046 , 18168.5881036316 
 2047 , 18141.3140120117 
 2048 , 18112.6492708711 
 2049 , 18094.734019567 
 2050 , 18081.9408906011 
 2051 , 18052.8007396235 
 2052 , 18012.0050675628 
 2053 , 17978.4338103251 
 2054 , 17959.0341966145 
 2055 , 17951.446943334 
 2056 , 17936.7869037019 
 2057 , 17905.0949322352 
 2058 , 17871.4094885939 
 2059 , 17845.6838103134 
 2060 , 17827.1700588054 
 2061 , 17805.1739350546 
 2062 , 17765.6498235658 
 2063 , 17723.5924878649 
 2064 , 17699.6802518369 
 2065 , 17680.3091946021 
 2066 , 17654.5125325565 
 2067 , 17640.8678797676 
 2068 , 17636.0722672384 
 2069 , 17599.9289503677 
 2070 , 17544.2425854442 
 2071 , 17523.7873624046 
 2072 , 17523.5201395217 
 2073 , 17499.5385761603 
 2074 , 17463.5477878948 
 2075 , 17435.1979775445 
 2076 , 17404.4428916529 
 2077 , 17364.7145165884 
 2078 , 17324.5349677241 
 2079 , 17289.8772911947 
 2080 , 17261.455860572 
 2081 , 17227.7627912979 
 2082 , 17175.9144364437 
 2083 , 17128.0870851247 
 2084 , 17106.8833146682 
 2085 , 17095.5983100797 
 2086 , 17078.5778780633 
 2087 , 17056.850039401 
 2088 , 17036.3380706996 
 2089 , 17024.4018703747 
 2090 , 17005.5084649678 
 2091 , 16956.6950553739 
 2092 , 16900.7356256931 
 2093 , 16866.4044593482 
 2094 , 16845.1241644658 
 2095 , 16826.3412815039 
 2096 , 16810.3101352656 
 2097 , 16796.9750897305 
 2098 , 16784.5615968936 
 2099 , 16770.4601325623 
 2100 , 16754.43885555 
 2101 , 16753.2509632758 
 2102 , 16773.838276583 
 2103 , 16771.9223395247 
 2104 , 16725.7006671048 
 2105 , 16671.2878921018 
 2106 , 16625.3318824931 
 2107 , 16578.1677301961 
 2108 , 16522.9067134865 
 2109 , 16460.3509671006 
 2110 , 16419.8946468362 
 2111 , 16423.3683422768 
 2112 , 16442.5486255098 
 2113 , 16446.8625382135 
 2114 , 16418.0403147127 
 2115 , 16366.8874546085 
 2116 , 16326.9486821633 
 2117 , 16301.1844943972 
 2118 , 16275.5093916941 
 2119 , 16234.7822844494 
 2120 , 16181.2389966474 
 2121 , 16159.9200218307 
 2122 , 16174.418712915 
 2123 , 16165.3369390771 
 2124 , 16126.6230594074 
 2125 , 16095.0057093864 
 2126 , 16084.6941154085 
 2127 , 16088.8745630112 
 2128 , 16061.5218972729 
 2129 , 15988.8333897396 
 2130 , 15938.1276891466 
 2131 , 15928.6608912125 
 2132 , 15917.9643035981 
 2133 , 15896.915045793 
 2134 , 15876.3353465761 
 2135 , 15849.5212164695 
 2136 , 15811.5811725923 
 2137 , 15779.8959267338 
 2138 , 15760.7330581936 
 2139 , 15737.9783690073 
 2140 , 15707.77248442 
 2141 , 15676.7638281787 
 2142 , 15638.7344179758 
 2143 , 15589.9146621204 
 2144 , 15560.5199168426 
 2145 , 15562.7262826526 
 2146 , 15555.8507771516 
 2147 , 15530.0521235248 
 2148 , 15513.6200935881 
 2149 , 15494.4888270984 
 2150 , 15444.2018861277 
 2151 , 15385.9312448654 
 2152 , 15346.5721065399 
 2153 , 15317.8375120734 
 2154 , 15290.9523539711 
 2155 , 15265.1633639417 
 2156 , 15247.8343960703 
 2157 , 15248.8267175013 
 2158 , 15255.4913063601 
 2159 , 15251.1071580838 
 2160 , 15236.7138766413 
 2161 , 15218.2406172675 
 2162 , 15203.013754583 
 2163 , 15185.5042885766 
 2164 , 15151.0248541179 
 2165 , 15110.1896730919 
 2166 , 15080.8181875977 
 2167 , 15057.6107394884 
 2168 , 15029.9026777338 
 2169 , 14988.6287053951 
 2170 , 14938.5869807119 
 2171 , 14898.1661765581 
 2172 , 14872.7141438423 
 2173 , 14858.7837806906 
 2174 , 14849.2033350925 
 2175 , 14836.3445995784 
 2176 , 14814.2703967313 
 2177 , 14785.586604433 
 2178 , 14762.4638323568 
 2179 , 14750.2390803065 
 2180 , 14748.8354921609 
 2181 , 14755.0727754025 
 2182 , 14761.2706993143 
 2183 , 14750.9918784986 
 2184 , 14718.2718119094 
 2185 , 14673.239489441 
 2186 , 14630.7303562984 
 2187 , 14603.1298637404 
 2188 , 14574.3796409086 
 2189 , 14531.293795211 
 2190 , 14495.9311639911 
 2191 , 14477.098725203 
 2192 , 14457.9968523394 
 2193 , 14436.973959517 
 2194 , 14421.3055107827 
 2195 , 14397.7435727775 
 2196 , 14357.4533543023 
 2197 , 14324.9393220688 
 2198 , 14311.3640144847 
 2199 , 14301.6499159029 
 2200 , 14289.0881511012 
 2201 , 14274.1599397384 
 2202 , 14255.335710623 
 2203 , 14233.6033600272 
 2204 , 14218.8021342806 
 2205 , 14210.4026844066 
 2206 , 14192.6988335033 
 2207 , 14164.1047062162 
 2208 , 14131.7023940248 
 2209 , 14091.102388337 
 2210 , 14042.1573522879 
 2211 , 14005.8938027685 
 2212 , 13989.4769889418 
 2213 , 13977.868480867 
 2214 , 13956.5539165114 
 2215 , 13914.1603336945 
 2216 , 13848.7273265391 
 2217 , 13779.9255938559 
 2218 , 13769.1240835079 
 2219 , 13804.3384459915 
 2220 , 13791.0462192523 
 2221 , 13743.7163055044 
 2222 , 13723.1707122241 
 2223 , 13696.5934427171 
 2224 , 13641.5208786122 
 2225 , 13610.4550191585 
 2226 , 13619.0592409344 
 2227 , 13635.7788489255 
 2228 , 13632.6205673416 
 2229 , 13594.2284513127 
 2230 , 13541.8961093124 
 2231 , 13496.0388381909 
 2232 , 13459.9182115154 
 2233 , 13431.276231874 
 2234 , 13404.2603433955 
 2235 , 13370.9452843777 
 2236 , 13327.0091233761 
 2237 , 13281.8142831168 
 2238 , 13247.8183832722 
 2239 , 13236.2592755507 
 2240 , 13232.8339276057 
 2241 , 13212.141210577 
 2242 , 13187.7024163894 
 2243 , 13173.6121849256 
 2244 , 13153.4638589507 
 2245 , 13118.5293610409 
 2246 , 13075.1811257303 
 2247 , 13038.9016481699 
 2248 , 13022.2226670888 
 2249 , 13006.4419260773 
 2250 , 12976.4655283036 
 2251 , 12939.1002798625 
 2252 , 12907.4813878099 
 2253 , 12894.7550390802 
 2254 , 12889.5593282539 
 2255 , 12877.9187038471 
 2256 , 12869.0119740729 
 2257 , 12860.0178914846 
 2258 , 12827.9510384 
 2259 , 12779.4194831131 
 2260 , 12738.8910163599 
 2261 , 12716.6937566465 
 2262 , 12709.5821095274 
 2263 , 12695.5963138014 
 2264 , 12670.8897879212 
 2265 , 12649.5834222558 
 2266 , 12624.6395497357 
 2267 , 12585.6821990109 
 2268 , 12545.6969057416 
 2269 , 12515.5094714735 
 2270 , 12495.1446034331 
 2271 , 12479.4800565423 
 2272 , 12462.8553909317 
 2273 , 12452.2008086735 
 2274 , 12443.6260099908 
 2275 , 12402.3769111095 
 2276 , 12332.6744558365 
 2277 , 12278.4389298022 
 2278 , 12250.8159517584 
 2279 , 12243.4981835268 
 2280 , 12246.5907455717 
 2281 , 12243.329702795 
 2282 , 12211.2581895097 
 2283 , 12167.0076151665 
 2284 , 12144.42524465 
 2285 , 12132.5926080306 
 2286 , 12113.8479178301 
 2287 , 12084.5543756018 
 2288 , 12052.1814573095 
 2289 , 12030.1971807823 
 2290 , 12013.1544903336 
 2291 , 11989.2907719725 
 2292 , 11952.2921283316 
 2293 , 11912.1275179994 
 2294 , 11894.5720044109 
 2295 , 11891.2967175417 
 2296 , 11879.5893910029 
 2297 , 11859.7679246607 
 2298 , 11833.5355821462 
 2299 , 11795.8426769647 
 2300 , 11748.4219457863 
 2301 , 11699.3794307515 
 2302 , 11660.5272691689 
 2303 , 11638.3899449596 
 2304 , 11625.3613991546 
 2305 , 11616.3453308463 
 2306 , 11609.8445900453 
 2307 , 11598.9742978449 
 2308 , 11577.4188938317 
 2309 , 11547.5746690229 
 2310 , 11513.479833602 
 2311 , 11479.7732257107 
 2312 , 11455.9823191937 
 2313 , 11446.9112439711 
 2314 , 11429.9063607187 
 2315 , 11397.8573607723 
 2316 , 11375.7636425736 
 2317 , 11360.4856735546 
 2318 , 11333.1603188897 
 2319 , 11303.0937754365 
 2320 , 11282.2659028577 
 2321 , 11270.3492254468 
 2322 , 11245.963950952 
 2323 , 11183.8921241226 
 2324 , 11134.760812129 
 2325 , 11136.8090052084 
 2326 , 11135.8777417768 
 2327 , 11110.3675241501 
 2328 , 11082.8438333183 
 2329 , 11059.7265778293 
 2330 , 11037.1099537784 
 2331 , 11005.0675250915 
 2332 , 10968.8683900783 
 2333 , 10949.2901256125 
 2334 , 10934.6259786546 
 2335 , 10903.9295596892 
 2336 , 10862.8431972826 
 2337 , 10826.9148169768 
 2338 , 10814.5210135675 
 2339 , 10811.1625479643 
