11-20-2017,18:31:57
Wavenumber(cm-1),Intensity
 250 , 51161.5434429695 
 251 , 51244.2799154783 
 252 , 51305.681765879 
 253 , 51337.8490030658 
 254 , 51349.7582545287 
 255 , 51351.8512334893 
 256 , 51354.2909306515 
 257 , 51367.0330234757 
 258 , 51397.4328522923 
 259 , 51438.8205918136 
 260 , 51479.8395427323 
 261 , 51516.2696380013 
 262 , 51560.3265431848 
 263 , 51625.9287234085 
 264 , 51711.6804497268 
 265 , 51800.0017946363 
 266 , 51874.9021285113 
 267 , 51939.6512907032 
 268 , 52006.9010081711 
 269 , 52085.3135532923 
 270 , 52170.110563241 
 271 , 52253.8034995862 
 272 , 52332.6154138371 
 273 , 52408.1762994607 
 274 , 52482.5936029036 
 275 , 52558.595123486 
 276 , 52639.3249530531 
 277 , 52727.2198914002 
 278 , 52821.3782789929 
 279 , 52919.8960416158 
 280 , 53017.2569251393 
 281 , 53100.8607929196 
 282 , 53158.2255283191 
 283 , 53194.4984878403 
 284 , 53230.4729017662 
 285 , 53284.1948797757 
 286 , 53352.7106869153 
 287 , 53424.8182122618 
 288 , 53492.245085958 
 289 , 53554.3387905518 
 290 , 53611.639053778 
 291 , 53664.0475874055 
 292 , 53710.7420685923 
 293 , 53751.047032571 
 294 , 53785.8729559837 
 295 , 53816.9333965335 
 296 , 53846.9086564343 
 297 , 53881.6704726888 
 298 , 53927.624912237 
 299 , 53985.1831682044 
 300 , 54046.3129033794 
 301 , 54102.823486648 
 302 , 54151.8504188501 
 303 , 54193.8632761575 
 304 , 54229.8609962585 
 305 , 54262.826250222 
 306 , 54296.2808335387 
 307 , 54335.6800724697 
 308 , 54389.7645556935 
 309 , 54466.8067798084 
 310 , 54563.8278593707 
 311 , 54669.4503860209 
 312 , 54773.1652777149 
 313 , 54869.8160783587 
 314 , 54955.9248960576 
 315 , 55029.0536599711 
 316 , 55088.8342409037 
 317 , 55135.5153552273 
 318 , 55175.9660860823 
 319 , 55222.7544590859 
 320 , 55285.9576391706 
 321 , 55360.0338355744 
 322 , 55433.8181146472 
 323 , 55501.9812968231 
 324 , 55572.4350379346 
 325 , 55654.4663185817 
 326 , 55747.7464708556 
 327 , 55842.7007480366 
 328 , 55930.2875588759 
 329 , 56007.4307035614 
 330 , 56073.4642762972 
 331 , 56128.1827885105 
 332 , 56172.5140382131 
 333 , 56207.6456749709 
 334 , 56236.8897205598 
 335 , 56265.7698621796 
 336 , 56298.6539426029 
 337 , 56330.9084044505 
 338 , 56353.9894431195 
 339 , 56363.9090674189 
 340 , 56368.8611908371 
 341 , 56378.7464310626 
 342 , 56395.322381909 
 343 , 56411.4482288701 
 344 , 56420.8750044462 
 345 , 56427.4175022732 
 346 , 56439.4496225095 
 347 , 56461.9239146419 
 348 , 56490.3301276591 
 349 , 56518.6743291898 
 350 , 56544.5352483547 
 351 , 56569.464350064 
 352 , 56595.4818587638 
 353 , 56626.5817735988 
 354 , 56667.6545899368 
 355 , 56719.8887423401 
 356 , 56774.3246768376 
 357 , 56820.6006756745 
 358 , 56857.0716477165 
 359 , 56891.654617622 
 360 , 56932.4848591943 
 361 , 56985.7152206105 
 362 , 57056.6027288934 
 363 , 57143.6891350363 
 364 , 57227.8238057513 
 365 , 57287.6725974189 
 366 , 57319.4295304852 
 367 , 57337.6800297039 
 368 , 57356.4730076191 
 369 , 57380.1999227239 
 370 , 57409.1938739827 
 371 , 57442.4163913251 
 372 , 57475.496416541 
 373 , 57503.9320201358 
 374 , 57531.3533441378 
 375 , 57569.3036959537 
 376 , 57626.7146992143 
 377 , 57694.3184039525 
 378 , 57755.9174524041 
 379 , 57801.0538295887 
 380 , 57832.0001418017 
 381 , 57852.7451406368 
 382 , 57867.4583972397 
 383 , 57880.4676908737 
 384 , 57895.2633582872 
 385 , 57910.7870236172 
 386 , 57924.4626943426 
 387 , 57934.9178226417 
 388 , 57943.1094648937 
 389 , 57950.3191968483 
 390 , 57958.6873360135 
 391 , 57971.0088742488 
 392 , 57988.7765031977 
 393 , 58007.4833492042 
 394 , 58020.9590754307 
 395 , 58025.9723101938 
 396 , 58024.1162610608 
 397 , 58017.6207658795 
 398 , 58010.8963875099 
 399 , 58009.7555721333 
 400 , 58017.7730718248 
 401 , 58030.1430304173 
 402 , 58040.1848448672 
 403 , 58044.0723281339 
 404 , 58041.8460873518 
 405 , 58034.07937907 
 406 , 58023.6323763864 
 407 , 58014.5609220912 
 408 , 58009.6673938953 
 409 , 58008.0573517469 
 410 , 58008.1557501324 
 411 , 58008.1645310303 
 412 , 58006.0432131352 
 413 , 58000.1306151804 
 414 , 57991.3796317925 
 415 , 57981.8126713482 
 416 , 57973.2114956705 
 417 , 57966.8094142956 
 418 , 57963.6688293457 
 419 , 57963.1865762572 
 420 , 57963.3492074722 
 421 , 57962.324592661 
 422 , 57959.3905290545 
 423 , 57954.1737352029 
 424 , 57946.9553978743 
 425 , 57939.1238856752 
 426 , 57932.0496469266 
 427 , 57925.6742651625 
 428 , 57919.0284218555 
 429 , 57911.5259500597 
 430 , 57903.980384589 
 431 , 57897.4879020419 
 432 , 57892.257970457 
 433 , 57887.3953853842 
 434 , 57882.2132536869 
 435 , 57878.141470635 
 436 , 57877.5786995562 
 437 , 57880.8146190434 
 438 , 57882.9453506943 
 439 , 57878.5848198072 
 440 , 57868.0501570589 
 441 , 57856.7579486841 
 442 , 57849.3953446745 
 443 , 57846.038452116 
 444 , 57845.2968104317 
 445 , 57845.1542103849 
 446 , 57842.5366358563 
 447 , 57834.6617431847 
 448 , 57823.0879807516 
 449 , 57812.0649026735 
 450 , 57804.6326222497 
 451 , 57799.698486169 
 452 , 57795.3644906102 
 453 , 57791.1629977245 
 454 , 57788.2685500149 
 455 , 57787.4185932253 
 456 , 57785.8270230343 
 457 , 57779.2821457972 
 458 , 57766.623284287 
 459 , 57753.1746259948 
 460 , 57744.7257509637 
 461 , 57741.7483628407 
 462 , 57740.6762651302 
 463 , 57738.5312625107 
 464 , 57735.1413150953 
 465 , 57731.0537863729 
 466 , 57727.0211776728 
 467 , 57724.0741202107 
 468 , 57723.0931603343 
 469 , 57723.597220918 
 470 , 57724.4499754636 
 471 , 57724.2213174674 
 472 , 57720.772840724 
 473 , 57712.0508600374 
 474 , 57699.3482616376 
 475 , 57686.809518758 
 476 , 57677.9558409916 
 477 , 57673.0506208062 
 478 , 57671.425020682 
 479 , 57672.1916060143 
 480 , 57674.1413148337 
 481 , 57676.049724219 
 482 , 57676.7827970538 
 483 , 57675.2551064025 
 484 , 57671.3419909466 
 485 , 57667.3918582827 
 486 , 57665.9634498303 
 487 , 57666.259523928 
 488 , 57664.5350091319 
 489 , 57658.1153662087 
 490 , 57649.7482659126 
 491 , 57643.6939212024 
 492 , 57641.3020207537 
 493 , 57639.6529885364 
 494 , 57635.8755916087 
 495 , 57630.3906290533 
 496 , 57625.274147716 
 497 , 57621.8772734818 
 498 , 57619.7273256881 
 499 , 57618.0655666329 
 500 , 57615.98041646 
 501 , 57612.4330945074 
 502 , 57607.0790615704 
 503 , 57602.5543005759 
 504 , 57602.2073610081 
 505 , 57605.9220881853 
 506 , 57608.9315389747 
 507 , 57606.9262310849 
 508 , 57601.4250173041 
 509 , 57596.5630891235 
 510 , 57594.6527709275 
 511 , 57594.0234966863 
 512 , 57592.663898095 
 513 , 57591.0393029712 
 514 , 57591.4089643349 
 515 , 57594.8582343393 
 516 , 57598.1323642179 
 517 , 57597.1264730716 
 518 , 57591.1939401131 
 519 , 57583.5958797614 
 520 , 57577.4313136377 
 521 , 57573.5955926279 
 522 , 57572.1693912343 
 523 , 57572.737552286 
 524 , 57574.0199005699 
 525 , 57574.7110878459 
 526 , 57574.1288896359 
 527 , 57571.9512927326 
 528 , 57568.1483928206 
 529 , 57563.4766051954 
 530 , 57558.8274590268 
 531 , 57555.129596941 
 532 , 57553.3441574997 
 533 , 57553.8791687588 
 534 , 57554.7479033785 
 535 , 57553.3854215045 
 536 , 57549.9052915793 
 537 , 57547.9103051436 
 538 , 57550.3141401292 
 539 , 57553.7266758661 
 540 , 57552.1570387752 
 541 , 57543.5519038855 
 542 , 57533.4783719375 
 543 , 57527.8455500513 
 544 , 57526.7311959826 
 545 , 57526.5896853565 
 546 , 57524.9512555993 
 547 , 57522.6047063297 
 548 , 57520.8299961975 
 549 , 57519.1426067152 
 550 , 57515.4743460876 
 551 , 57508.4696675631 
 552 , 57500.1005325981 
 553 , 57493.209008744 
 554 , 57489.5244476474 
 555 , 57489.3583913841 
 556 , 57492.4763440483 
 557 , 57495.7085598332 
 558 , 57494.7562596951 
 559 , 57488.8841908225 
 560 , 57483.7670945964 
 561 , 57484.9179979791 
 562 , 57489.7301872498 
 563 , 57491.0166378303 
 564 , 57485.4444644829 
 565 , 57479.5940584651 
 566 , 57480.9889159306 
 567 , 57487.8830269968 
 568 , 57491.290323671 
 569 , 57485.3549595582 
 570 , 57476.1629689934 
 571 , 57472.2057017346 
 572 , 57474.9116398073 
 573 , 57478.2335967809 
 574 , 57477.0994089278 
 575 , 57473.1863700191 
 576 , 57470.2591381163 
 577 , 57470.0899420741 
 578 , 57471.6266000216 
 579 , 57473.6783345709 
 580 , 57475.5912421569 
 581 , 57476.9428074576 
 582 , 57477.2736782628 
 583 , 57476.0533570984 
 584 , 57472.9220019245 
 585 , 57469.3007569493 
 586 , 57467.6305228606 
 587 , 57469.1108174034 
 588 , 57471.8091863923 
 589 , 57473.4158623803 
 590 , 57473.1061519664 
 591 , 57471.1648813304 
 592 , 57468.2458484785 
 593 , 57466.1336564002 
 594 , 57466.723010343 
 595 , 57469.3033698946 
 596 , 57470.6783476923 
 597 , 57468.412459802 
 598 , 57463.7989127871 
 599 , 57459.1240449691 
 600 , 57456.1133764681 
 601 , 57455.8184278857 
 602 , 57458.648575729 
 603 , 57461.6277871226 
 604 , 57460.663166316 
 605 , 57455.2328151818 
 606 , 57450.1627160461 
 607 , 57449.8144906032 
 608 , 57452.0162104744 
 609 , 57451.7520905687 
 610 , 57447.1062232781 
 611 , 57441.9145107559 
 612 , 57440.1348327877 
 613 , 57441.0869422832 
 614 , 57441.5812667601 
 615 , 57439.94509657 
 616 , 57437.9946275569 
 617 , 57437.8122944319 
 618 , 57438.9399096974 
 619 , 57439.2529110402 
 620 , 57437.2659945624 
 621 , 57433.3305420509 
 622 , 57428.1301686453 
 623 , 57422.6463385444 
 624 , 57418.0930066275 
 625 , 57415.5215466434 
 626 , 57415.4253762508 
 627 , 57418.1226809484 
 628 , 57422.7483022387 
 629 , 57427.3544654935 
 630 , 57430.4419148774 
 631 , 57432.4318981996 
 632 , 57434.1496772853 
 633 , 57434.6875381919 
 634 , 57431.3050692597 
 635 , 57422.6177083852 
 636 , 57413.8982922435 
 637 , 57412.1512150869 
 638 , 57418.2173473661 
 639 , 57425.4991720362 
 640 , 57428.1858415285 
 641 , 57427.0275085075 
 642 , 57424.911552838 
 643 , 57422.9653183117 
 644 , 57419.9203631787 
 645 , 57414.8988388052 
 646 , 57410.4423768321 
 647 , 57410.3181171898 
 648 , 57414.877818162 
 649 , 57419.2983742979 
 650 , 57419.1681575179 
 651 , 57415.8488636377 
 652 , 57413.1010210071 
 653 , 57413.1366621392 
 654 , 57415.5759992672 
 655 , 57419.5424432494 
 656 , 57422.2445227599 
 657 , 57420.0478033367 
 658 , 57412.8723591076 
 659 , 57407.0724700248 
 660 , 57408.5892096961 
 661 , 57414.275499387 
 662 , 57416.505299191 
 663 , 57412.0913311316 
 664 , 57406.5113670242 
 665 , 57405.5522886882 
 666 , 57408.846252264 
 667 , 57412.7745719729 
 668 , 57414.6556843802 
 669 , 57413.790024473 
 670 , 57409.9743496597 
 671 , 57405.4286788308 
 672 , 57403.7055840122 
 673 , 57405.8672517537 
 674 , 57407.6160598121 
 675 , 57404.6213058236 
 676 , 57399.1324234981 
 677 , 57397.1678086288 
 678 , 57401.0931048505 
 679 , 57405.1268658356 
 680 , 57403.2045541535 
 681 , 57397.5205430579 
 682 , 57395.1082010333 
 683 , 57399.2535687546 
 684 , 57404.7214200549 
 685 , 57405.7025428069 
 686 , 57402.4372143143 
 687 , 57398.7443601915 
 688 , 57396.9273959378 
 689 , 57395.7901343409 
 690 , 57393.8660328888 
 691 , 57391.8054663364 
 692 , 57391.5011160166 
 693 , 57393.7103444291 
 694 , 57396.6441548805 
 695 , 57398.3159623424 
 696 , 57398.18326051 
 697 , 57396.5417222065 
 698 , 57394.2128733946 
 699 , 57393.128808859 
 700 , 57395.0313847233 
 701 , 57398.4321572188 
 702 , 57400.0442194828 
 703 , 57398.1614004324 
 704 , 57394.388714909 
 705 , 57390.6880149062 
 706 , 57388.5336834698 
 707 , 57389.1289955091 
 708 , 57392.3650769436 
 709 , 57395.5652698338 
 710 , 57396.1061102473 
 711 , 57394.3428195861 
 712 , 57392.1226467349 
 713 , 57390.537715603 
 714 , 57389.2743618102 
 715 , 57387.9996568025 
 716 , 57387.3987393156 
 717 , 57388.6154593051 
 718 , 57391.4765798029 
 719 , 57393.5736294733 
 720 , 57392.810717568 
 721 , 57390.7958317584 
 722 , 57390.6751465485 
 723 , 57392.9230667669 
 724 , 57393.8777760864 
 725 , 57390.5128838501 
 726 , 57385.9759191684 
 727 , 57385.6972653169 
 728 , 57390.8316010295 
 729 , 57396.5762216002 
 730 , 57398.5281715216 
 731 , 57396.8951303444 
 732 , 57393.448222604 
 733 , 57389.6298388376 
 734 , 57386.4734844249 
 735 , 57384.7157116198 
 736 , 57383.8001841243 
 737 , 57382.8221350427 
 738 , 57381.8461838083 
 739 , 57381.9929665275 
 740 , 57383.9115432147 
 741 , 57386.1110532394 
 742 , 57386.6336132523 
 743 , 57385.1531852763 
 744 , 57382.8873517481 
 745 , 57380.9902580105 
 746 , 57380.1890967677 
 747 , 57381.0216965621 
 748 , 57382.4457795766 
 749 , 57382.1395937694 
 750 , 57379.1996164098 
 751 , 57376.9013709119 
 752 , 57378.8845059776 
 753 , 57383.9729345183 
 754 , 57387.6990904471 
 755 , 57387.4315655325 
 756 , 57385.0493544872 
 757 , 57382.877069719 
 758 , 57381.178650024 
 759 , 57379.0531187512 
 760 , 57376.6187249881 
 761 , 57376.0031229816 
 762 , 57379.0091410659 
 763 , 57383.1512036743 
 764 , 57384.0013284543 
 765 , 57380.392777355 
 766 , 57376.336911264 
 767 , 57375.5491199611 
 768 , 57377.2111915083 
 769 , 57378.8592184606 
 770 , 57379.5478973901 
 771 , 57380.2736241937 
 772 , 57381.639644324 
 773 , 57381.8282149793 
 774 , 57378.4840969553 
 775 , 57373.2315212859 
 776 , 57371.7498270094 
 777 , 57377.4048379317 
 778 , 57384.6433346262 
 779 , 57386.3757073815 
 780 , 57382.7810448979 
 781 , 57379.8741949844 
 782 , 57381.1559533756 
 783 , 57382.8534819946 
 784 , 57380.4926583334 
 785 , 57375.3842998043 
 786 , 57372.4281123016 
 787 , 57374.0746832674 
 788 , 57377.6265943084 
 789 , 57380.00987457 
 790 , 57380.1731564666 
 791 , 57378.0409333954 
 792 , 57374.6348418357 
 793 , 57372.671959131 
 794 , 57374.0782838691 
 795 , 57375.4867504711 
 796 , 57371.8713626293 
 797 , 57364.3065955682 
 798 , 57360.9939182054 
 799 , 57367.422380607 
 800 , 57376.4829699183 
 801 , 57378.4238257344 
 802 , 57373.2817530046 
 803 , 57369.6019988406 
 804 , 57372.4982119088 
 805 , 57376.418897072 
 806 , 57374.6575919093 
 807 , 57369.0445876412 
 808 , 57366.8181703094 
 809 , 57370.7528309998 
 810 , 57374.3358751432 
 811 , 57371.1276399343 
 812 , 57363.7691929772 
 813 , 57358.9711972206 
 814 , 57359.9575859557 
 815 , 57364.8500856783 
 816 , 57371.192399777 
 817 , 57375.636538025 
 818 , 57374.7462264811 
 819 , 57369.8114836709 
 820 , 57367.0088725368 
 821 , 57370.155702147 
 822 , 57374.2728374885 
 823 , 57373.0706373277 
 824 , 57367.9356993229 
 825 , 57365.8133634237 
 826 , 57369.826744817 
 827 , 57374.0735501215 
 828 , 57372.4009532825 
 829 , 57367.0694289705 
 830 , 57364.4678203076 
 831 , 57367.0877239697 
 832 , 57371.3341179323 
 833 , 57373.6933751809 
 834 , 57373.8604116573 
 835 , 57372.6016523376 
 836 , 57370.9754678331 
 837 , 57370.346674097 
 838 , 57371.4741324798 
 839 , 57373.0156259564 
 840 , 57373.2838377636 
 841 , 57371.9008429353 
 842 , 57369.4167026474 
 843 , 57366.8294569833 
 844 , 57366.0667661565 
 845 , 57368.6737544715 
 846 , 57372.3328644308 
 847 , 57373.0084845084 
 848 , 57369.836439147 
 849 , 57366.4361642457 
 850 , 57365.938226831 
 851 , 57367.6357486513 
 852 , 57369.7566847193 
 853 , 57371.4697319606 
 854 , 57372.8065139033 
 855 , 57373.5875389624 
 856 , 57372.945525315 
 857 , 57370.1079210623 
 858 , 57366.5134808652 
 859 , 57364.8801394293 
 860 , 57366.3032265581 
 861 , 57369.0076149731 
 862 , 57371.1701339217 
 863 , 57372.3787154968 
 864 , 57372.7505311573 
 865 , 57372.9240917248 
 866 , 57374.1098176386 
 867 , 57376.7655925554 
 868 , 57378.6863494051 
 869 , 57377.3252820285 
 870 , 57372.9671661088 
 871 , 57367.8313546871 
 872 , 57363.8902716322 
 873 , 57362.5435589295 
 874 , 57364.6136717601 
 875 , 57367.5110962822 
 876 , 57367.3471787925 
 877 , 57363.7509497933 
 878 , 57360.6361046485 
 879 , 57360.8943517567 
 880 , 57362.6036834069 
 881 , 57362.9492034223 
 882 , 57362.433650717 
 883 , 57363.9837718031 
 884 , 57368.3579499682 
 885 , 57371.5685573572 
 886 , 57369.8968047431 
 887 , 57365.8045585008 
 888 , 57364.2927395784 
 889 , 57366.3585527919 
 890 , 57368.0006184777 
 891 , 57366.4189791203 
 892 , 57364.5558665788 
 893 , 57366.3465561163 
 894 , 57370.6581874341 
 895 , 57372.6827773441 
 896 , 57370.230580352 
 897 , 57366.7324310149 
 898 , 57365.6510301128 
 899 , 57365.9605746648 
 900 , 57364.8794176543 
 901 , 57362.4552983555 
 902 , 57362.0768319912 
 903 , 57365.7185219475 
 904 , 57369.7390803727 
 905 , 57369.7266759323 
 906 , 57366.8254307251 
 907 , 57365.8578054926 
 908 , 57368.5439146981 
 909 , 57370.6808729941 
 910 , 57368.5786553298 
 911 , 57365.3216387963 
 912 , 57366.2338634506 
 913 , 57371.5606892911 
 914 , 57376.3061341718 
 915 , 57376.6494694789 
 916 , 57372.9550315542 
 917 , 57366.6199030945 
 918 , 57361.6059981511 
 919 , 57363.2325239026 
 920 , 57371.512381014 
 921 , 57378.2008230665 
 922 , 57376.6306134108 
 923 , 57370.7627044756 
 924 , 57367.3345644643 
 925 , 57367.8854222709 
 926 , 57369.6156855976 
 927 , 57370.5127491587 
 928 , 57370.684087827 
 929 , 57370.6020558122 
 930 , 57371.2219650096 
 931 , 57373.6442078356 
 932 , 57376.836739221 
 933 , 57377.2173748356 
 934 , 57372.9601962536 
 935 , 57368.7088411481 
 936 , 57369.8030325615 
 937 , 57374.0864026405 
 938 , 57374.8013413566 
 939 , 57370.514087362 
 940 , 57368.8105358668 
 941 , 57375.5298883766 
 942 , 57383.7253792214 
 943 , 57383.1658358306 
 944 , 57374.7561207497 
 945 , 57368.9015041103 
 946 , 57371.1325170824 
 947 , 57375.0647509487 
 948 , 57373.906956367 
 949 , 57369.6260963394 
 950 , 57367.7703160027 
 951 , 57370.0133434271 
 952 , 57373.6139398157 
 953 , 57376.2338601525 
 954 , 57377.5334978761 
 955 , 57377.5714847214 
 956 , 57376.5068002047 
 957 , 57374.558744841 
 958 , 57372.1530955854 
 959 , 57370.0182607559 
 960 , 57368.8755130523 
 961 , 57369.3167713926 
 962 , 57371.7674454892 
 963 , 57374.8595154638 
 964 , 57375.9568208191 
 965 , 57374.2041604018 
 966 , 57372.1113646553 
 967 , 57372.0481786552 
 968 , 57373.6898870199 
 969 , 57375.8366056201 
 970 , 57377.601292912 
 971 , 57378.3760175852 
 972 , 57377.9687914706 
 973 , 57377.1229051776 
 974 , 57376.5407301597 
 975 , 57375.7774658535 
 976 , 57373.9832490961 
 977 , 57371.9568954597 
 978 , 57372.2472448299 
 979 , 57375.7250339862 
 980 , 57378.3587257059 
 981 , 57376.0960886673 
 982 , 57371.6098036765 
 983 , 57370.7109390171 
 984 , 57374.2778769582 
 985 , 57377.0475404961 
 986 , 57375.4786121256 
 987 , 57372.9165986974 
 988 , 57373.577464418 
 989 , 57376.4670854529 
 990 , 57377.7156229466 
 991 , 57375.9992426005 
 992 , 57373.6268218107 
 993 , 57372.6330427461 
 994 , 57373.0023949733 
 995 , 57374.1704665458 
 996 , 57374.7947342654 
 997 , 57373.0784302433 
 998 , 57369.3622656863 
 999 , 57367.3299441937 
 1000 , 57369.5824468236 
 1001 , 57373.0239700845 
 1002 , 57373.4109638071 
 1003 , 57370.653470138 
 1004 , 57367.4848195447 
 1005 , 57365.625060033 
 1006 , 57365.0024317685 
 1007 , 57365.4628003092 
 1008 , 57367.2482565703 
 1009 , 57370.5861669519 
 1010 , 57374.003650351 
 1011 , 57374.8251340905 
 1012 , 57372.3568920397 
 1013 , 57369.432251893 
 1014 , 57368.7855001622 
 1015 , 57371.0315896078 
 1016 , 57375.9922080428 
 1017 , 57380.9679186634 
 1018 , 57381.4355234972 
 1019 , 57376.6550491355 
 1020 , 57372.7223658685 
 1021 , 57374.5927363741 
 1022 , 57378.5644539804 
 1023 , 57378.9161135047 
 1024 , 57377.1362488205 
 1025 , 57379.9757447223 
 1026 , 57388.6373940348 
 1027 , 57394.3051370023 
 1028 , 57390.0836460822 
 1029 , 57382.5481456534 
 1030 , 57381.331766546 
 1031 , 57385.3745673534 
 1032 , 57386.0201708793 
 1033 , 57380.2217024752 
 1034 , 57374.7385001741 
 1035 , 57375.3859535846 
 1036 , 57379.7660085105 
 1037 , 57383.5153266159 
 1038 , 57385.4873577128 
 1039 , 57386.7028850819 
 1040 , 57387.4872804098 
 1041 , 57386.9971374568 
 1042 , 57384.81827556 
 1043 , 57382.6557709857 
 1044 , 57382.5242070791 
 1045 , 57384.0365252386 
 1046 , 57385.3356595233 
 1047 , 57385.6904919317 
 1048 , 57386.0269961896 
 1049 , 57386.8262989341 
 1050 , 57386.5394729925 
 1051 , 57383.6003746199 
 1052 , 57380.5547505827 
 1053 , 57382.0844606797 
 1054 , 57387.5518030738 
 1055 , 57389.4930046248 
 1056 , 57383.7334666988 
 1057 , 57377.504224279 
 1058 , 57378.8067575049 
 1059 , 57384.4673620189 
 1060 , 57386.2140045244 
 1061 , 57382.7913130061 
 1062 , 57380.7068774583 
 1063 , 57383.8246585359 
 1064 , 57388.1970968528 
 1065 , 57389.2521271294 
 1066 , 57386.4027812619 
 1067 , 57380.7545093656 
 1068 , 57375.3298365048 
 1069 , 57374.9018086272 
 1070 , 57381.0503403626 
 1071 , 57388.4953759744 
 1072 , 57392.1850240383 
 1073 , 57392.7561855609 
 1074 , 57392.5873630126 
 1075 , 57392.6143123286 
 1076 , 57392.681221451 
 1077 , 57392.5698603919 
 1078 , 57392.0021113635 
 1079 , 57391.0408630057 
 1080 , 57391.145984678 
 1081 , 57393.8583718547 
 1082 , 57397.8716413206 
 1083 , 57400.2292137786 
 1084 , 57400.1327604663 
 1085 , 57399.6703619677 
 1086 , 57400.1257332088 
 1087 , 57399.734502246 
 1088 , 57396.6918625996 
 1089 , 57393.2520927882 
 1090 , 57393.3538528608 
 1091 , 57396.8806400114 
 1092 , 57399.6018217707 
 1093 , 57399.3348210359 
 1094 , 57398.9159098803 
 1095 , 57401.0240115858 
 1096 , 57403.7979373741 
 1097 , 57404.0936372896 
 1098 , 57402.2649583625 
 1099 , 57401.2920003312 
 1100 , 57402.6162238516 
 1101 , 57405.0502559112 
 1102 , 57407.6805997434 
 1103 , 57411.543352319 
 1104 , 57417.6153954395 
 1105 , 57422.0247822107 
 1106 , 57418.5079964345 
 1107 , 57408.8004709071 
 1108 , 57404.0557975549 
 1109 , 57410.3757542901 
 1110 , 57419.4511661256 
 1111 , 57422.3762189876 
 1112 , 57420.5701879648 
 1113 , 57419.0915412879 
 1114 , 57418.8336953783 
 1115 , 57417.2851051046 
 1116 , 57414.5262927871 
 1117 , 57415.349189654 
 1118 , 57422.5819085011 
 1119 , 57429.4121087051 
 1120 , 57427.8111501027 
 1121 , 57420.9574134305 
 1122 , 57418.0577547835 
 1123 , 57421.3067315539 
 1124 , 57424.5868773799 
 1125 , 57424.341526291 
 1126 , 57424.6635194902 
 1127 , 57429.6497473682 
 1128 , 57436.5408954702 
 1129 , 57440.4093280107 
 1130 , 57440.8190911916 
 1131 , 57440.7839507294 
 1132 , 57441.6563988522 
 1133 , 57441.9792899978 
 1134 , 57441.0703459899 
 1135 , 57441.8523090968 
 1136 , 57447.3664281087 
 1137 , 57455.1583503772 
 1138 , 57460.2146955413 
 1139 , 57460.5734707351 
 1140 , 57457.3919608494 
 1141 , 57452.4355400873 
 1142 , 57448.456019344 
 1143 , 57447.6755986159 
 1144 , 57449.2662327933 
 1145 , 57451.6664490565 
 1146 , 57455.040534407 
 1147 , 57460.5571711822 
 1148 , 57466.6120145947 
 1149 , 57468.0624812448 
 1150 , 57462.9199450796 
 1151 , 57458.1513998481 
 1152 , 57460.3777024225 
 1153 , 57465.5555530569 
 1154 , 57466.3441003526 
 1155 , 57464.0546331289 
 1156 , 57466.4360883209 
 1157 , 57474.4032860316 
 1158 , 57478.2408646141 
 1159 , 57472.0381022944 
 1160 , 57464.8224092071 
 1161 , 57466.7417478054 
 1162 , 57474.9033192531 
 1163 , 57481.0850192089 
 1164 , 57482.3931244428 
 1165 , 57480.607947937 
 1166 , 57477.8712110647 
 1167 , 57476.6793891159 
 1168 , 57478.7007822329 
 1169 , 57482.4629452727 
 1170 , 57485.8788497097 
 1171 , 57487.6606969107 
 1172 , 57487.0556155921 
 1173 , 57486.4966890095 
 1174 , 57491.4208026158 
 1175 , 57502.0188399125 
 1176 , 57508.334577701 
 1177 , 57503.0179808143 
 1178 , 57493.4357132343 
 1179 , 57489.6400899628 
 1180 , 57493.5331345767 
 1181 , 57502.757889753 
 1182 , 57513.2001137872 
 1183 , 57519.0485684782 
 1184 , 57518.6511902784 
 1185 , 57518.6572994153 
 1186 , 57524.1001120114 
 1187 , 57529.5700275656 
 1188 , 57528.0985186348 
 1189 , 57522.2388757714 
 1190 , 57519.2746278745 
 1191 , 57521.5217768953 
 1192 , 57526.2747322565 
 1193 , 57531.5235533999 
 1194 , 57537.0302711908 
 1195 , 57542.2399098638 
 1196 , 57544.5521638705 
 1197 , 57541.6798598405 
 1198 , 57538.1967417386 
 1199 , 57541.7082299653 
 1200 , 57551.3248474328 
 1201 , 57558.0468320267 
 1202 , 57556.9485976957 
 1203 , 57551.1072515873 
 1204 , 57544.9135593724 
 1205 , 57544.4488685334 
 1206 , 57554.6622984491 
 1207 , 57569.0195486944 
 1208 , 57576.2864873479 
 1209 , 57575.3667731033 
 1210 , 57573.9516575069 
 1211 , 57575.5943979455 
 1212 , 57576.6276742447 
 1213 , 57574.9968359072 
 1214 , 57575.8672693982 
 1215 , 57584.2302780021 
 1216 , 57594.7095133742 
 1217 , 57598.4277091833 
 1218 , 57595.6075033891 
 1219 , 57593.2892427312 
 1220 , 57595.7122630908 
 1221 , 57602.9757909676 
 1222 , 57614.0898582233 
 1223 , 57625.9996527519 
 1224 , 57635.5703919791 
 1225 , 57641.0156285573 
 1226 , 57641.3769680968 
 1227 , 57639.9937414559 
 1228 , 57642.6904828908 
 1229 , 57649.56308878 
 1230 , 57654.1643691646 
 1231 , 57654.6547980658 
 1232 , 57659.6151192371 
 1233 , 57674.6155452089 
 1234 , 57687.6685358423 
 1235 , 57684.8989871927 
 1236 , 57673.4149558914 
 1237 , 57669.9278690302 
 1238 , 57679.0632606404 
 1239 , 57694.6056320295 
 1240 , 57708.9071760741 
 1241 , 57712.6349703756 
 1242 , 57702.3020789107 
 1243 , 57692.333425906 
 1244 , 57697.006772716 
 1245 , 57710.4188613131 
 1246 , 57720.2072174845 
 1247 , 57723.7119158257 
 1248 , 57724.6956923426 
 1249 , 57726.6140578944 
 1250 , 57732.4128501076 
 1251 , 57742.944121241 
 1252 , 57754.6949975668 
 1253 , 57764.4259165978 
 1254 , 57772.1850563126 
 1255 , 57778.7412017271 
 1256 , 57784.12777842 
 1257 , 57788.0919145394 
 1258 , 57791.3151767444 
 1259 , 57795.2445446771 
 1260 , 57800.816152137 
 1261 , 57808.1905770697 
 1262 , 57817.1593781548 
 1263 , 57826.7120984461 
 1264 , 57835.1621777048 
 1265 , 57838.1560811201 
 1266 , 57831.8366911066 
 1267 , 57824.7677517357 
 1268 , 57831.6142509813 
 1269 , 57850.7150266536 
 1270 , 57864.7881557058 
 1271 , 57867.1205736999 
 1272 , 57869.6471301161 
 1273 , 57880.097003776 
 1274 , 57888.4523545395 
 1275 , 57884.65851901 
 1276 , 57876.5445590155 
 1277 , 57876.9787688865 
 1278 , 57887.1824645334 
 1279 , 57901.3234052771 
 1280 , 57914.0536172261 
 1281 , 57920.6829214297 
 1282 , 57921.1352391243 
 1283 , 57923.4725387304 
 1284 , 57932.2815087081 
 1285 , 57938.6224629289 
 1286 , 57934.0811827797 
 1287 , 57928.4129663506 
 1288 , 57936.0467117536 
 1289 , 57951.7591559292 
 1290 , 57958.7674404767 
 1291 , 57955.4464068509 
 1292 , 57956.0814677607 
 1293 , 57967.7184157003 
 1294 , 57983.3654223182 
 1295 , 57996.5935523612 
 1296 , 58007.0404096072 
 1297 , 58015.4425925693 
 1298 , 58022.237256469 
 1299 , 58027.7370806554 
 1300 , 58032.0242795535 
 1301 , 58035.0569637642 
 1302 , 58037.0341176345 
 1303 , 58038.4021469406 
 1304 , 58040.3408592278 
 1305 , 58045.1963826746 
 1306 , 58053.7572045059 
 1307 , 58062.2475518561 
 1308 , 58066.600696453 
 1309 , 58065.0854000579 
 1310 , 58057.4209672041 
 1311 , 58049.8412110197 
 1312 , 58051.2819842192 
 1313 , 58059.3178366053 
 1314 , 58062.0198602889 
 1315 , 58054.6159313029 
 1316 , 58042.6402563942 
 1317 , 58030.7042245044 
 1318 , 58019.5861054727 
 1319 , 58010.1800516801 
 1320 , 58005.9156913718 
 1321 , 58009.0872467893 
 1322 , 58010.0087447992 
 1323 , 57995.3960712187 
 1324 , 57969.7868597694 
 1325 , 57949.5554197812 
 1326 , 57939.878937459 
 1327 , 57933.3363424901 
 1328 , 57922.9649495639 
 1329 , 57903.7723600177 
 1330 , 57875.6767413763 
 1331 , 57852.3992424698 
 1332 , 57845.4581357795 
 1333 , 57842.8783264595 
 1334 , 57827.0987929765 
 1335 , 57795.3960497783 
 1336 , 57752.7187615321 
 1337 , 57704.9489795817 
 1338 , 57658.6209429273 
 1339 , 57617.8962234269 
 1340 , 57583.8270291272 
 1341 , 57555.0876493661 
 1342 , 57525.8791570478 
 1343 , 57491.0129387016 
 1344 , 57449.219822363 
 1345 , 57402.4333502401 
 1346 , 57366.0019801 
 1347 , 57357.0396054055 
 1348 , 57364.0248166644 
 1349 , 57359.9873110297 
 1350 , 57331.0585612411 
 1351 , 57275.2876713237 
 1352 , 57199.4412722652 
 1353 , 57121.6080018828 
 1354 , 57050.1985411826 
 1355 , 56971.0778268458 
 1356 , 56873.5801105522 
 1357 , 56769.1524685031 
 1358 , 56672.4026978553 
 1359 , 56588.7330054972 
 1360 , 56518.8369336802 
 1361 , 56449.3531639316 
 1362 , 56360.6396728974 
 1363 , 56260.5236228028 
 1364 , 56179.9816377939 
 1365 , 56131.3526964939 
 1366 , 56101.5608385337 
 1367 , 56069.2792043345 
 1368 , 56000.0463170182 
 1369 , 55873.7613807943 
 1370 , 55720.7235992645 
 1371 , 55578.6320697264 
 1372 , 55472.2876279291 
 1373 , 55418.8186997433 
 1374 , 55405.5387330769 
 1375 , 55405.0026535085 
 1376 , 55389.7255625882 
 1377 , 55333.2686258707 
 1378 , 55237.9548775914 
 1379 , 55138.2822377903 
 1380 , 55050.4220041236 
 1381 , 54956.5984760889 
 1382 , 54844.2174294982 
 1383 , 54722.5741878788 
 1384 , 54602.8018875235 
 1385 , 54489.3564197092 
 1386 , 54383.3820085541 
 1387 , 54275.6495194137 
 1388 , 54154.3116700026 
 1389 , 54022.7191610265 
 1390 , 53893.4801907366 
 1391 , 53783.3442319495 
 1392 , 53711.97364137 
 1393 , 53675.1379451186 
 1394 , 53637.6865723843 
 1395 , 53574.6290556165 
 1396 , 53484.3142654238 
 1397 , 53371.7780888168 
 1398 , 53253.7324407818 
 1399 , 53148.9199159264 
 1400 , 53075.8381414653 
 1401 , 53047.245845465 
 1402 , 53037.145486128 
 1403 , 53006.233398089 
 1404 , 52946.9641285578 
 1405 , 52871.096551616 
 1406 , 52784.0980887092 
 1407 , 52685.8597660808 
 1408 , 52588.2032973053 
 1409 , 52518.4162681404 
 1410 , 52484.9241843446 
 1411 , 52459.0106372282 
 1412 , 52419.5844432595 
 1413 , 52377.6864189992 
 1414 , 52343.4296226835 
 1415 , 52300.6001338819 
 1416 , 52230.6662770534 
 1417 , 52142.7342032994 
 1418 , 52054.7160920288 
 1419 , 51967.4405832612 
 1420 , 51872.7841397845 
 1421 , 51771.600547864 
 1422 , 51671.8974862425 
 1423 , 51580.1491756479 
 1424 , 51500.7631250949 
 1425 , 51430.1982995257 
 1426 , 51352.5234501019 
 1427 , 51261.3065119601 
 1428 , 51174.1042950067 
 1429 , 51109.8730082726 
 1430 , 51081.3341063087 
 1431 , 51088.324648824 
 1432 , 51074.795564487 
 1433 , 50979.9333822699 
 1434 , 50828.628541124 
 1435 , 50680.5419765418 
 1436 , 50569.3084492827 
 1437 , 50510.5769533461 
 1438 , 50485.6662694063 
 1439 , 50447.6296174072 
 1440 , 50373.3743280657 
 1441 , 50269.1970745479 
 1442 , 50158.9380636211 
 1443 , 50092.1147639558 
 1444 , 50087.2878941832 
 1445 , 50087.3712069533 
 1446 , 50046.2482572394 
 1447 , 49986.5833385162 
 1448 , 49937.5566657361 
 1449 , 49894.9842469502 
 1450 , 49847.0489543335 
 1451 , 49794.688900944 
 1452 , 49743.3048665517 
 1453 , 49691.5116056703 
 1454 , 49634.9085514576 
 1455 , 49580.8772726889 
 1456 , 49544.7501326332 
 1457 , 49515.49926554 
 1458 , 49455.3911603442 
 1459 , 49360.3182443385 
 1460 , 49274.4681573166 
 1461 , 49211.7497715434 
 1462 , 49122.2104714492 
 1463 , 48977.0833210899 
 1464 , 48820.571466506 
 1465 , 48693.0626427097 
 1466 , 48579.8363260879 
 1467 , 48459.4244101325 
 1468 , 48337.935523412 
 1469 , 48226.4799540894 
 1470 , 48111.5320823908 
 1471 , 47973.8687943285 
 1472 , 47841.456035092 
 1473 , 47765.0581214067 
 1474 , 47734.0607298327 
 1475 , 47692.6789111592 
 1476 , 47623.3684001469 
 1477 , 47547.8047941049 
 1478 , 47479.0855162803 
 1479 , 47416.7508474829 
 1480 , 47359.875584434 
 1481 , 47308.3204842505 
 1482 , 47259.2160582884 
 1483 , 47203.2274010255 
 1484 , 47133.3763287848 
 1485 , 47052.7415394434 
 1486 , 46968.9436823559 
 1487 , 46900.454334647 
 1488 , 46862.7740097472 
 1489 , 46838.9130231743 
 1490 , 46803.3986963116 
 1491 , 46752.4637673831 
 1492 , 46692.6857692108 
 1493 , 46634.1654084725 
 1494 , 46587.8368580779 
 1495 , 46545.616758545 
 1496 , 46485.7576843852 
 1497 , 46412.1055732217 
 1498 , 46353.4602754268 
 1499 , 46304.7783649854 
 1500 , 46217.0760892699 
 1501 , 46080.9637965598 
 1502 , 45956.1566425855 
 1503 , 45877.1459948484 
 1504 , 45812.1963905781 
 1505 , 45740.3784608865 
 1506 , 45692.6806514073 
 1507 , 45689.3430294992 
 1508 , 45681.8626123104 
 1509 , 45620.1912733944 
 1510 , 45517.0824172369 
 1511 , 45402.8268305201 
 1512 , 45304.4209365072 
 1513 , 45241.4326837574 
 1514 , 45184.2627651911 
 1515 , 45085.1669418828 
 1516 , 44952.0964323064 
 1517 , 44825.5127712668 
 1518 , 44730.4104155669 
 1519 , 44678.1874390283 
 1520 , 44647.2790008708 
 1521 , 44587.0022680227 
 1522 , 44492.9489134999 
 1523 , 44415.2352782776 
 1524 , 44370.5095984515 
 1525 , 44322.8481028942 
 1526 , 44251.9233690522 
 1527 , 44172.6747197398 
 1528 , 44098.3068706504 
 1529 , 44029.9826580847 
 1530 , 43968.0636368084 
 1531 , 43915.2162463762 
 1532 , 43871.9428558579 
 1533 , 43829.7733330157 
 1534 , 43781.6484582003 
 1535 , 43735.3570514418 
 1536 , 43701.7221820685 
 1537 , 43685.7646817521 
 1538 , 43686.1375263263 
 1539 , 43671.0271514266 
 1540 , 43601.6833335098 
 1541 , 43492.5463054428 
 1542 , 43382.659584441 
 1543 , 43275.4081983216 
 1544 , 43154.0038570485 
 1545 , 43039.7401260212 
 1546 , 42980.9122864862 
 1547 , 42978.0539734992 
 1548 , 42987.6779466281 
 1549 , 42981.7479231327 
 1550 , 42951.3756748194 
 1551 , 42900.1566945208 
 1552 , 42846.7358932593 
 1553 , 42803.4912097655 
 1554 , 42771.3096141051 
 1555 , 42750.103010664 
 1556 , 42739.8068248489 
 1557 , 42731.4380089337 
 1558 , 42695.9364439513 
 1559 , 42615.9208107606 
 1560 , 42512.9870954727 
 1561 , 42411.7878663353 
 1562 , 42325.7375795787 
 1563 , 42259.8461357902 
 1564 , 42195.1909591325 
 1565 , 42114.9435281161 
 1566 , 42039.4917309805 
 1567 , 41994.7889609238 
 1568 , 41976.7917756167 
 1569 , 41970.7766474692 
 1570 , 41960.6475368983 
 1571 , 41932.1843730144 
 1572 , 41890.9912838336 
 1573 , 41850.0736352456 
 1574 , 41800.4575558857 
 1575 , 41723.3523489659 
 1576 , 41632.2750347076 
 1577 , 41560.1599759606 
 1578 , 41510.8507140255 
 1579 , 41466.0743240251 
 1580 , 41413.6257687152 
 1581 , 41347.3338285348 
 1582 , 41266.0973483236 
 1583 , 41173.9562262839 
 1584 , 41082.1931776051 
 1585 , 41009.7528757973 
 1586 , 40958.4924569555 
 1587 , 40907.437078793 
 1588 , 40847.9752384274 
 1589 , 40792.3107163876 
 1590 , 40746.0785773626 
 1591 , 40700.7888354288 
 1592 , 40652.6025086805 
 1593 , 40609.4038798178 
 1594 , 40574.4256277795 
 1595 , 40537.6205672866 
 1596 , 40493.1523916015 
 1597 , 40450.2675048633 
 1598 , 40411.4946949114 
 1599 , 40353.4440053034 
 1600 , 40261.9419023911 
 1601 , 40167.7773507999 
 1602 , 40103.0778501976 
 1603 , 40071.2367347703 
 1604 , 40064.1135244825 
 1605 , 40053.0640696281 
 1606 , 40010.937896564 
 1607 , 39942.8961923575 
 1608 , 39861.9155849811 
 1609 , 39771.9078712299 
 1610 , 39675.7726257228 
 1611 , 39588.3017075476 
 1612 , 39524.0525868369 
 1613 , 39466.431189366 
 1614 , 39390.6464370941 
 1615 , 39306.8609341169 
 1616 , 39237.4094154315 
 1617 , 39172.5543893861 
 1618 , 39088.8175636175 
 1619 , 38985.8257779297 
 1620 , 38876.6970240611 
 1621 , 38781.594594392 
 1622 , 38722.2695670975 
 1623 , 38689.4574489372 
 1624 , 38654.3077225586 
 1625 , 38599.9015234942 
 1626 , 38519.3731189849 
 1627 , 38424.8531385261 
 1628 , 38342.3252496807 
 1629 , 38285.4237020001 
 1630 , 38255.9568335831 
 1631 , 38233.2121016052 
 1632 , 38178.1214042088 
 1633 , 38087.2984449616 
 1634 , 37991.7499180489 
 1635 , 37902.2134130833 
 1636 , 37807.5337109719 
 1637 , 37713.4732612891 
 1638 , 37645.0009380785 
 1639 , 37605.8275522688 
 1640 , 37573.7794831356 
 1641 , 37540.9573542652 
 1642 , 37518.7105087768 
 1643 , 37496.3824643059 
 1644 , 37433.1899898586 
 1645 , 37324.5556247969 
 1646 , 37219.3617304506 
 1647 , 37144.2104610762 
 1648 , 37086.6853798044 
 1649 , 37035.3900186892 
 1650 , 36985.4934020245 
 1651 , 36934.3852177473 
 1652 , 36882.1466623891 
 1653 , 36827.6711005584 
 1654 , 36767.4143169061 
 1655 , 36700.7967738394 
 1656 , 36632.9644308707 
 1657 , 36566.2058319734 
 1658 , 36496.3946899366 
 1659 , 36425.0334507419 
 1660 , 36365.8832874093 
 1661 , 36324.9733360296 
 1662 , 36289.9076140573 
 1663 , 36249.812530386 
 1664 , 36201.6268575441 
 1665 , 36145.7851156863 
 1666 , 36088.1285467555 
 1667 , 36032.2786146549 
 1668 , 35975.3848481735 
 1669 , 35912.8782708534 
 1670 , 35838.2810381017 
 1671 , 35751.1321085427 
 1672 , 35665.5602009887 
 1673 , 35595.2208314793 
 1674 , 35547.7114155599 
 1675 , 35519.5308302761 
 1676 , 35482.5488573237 
 1677 , 35418.3747865558 
 1678 , 35341.3802321488 
 1679 , 35268.2537040942 
 1680 , 35209.2064574905 
 1681 , 35164.9216614993 
 1682 , 35114.7480820567 
 1683 , 35046.3419242388 
 1684 , 34976.4936621532 
 1685 , 34916.8056297248 
 1686 , 34854.418420992 
 1687 , 34782.1997857235 
 1688 , 34717.0550559465 
 1689 , 34667.1957724844 
 1690 , 34609.543671613 
 1691 , 34531.9943272038 
 1692 , 34462.0899618647 
 1693 , 34419.5516593103 
 1694 , 34389.4460802656 
 1695 , 34355.0370223567 
 1696 , 34308.1972637454 
 1697 , 34245.7113055029 
 1698 , 34173.1408256955 
 1699 , 34099.6329245025 
 1700 , 34039.7468512516 
 1701 , 33999.8658745387 
 1702 , 33965.38900659 
 1703 , 33926.1192035736 
 1704 , 33888.7975015085 
 1705 , 33853.5977736914 
 1706 , 33800.7832423707 
 1707 , 33721.6354192743 
 1708 , 33637.265268892 
 1709 , 33564.6718447591 
 1710 , 33503.867305514 
 1711 , 33452.0520729636 
 1712 , 33405.1032704227 
 1713 , 33360.8330244116 
 1714 , 33321.1875989392 
 1715 , 33287.5252556716 
 1716 , 33259.1152634867 
 1717 , 33230.366318879 
 1718 , 33187.340613732 
 1719 , 33125.1120455395 
 1720 , 33056.0853487144 
 1721 , 32992.380122825 
 1722 , 32942.5027003084 
 1723 , 32901.5355243775 
 1724 , 32844.0254943183 
 1725 , 32764.1856725608 
 1726 , 32688.5944308004 
 1727 , 32628.7989445733 
 1728 , 32571.0132120058 
 1729 , 32512.2789933166 
 1730 , 32466.7692650877 
 1731 , 32435.3124805554 
 1732 , 32400.2761088846 
 1733 , 32355.7507926169 
 1734 , 32311.450418355 
 1735 , 32273.5411281029 
 1736 , 32242.6232373282 
 1737 , 32208.0480996927 
 1738 , 32148.2600876518 
 1739 , 32061.0055442135 
 1740 , 31963.8411993605 
 1741 , 31872.2078464813 
 1742 , 31797.9748725346 
 1743 , 31738.8838446576 
 1744 , 31681.0034057542 
 1745 , 31618.9382931895 
 1746 , 31555.2513787143 
 1747 , 31503.0032957016 
 1748 , 31480.1946459431 
 1749 , 31469.5507012059 
 1750 , 31433.0196248863 
 1751 , 31374.7955592765 
 1752 , 31322.9430878722 
 1753 , 31272.2266103361 
 1754 , 31201.6423963507 
 1755 , 31125.4125672155 
 1756 , 31072.0442094961 
 1757 , 31032.8499109778 
 1758 , 30985.2814348006 
 1759 , 30937.4463904045 
 1760 , 30907.597163098 
 1761 , 30892.26561943 
 1762 , 30879.0086376971 
 1763 , 30853.4212051532 
 1764 , 30805.9928108955 
 1765 , 30755.7637038534 
 1766 , 30724.2290414497 
 1767 , 30702.7146935959 
 1768 , 30675.4555032635 
 1769 , 30632.6067867731 
 1770 , 30572.6133924637 
 1771 , 30518.1233491108 
 1772 , 30484.8043221989 
 1773 , 30449.4836103691 
 1774 , 30395.6423416884 
 1775 , 30346.263040656 
 1776 , 30318.5749661321 
 1777 , 30299.2074450924 
 1778 , 30278.4019235091 
 1779 , 30263.9319195689 
 1780 , 30252.0453592671 
 1781 , 30213.0540880206 
 1782 , 30133.6020808732 
 1783 , 30032.5097010808 
 1784 , 29933.4230521364 
 1785 , 29862.1231778182 
 1786 , 29826.5701760452 
 1787 , 29811.3854224813 
 1788 , 29797.8252910714 
 1789 , 29766.1987064306 
 1790 , 29722.0982571473 
 1791 , 29694.8438388793 
 1792 , 29688.2046736244 
 1793 , 29683.6148146096 
 1794 , 29672.7697221755 
 1795 , 29655.5361697934 
 1796 , 29630.1341543059 
 1797 , 29594.339168966 
 1798 , 29553.4254619172 
 1799 , 29515.070220237 
 1800 , 29471.9745244025 
 1801 , 29413.2627694506 
 1802 , 29353.2048500997 
 1803 , 29311.728827375 
 1804 , 29281.6943940777 
 1805 , 29249.3672385182 
 1806 , 29214.8984379039 
 1807 , 29180.4134014735 
 1808 , 29139.5618560074 
 1809 , 29086.2393386827 
 1810 , 29022.1157749886 
 1811 , 28956.2621999474 
 1812 , 28913.710085685 
 1813 , 28905.077566829 
 1814 , 28901.4078881369 
 1815 , 28885.282961018 
 1816 , 28872.3261669639 
 1817 , 28866.1101454879 
 1818 , 28844.7190336052 
 1819 , 28800.9871587887 
 1820 , 28750.9473063469 
 1821 , 28703.644895782 
 1822 , 28658.1041973378 
 1823 , 28612.5648681709 
 1824 , 28565.4013124213 
 1825 , 28520.7515514782 
 1826 , 28486.6678255477 
 1827 , 28461.9428728123 
 1828 , 28439.6211311043 
 1829 , 28418.3282945227 
 1830 , 28399.0487283174 
 1831 , 28376.4838996538 
 1832 , 28343.3270982688 
 1833 , 28297.712900907 
 1834 , 28240.6790060385 
 1835 , 28177.4225864753 
 1836 , 28115.4992746046 
 1837 , 28066.7362101445 
 1838 , 28037.4680559894 
 1839 , 28013.6861345584 
 1840 , 27984.849099025 
 1841 , 27958.9201551643 
 1842 , 27935.9139697718 
 1843 , 27894.3666904888 
 1844 , 27834.0136552032 
 1845 , 27792.739146021 
 1846 , 27779.485561631 
 1847 , 27761.0279214007 
 1848 , 27727.6868224339 
 1849 , 27697.2675254271 
 1850 , 27669.0781048412 
 1851 , 27626.8573326507 
 1852 , 27577.7636988559 
 1853 , 27543.1086189358 
 1854 , 27517.3838792957 
 1855 , 27483.0470916061 
 1856 , 27447.1794020469 
 1857 , 27423.1877307311 
 1858 , 27397.0004872747 
 1859 , 27350.7302754475 
 1860 , 27292.5687093517 
 1861 , 27236.2605181622 
 1862 , 27190.0067684825 
 1863 , 27155.7329369118 
 1864 , 27121.943319096 
 1865 , 27079.3344083609 
 1866 , 27027.7321126439 
 1867 , 26975.3416942368 
 1868 , 26941.5221777168 
 1869 , 26924.8961000997 
 1870 , 26897.2682010969 
 1871 , 26850.2889186767 
 1872 , 26797.345816311 
 1873 , 26752.9390260848 
 1874 , 26729.6307055281 
 1875 , 26717.3386217013 
 1876 , 26694.6360117744 
 1877 , 26660.9788999296 
 1878 , 26624.6958118536 
 1879 , 26586.9699332954 
 1880 , 26547.7831307927 
 1881 , 26513.4707649669 
 1882 , 26489.0812540572 
 1883 , 26469.5775691782 
 1884 , 26448.7233577276 
 1885 , 26422.534494481 
 1886 , 26391.4534899544 
 1887 , 26363.483221404 
 1888 , 26337.8120981081 
 1889 , 26300.082939958 
 1890 , 26249.2442201378 
 1891 , 26199.5015334554 
 1892 , 26151.3695365969 
 1893 , 26094.4029531317 
 1894 , 26035.5037229881 
 1895 , 25990.4085202606 
 1896 , 25951.9108580203 
 1897 , 25904.5636978524 
 1898 , 25852.0607321648 
 1899 , 25802.1715962349 
 1900 , 25749.5607406188 
 1901 , 25694.277495492 
 1902 , 25664.5667707756 
 1903 , 25669.0189057165 
 1904 , 25658.0153341165 
 1905 , 25611.8972747094 
 1906 , 25576.0012191515 
 1907 , 25558.5315914378 
 1908 , 25513.7044837378 
 1909 , 25447.5962192778 
 1910 , 25415.6149040474 
 1911 , 25410.6467678536 
 1912 , 25384.6291891386 
 1913 , 25345.1923619148 
 1914 , 25323.2844554018 
 1915 , 25303.2952518268 
 1916 , 25259.4144109584 
 1917 , 25203.3406559218 
 1918 , 25151.8311482078 
 1919 , 25103.6792509747 
 1920 , 25057.1072120281 
 1921 , 25017.2302863692 
 1922 , 24979.750733458 
 1923 , 24923.7834731417 
 1924 , 24857.2192365847 
 1925 , 24822.8645158661 
 1926 , 24816.1229559127 
 1927 , 24791.2261599141 
 1928 , 24746.7094961551 
 1929 , 24708.2736271439 
 1930 , 24676.374658572 
 1931 , 24641.6212553754 
 1932 , 24608.0996609611 
 1933 , 24582.2443995122 
 1934 , 24561.9894054181 
 1935 , 24541.5965363382 
 1936 , 24511.0460299261 
 1937 , 24470.4676257664 
 1938 , 24439.8475153858 
 1939 , 24424.4382748989 
 1940 , 24407.4229946751 
 1941 , 24383.2026466258 
 1942 , 24358.4377827438 
 1943 , 24339.3593066649 
 1944 , 24329.4819856075 
 1945 , 24315.2849808265 
 1946 , 24279.9057575987 
 1947 , 24233.9100505227 
 1948 , 24191.6070097918 
 1949 , 24146.3901300719 
 1950 , 24093.0376157933 
 1951 , 24042.1447539455 
 1952 , 24001.4052076549 
 1953 , 23968.9094616917 
 1954 , 23938.4636498304 
 1955 , 23900.449631636 
 1956 , 23857.8529392125 
 1957 , 23823.3851269531 
 1958 , 23792.7186344161 
 1959 , 23752.8812427924 
 1960 , 23705.6331346962 
 1961 , 23659.8722927914 
 1962 , 23628.0960122002 
 1963 , 23619.0452222227 
 1964 , 23626.7166546153 
 1965 , 23637.3262101536 
 1966 , 23627.1497597153 
 1967 , 23589.1934415284 
 1968 , 23542.0597397905 
 1969 , 23502.8321395057 
 1970 , 23483.1779982681 
 1971 , 23469.9424626989 
 1972 , 23436.9550031235 
 1973 , 23388.554688387 
 1974 , 23341.5027791115 
 1975 , 23302.3289740356 
 1976 , 23272.8208477496 
 1977 , 23249.7861300698 
 1978 , 23225.4754886698 
 1979 , 23184.8315485416 
 1980 , 23130.195004043 
 1981 , 23089.696869874 
 1982 , 23068.8566681829 
 1983 , 23048.6344441473 
 1984 , 23010.3769066116 
 1985 , 22942.1441978 
 1986 , 22875.0969746951 
 1987 , 22846.7070910719 
 1988 , 22831.2961386874 
 1989 , 22798.4379361269 
 1990 , 22760.392074785 
 1991 , 22727.6724600906 
 1992 , 22691.7622192583 
 1993 , 22665.6549062685 
 1994 , 22690.1217774575 
 1995 , 22735.7778717943 
 1996 , 22718.126298389 
 1997 , 22648.857992493 
 1998 , 22591.4020363406 
 1999 , 22566.300943363 
 2000 , 22567.7693167406 
 2001 , 22553.1800636451 
 2002 , 22494.2950151435 
 2003 , 22421.6579595243 
 2004 , 22376.1572026233 
 2005 , 22397.8640987854 
 2006 , 22450.0138673345 
 2007 , 22422.3468230338 
 2008 , 22322.6643813254 
 2009 , 22238.4360578384 
 2010 , 22205.4393625795 
 2011 , 22224.3783548101 
 2012 , 22247.5333768926 
 2013 , 22233.970431286 
 2014 , 22202.7129654661 
 2015 , 22171.050428241 
 2016 , 22133.7165431079 
 2017 , 22093.2345744738 
 2018 , 22063.3189147887 
 2019 , 22043.9456974006 
 2020 , 22023.3384213877 
 2021 , 21984.7025656157 
 2022 , 21916.6052024404 
 2023 , 21846.0234693862 
 2024 , 21805.0397230967 
 2025 , 21804.7918675155 
 2026 , 21827.5783089764 
 2027 , 21810.3310459832 
 2028 , 21741.5793107589 
 2029 , 21675.8246957494 
 2030 , 21632.2025717677 
 2031 , 21600.1456862978 
 2032 , 21575.9301864709 
 2033 , 21559.5416384619 
 2034 , 21550.7306989838 
 2035 , 21543.7505216264 
 2036 , 21517.3766039421 
 2037 , 21468.9448768379 
 2038 , 21432.8377838356 
 2039 , 21414.2064288871 
 2040 , 21382.7798477712 
 2041 , 21333.0978370158 
 2042 , 21278.7113233399 
 2043 , 21232.4612160914 
 2044 , 21202.8729140816 
 2045 , 21182.2160885686 
 2046 , 21159.475778182 
 2047 , 21126.5456572889 
 2048 , 21091.9004327964 
 2049 , 21086.5466048612 
 2050 , 21088.7055865908 
 2051 , 21032.243926332 
 2052 , 20943.4597149666 
 2053 , 20891.8126898842 
 2054 , 20865.1990935425 
 2055 , 20832.5477209279 
 2056 , 20800.6678442835 
 2057 , 20777.6456456038 
 2058 , 20757.8124087101 
 2059 , 20735.4451126705 
 2060 , 20707.6987764295 
 2061 , 20684.9382737215 
 2062 , 20682.6298481958 
 2063 , 20678.5229918261 
 2064 , 20643.2061590587 
 2065 , 20592.8063999243 
 2066 , 20546.5986810146 
 2067 , 20500.8271778157 
 2068 , 20457.5346005579 
 2069 , 20431.4026896216 
 2070 , 20410.6798283671 
 2071 , 20363.3867859276 
 2072 , 20304.0303835495 
 2073 , 20265.6470278598 
 2074 , 20241.5775109386 
 2075 , 20218.4904461874 
 2076 , 20201.2474474423 
 2077 , 20187.6166669242 
 2078 , 20158.1311376719 
 2079 , 20106.7258050937 
 2080 , 20043.5819355571 
 2081 , 19986.7801176431 
 2082 , 19953.0145569322 
 2083 , 19925.2280446757 
 2084 , 19884.3528743857 
 2085 , 19843.9424784638 
 2086 , 19813.9753422183 
 2087 , 19785.8915680495 
 2088 , 19754.8614965458 
 2089 , 19722.6913166514 
 2090 , 19695.5254222375 
 2091 , 19678.43359809 
 2092 , 19654.1357602681 
 2093 , 19609.6147658387 
 2094 , 19573.7655263349 
 2095 , 19565.2622680444 
 2096 , 19567.4901247559 
 2097 , 19567.4013674028 
 2098 , 19559.2746489025 
 2099 , 19527.4126296672 
 2100 , 19457.5361673075 
 2101 , 19383.5413502588 
 2102 , 19342.6258483904 
 2103 , 19325.5868575999 
 2104 , 19313.942014099 
 2105 , 19290.151896447 
 2106 , 19259.0746534075 
 2107 , 19244.3408685502 
 2108 , 19222.0915550689 
 2109 , 19154.7938274981 
 2110 , 19089.7639236431 
 2111 , 19073.5262408401 
 2112 , 19066.7068625852 
 2113 , 19038.2858132104 
 2114 , 18996.4218160245 
 2115 , 18958.2884842509 
 2116 , 18942.27212846 
 2117 , 18931.7048065743 
 2118 , 18898.8583833578 
 2119 , 18851.8701073558 
 2120 , 18806.1674751294 
 2121 , 18769.0573621216 
 2122 , 18739.4705273004 
 2123 , 18706.8835286422 
 2124 , 18667.3555172595 
 2125 , 18623.6735365331 
 2126 , 18585.6669551653 
 2127 , 18560.3253941772 
 2128 , 18532.681523496 
 2129 , 18494.9035077802 
 2130 , 18463.4150012383 
 2131 , 18445.6064167564 
 2132 , 18434.4992281579 
 2133 , 18411.7567317302 
 2134 , 18359.4044776022 
 2135 , 18298.2530169054 
 2136 , 18252.6593702146 
 2137 , 18219.3686576571 
 2138 , 18194.9024356987 
 2139 , 18182.1169187452 
 2140 , 18169.7332160456 
 2141 , 18138.133418238 
 2142 , 18101.0320628323 
 2143 , 18080.4937135843 
 2144 , 18068.9849428583 
 2145 , 18054.1314836422 
 2146 , 18028.9863721757 
 2147 , 17998.4001934611 
 2148 , 17977.9544216803 
 2149 , 17964.1203951976 
 2150 , 17941.0358696456 
 2151 , 17892.0873821327 
 2152 , 17815.6759273272 
 2153 , 17750.0575428731 
 2154 , 17712.5636365851 
 2155 , 17682.6188271686 
 2156 , 17653.7182837756 
 2157 , 17631.2055600095 
 2158 , 17611.6149286997 
 2159 , 17590.3101837764 
 2160 , 17571.3344368979 
 2161 , 17554.2780883581 
 2162 , 17528.8055961972 
 2163 , 17503.0082160702 
 2164 , 17497.7280584557 
 2165 , 17488.1462280202 
 2166 , 17439.9002462842 
 2167 , 17374.0900335447 
 2168 , 17321.9185531549 
 2169 , 17304.9336220841 
 2170 , 17306.1728246889 
 2171 , 17274.6523750804 
 2172 , 17226.4157158481 
 2173 , 17203.5852566212 
 2174 , 17181.8354113403 
 2175 , 17139.7951019494 
 2176 , 17108.6530675172 
 2177 , 17098.0599774308 
 2178 , 17083.9220894253 
 2179 , 17062.9221728017 
 2180 , 17044.5283458083 
 2181 , 17027.1044505182 
 2182 , 17008.3585359981 
 2183 , 16993.8826460665 
 2184 , 16984.8372947477 
 2185 , 16974.7781551726 
 2186 , 16956.4157652649 
 2187 , 16923.2162595184 
 2188 , 16874.2652738472 
 2189 , 16815.6317948653 
 2190 , 16766.9630075687 
 2191 , 16745.3279751826 
 2192 , 16757.6162594506 
 2193 , 16764.048270118 
 2194 , 16707.9157940074 
 2195 , 16630.0189115884 
 2196 , 16582.0796296933 
 2197 , 16545.9573181014 
 2198 , 16513.3513767412 
 2199 , 16504.3226741318 
 2200 , 16504.6076779508 
 2201 , 16481.4994387877 
 2202 , 16449.9602821313 
 2203 , 16432.9862877816 
 2204 , 16427.1471558313 
 2205 , 16415.4723909928 
 2206 , 16371.4194604768 
 2207 , 16304.8574011992 
 2208 , 16248.7519864438 
 2209 , 16219.0001711701 
 2210 , 16213.5640012998 
 2211 , 16200.0443568988 
 2212 , 16158.1349315087 
 2213 , 16091.3782370706 
 2214 , 16026.8689715027 
 2215 , 15996.5153150445 
 2216 , 15983.0499029142 
 2217 , 15960.531963555 
 2218 , 15920.5211762842 
 2219 , 15880.4151750653 
 2220 , 15877.9404497071 
 2221 , 15878.6246205928 
 2222 , 15826.9649129709 
 2223 , 15767.6080319382 
 2224 , 15737.0317792368 
 2225 , 15697.7187202534 
 2226 , 15650.1058396867 
 2227 , 15635.4334999446 
 2228 , 15627.2128039442 
 2229 , 15584.1777643054 
 2230 , 15543.8765532749 
 2231 , 15526.2694054148 
 2232 , 15489.6098773037 
 2233 , 15435.5133212818 
 2234 , 15403.0624541133 
 2235 , 15389.3366337388 
 2236 , 15374.7577380078 
 2237 , 15345.3876939409 
 2238 , 15293.1955474833 
 2239 , 15220.1086286278 
 2240 , 15168.0411429608 
 2241 , 15187.0451583751 
 2242 , 15218.5206624124 
 2243 , 15196.2352304512 
 2244 , 15125.6649158759 
 2245 , 15038.3328802695 
 2246 , 14980.0907989395 
 2247 , 14962.662771959 
 2248 , 14972.2326059503 
 2249 , 14971.4707082009 
 2250 , 14940.322456572 
 2251 , 14901.1394861227 
 2252 , 14863.5709043112 
 2253 , 14823.4210434548 
 2254 , 14788.1490885954 
 2255 , 14767.8622544675 
 2256 , 14764.7750910546 
 2257 , 14766.1451408638 
 2258 , 14743.3632575391 
 2259 , 14701.692247682 
 2260 , 14664.853100438 
 2261 , 14632.5226645948 
 2262 , 14598.5583940087 
 2263 , 14560.3562752065 
 2264 , 14517.7688808387 
 2265 , 14473.9022167129 
 2266 , 14441.6270850693 
 2267 , 14429.2878732582 
 2268 , 14415.3391079337 
 2269 , 14384.2525410797 
 2270 , 14340.2391891047 
 2271 , 14308.5197349644 
 2272 , 14312.8317734278 
 2273 , 14299.4489795161 
 2274 , 14232.9150175966 
 2275 , 14170.5508181895 
 2276 , 14136.2742734281 
 2277 , 14109.6807032972 
 2278 , 14088.1190730197 
 2279 , 14072.5955907418 
 2280 , 14046.0201632728 
 2281 , 14007.3653206242 
 2282 , 13981.0374828773 
 2283 , 13954.9422903696 
 2284 , 13902.0407754361 
 2285 , 13847.4404330142 
 2286 , 13818.6134872035 
 2287 , 13815.0602791247 
 2288 , 13810.7182032924 
 2289 , 13769.1419587272 
 2290 , 13724.2909675734 
 2291 , 13712.4574147828 
 2292 , 13693.0196225999 
 2293 , 13651.922227788 
 2294 , 13621.5082218287 
 2295 , 13595.4473826521 
 2296 , 13554.3244056687 
 2297 , 13521.330302676 
 2298 , 13506.0799494553 
 2299 , 13479.6357477158 
 2300 , 13437.6023378091 
 2301 , 13396.6217495004 
 2302 , 13370.4364990528 
 2303 , 13358.0345125315 
 2304 , 13329.7048630564 
 2305 , 13283.3020434992 
 2306 , 13244.5578659727 
 2307 , 13216.5537379105 
 2308 , 13192.7121247226 
 2309 , 13169.0138957144 
 2310 , 13144.1704305787 
 2311 , 13119.5446651717 
 2312 , 13094.7403247016 
 2313 , 13069.3348498929 
 2314 , 13046.835305839 
 2315 , 13030.1639826715 
 2316 , 13018.9662779623 
 2317 , 13000.8054439187 
 2318 , 12962.1594076397 
 2319 , 12923.3463012633 
 2320 , 12897.220772405 
 2321 , 12863.8126195327 
 2322 , 12817.2486844807 
 2323 , 12767.9024508213 
 2324 , 12732.337123034 
 2325 , 12717.6261213542 
 2326 , 12704.355647903 
 2327 , 12684.1480526288 
 2328 , 12662.6283164596 
 2329 , 12638.034661871 
 2330 , 12609.0554771393 
 2331 , 12585.0289832218 
 2332 , 12560.891833264 
 2333 , 12516.7325568233 
 2334 , 12471.0696345451 
 2335 , 12448.2597823778 
 2336 , 12425.3643952503 
 2337 , 12389.5632971286 
 2338 , 12353.8906051083 
 2339 , 12319.2078991363 
