11-20-2017,19:16:13
Wavenumber(cm-1),Intensity
 250 , 10 
 251 , 10 
 252 , 10 
 253 , 10 
 254 , 10 
 255 , 57.11328125 
 256 , 57.576171875 
 257 , 46.75390625 
 258 , 35.791015625 
 259 , 29.4296875 
 260 , 27.451171875 
 261 , 24.27734375 
 262 , 17.45703125 
 263 , 3.853515625 
 264 ,-12.857421875 
 265 ,-23.0859375 
 266 ,-18.18359375 
 267 ,-0.669921875 
 268 , 22 
 269 , 39.0234375 
 270 , 42.76171875 
 271 , 31.388671875 
 272 , 10.498046875 
 273 ,-5.767578125 
 274 ,-5.28125 
 275 , 12.26953125 
 276 , 42.091796875 
 277 , 78.345703125 
 278 , 111.98046875 
 279 , 132.56640625 
 280 , 138.099609375 
 281 , 138.0859375 
 282 , 139.806640625 
 283 , 145.466796875 
 284 , 151.724609375 
 285 , 156.169921875 
 286 , 161.240234375 
 287 , 170.794921875 
 288 , 184.6875 
 289 , 195.384765625 
 290 , 194.953125 
 291 , 184.53125 
 292 , 173.947265625 
 293 , 171.63671875 
 294 , 172.515625 
 295 , 165.044921875 
 296 , 143.189453125 
 297 , 117.279296875 
 298 , 100.509765625 
 299 , 96.298828125 
 300 , 95.2265625 
 301 , 87.76953125 
 302 , 74.333984375 
 303 , 61.78515625 
 304 , 55.69921875 
 305 , 53.8125 
 306 , 51.18359375 
 307 , 44.12890625 
 308 , 32.892578125 
 309 , 19 
 310 , 9.19921875 
 311 , 12.548828125 
 312 , 34.4375 
 313 , 64.5703125 
 314 , 88.392578125 
 315 , 100.0546875 
 316 , 109.564453125 
 317 , 128.173828125 
 318 , 155.630859375 
 319 , 182.59375 
 320 , 200.58203125 
 321 , 208.41796875 
 322 , 207.7890625 
 323 , 201.123046875 
 324 , 190.830078125 
 325 , 179.125 
 326 , 170.501953125 
 327 , 172.21875 
 328 , 189.609375 
 329 , 214.255859375 
 330 , 232.185546875 
 331 , 237.41015625 
 332 , 244.111328125 
 333 , 268.81640625 
 334 , 308.853515625 
 335 , 341.55078125 
 336 , 347.353515625 
 337 , 335.34765625 
 338 , 326.90625 
 339 , 334.30859375 
 340 , 345.7734375 
 341 , 346.146484375 
 342 , 334.1015625 
 343 , 323.43359375 
 344 , 326.12109375 
 345 , 334.7734375 
 346 , 333.193359375 
 347 , 311.45703125 
 348 , 277.125 
 349 , 240.59765625 
 350 , 208.35546875 
 351 , 182.400390625 
 352 , 163.849609375 
 353 , 149.1328125 
 354 , 132.556640625 
 355 , 110.296875 
 356 , 83.625 
 357 , 54.798828125 
 358 , 30.15625 
 359 , 20.453125 
 360 , 34.259765625 
 361 , 62.765625 
 362 , 89.400390625 
 363 , 103.568359375 
 364 , 110.599609375 
 365 , 118.162109375 
 366 , 126.986328125 
 367 , 130.310546875 
 368 , 122.6953125 
 369 , 110.119140625 
 370 , 103.390625 
 371 , 106.80078125 
 372 , 108.453125 
 373 , 94.990234375 
 374 , 75.0703125 
 375 , 78.802734375 
 376 , 128.947265625 
 377 , 197.541015625 
 378 , 237.416015625 
 379 , 223.10546875 
 380 , 177.279296875 
 381 , 128.498046875 
 382 , 95.001953125 
 383 , 85.73828125 
 384 , 105.419921875 
 385 , 138.30078125 
 386 , 162.18359375 
 387 , 167.318359375 
 388 , 167.189453125 
 389 , 176.65234375 
 390 , 195.078125 
 391 , 210.60546875 
 392 , 213.6328125 
 393 , 205.08203125 
 394 , 188.580078125 
 395 , 168.333984375 
 396 , 149.857421875 
 397 , 138.232421875 
 398 , 131.513671875 
 399 , 123.37109375 
 400 , 109.259765625 
 401 , 91.80078125 
 402 , 75.46484375 
 403 , 64.662109375 
 404 , 62.8828125 
 405 , 72.86328125 
 406 , 92.490234375 
 407 , 116.94140625 
 408 , 141.05078125 
 409 , 159.265625 
 410 , 166.462890625 
 411 , 164.384765625 
 412 , 162.205078125 
 413 , 167.72265625 
 414 , 177.470703125 
 415 , 183.55859375 
 416 , 181.28125 
 417 , 172.201171875 
 418 , 158.54296875 
 419 , 145.404296875 
 420 , 141.908203125 
 421 , 154.701171875 
 422 , 174.904296875 
 423 , 187.763671875 
 424 , 185.900390625 
 425 , 175.330078125 
 426 , 163.330078125 
 427 , 154.357421875 
 428 , 150.78515625 
 429 , 153.369140625 
 430 , 159.17578125 
 431 , 165.478515625 
 432 , 170.146484375 
 433 , 170.861328125 
 434 , 165.640625 
 435 , 155.54296875 
 436 , 141.837890625 
 437 , 128.818359375 
 438 , 128.40234375 
 439 , 152.693359375 
 440 , 195.806640625 
 441 , 237.22265625 
 442 , 260.05078125 
 443 , 266.474609375 
 444 , 264.17578125 
 445 , 255.3046875 
 446 , 232.873046875 
 447 , 190.65625 
 448 , 139.390625 
 449 , 100.224609375 
 450 , 86.69921875 
 451 , 88.205078125 
 452 , 90.298828125 
 453 , 85.943359375 
 454 , 75.494140625 
 455 , 60.171875 
 456 , 45.59375 
 457 , 38.5625 
 458 , 44.271484375 
 459 , 64.673828125 
 460 , 100.384765625 
 461 , 138.0703125 
 462 , 154.083984375 
 463 , 133.541015625 
 464 , 97.998046875 
 465 , 77.841796875 
 466 , 83.03515625 
 467 , 95.875 
 468 , 98.470703125 
 469 , 87.109375 
 470 , 64.765625 
 471 , 37.03125 
 472 , 16.46484375 
 473 , 16.091796875 
 474 , 32.873046875 
 475 , 50.546875 
 476 , 57.01171875 
 477 , 59.4296875 
 478 , 69.25390625 
 479 , 88.25390625 
 480 , 104.068359375 
 481 , 104.81640625 
 482 , 92.234375 
 483 , 74.03125 
 484 , 56.24609375 
 485 , 42.552734375 
 486 , 37.662109375 
 487 , 47.708984375 
 488 , 80.638671875 
 489 , 138.994140625 
 490 , 198.142578125 
 491 , 224.85546875 
 492 , 211.611328125 
 493 , 189.890625 
 494 , 191.068359375 
 495 , 213.111328125 
 496 , 234.1171875 
 497 , 238.904296875 
 498 , 234.115234375 
 499 , 232.166015625 
 500 , 237.6953125 
 501 , 244.681640625 
 502 , 246.0625 
 503 , 240.3046875 
 504 , 231.05859375 
 505 , 223.453125 
 506 , 221.37109375 
 507 , 225.90234375 
 508 , 230.263671875 
 509 , 226.31640625 
 510 , 212.6171875 
 511 , 199.509765625 
 512 , 196.294921875 
 513 , 199.712890625 
 514 , 198.658203125 
 515 , 186.265625 
 516 , 169.67578125 
 517 , 158.8984375 
 518 , 160 
 519 , 175.326171875 
 520 , 204.98046875 
 521 , 234.642578125 
 522 , 244.658203125 
 523 , 229.791015625 
 524 , 209.828125 
 525 , 204.814453125 
 526 , 213.47265625 
 527 , 220.98828125 
 528 , 217.234375 
 529 , 206.828125 
 530 , 197.34375 
 531 , 194.349609375 
 532 , 201.544921875 
 533 , 220.900390625 
 534 , 248.037109375 
 535 , 278.275390625 
 536 , 305.7578125 
 537 , 321.2734375 
 538 , 315.62890625 
 539 , 289.955078125 
 540 , 251.748046875 
 541 , 213.462890625 
 542 , 195.15234375 
 543 , 213.921875 
 544 , 257.51171875 
 545 , 294.65234375 
 546 , 302.015625 
 547 , 281.927734375 
 548 , 243.888671875 
 549 , 206.45703125 
 550 , 193.84765625 
 551 , 220.388671875 
 552 , 264.052734375 
 553 , 296.0390625 
 554 , 306.1171875 
 555 , 306.69921875 
 556 , 310.3828125 
 557 , 322.783203125 
 558 , 344.458984375 
 559 , 370.265625 
 560 , 388.42578125 
 561 , 390.669921875 
 562 , 380.201171875 
 563 , 361.75 
 564 , 337.79296875 
 565 , 312.517578125 
 566 , 293.751953125 
 567 , 286.349609375 
 568 , 291.271484375 
 569 , 306.1953125 
 570 , 319.779296875 
 571 , 318.06640625 
 572 , 298.18359375 
 573 , 272.19921875 
 574 , 254.435546875 
 575 , 252.078125 
 576 , 264.673828125 
 577 , 286.529296875 
 578 , 309.041015625 
 579 , 327.29296875 
 580 , 343.642578125 
 581 , 362.763671875 
 582 , 383.638671875 
 583 , 395.4765625 
 584 , 388.294921875 
 585 , 364.244140625 
 586 , 331.646484375 
 587 , 300.177734375 
 588 , 282.9765625 
 589 , 290.244140625 
 590 , 311.15234375 
 591 , 321.048828125 
 592 , 303.552734375 
 593 , 266.93359375 
 594 , 225.578125 
 595 , 189.322265625 
 596 , 161.693359375 
 597 , 143.2890625 
 598 , 131.275390625 
 599 , 124.5 
 600 , 123.1796875 
 601 , 126.939453125 
 602 , 134.0625 
 603 , 145.28515625 
 604 , 163.64453125 
 605 , 186.537109375 
 606 , 199.78125 
 607 , 187.513671875 
 608 , 155.185546875 
 609 , 121.263671875 
 610 , 98.6796875 
 611 , 87.353515625 
 612 , 87.80859375 
 613 , 100.9140625 
 614 , 124.90625 
 615 , 156.529296875 
 616 , 193.921875 
 617 , 236.703125 
 618 , 283.76171875 
 619 , 329.109375 
 620 , 364.693359375 
 621 , 389.3515625 
 622 , 410.486328125 
 623 , 435.802734375 
 624 , 468.77734375 
 625 , 505.8125 
 626 , 531.044921875 
 627 , 528.80078125 
 628 , 502.658203125 
 629 , 473.34375 
 630 , 457.212890625 
 631 , 450.212890625 
 632 , 441.423828125 
 633 , 425.255859375 
 634 , 405.072265625 
 635 , 387.615234375 
 636 , 375.43359375 
 637 , 363.9140625 
 638 , 345.81640625 
 639 , 317.43359375 
 640 , 282.94140625 
 641 , 255.201171875 
 642 , 245.330078125 
 643 , 251.84375 
 644 , 260.50390625 
 645 , 261.359375 
 646 , 260.76953125 
 647 , 269.09765625 
 648 , 287.0234375 
 649 , 302.87890625 
 650 , 305.76953125 
 651 , 291.029296875 
 652 , 257.916015625 
 653 , 210.708984375 
 654 , 159.626953125 
 655 , 114.62890625 
 656 , 91.50390625 
 657 , 107.927734375 
 658 , 161.07421875 
 659 , 212.638671875 
 660 , 227.0703125 
 661 , 210.689453125 
 662 , 189.265625 
 663 , 178.0546875 
 664 , 174.103515625 
 665 , 173.111328125 
 666 , 167.98046875 
 667 , 150.689453125 
 668 , 123.03515625 
 669 , 105.1328125 
 670 , 114.357421875 
 671 , 138.908203125 
 672 , 153.431640625 
 673 , 149.701171875 
 674 , 149.73046875 
 675 , 171.228515625 
 676 , 198.44140625 
 677 , 201.333984375 
 678 , 172.962890625 
 679 , 145.3515625 
 680 , 145.681640625 
 681 , 163.60546875 
 682 , 171.779296875 
 683 , 162.900390625 
 684 , 163.177734375 
 685 , 194.9453125 
 686 , 244.98828125 
 687 , 282.638671875 
 688 , 288.33984375 
 689 , 259.580078125 
 690 , 195.052734375 
 691 , 118.169921875 
 692 , 69.16015625 
 693 , 68.544921875 
 694 , 87.8125 
 695 , 94.435546875 
 696 , 92.666015625 
 697 , 109.990234375 
 698 , 164.01171875 
 699 , 243.84765625 
 700 , 329.484375 
 701 , 393.689453125 
 702 , 407.583984375 
 703 , 365.88671875 
 704 , 308.880859375 
 705 , 278.4453125 
 706 , 276.923828125 
 707 , 284.302734375 
 708 , 286.212890625 
 709 , 284.029296875 
 710 , 285.12890625 
 711 , 287.77734375 
 712 , 280.57421875 
 713 , 255.56640625 
 714 , 223.4609375 
 715 , 202.64453125 
 716 , 196.7578125 
 717 , 196.72265625 
 718 , 189.515625 
 719 , 166.78125 
 720 , 127.33984375 
 721 , 88.322265625 
 722 , 71.6875 
 723 , 80.619140625 
 724 , 94.1484375 
 725 , 96.1953125 
 726 , 92.40625 
 727 , 94.533203125 
 728 , 102.1875 
 729 , 100.859375 
 730 , 80.037109375 
 731 , 51.041015625 
 732 , 32.509765625 
 733 , 34.572265625 
 734 , 55.943359375 
 735 , 90.66796875 
 736 , 125.21875 
 737 , 146.955078125 
 738 , 157.203125 
 739 , 168.1953125 
 740 , 184.123046875 
 741 , 196.337890625 
 742 , 198.9765625 
 743 , 198.828125 
 744 , 207.658203125 
 745 , 227.302734375 
 746 , 248.90234375 
 747 , 266.61328125 
 748 , 279.818359375 
 749 , 286.53125 
 750 , 280.453125 
 751 , 261.96875 
 752 , 238.755859375 
 753 , 218.0859375 
 754 , 201.447265625 
 755 , 186.435546875 
 756 , 175.28125 
 757 , 173.619140625 
 758 , 176.1640625 
 759 , 167.9765625 
 760 , 143.109375 
 761 , 122.759765625 
 762 , 130.5546875 
 763 , 160.755859375 
 764 , 191.47265625 
 765 , 207.31640625 
 766 , 209.646484375 
 767 , 206.0078125 
 768 , 205.779296875 
 769 , 215.322265625 
 770 , 229.232421875 
 771 , 233.50390625 
 772 , 222.28515625 
 773 , 201.28125 
 774 , 174.083984375 
 775 , 139.423828125 
 776 , 99.3125 
 777 , 63.4609375 
 778 , 41.576171875 
 779 , 37.1953125 
 780 , 46.62109375 
 781 , 66.810546875 
 782 , 94.953125 
 783 , 113.7578125 
 784 , 102.96484375 
 785 , 70.35546875 
 786 , 43.916015625 
 787 , 39.767578125 
 788 , 42.5859375 
 789 , 35.662109375 
 790 , 28.55859375 
 791 , 42.966796875 
 792 , 81.439453125 
 793 , 118.125 
 794 , 133.60546875 
 795 , 141.046875 
 796 , 160.193359375 
 797 , 188.357421875 
 798 , 205.591796875 
 799 , 203.470703125 
 800 , 196.900390625 
 801 , 200.3984375 
 802 , 203.169921875 
 803 , 179.609375 
 804 , 127.560546875 
 805 , 89.322265625 
 806 , 104.810546875 
 807 , 158.482421875 
 808 , 204.3125 
 809 , 217.951171875 
 810 , 213.2734375 
 811 , 206.935546875 
 812 , 204.314453125 
 813 , 205.35546875 
 814 , 207.9921875 
 815 , 208.8828125 
 816 , 207.041015625 
 817 , 208.291015625 
 818 , 218.69921875 
 819 , 232.693359375 
 820 , 235.859375 
 821 , 222.5 
 822 , 205.796875 
 823 , 200.400390625 
 824 , 207.810546875 
 825 , 221.638671875 
 826 , 237.38671875 
 827 , 252.62890625 
 828 , 263.96875 
 829 , 270.904296875 
 830 , 275.810546875 
 831 , 281.2265625 
 832 , 287.138671875 
 833 , 291.626953125 
 834 , 291.5390625 
 835 , 285.18359375 
 836 , 273.177734375 
 837 , 254.6015625 
 838 , 228.859375 
 839 , 204.955078125 
 840 , 194.333984375 
 841 , 195.03125 
 842 , 193.703125 
 843 , 181.005859375 
 844 , 163.369140625 
 845 , 151.029296875 
 846 , 149.53515625 
 847 , 160.150390625 
 848 , 177.498046875 
 849 , 190.541015625 
 850 , 192.32421875 
 851 , 191.8984375 
 852 , 201.453125 
 853 , 218.21484375 
 854 , 226.982421875 
 855 , 219.24609375 
 856 , 201.974609375 
 857 , 183.568359375 
 858 , 171.4765625 
 859 , 173.681640625 
 860 , 191.70703125 
 861 , 214.3671875 
 862 , 231.38671875 
 863 , 245.509765625 
 864 , 263.701171875 
 865 , 284.14453125 
 866 , 295.802734375 
 867 , 291.740234375 
 868 , 282.974609375 
 869 , 285.04296875 
 870 , 302.7421875 
 871 , 330.78515625 
 872 , 363.0390625 
 873 , 398.38671875 
 874 , 439.12890625 
 875 , 491.05078125 
 876 , 558.625 
 877 , 637.58984375 
 878 , 719.67578125 
 879 , 800.650390625 
 880 , 873.931640625 
 881 , 929.85546875 
 882 , 965.04296875 
 883 , 984.615234375 
 884 , 994.279296875 
 885 , 995.34375 
 886 , 986.0703125 
 887 , 956.646484375 
 888 , 895.181640625 
 889 , 803.291015625 
 890 , 698.119140625 
 891 , 596.841796875 
 892 , 515.58203125 
 893 , 469.08203125 
 894 , 450.08203125 
 895 , 434.759765625 
 896 , 401.248046875 
 897 , 331.583984375 
 898 , 216.01953125 
 899 , 99.173828125 
 900 , 46.447265625 
 901 , 66.876953125 
 902 , 103 
 903 , 110.796875 
 904 , 105.177734375 
 905 , 111.138671875 
 906 , 123.767578125 
 907 , 118.740234375 
 908 , 89.826171875 
 909 , 65.044921875 
 910 , 68.41796875 
 911 , 83.82421875 
 912 , 82.87109375 
 913 , 65.822265625 
 914 , 59.900390625 
 915 , 80.9453125 
 916 , 112.42578125 
 917 , 134.38671875 
 918 , 141.09375 
 919 , 133.732421875 
 920 , 111.091796875 
 921 , 77.041015625 
 922 , 38.712890625 
 923 , 8.453125 
 924 ,-1.92578125 
 925 , 6.36328125 
 926 , 23.7890625 
 927 , 45.630859375 
 928 , 75.021484375 
 929 , 112.189453125 
 930 , 139.904296875 
 931 , 138.291015625 
 932 , 108.345703125 
 933 , 74.65234375 
 934 , 54.08203125 
 935 , 40.630859375 
 936 , 25.5234375 
 937 , 11.7578125 
 938 , 8.134765625 
 939 , 16.583984375 
 940 , 30.025390625 
 941 , 41.587890625 
 942 , 46.8515625 
 943 , 43.205078125 
 944 , 32.337890625 
 945 , 18.958984375 
 946 , 8.533203125 
 947 , 12.48046875 
 948 , 40.5625 
 949 , 78.78515625 
 950 , 102.794921875 
 951 , 108.689453125 
 952 , 118.244140625 
 953 , 145.61328125 
 954 , 173.03515625 
 955 , 179.2578125 
 956 , 166.724609375 
 957 , 150.544921875 
 958 , 138.3046875 
 959 , 127.25390625 
 960 , 114.501953125 
 961 , 97.439453125 
 962 , 73.8671875 
 963 , 49.697265625 
 964 , 36.5234375 
 965 , 38.787109375 
 966 , 49.794921875 
 967 , 63.390625 
 968 , 77.50390625 
 969 , 90.330078125 
 970 , 97.865234375 
 971 , 95.93359375 
 972 , 85.96875 
 973 , 78.84765625 
 974 , 83.810546875 
 975 , 94.908203125 
 976 , 100.912109375 
 977 , 99.59765625 
 978 , 97.34375 
 979 , 98.8203125 
 980 , 105.20703125 
 981 , 117.017578125 
 982 , 131.818359375 
 983 , 145.666015625 
 984 , 153.935546875 
 985 , 150.96875 
 986 , 136.923828125 
 987 , 128.70703125 
 988 , 142.75 
 989 , 165.376953125 
 990 , 167.65625 
 991 , 142.087890625 
 992 , 109.904296875 
 993 , 91.353515625 
 994 , 97.65625 
 995 , 136.796875 
 996 , 197.880859375 
 997 , 257.6640625 
 998 , 312.412109375 
 999 , 389.82421875 
 1000 , 513.166015625 
 1001 , 676.357421875 
 1002 , 866.359375 
 1003 , 1075.990234375 
 1004 , 1301.486328125 
 1005 , 1516.408203125 
 1006 , 1657.765625 
 1007 , 1673.333984375 
 1008 , 1568.978515625 
 1009 , 1366.501953125 
 1010 , 1102.048828125 
 1011 , 823.935546875 
 1012 , 577.10546875 
 1013 , 397.12109375 
 1014 , 303.294921875 
 1015 , 250.75390625 
 1016 , 181.517578125 
 1017 , 96.99609375 
 1018 , 40.76171875 
 1019 , 32.015625 
 1020 , 45.412109375 
 1021 , 56.05859375 
 1022 , 61.486328125 
 1023 , 65.513671875 
 1024 , 70.787109375 
 1025 , 79.42578125 
 1026 , 90.380859375 
 1027 , 98.212890625 
 1028 , 101.24609375 
 1029 , 113 
 1030 , 149.03125 
 1031 , 205.728515625 
 1032 , 266.6953125 
 1033 , 319.765625 
 1034 , 359.45703125 
 1035 , 381.681640625 
 1036 , 387.4296875 
 1037 , 379.869140625 
 1038 , 367.916015625 
 1039 , 363.955078125 
 1040 , 370.67578125 
 1041 , 375.390625 
 1042 , 367.955078125 
 1043 , 354.30078125 
 1044 , 343.814453125 
 1045 , 337.1953125 
 1046 , 329.361328125 
 1047 , 320.833984375 
 1048 , 321.259765625 
 1049 , 337.2265625 
 1050 , 361.009765625 
 1051 , 382.21875 
 1052 , 395.740234375 
 1053 , 399.345703125 
 1054 , 392.693359375 
 1055 , 378.091796875 
 1056 , 358.056640625 
 1057 , 334.6640625 
 1058 , 310.029296875 
 1059 , 288.359375 
 1060 , 275.060546875 
 1061 , 274.40625 
 1062 , 289.154296875 
 1063 , 316.880859375 
 1064 , 342.640625 
 1065 , 352.05078125 
 1066 , 346.767578125 
 1067 , 334.703125 
 1068 , 320.685546875 
 1069 , 306.37890625 
 1070 , 293.876953125 
 1071 , 286.41015625 
 1072 , 285.419921875 
 1073 , 282.294921875 
 1074 , 266.111328125 
 1075 , 240.599609375 
 1076 , 220.69140625 
 1077 , 213.845703125 
 1078 , 214.134765625 
 1079 , 217.12890625 
 1080 , 230.328125 
 1081 , 262.916015625 
 1082 , 307.916015625 
 1083 , 348.51953125 
 1084 , 375.41796875 
 1085 , 389.744140625 
 1086 , 394.064453125 
 1087 , 393.03515625 
 1088 , 392.357421875 
 1089 , 402.50390625 
 1090 , 435.015625 
 1091 , 478.505859375 
 1092 , 498.572265625 
 1093 , 479.60546875 
 1094 , 450.333984375 
 1095 , 438.61328125 
 1096 , 435.921875 
 1097 , 422.69140625 
 1098 , 395.416015625 
 1099 , 362.728515625 
 1100 , 329.8125 
 1101 , 295.451171875 
 1102 , 259.1015625 
 1103 , 225.0625 
 1104 , 198.4609375 
 1105 , 180.49609375 
 1106 , 170.173828125 
 1107 , 165.49609375 
 1108 , 163.33984375 
 1109 , 161.798828125 
 1110 , 162.451171875 
 1111 , 166.296875 
 1112 , 166.8046875 
 1113 , 155.818359375 
 1114 , 129.2265625 
 1115 , 89.287109375 
 1116 , 44.611328125 
 1117 , 9.505859375 
 1118 ,-4.857421875 
 1119 ,-1.482421875 
 1120 , 13.361328125 
 1121 , 29.423828125 
 1122 , 33.521484375 
 1123 , 25.46875 
 1124 , 21.513671875 
 1125 , 34.396484375 
 1126 , 54.453125 
 1127 , 66.73046875 
 1128 , 66.185546875 
 1129 , 53.158203125 
 1130 , 37.7890625 
 1131 , 35.53515625 
 1132 , 47.611328125 
 1133 , 54.626953125 
 1134 , 44.0625 
 1135 , 31.203125 
 1136 , 34.25 
 1137 , 49.365234375 
 1138 , 62.70703125 
 1139 , 70.751953125 
 1140 , 80.814453125 
 1141 , 93.068359375 
 1142 , 90.3125 
 1143 , 62.46484375 
 1144 , 45.6640625 
 1145 , 83.982421875 
 1146 , 152.224609375 
 1147 , 182.16015625 
 1148 , 152.6015625 
 1149 , 105.126953125 
 1150 , 74.783203125 
 1151 , 64.423828125 
 1152 , 70.080078125 
 1153 , 87.583984375 
 1154 , 114.919921875 
 1155 , 148.708984375 
 1156 , 180.716796875 
 1157 , 205.607421875 
 1158 , 227.904296875 
 1159 , 251.310546875 
 1160 , 269.046875 
 1161 , 271.888671875 
 1162 , 255.869140625 
 1163 , 220.912109375 
 1164 , 182.783203125 
 1165 , 171.55078125 
 1166 , 197.775390625 
 1167 , 232.73046875 
 1168 , 252.076171875 
 1169 , 269.615234375 
 1170 , 305.54296875 
 1171 , 346.916015625 
 1172 , 365.06640625 
 1173 , 355.595703125 
 1174 , 336.185546875 
 1175 , 319.353515625 
 1176 , 308.8125 
 1177 , 306.84765625 
 1178 , 311.2890625 
 1179 , 318.98828125 
 1180 , 331.232421875 
 1181 , 351.994140625 
 1182 , 378.44140625 
 1183 , 398.306640625 
 1184 , 399.583984375 
 1185 , 375.0703125 
 1186 , 326.30859375 
 1187 , 284.6484375 
 1188 , 283.923828125 
 1189 , 315.921875 
 1190 , 350.361328125 
 1191 , 364.123046875 
 1192 , 343.638671875 
 1193 , 296.7578125 
 1194 , 267.6171875 
 1195 , 289.181640625 
 1196 , 341.1015625 
 1197 , 393.744140625 
 1198 , 430.4375 
 1199 , 438.560546875 
 1200 , 423.537109375 
 1201 , 413.787109375 
 1202 , 422.486328125 
 1203 , 425.458984375 
 1204 , 399.8359375 
 1205 , 350.466796875 
 1206 , 291.6171875 
 1207 , 250.185546875 
 1208 , 255.568359375 
 1209 , 290.26953125 
 1210 , 295.958984375 
 1211 , 250.501953125 
 1212 , 199.60546875 
 1213 , 182.015625 
 1214 , 179.06640625 
 1215 , 161.541015625 
 1216 , 140.6796875 
 1217 , 146.802734375 
 1218 , 184.404296875 
 1219 , 235.255859375 
 1220 , 273.275390625 
 1221 , 268.111328125 
 1222 , 209.501953125 
 1223 , 131.55078125 
 1224 , 69.369140625 
 1225 , 38.1640625 
 1226 , 44.73828125 
 1227 , 69.58984375 
 1228 , 78.927734375 
 1229 , 70.123046875 
 1230 , 79.46875 
 1231 , 115.98046875 
 1232 , 132.34375 
 1233 , 89.15234375 
 1234 , 25.3125 
 1235 ,-4.498046875 
 1236 , 9.69921875 
 1237 , 58.87109375 
 1238 , 121.470703125 
 1239 , 158.640625 
 1240 , 155.302734375 
 1241 , 144.42578125 
 1242 , 157.576171875 
 1243 , 173.26953125 
 1244 , 162.138671875 
 1245 , 140.0859375 
 1246 , 145.58984375 
 1247 , 180.2578125 
 1248 , 212.921875 
 1249 , 224.298828125 
 1250 , 215.484375 
 1251 , 194.283203125 
 1252 , 177.59375 
 1253 , 178.31640625 
 1254 , 187.376953125 
 1255 , 189.771484375 
 1256 , 179.873046875 
 1257 , 159.64453125 
 1258 , 135.626953125 
 1259 , 115.833984375 
 1260 , 101.224609375 
 1261 , 82.64453125 
 1262 , 57.341796875 
 1263 , 41.623046875 
 1264 , 49.287109375 
 1265 , 68.533203125 
 1266 , 83.025390625 
 1267 , 91.966796875 
 1268 , 98.333984375 
 1269 , 102.373046875 
 1270 , 110.095703125 
 1271 , 126.1796875 
 1272 , 138.806640625 
 1273 , 132.291015625 
 1274 , 107.90234375 
 1275 , 79.22265625 
 1276 , 63.275390625 
 1277 , 67.376953125 
 1278 , 81.2734375 
 1279 , 93.228515625 
 1280 , 103.330078125 
 1281 , 115.55078125 
 1282 , 132.865234375 
 1283 , 161.59375 
 1284 , 203.13671875 
 1285 , 241.8203125 
 1286 , 262.501953125 
 1287 , 264.068359375 
 1288 , 248.537109375 
 1289 , 224.033203125 
 1290 , 205.1640625 
 1291 , 200.068359375 
 1292 , 205.65625 
 1293 , 213.80859375 
 1294 , 213 
 1295 , 195.90234375 
 1296 , 167.912109375 
 1297 , 138.291015625 
 1298 , 115.953125 
 1299 , 105.2734375 
 1300 , 100.291015625 
 1301 , 93.408203125 
 1302 , 82.697265625 
 1303 , 66.478515625 
 1304 , 46.458984375 
 1305 , 37.7265625 
 1306 , 51.115234375 
 1307 , 71.36328125 
 1308 , 80.947265625 
 1309 , 87.802734375 
 1310 , 105.48046875 
 1311 , 118.69140625 
 1312 , 99.775390625 
 1313 , 57.623046875 
 1314 , 31.81640625 
 1315 , 37.84375 
 1316 , 58.185546875 
 1317 , 79.541015625 
 1318 , 98.65234375 
 1319 , 114.826171875 
 1320 , 140.7109375 
 1321 , 187.576171875 
 1322 , 221.982421875 
 1323 , 194.92578125 
 1324 , 125.580078125 
 1325 , 82.873046875 
 1326 , 93.685546875 
 1327 , 132.2421875 
 1328 , 173.884765625 
 1329 , 206.07421875 
 1330 , 223.744140625 
 1331 , 235.1796875 
 1332 , 247.9453125 
 1333 , 257.275390625 
 1334 , 255.35546875 
 1335 , 246.72265625 
 1336 , 242.50390625 
 1337 , 250.7890625 
 1338 , 277.466796875 
 1339 , 312.943359375 
 1340 , 328.3203125 
 1341 , 313.22265625 
 1342 , 297.173828125 
 1343 , 305.13671875 
 1344 , 328.017578125 
 1345 , 350.220703125 
 1346 , 370.5546875 
 1347 , 393.681640625 
 1348 , 413.453125 
 1349 , 418.736328125 
 1350 , 410.01171875 
 1351 , 395.322265625 
 1352 , 382.2578125 
 1353 , 382.56640625 
 1354 , 403.046875 
 1355 , 430.517578125 
 1356 , 448.029296875 
 1357 , 447.6875 
 1358 , 428.61328125 
 1359 , 400.216796875 
 1360 , 372.384765625 
 1361 , 351.2265625 
 1362 , 344.353515625 
 1363 , 351.5234375 
 1364 , 359.908203125 
 1365 , 361.48828125 
 1366 , 362.0859375 
 1367 , 365.958984375 
 1368 , 365.02734375 
 1369 , 346.6640625 
 1370 , 297.748046875 
 1371 , 218.275390625 
 1372 , 160.275390625 
 1373 , 178.787109375 
 1374 , 241.03125 
 1375 , 275.310546875 
 1376 , 276.232421875 
 1377 , 292.09375 
 1378 , 330.099609375 
 1379 , 343.103515625 
 1380 , 303.689453125 
 1381 , 227.484375 
 1382 , 143.4609375 
 1383 , 100.07421875 
 1384 , 127.9609375 
 1385 , 180.736328125 
 1386 , 202.23828125 
 1387 , 182.08984375 
 1388 , 129.751953125 
 1389 , 74.341796875 
 1390 , 52.1796875 
 1391 , 57.580078125 
 1392 , 46.501953125 
 1393 , 13.45703125 
 1394 , 10.89453125 
 1395 , 57.921875 
 1396 , 95.8515625 
 1397 , 81.720703125 
 1398 , 50.3046875 
 1399 , 42.78125 
 1400 , 52.560546875 
 1401 , 58.625 
 1402 , 64.4453125 
 1403 , 81.25 
 1404 , 95.22265625 
 1405 , 73.994140625 
 1406 , 24.697265625 
 1407 ,-5.5703125 
 1408 , 3.44140625 
 1409 , 32.048828125 
 1410 , 62.310546875 
 1411 , 90.884765625 
 1412 , 115.56640625 
 1413 , 118.330078125 
 1414 , 90.58203125 
 1415 , 78.861328125 
 1416 , 135.50390625 
 1417 , 216.658203125 
 1418 , 241.80078125 
 1419 , 213.228515625 
 1420 , 186.029296875 
 1421 , 180.58203125 
 1422 , 178.25 
 1423 , 167.8828125 
 1424 , 161.021484375 
 1425 , 167.462890625 
 1426 , 179.591796875 
 1427 , 187.42578125 
 1428 , 192.8359375 
 1429 , 203.15625 
 1430 , 221.671875 
 1431 , 245.396484375 
 1432 , 265.53515625 
 1433 , 275.359375 
 1434 , 274.904296875 
 1435 , 264.291015625 
 1436 , 244.912109375 
 1437 , 222.1484375 
 1438 , 205.490234375 
 1439 , 207.439453125 
 1440 , 224.111328125 
 1441 , 229.82421875 
 1442 , 218.63671875 
 1443 , 221.689453125 
 1444 , 258.865234375 
 1445 , 313.83203125 
 1446 , 368.345703125 
 1447 , 416.212890625 
 1448 , 454.12109375 
 1449 , 483.201171875 
 1450 , 507.638671875 
 1451 , 526.265625 
 1452 , 532.46875 
 1453 , 538.6015625 
 1454 , 574 
 1455 , 642.80078125 
 1456 , 721.01171875 
 1457 , 778.93359375 
 1458 , 791.484375 
 1459 , 763.318359375 
 1460 , 727.30078125 
 1461 , 700.9296875 
 1462 , 683.3359375 
 1463 , 668.34375 
 1464 , 627.908203125 
 1465 , 543.4609375 
 1466 , 454.890625 
 1467 , 406.841796875 
 1468 , 385.236328125 
 1469 , 357.830078125 
 1470 , 318.162109375 
 1471 , 271.916015625 
 1472 , 227.69921875 
 1473 , 197.3671875 
 1474 , 186.77734375 
 1475 , 193.771484375 
 1476 , 209.205078125 
 1477 , 220.376953125 
 1478 , 222.8125 
 1479 , 220.07421875 
 1480 , 215.916015625 
 1481 , 216.748046875 
 1482 , 224.349609375 
 1483 , 227.298828125 
 1484 , 216.876953125 
 1485 , 197.921875 
 1486 , 177.828125 
 1487 , 164.185546875 
 1488 , 162.412109375 
 1489 , 168.560546875 
 1490 , 177.04296875 
 1491 , 191.26171875 
 1492 , 216.08203125 
 1493 , 240.27734375 
 1494 , 246.994140625 
 1495 , 241.224609375 
 1496 , 241.052734375 
 1497 , 245.22265625 
 1498 , 235.826171875 
 1499 , 213.595703125 
 1500 , 203.171875 
 1501 , 211.26953125 
 1502 , 210.1484375 
 1503 , 188.1015625 
 1504 , 179.12109375 
 1505 , 204.66015625 
 1506 , 228.2734375 
 1507 , 214.142578125 
 1508 , 177.2109375 
 1509 , 144.103515625 
 1510 , 120.8671875 
 1511 , 104.083984375 
 1512 , 92.458984375 
 1513 , 84.412109375 
 1514 , 72.59375 
 1515 , 44.349609375 
 1516 , 11.03125 
 1517 ,-1.115234375 
 1518 , 6.140625 
 1519 , 12.19140625 
 1520 , 16.134765625 
 1521 , 33.880859375 
 1522 , 67.619140625 
 1523 , 102.103515625 
 1524 , 126.12890625 
 1525 , 129.46484375 
 1526 , 109.173828125 
 1527 , 74.302734375 
 1528 , 38.541015625 
 1529 , 30.744140625 
 1530 , 67.71484375 
 1531 , 112.25 
 1532 , 126.9453125 
 1533 , 125.642578125 
 1534 , 133.55078125 
 1535 , 154.763671875 
 1536 , 181.91015625 
 1537 , 204.431640625 
 1538 , 214.45703125 
 1539 , 212.423828125 
 1540 , 201.767578125 
 1541 , 177.236328125 
 1542 , 132.8671875 
 1543 , 86.76953125 
 1544 , 66.521484375 
 1545 , 70.669921875 
 1546 , 78.76953125 
 1547 , 81.0859375 
 1548 , 74.626953125 
 1549 , 56.896484375 
 1550 , 32.91015625 
 1551 , 16.236328125 
 1552 , 23.810546875 
 1553 , 59.2265625 
 1554 , 106.603515625 
 1555 , 151.466796875 
 1556 , 186.990234375 
 1557 , 213.478515625 
 1558 , 243.734375 
 1559 , 274.375 
 1560 , 256.529296875 
 1561 , 168.0703125 
 1562 , 90.447265625 
 1563 , 94.216796875 
 1564 , 137.197265625 
 1565 , 164.56640625 
 1566 , 176.7734375 
 1567 , 185.376953125 
 1568 , 193.9296875 
 1569 , 205.564453125 
 1570 , 219.021484375 
 1571 , 230.15625 
 1572 , 241.2109375 
 1573 , 258.181640625 
 1574 , 271.482421875 
 1575 , 263 
 1576 , 238.1484375 
 1577 , 216.271484375 
 1578 , 203.62890625 
 1579 , 198.970703125 
 1580 , 199.1875 
 1581 , 197.10546875 
 1582 , 196.607421875 
 1583 , 215.3671875 
 1584 , 253.263671875 
 1585 , 285.00390625 
 1586 , 293.076171875 
 1587 , 276.767578125 
 1588 , 249.4296875 
 1589 , 239.01171875 
 1590 , 254.869140625 
 1591 , 279.591796875 
 1592 , 302.958984375 
 1593 , 323.7109375 
 1594 , 339.9140625 
 1595 , 356.771484375 
 1596 , 379.34375 
 1597 , 398.91796875 
 1598 , 401.37109375 
 1599 , 374.9140625 
 1600 , 325.306640625 
 1601 , 306.955078125 
 1602 , 359.36328125 
 1603 , 427.654296875 
 1604 , 453.779296875 
 1605 , 465.10546875 
 1606 , 501.869140625 
 1607 , 549.34375 
 1608 , 577.609375 
 1609 , 578.333984375 
 1610 , 554.580078125 
 1611 , 521.443359375 
 1612 , 493.466796875 
 1613 , 460.890625 
 1614 , 409.15234375 
 1615 , 354.109375 
 1616 , 320.41015625 
 1617 , 296.16015625 
 1618 , 257.5859375 
 1619 , 224.31640625 
 1620 , 230.08984375 
 1621 , 251.470703125 
 1622 , 239.67578125 
 1623 , 198.3203125 
 1624 , 161.173828125 
 1625 , 143.642578125 
 1626 , 149.423828125 
 1627 , 165.39453125 
 1628 , 162.234375 
 1629 , 133.572265625 
 1630 , 98.05078125 
 1631 , 74.05078125 
 1632 , 75.3046875 
 1633 , 93.953125 
 1634 , 103.875 
 1635 , 103.16015625 
 1636 , 109.662109375 
 1637 , 121.154296875 
 1638 , 121.369140625 
 1639 , 113.939453125 
 1640 , 118.033203125 
 1641 , 127.154296875 
 1642 , 108.326171875 
 1643 , 67.8515625 
 1644 , 59.958984375 
 1645 , 96.47265625 
 1646 , 132.84765625 
 1647 , 143.05078125 
 1648 , 130.193359375 
 1649 , 103.470703125 
 1650 , 77.501953125 
 1651 , 66.60546875 
 1652 , 83.826171875 
 1653 , 127.634765625 
 1654 , 170.759765625 
 1655 , 189.748046875 
 1656 , 179.251953125 
 1657 , 150.486328125 
 1658 , 132.44921875 
 1659 , 129.548828125 
 1660 , 102.5390625 
 1661 , 46.087890625 
 1662 , 27.150390625 
 1663 , 72.8203125 
 1664 , 114.361328125 
 1665 , 107.927734375 
 1666 , 86.015625 
 1667 , 76.52734375 
 1668 , 72.91015625 
 1669 , 71.62890625 
 1670 , 91.890625 
 1671 , 137.533203125 
 1672 , 165.130859375 
 1673 , 149.2109375 
 1674 , 125.048828125 
 1675 , 120.70703125 
 1676 , 125.650390625 
 1677 , 129.65234375 
 1678 , 134.625 
 1679 , 140.47265625 
 1680 , 141.349609375 
 1681 , 133.029296875 
 1682 , 115.109375 
 1683 , 92.67578125 
 1684 , 82.80078125 
 1685 , 93.47265625 
 1686 , 108.7578125 
 1687 , 117.833984375 
 1688 , 124.00390625 
 1689 , 127.947265625 
 1690 , 130.5625 
 1691 , 137.216796875 
 1692 , 149.48828125 
 1693 , 160.2890625 
 1694 , 158.109375 
 1695 , 142.6171875 
 1696 , 127.345703125 
 1697 , 120.912109375 
 1698 , 126.07421875 
 1699 , 139.2109375 
 1700 , 138.943359375 
 1701 , 112.552734375 
 1702 , 76.16015625 
 1703 , 46.33203125 
 1704 , 30.630859375 
 1705 , 30.75390625 
 1706 , 34.89453125 
 1707 , 35.412109375 
 1708 , 40.25 
 1709 , 51.984375 
 1710 , 42.84375 
 1711 , 7.349609375 
 1712 ,-3.041015625 
 1713 , 32.40234375 
 1714 , 58.5625 
 1715 , 44.94140625 
 1716 , 27.61328125 
 1717 , 31.58203125 
 1718 , 45.853515625 
 1719 , 64.28125 
 1720 , 86.900390625 
 1721 , 110.6484375 
 1722 , 124.943359375 
 1723 , 127.1015625 
 1724 , 129.5234375 
 1725 , 136.783203125 
 1726 , 138.197265625 
 1727 , 129.380859375 
 1728 , 115.546875 
 1729 , 97.98828125 
 1730 , 75.830078125 
 1731 , 54.93359375 
 1732 , 45.15625 
 1733 , 50.01953125 
 1734 , 69.986328125 
 1735 , 92.37890625 
 1736 , 79.0546875 
 1737 , 32.19921875 
 1738 , 5.541015625 
 1739 , 13.904296875 
 1740 , 27.24609375 
 1741 , 38.990234375 
 1742 , 66.404296875 
 1743 , 101.91015625 
 1744 , 117.39453125 
 1745 , 110.509765625 
 1746 , 95.1171875 
 1747 , 84.275390625 
 1748 , 92.568359375 
 1749 , 113.54296875 
 1750 , 124.50390625 
 1751 , 126.45703125 
 1752 , 134.791015625 
 1753 , 138.634765625 
 1754 , 115.849609375 
 1755 , 82.962890625 
 1756 , 72.5703125 
 1757 , 85.53515625 
 1758 , 110.486328125 
 1759 , 143.005859375 
 1760 , 177.0234375 
 1761 , 199.67578125 
 1762 , 200.41796875 
 1763 , 186.482421875 
 1764 , 169.67578125 
 1765 , 154.291015625 
 1766 , 143.365234375 
 1767 , 139.498046875 
 1768 , 143.583984375 
 1769 , 150.169921875 
 1770 , 153.05859375 
 1771 , 155.296875 
 1772 , 159.228515625 
 1773 , 156.865234375 
 1774 , 143.26953125 
 1775 , 124.201171875 
 1776 , 112.02734375 
 1777 , 135.95703125 
 1778 , 198.076171875 
 1779 , 229.90625 
 1780 , 192.68359375 
 1781 , 129.583984375 
 1782 , 80.029296875 
 1783 , 55.17578125 
 1784 , 51.80859375 
 1785 , 51.509765625 
 1786 , 44.830078125 
 1787 , 35.892578125 
 1788 , 35.22265625 
 1789 , 57.451171875 
 1790 , 85.033203125 
 1791 , 75.65625 
 1792 , 41.73046875 
 1793 , 37.123046875 
 1794 , 64.033203125 
 1795 , 86.501953125 
 1796 , 101.236328125 
 1797 , 125.01171875 
 1798 , 146.9453125 
 1799 , 143.869140625 
 1800 , 137.052734375 
 1801 , 163.107421875 
 1802 , 194.58203125 
 1803 , 184.337890625 
 1804 , 141.48828125 
 1805 , 96.8515625 
 1806 , 74.7421875 
 1807 , 85.75390625 
 1808 , 101.771484375 
 1809 , 97.4375 
 1810 , 82.201171875 
 1811 , 70.033203125 
 1812 , 76.294921875 
 1813 , 104.66796875 
 1814 , 121.5390625 
 1815 , 102.109375 
 1816 , 58.451171875 
 1817 , 21.103515625 
 1818 , 34.892578125 
 1819 , 94.19921875 
 1820 , 129.87890625 
 1821 , 116.921875 
 1822 , 84.1171875 
 1823 , 56.20703125 
 1824 , 49.388671875 
 1825 , 62.662109375 
 1826 , 83.451171875 
 1827 , 102.94921875 
 1828 , 112.609375 
 1829 , 109.220703125 
 1830 , 95.96484375 
 1831 , 85.779296875 
 1832 , 91.62109375 
 1833 , 98.65234375 
 1834 , 86.228515625 
 1835 , 59.66015625 
 1836 , 36.875 
 1837 , 51.029296875 
 1838 , 113.6328125 
 1839 , 158.7109375 
 1840 , 143.69140625 
 1841 , 123.158203125 
 1842 , 133.17578125 
 1843 , 141.91015625 
 1844 , 127.96484375 
 1845 , 101.857421875 
 1846 , 78.728515625 
 1847 , 75.111328125 
 1848 , 92.7578125 
 1849 , 115.5078125 
 1850 , 139.837890625 
 1851 , 175.302734375 
 1852 , 202.685546875 
 1853 , 183.259765625 
 1854 , 130.1796875 
 1855 , 87.703125 
 1856 , 73.880859375 
 1857 , 86.30859375 
 1858 , 91.796875 
 1859 , 63.4375 
 1860 , 43.134765625 
 1861 , 67.68359375 
 1862 , 98.908203125 
 1863 , 103.259765625 
 1864 , 97.20703125 
 1865 , 94.826171875 
 1866 , 91.126953125 
 1867 , 87.515625 
 1868 , 95.2890625 
 1869 , 108.4140625 
 1870 , 104.6328125 
 1871 , 88.318359375 
 1872 , 82.96875 
 1873 , 86.556640625 
 1874 , 84.505859375 
 1875 , 75.951171875 
 1876 , 64.388671875 
 1877 , 67.390625 
 1878 , 104.4375 
 1879 , 137.111328125 
 1880 , 120.904296875 
 1881 , 98.45703125 
 1882 , 112.564453125 
 1883 , 115.453125 
 1884 , 78.642578125 
 1885 , 69.978515625 
 1886 , 123.923828125 
 1887 , 184.09765625 
 1888 , 203.44921875 
 1889 , 165.396484375 
 1890 , 101.576171875 
 1891 , 91.72265625 
 1892 , 131.560546875 
 1893 , 145.912109375 
 1894 , 130.875 
 1895 , 126.671875 
 1896 , 126.353515625 
 1897 , 104.798828125 
 1898 , 79.62109375 
 1899 , 77.15625 
 1900 , 86.228515625 
 1901 , 89.66015625 
 1902 , 84.90625 
 1903 , 74.994140625 
 1904 , 69.498046875 
 1905 , 75.77734375 
 1906 , 95.18359375 
 1907 , 120.00390625 
 1908 , 130.38671875 
 1909 , 129.607421875 
 1910 , 145.279296875 
 1911 , 169.78515625 
 1912 , 169.466796875 
 1913 , 155.0859375 
 1914 , 160.5625 
 1915 , 177.13671875 
 1916 , 181.42578125 
 1917 , 178.978515625 
 1918 , 177.416015625 
 1919 , 156.02734375 
 1920 , 108.205078125 
 1921 , 76.283203125 
 1922 , 78.9765625 
 1923 , 85.732421875 
 1924 , 86.0390625 
 1925 , 96.78125 
 1926 , 118.49609375 
 1927 , 137.279296875 
 1928 , 147.18359375 
 1929 , 146.216796875 
 1930 , 137.810546875 
 1931 , 130.744140625 
 1932 , 129.2734375 
 1933 , 129.91015625 
 1934 , 113.22265625 
 1935 , 76.029296875 
 1936 , 66.169921875 
 1937 , 107.1328125 
 1938 , 161.98828125 
 1939 , 196.91796875 
 1940 , 194.60546875 
 1941 , 162.373046875 
 1942 , 126.41796875 
 1943 , 109.490234375 
 1944 , 129.86328125 
 1945 , 180.373046875 
 1946 , 236.197265625 
 1947 , 245.228515625 
 1948 , 175.5703125 
 1949 , 100.904296875 
 1950 , 82.09375 
 1951 , 88.080078125 
 1952 , 92.7265625 
 1953 , 101.48046875 
 1954 , 119.314453125 
 1955 , 150.1640625 
 1956 , 175.091796875 
 1957 , 154.318359375 
 1958 , 93.947265625 
 1959 , 31.822265625 
 1960 , 13.03125 
 1961 , 65.76171875 
 1962 , 128.291015625 
 1963 , 137.896484375 
 1964 , 108.767578125 
 1965 , 72.2109375 
 1966 , 60.41796875 
 1967 , 77.798828125 
 1968 , 93.7109375 
 1969 , 95.392578125 
 1970 , 87.251953125 
 1971 , 87.1796875 
 1972 , 119.529296875 
 1973 , 150.1796875 
 1974 , 130.11328125 
 1975 , 104.390625 
 1976 , 125.0859375 
 1977 , 151.890625 
 1978 , 149.96484375 
 1979 , 147.58203125 
 1980 , 155.181640625 
 1981 , 142.09765625 
 1982 , 116.51171875 
 1983 , 124.3125 
 1984 , 147.587890625 
 1985 , 133.931640625 
 1986 , 103.8125 
 1987 , 98.556640625 
 1988 , 99.580078125 
 1989 , 88.1953125 
 1990 , 101.578125 
 1991 , 156.009765625 
 1992 , 202.0625 
 1993 , 208.314453125 
 1994 , 182.58984375 
 1995 , 151.609375 
 1996 , 150.716796875 
 1997 , 174.72265625 
 1998 , 196.7734375 
 1999 , 204.759765625 
 2000 , 195.44140625 
 2001 , 175.8359375 
 2002 , 158.439453125 
 2003 , 166.263671875 
 2004 , 196.794921875 
 2005 , 201.671875 
 2006 , 175.572265625 
 2007 , 162.341796875 
 2008 , 156.548828125 
 2009 , 123.763671875 
 2010 , 95.658203125 
 2011 , 116.857421875 
 2012 , 147.98046875 
 2013 , 147.970703125 
 2014 , 140.5703125 
 2015 , 144.45703125 
 2016 , 146.703125 
 2017 , 134.943359375 
 2018 , 105.1328125 
 2019 , 80.869140625 
 2020 , 98.69921875 
 2021 , 135.01171875 
 2022 , 146.892578125 
 2023 , 141.98828125 
 2024 , 135.81640625 
 2025 , 119.828125 
 2026 , 87.5625 
 2027 , 49.107421875 
 2028 , 22.0703125 
 2029 , 25.28125 
 2030 , 57.126953125 
 2031 , 102.4140625 
 2032 , 135.154296875 
 2033 , 130.474609375 
 2034 , 115.009765625 
 2035 , 114.796875 
 2036 , 95.9453125 
 2037 , 44.607421875 
 2038 , 10.6484375 
 2039 , 9.291015625 
 2040 , 7.78125 
 2041 , 4.279296875 
 2042 , 21.455078125 
 2043 , 59.98046875 
 2044 , 104.36328125 
 2045 , 120.509765625 
 2046 , 99.037109375 
 2047 , 101.44921875 
 2048 , 138.720703125 
 2049 , 128.373046875 
 2050 , 76.732421875 
 2051 , 73.373046875 
 2052 , 96.154296875 
 2053 , 71.3046875 
 2054 , 34.3515625 
 2055 , 37.34765625 
 2056 , 49.46484375 
 2057 , 41.787109375 
 2058 , 25.966796875 
 2059 , 22.80078125 
 2060 , 55.57421875 
 2061 , 108.662109375 
 2062 , 140.201171875 
 2063 , 136.744140625 
 2064 , 105.82421875 
 2065 , 88.43359375 
 2066 , 108.2421875 
 2067 , 121.126953125 
 2068 , 108.36328125 
 2069 , 105.732421875 
 2070 , 127.7734375 
 2071 , 162.876953125 
 2072 , 183.875 
 2073 , 167.083984375 
 2074 , 145.376953125 
 2075 , 146.958984375 
 2076 , 135.087890625 
 2077 , 97.943359375 
 2078 , 83.51171875 
 2079 , 96.86328125 
 2080 , 96.978515625 
 2081 , 83.337890625 
 2082 , 79.69921875 
 2083 , 92.6953125 
 2084 , 113.146484375 
 2085 , 107.279296875 
 2086 , 70.3046875 
 2087 , 53.703125 
 2088 , 66.57421875 
 2089 , 71.859375 
 2090 , 68.345703125 
 2091 , 73.484375 
 2092 , 83.861328125 
 2093 , 89.373046875 
 2094 , 75.40234375 
 2095 , 50.96875 
 2096 , 73.955078125 
 2097 , 141.087890625 
 2098 , 178.947265625 
 2099 , 176.0546875 
 2100 , 164.27734375 
 2101 , 170.7734375 
 2102 , 200.208984375 
 2103 , 193.345703125 
 2104 , 138.072265625 
 2105 , 128.798828125 
 2106 , 178.90234375 
 2107 , 210.095703125 
 2108 , 208.572265625 
 2109 , 201.462890625 
 2110 , 204.8359375 
 2111 , 220.244140625 
 2112 , 220.935546875 
 2113 , 194.1875 
 2114 , 157.30078125 
 2115 , 117.060546875 
 2116 , 71.267578125 
 2117 , 45.935546875 
 2118 , 67.306640625 
 2119 , 93.87890625 
 2120 , 88.16015625 
 2121 , 70.083984375 
 2122 , 62.119140625 
 2123 , 77.521484375 
 2124 , 108.291015625 
 2125 , 131.654296875 
 2126 , 139.32421875 
 2127 , 131.625 
 2128 , 116.765625 
 2129 , 104.90625 
 2130 , 105.65625 
 2131 , 122.2734375 
 2132 , 149.6767578125 
 2133 , 164.3662109375 
 2134 , 140.95703125 
 2135 , 107.9580078125 
 2136 , 100.59765625 
 2137 , 120.078125 
 2138 , 145.3759765625 
 2139 , 133.7978515625 
 2140 , 101.1513671875 
 2141 , 105.52734375 
 2142 , 129.6533203125 
 2143 , 131.9033203125 
 2144 , 118.1259765625 
 2145 , 102.701171875 
 2146 , 93.5283203125 
 2147 , 99.18359375 
 2148 , 126.91796875 
 2149 , 151.666015625 
 2150 , 138.2314453125 
 2151 , 102.029296875 
 2152 , 71.1181640625 
 2153 , 63.830078125 
 2154 , 74.6513671875 
 2155 , 75.28515625 
 2156 , 55.2763671875 
 2157 , 21.9345703125 
 2158 ,-1.5185546875 
 2159 , 8.2958984375 
 2160 , 54.58984375 
 2161 , 112.958984375 
 2162 , 122.4296875 
 2163 , 98.201171875 
 2164 , 116.8486328125 
 2165 , 152.888671875 
 2166 , 146.5439453125 
 2167 , 130.7080078125 
 2168 , 133.7490234375 
 2169 , 126.74609375 
 2170 , 103.6845703125 
 2171 , 89.9482421875 
 2172 , 99.9619140625 
 2173 , 134.345703125 
 2174 , 163.6015625 
 2175 , 163.0947265625 
 2176 , 140.60546875 
 2177 , 115.2412109375 
 2178 , 111.99609375 
 2179 , 126.2001953125 
 2180 , 139.0791015625 
 2181 , 161.376953125 
 2182 , 198.03125 
 2183 , 214.2314453125 
 2184 , 198.49609375 
 2185 , 177.7265625 
 2186 , 166.375 
 2187 , 165.521484375 
 2188 , 159.908203125 
 2189 , 140.115234375 
 2190 , 127.1806640625 
 2191 , 122.65234375 
 2192 , 98.5810546875 
 2193 , 82.6396484375 
 2194 , 125.23828125 
 2195 , 165.7314453125 
 2196 , 148.5361328125 
 2197 , 144.8359375 
 2198 , 172.541015625 
 2199 , 151.197265625 
 2200 , 99.1533203125 
 2201 , 94.6298828125 
 2202 , 112.97265625 
 2203 , 111.1572265625 
 2204 , 101.248046875 
 2205 , 100.2158203125 
 2206 , 116.2890625 
 2207 , 131.693359375 
 2208 , 120.654296875 
 2209 , 110.9951171875 
 2210 , 133.548828125 
 2211 , 178.380859375 
 2212 , 214.4658203125 
 2213 , 196.9248046875 
 2214 , 146.8349609375 
 2215 , 119.2685546875 
 2216 , 116.357421875 
 2217 , 118.310546875 
 2218 , 96.134765625 
 2219 , 58.4072265625 
 2220 , 54.6083984375 
 2221 , 84.3955078125 
 2222 , 113.962890625 
 2223 , 100.400390625 
 2224 , 46.7998046875 
 2225 , 51.4052734375 
 2226 , 111.298828125 
 2227 , 121.6806640625 
 2228 , 97.9677734375 
 2229 , 98.5 
 2230 , 104.0146484375 
 2231 , 93.87109375 
 2232 , 76.8798828125 
 2233 , 64.6474609375 
 2234 , 67.732421875 
 2235 , 91.779296875 
 2236 , 128.1455078125 
 2237 , 130.4853515625 
 2238 , 96.986328125 
 2239 , 97.9296875 
 2240 , 139.8271484375 
 2241 , 177.61328125 
 2242 , 168.1123046875 
 2243 , 106.2666015625 
 2244 , 72.759765625 
 2245 , 88.9638671875 
 2246 , 98.13671875 
 2247 , 94.052734375 
 2248 , 100.8955078125 
 2249 , 137.70703125 
 2250 , 189.7607421875 
 2251 , 190.111328125 
 2252 , 148.23828125 
 2253 , 133.2294921875 
 2254 , 102.9033203125 
 2255 , 20.515625 
 2256 , 3.9560546875 
 2257 , 78.6787109375 
 2258 , 113.859375 
 2259 , 105.041015625 
 2260 , 122.4677734375 
 2261 , 147.4580078125 
 2262 , 157.2724609375 
 2263 , 180.712890625 
 2264 , 206.9609375 
 2265 , 188.9267578125 
 2266 , 136.916015625 
 2267 , 82.556640625 
 2268 , 47.7080078125 
 2269 , 32.0546875 
 2270 , 9.7919921875 
 2271 , 0.7451171875 
 2272 , 42.505859375 
 2273 , 85.412109375 
 2274 , 87.5068359375 
 2275 , 88.5068359375 
 2276 , 95.9853515625 
 2277 , 75.421875 
 2278 , 41.5205078125 
 2279 , 26.548828125 
 2280 , 46.861328125 
 2281 , 86.7021484375 
 2282 , 96.2373046875 
 2283 , 70.66796875 
 2284 , 39.880859375 
 2285 , 50.9892578125 
 2286 , 106.083984375 
 2287 , 110.6064453125 
 2288 , 66.884765625 
 2289 , 63.06640625 
 2290 , 69.3388671875 
 2291 , 36.7353515625 
 2292 , 10.330078125 
 2293 , 14.9873046875 
 2294 , 40.1806640625 
 2295 , 47.279296875 
 2296 , 7.349609375 
 2297 ,-19.18359375 
 2298 , 6.92578125 
 2299 , 53.3857421875 
 2300 , 80.73828125 
 2301 , 63.2646484375 
 2302 , 37.8603515625 
 2303 , 34.421875 
 2304 , 36.583984375 
 2305 , 36.029296875 
 2306 , 42.03515625 
 2307 , 47.5302734375 
 2308 , 51.818359375 
 2309 , 86.3203125 
 2310 , 134.5791015625 
 2311 , 125.3017578125 
 2312 , 90.53515625 
 2313 , 93.21484375 
 2314 , 93.5751953125 
 2315 , 76.994140625 
 2316 , 91.3125 
 2317 , 113.73828125 
 2318 , 86.986328125 
 2319 , 36.3837890625 
 2320 ,-3.998046875 
 2321 ,-21.6064453125 
 2322 ,-7.5341796875 
 2323 , 40.5703125 
 2324 , 80.841796875 
 2325 , 79.2958984375 
 2326 , 73.994140625 
 2327 , 73.30078125 
 2328 , 42.7470703125 
 2329 , 13.849609375 
 2330 , 10 
 2331 , 10 
 2332 , 10 
 2333 , 10 
 2334 , 10 
 2335 , 10 
 2336 , 10 
 2337 , 10 
 2338 , 10 
 2339 , 10 
