11-20-2017,19:15:58
Wavenumber(cm-1),Intensity
 250 , 14648.1319941986 
 251 , 14638.3313196885 
 252 , 14642.1400757102 
 253 , 14665.7749217453 
 254 , 14695.3256733361 
 255 , 14715.9562028924 
 256 , 14724.8387146825 
 257 , 14728.0771858949 
 258 , 14731.4068301577 
 259 , 14737.4222292423 
 260 , 14747.6554286802 
 261 , 14762.044138956 
 262 , 14776.8579311485 
 263 , 14788.0487778076 
 264 , 14796.5760164626 
 265 , 14808.6908197008 
 266 , 14829.9561863578 
 267 , 14858.2650428076 
 268 , 14887.7740394256 
 269 , 14913.5538227611 
 270 , 14933.7896324266 
 271 , 14947.3772852583 
 272 , 14956.5663895551 
 273 , 14968.4922646093 
 274 , 14990.1629571222 
 275 , 15022.2914725231 
 276 , 15061.3664808062 
 277 , 15103.4791690099 
 278 , 15143.229473458 
 279 , 15174.812038247 
 280 , 15196.1329153773 
 281 , 15212.3769670274 
 282 , 15229.3531771407 
 283 , 15248.7120027305 
 284 , 15268.4132750636 
 285 , 15286.6729616632 
 286 , 15304.1594719734 
 287 , 15322.5024670236 
 288 , 15342.0570150291 
 289 , 15359.8793361397 
 290 , 15372.6440987689 
 291 , 15381.2351087412 
 292 , 15391.3127939876 
 293 , 15407.8698715026 
 294 , 15428.0041931237 
 295 , 15444.8173752795 
 296 , 15454.23516577 
 297 , 15461.6700938041 
 298 , 15474.3850095752 
 299 , 15494.1251555942 
 300 , 15514.8644535243 
 301 , 15530.6114111428 
 302 , 15542.2888537552 
 303 , 15555.1478613375 
 304 , 15572.930750592 
 305 , 15592.8456030127 
 306 , 15610.4395836401 
 307 , 15623.8452495969 
 308 , 15635.5880050433 
 309 , 15648.6490091997 
 310 , 15666.4228463917 
 311 , 15692.6126994988 
 312 , 15729.3290123302 
 313 , 15770.6754794097 
 314 , 15808.2911172068 
 315 , 15838.3945452931 
 316 , 15866.3273936144 
 317 , 15898.1589592564 
 318 , 15933.6721690733 
 319 , 15967.2385182591 
 320 , 15994.0258139595 
 321 , 16014.879001095 
 322 , 16032.6918014889 
 323 , 16049.3503767055 
 324 , 16064.4514700226 
 325 , 16077.4105543101 
 326 , 16090.5186013933 
 327 , 16108.8315645688 
 328 , 16136.1010407884 
 329 , 16166.7676419377 
 330 , 16191.526462669 
 331 , 16206.5888974261 
 332 , 16221.9716334628 
 333 , 16249.2951065577 
 334 , 16287.3959272149 
 335 , 16321.8015766759 
 336 , 16339.9371507972 
 337 , 16347.2366946095 
 338 , 16356.9635672622 
 339 , 16376.7204395075 
 340 , 16398.9411446476 
 341 , 16413.9001329805 
 342 , 16421.0833919509 
 343 , 16430.0429508135 
 344 , 16449.0403546853 
 345 , 16472.843223084 
 346 , 16490.1062418774 
 347 , 16494.1504683244 
 348 , 16491.2018111379 
 349 , 16489.5526244826 
 350 , 16493.8323186305 
 351 , 16504.5971756469 
 352 , 16521.8391910089 
 353 , 16542.89431629 
 354 , 16563.8864534098 
 355 , 16582.0789769131 
 356 , 16597.8719338903 
 357 , 16612.2976855259 
 358 , 16629.1321620983 
 359 , 16655.1609817505 
 360 , 16695.8637675142 
 361 , 16746.0086248667 
 362 , 16795.599115684 
 363 , 16838.033782825 
 364 , 16875.7188028237 
 365 , 16912.3731360008 
 366 , 16947.8433342698 
 367 , 16977.9128298474 
 368 , 16999.2276102752 
 369 , 17015.673841493 
 370 , 17034.1650209082 
 371 , 17057.4460953202 
 372 , 17078.0038274497 
 373 , 17087.4572342399 
 374 , 17092.2716315453 
 375 , 17113.3589885989 
 376 , 17166.6280965671 
 377 , 17233.3055382089 
 378 , 17281.4307112898 
 379 , 17293.6388602607 
 380 , 17284.9210357794 
 381 , 17274.2481798918 
 382 , 17274.0671379096 
 383 , 17291.1164948555 
 384 , 17329.1607198466 
 385 , 17376.9517600627 
 386 , 17418.2749923551 
 387 , 17445.911473924 
 388 , 17470.0468021115 
 389 , 17502.0746438856 
 390 , 17541.8662924874 
 391 , 17580.5087908679 
 392 , 17610.687265014 
 393 , 17633.3627781615 
 394 , 17651.8511653811 
 395 , 17669.6491431026 
 396 , 17690.5500810956 
 397 , 17717.9398060458 
 398 , 17750.1705254218 
 399 , 17782.358513494 
 400 , 17810.7481161939 
 401 , 17835.96329305 
 402 , 17859.6540029577 
 403 , 17883.9589906784 
 404 , 17911.6791449421 
 405 , 17945.3031049966 
 406 , 17984.1294087115 
 407 , 18025.7868708815 
 408 , 18067.5366939407 
 409 , 18105.6076353794 
 410 , 18136.2231320478 
 411 , 18160.5071020788 
 412 , 18184.9104776518 
 413 , 18214.9237169642 
 414 , 18247.8349697014 
 415 , 18277.5843141113 
 416 , 18300.5799583232 
 417 , 18318.8035061384 
 418 , 18335.0546134651 
 419 , 18353.1226205353 
 420 , 18377.6348616302 
 421 , 18411.3936307928 
 422 , 18448.1016816122 
 423 , 18478.7373562084 
 424 , 18499.3901774099 
 425 , 18514.7988205838 
 426 , 18530.3783592813 
 427 , 18549.7203769057 
 428 , 18575.2538559804 
 429 , 18608.0987938473 
 430 , 18644.8359661573 
 431 , 18681.0680737081 
 432 , 18713.0940742982 
 433 , 18738.0803313071 
 434 , 18753.6827201276 
 435 , 18760.8753716102 
 436 , 18762.1673568143 
 437 , 18762.3556648832 
 438 , 18771.8376733724 
 439 , 18801.1340239473 
 440 , 18847.0953846608 
 441 , 18894.3495737306 
 442 , 18929.9271819744 
 443 , 18955.2302100237 
 444 , 18976.1535908913 
 445 , 18994.5422417641 
 446 , 19005.3854031182 
 447 , 19004.1389620499 
 448 , 18998.702374634 
 449 , 19004.6891221302 
 450 , 19032.1193421189 
 451 , 19072.133943988 
 452 , 19112.1650790038 
 453 , 19145.2887636656 
 454 , 19171.0606461033 
 455 , 19189.951356451 
 456 , 19206.1592034503 
 457 , 19225.4028502865 
 458 , 19252.2510899898 
 459 , 19288.8223943436 
 460 , 19336.2071015188 
 461 , 19385.0119264112 
 462 , 19417.8832966204 
 463 , 19423.907799948 
 464 , 19419.2218697501 
 465 , 19426.4960276763 
 466 , 19453.2011360148 
 467 , 19486.2000437331 
 468 , 19512.2145601137 
 469 , 19528.5987774653 
 470 , 19537.8223010031 
 471 , 19544.3059934861 
 472 , 19557.1633080339 
 473 , 19585.5172690567 
 474 , 19626.3221577356 
 475 , 19666.1633655362 
 476 , 19694.639418805 
 477 , 19716.600299351 
 478 , 19741.1026729904 
 479 , 19769.972849607 
 480 , 19794.3951695463 
 481 , 19805.9310045525 
 482 , 19806.8262290699 
 483 , 19804.8185275455 
 484 , 19806.4224180893 
 485 , 19814.8862444699 
 486 , 19832.9897928803 
 487 , 19864.4333551862 
 488 , 19913.7257773997 
 489 , 19981.1227022602 
 490 , 20047.0546610366 
 491 , 20086.5923790558 
 492 , 20094.301777027 
 493 , 20093.3443451298 
 494 , 20106.2842436618 
 495 , 20131.3187629782 
 496 , 20154.3938072401 
 497 , 20166.956227905 
 498 , 20174.2867242914 
 499 , 20183.4540153116 
 500 , 20196.2434940817 
 501 , 20210.0435776042 
 502 , 20222.6142331292 
 503 , 20233.8734851422 
 504 , 20244.3402225332 
 505 , 20255.5826625272 
 506 , 20270.5775603888 
 507 , 20291.5046161616 
 508 , 20313.881957574 
 509 , 20330.2520009415 
 510 , 20337.9892046935 
 511 , 20344.9843325951 
 512 , 20359.7923051568 
 513 , 20381.2053800905 
 514 , 20400.9444217141 
 515 , 20413.5977121947 
 516 , 20424.5696967376 
 517 , 20441.5758093533 
 518 , 20469.2850948616 
 519 , 20508.9242652605 
 520 , 20559.6715758707 
 521 , 20609.6582184713 
 522 , 20643.0912674717 
 523 , 20655.3042384934 
 524 , 20661.1009068749 
 525 , 20675.6340673227 
 526 , 20697.8461318487 
 527 , 20717.3259558787 
 528 , 20727.5977560768 
 529 , 20733.2492166365 
 530 , 20740.6546418845 
 531 , 20754.6151678357 
 532 , 20778.5544900778 
 533 , 20814.5875285487 
 534 , 20859.3750617982 
 535 , 20908.0792634208 
 536 , 20954.8544122669 
 537 , 20992.54186418 
 538 , 21015.0072605991 
 539 , 21023.7112300934 
 540 , 21023.317579865 
 541 , 21022.0093273601 
 542 , 21034.7444963058 
 543 , 21075.188984078 
 544 , 21134.1761147698 
 545 , 21188.3540891052 
 546 , 21220.7973791633 
 547 , 21233.7209423232 
 548 , 21233.1445206236 
 549 , 21232.2688148354 
 550 , 21250.7396603422 
 551 , 21301.635057979 
 552 , 21368.6180823301 
 553 , 21427.7781689625 
 554 , 21469.4365251111 
 555 , 21502.0482389192 
 556 , 21534.462009515 
 557 , 21570.462083192 
 558 , 21611.7750377341 
 559 , 21656.0959915414 
 560 , 21693.8836845855 
 561 , 21715.8162641007 
 562 , 21722.0984979317 
 563 , 21718.3199472332 
 564 , 21710.039186999 
 565 , 21702.5813180504 
 566 , 21701.0627899206 
 567 , 21707.9666689119 
 568 , 21723.7190686037 
 569 , 21746.7730581494 
 570 , 21768.6867525481 
 571 , 21779.8178103552 
 572 , 21779.4101919757 
 573 , 21776.1135339434 
 574 , 21778.0970644296 
 575 , 21788.8133961884 
 576 , 21810.1637679894 
 577 , 21841.024238776 
 578 , 21875.9849955638 
 579 , 21910.1222208211 
 580 , 21944.2572005311 
 581 , 21981.6510339062 
 582 , 22021.2238302758 
 583 , 22053.6965365997 
 584 , 22069.861958052 
 585 , 22070.2871873003 
 586 , 22061.1578296489 
 587 , 22050.1272932179 
 588 , 22048.3490210128 
 589 , 22066.3380767447 
 590 , 22097.7823074484 
 591 , 22123.7998519462 
 592 , 22131.1341638112 
 593 , 22126.1089614591 
 594 , 22118.905153755 
 595 , 22115.8869109233 
 596 , 22119.7765861203 
 597 , 22132.4145670395 
 598 , 22152.4475636158 
 599 , 22177.6718209458 
 600 , 22206.3694175147 
 601 , 22237.4063132693 
 602 , 22270.0234654676 
 603 , 22305.3754286567 
 604 , 22345.1909945585 
 605 , 22386.0569170081 
 606 , 22416.8609118957 
 607 , 22428.2772233775 
 608 , 22428.4754891464 
 609 , 22433.2616784655 
 610 , 22452.2902393431 
 611 , 22483.7855547799 
 612 , 22524.7622546188 
 613 , 22572.4741746023 
 614 , 22624.306486026 
 615 , 22678.0005428517 
 616 , 22732.1007888052 
 617 , 22785.209448303 
 618 , 22835.3022506367 
 619 , 22879.9459572086 
 620 , 22918.22143326 
 621 , 22953.3901888817 
 622 , 22989.3436913386 
 623 , 23028.7214775797 
 624 , 23073.18504119 
 625 , 23121.2265980457 
 626 , 23160.9453912443 
 627 , 23179.0879806532 
 628 , 23178.008077695 
 629 , 23174.3380435791 
 630 , 23180.9677415988 
 631 , 23194.0023495193 
 632 , 23205.6247498775 
 633 , 23213.1877029564 
 634 , 23219.5113410111 
 635 , 23226.9978285307 
 636 , 23234.912328057 
 637 , 23241.6221864408 
 638 , 23245.6856492085 
 639 , 23245.8914400909 
 640 , 23242.3755009737 
 641 , 23242.3839697967 
 642 , 23255.3235566981 
 643 , 23281.9738605364 
 644 , 23311.3786099031 
 645 , 23333.9863168291 
 646 , 23353.9017094714 
 647 , 23380.2394473845 
 648 , 23414.99585138 
 649 , 23449.3750751956 
 650 , 23474.4185643259 
 651 , 23486.2134265478 
 652 , 23483.0073175269 
 653 , 23466.3938903225 
 654 , 23443.525524669 
 655 , 23422.7805785372 
 656 , 23417.86591734 
 657 , 23444.7590771572 
 658 , 23502.4474365642 
 659 , 23559.1803901053 
 660 , 23584.2467404466 
 661 , 23582.558186359 
 662 , 23576.6606141477 
 663 , 23581.0606865242 
 664 , 23594.4377512127 
 665 , 23613.3584160216 
 666 , 23631.6963688962 
 667 , 23641.9531566627 
 668 , 23644.4894158768 
 669 , 23655.8041172191 
 670 , 23691.7886549603 
 671 , 23743.5967951445 
 672 , 23788.7055642679 
 673 , 23817.0378084519 
 674 , 23845.4634041573 
 675 , 23891.5512941507 
 676 , 23945.1160904131 
 677 , 23980.0762324996 
 678 , 23985.9409954795 
 679 , 23986.988380985 
 680 , 24009.1341610076 
 681 , 24047.4653091718 
 682 , 24079.0016681928 
 683 , 24093.8573911604 
 684 , 24111.9557121172 
 685 , 24154.4204458418 
 686 , 24212.8268469345 
 687 , 24261.2664908168 
 688 , 24280.3979212699 
 689 , 24266.1021147792 
 690 , 24218.5585791728 
 691 , 24160.9443321602 
 692 , 24129.8979835771 
 693 , 24142.7105777838 
 694 , 24173.4992008937 
 695 , 24193.8539144448 
 696 , 24208.134053644 
 697 , 24239.5912342422 
 698 , 24300.2185995874 
 699 , 24377.2661099425 
 700 , 24454.298172382 
 701 , 24510.3258744641 
 702 , 24521.9365243714 
 703 , 24485.0502835458 
 704 , 24435.6388655957 
 705 , 24410.7921106401 
 706 , 24412.5504321307 
 707 , 24424.2674550378 
 708 , 24435.9053742644 
 709 , 24450.7299060937 
 710 , 24472.3729015816 
 711 , 24494.470166726 
 712 , 24505.7119543881 
 713 , 24503.4215224418 
 714 , 24500.8247736525 
 715 , 24510.8084899171 
 716 , 24530.4219138495 
 717 , 24549.3429521192 
 718 , 24559.5713503738 
 719 , 24557.1102340652 
 720 , 24540.4831448583 
 721 , 24523.152479939 
 722 , 24524.7268719623 
 723 , 24550.6067586966 
 724 , 24584.2084104733 
 725 , 24609.9906038956 
 726 , 24630.6598680917 
 727 , 24655.7465601281 
 728 , 24685.6372721555 
 729 , 24707.9728215096 
 730 , 24712.972066979 
 731 , 24710.1693284899 
 732 , 24715.4609006606 
 733 , 24736.7882947221 
 734 , 24772.2319706174 
 735 , 24817.9520853868 
 736 , 24863.8837909071 
 737 , 24898.4822170172 
 738 , 24920.1988843531 
 739 , 24938.3746647116 
 740 , 24960.35824583 
 741 , 24983.1353729571 
 742 , 25001.3554403688 
 743 , 25016.0123757997 
 744 , 25034.1014176505 
 745 , 25060.4600091729 
 746 , 25091.6868868176 
 747 , 25122.6411359005 
 748 , 25148.6959452198 
 749 , 25165.6438115681 
 750 , 25171.7821750315 
 751 , 25172.5680004914 
 752 , 25174.3263173983 
 753 , 25178.2153826789 
 754 , 25181.8622873802 
 755 , 25184.9330067386 
 756 , 25192.0961838131 
 757 , 25207.4619140838 
 758 , 25222.4694392379 
 759 , 25221.4499117835 
 760 , 25201.6799483756 
 761 , 25185.7847296564 
 762 , 25195.5762950041 
 763 , 25224.0937452998 
 764 , 25251.1502459816 
 765 , 25266.1620831891 
 766 , 25273.8589161693 
 767 , 25280.2171186355 
 768 , 25290.5642482553 
 769 , 25309.8126251706 
 770 , 25336.3755350326 
 771 , 25360.3724971021 
 772 , 25373.0896348256 
 773 , 25373.7647202083 
 774 , 25364.0404624724 
 775 , 25347.7098268613 
 776 , 25330.7566231327 
 777 , 25318.5440690664 
 778 , 25313.8656269916 
 779 , 25318.9196029452 
 780 , 25335.5630180983 
 781 , 25365.3700819941 
 782 , 25404.4045425257 
 783 , 25433.7905626762 
 784 , 25434.7478026679 
 785 , 25417.4217964947 
 786 , 25409.8899584016 
 787 , 25425.9894165062 
 788 , 25449.715952539 
 789 , 25464.5823992438 
 790 , 25479.2146515133 
 791 , 25513.8461318085 
 792 , 25571.6115357685 
 793 , 25628.9731968694 
 794 , 25665.1134687166 
 795 , 25687.5689674345 
 796 , 25713.3734277947 
 797 , 25745.7798411039 
 798 , 25771.9343388608 
 799 , 25782.6033030093 
 800 , 25786.8774094898 
 801 , 25797.5358579549 
 802 , 25810.3025264386 
 803 , 25806.0836793182 
 804 , 25778.7214830466 
 805 , 25760.6108365749 
 806 , 25787.0011131701 
 807 , 25847.1887879937 
 808 , 25901.308834626 
 809 , 25926.1632225199 
 810 , 25933.5254667052 
 811 , 25938.0574898718 
 812 , 25944.0599081204 
 813 , 25951.0968818158 
 814 , 25957.9838830895 
 815 , 25962.482296986 
 816 , 25963.3829101395 
 817 , 25965.1109910684 
 818 , 25973.5385206762 
 819 , 25986.399767726 
 820 , 25993.0148800427 
 821 , 25986.9714806659 
 822 , 25977.701714809 
 823 , 25977.2542589343 
 824 , 25987.3658221265 
 825 , 26002.2862576778 
 826 , 26016.7802509209 
 827 , 26027.1746664338 
 828 , 26030.5825821675 
 829 , 26028.878697772 
 830 , 26026.2810753761 
 831 , 26025.2131361835 
 832 , 26025.2904528019 
 833 , 26025.9193564787 
 834 , 26026.6770058215 
 835 , 26027.128422162 
 836 , 26025.1065335219 
 837 , 26016.6218660095 
 838 , 26000.7573292304 
 839 , 25987.2922489829 
 840 , 25987.1402670841 
 841 , 25996.3275471855 
 842 , 26000.3953471147 
 843 , 25992.1686656178 
 844 , 25980.7567312138 
 845 , 25976.4177544598 
 846 , 25981.869180511 
 847 , 25996.2717939888 
 848 , 26015.4445865102 
 849 , 26030.5230106965 
 850 , 26035.3374710054 
 851 , 26037.8666798597 
 852 , 26049.5410523106 
 853 , 26068.9121423549 
 854 , 26082.720697646 
 855 , 26082.0593264522 
 856 , 26071.5721189396 
 857 , 26058.3846256841 
 858 , 26050.6634901664 
 859 , 26057.1031634486 
 860 , 26079.2711359833 
 861 , 26106.2406031557 
 862 , 26127.9498575196 
 863 , 26146.7457408851 
 864 , 26169.1763849652 
 865 , 26193.9652898908 
 866 , 26211.2331952304 
 867 , 26215.8761346757 
 868 , 26220.5556535861 
 869 , 26240.5914962431 
 870 , 26277.1801693658 
 871 , 26321.8826410963 
 872 , 26369.3799936275 
 873 , 26421.0120409551 
 874 , 26478.8897015662 
 875 , 26544.9375239689 
 876 , 26620.9482635868 
 877 , 26706.8569770485 
 878 , 26800.3390271764 
 879 , 26896.8591273742 
 880 , 26984.0871750317 
 881 , 27048.7353254768 
 882 , 27089.6999274872 
 883 , 27114.8104352474 
 884 , 27129.3039723293 
 885 , 27132.4463178647 
 886 , 27121.9489952105 
 887 , 27089.9868251283 
 888 , 27026.689703682 
 889 , 26933.9069707249 
 890 , 26828.0937920495 
 891 , 26726.5519725375 
 892 , 26646.323227347 
 893 , 26602.7652462178 
 894 , 26588.8609813168 
 895 , 26581.3030237841 
 896 , 26558.0507223736 
 897 , 26500.4667816824 
 898 , 26398.3189448358 
 899 , 26294.9011493726 
 900 , 26253.7785022514 
 901 , 26283.7227564691 
 902 , 26328.8555810514 
 903 , 26345.8150894251 
 904 , 26347.9923096535 
 905 , 26358.8442217127 
 906 , 26373.4349404157 
 907 , 26368.0462328566 
 908 , 26336.4248581197 
 909 , 26305.5961366855 
 910 , 26299.8640856576 
 911 , 26306.4046946086 
 912 , 26299.9767610321 
 913 , 26279.7071016016 
 914 , 26269.8708361182 
 915 , 26285.9025585614 
 916 , 26313.6948345329 
 917 , 26334.8233183574 
 918 , 26341.7127486385 
 919 , 26332.9509728546 
 920 , 26310.0546609462 
 921 , 26278.9778455527 
 922 , 26246.5646946965 
 923 , 26222.018094698 
 924 , 26214.6911881074 
 925 , 26224.8738993238 
 926 , 26245.2955101727 
 927 , 26270.9811090531 
 928 , 26302.780058939 
 929 , 26340.5534471618 
 930 , 26371.2187112821 
 931 , 26376.5854806262 
 932 , 26355.9950969426 
 933 , 26329.7756254328 
 934 , 26313.7792017956 
 935 , 26304.4795841945 
 936 , 26294.9942506104 
 937 , 26286.7790410981 
 938 , 26286.4300518935 
 939 , 26296.2562120877 
 940 , 26311.2667264893 
 941 , 26326.2208027952 
 942 , 26338.0597354069 
 943 , 26344.5058015786 
 944 , 26345.2645588076 
 945 , 26341.7507513379 
 946 , 26338.7855520211 
 947 , 26348.8979590957 
 948 , 26381.9569696104 
 949 , 26421.8753850283 
 950 , 26442.3739365049 
 951 , 26440.9824815447 
 952 , 26442.3102667888 
 953 , 26462.1064016622 
 954 , 26483.9691402045 
 955 , 26487.5283029078 
 956 , 26474.4415610298 
 957 , 26458.6208595054 
 958 , 26447.7349593874 
 959 , 26440.0719493354 
 960 , 26432.844696227 
 961 , 26421.9244658372 
 962 , 26403.4388828943 
 963 , 26381.6310296219 
 964 , 26366.5151336234 
 965 , 26363.4463752392 
 966 , 26368.8774181205 
 967 , 26378.4341445855 
 968 , 26388.5046668923 
 969 , 26395.8016463161 
 970 , 26398.38448236 
 971 , 26395.5157762289 
 972 , 26389.230616094 
 973 , 26387.8504843035 
 974 , 26398.6456450276 
 975 , 26415.9997765857 
 976 , 26429.3045775922 
 977 , 26435.1211142623 
 978 , 26437.640319219 
 979 , 26441.002307059 
 980 , 26448.1802601967 
 981 , 26461.5391565289 
 982 , 26480.1252039963 
 983 , 26501.3341814032 
 984 , 26521.4318173176 
 985 , 26535.2976083721 
 986 , 26542.0228563894 
 987 , 26554.7681331415 
 988 , 26586.8976990352 
 989 , 26625.8394980313 
 990 , 26644.8379741047 
 991 , 26636.0174676645 
 992 , 26618.3284783298 
 993 , 26611.0568418962 
 994 , 26627.1836139651 
 995 , 26676.2908696234 
 996 , 26746.3446857466 
 997 , 26812.0544403922 
 998 , 26868.6785028632 
 999 , 26943.8291567484 
 1000 , 27061.0484621608 
 1001 , 27215.3454004415 
 1002 , 27394.722272545 
 1003 , 27592.158615047 
 1004 , 27803.7655960294 
 1005 , 28005.5782383917 
 1006 , 28139.8452049863 
 1007 , 28156.9061898146 
 1008 , 28057.5841459255 
 1009 , 27858.2636853021 
 1010 , 27595.6194131034 
 1011 , 27320.8660355514 
 1012 , 27077.7843922167 
 1013 , 26896.5360973571 
 1014 , 26793.8051454653 
 1015 , 26730.1081396626 
 1016 , 26653.4767662942 
 1017 , 26565.6242190477 
 1018 , 26507.7289157088 
 1019 , 26497.7649522206 
 1020 , 26510.5912092595 
 1021 , 26521.0816918271 
 1022 , 26525.0937763141 
 1023 , 26524.6441774036 
 1024 , 26522.0639151165 
 1025 , 26519.9041221087 
 1026 , 26519.7085671563 
 1027 , 26521.2323168088 
 1028 , 26525.895574385 
 1029 , 26543.5740198139 
 1030 , 26585.4291606575 
 1031 , 26647.3659778269 
 1032 , 26714.3779341766 
 1033 , 26773.7630797239 
 1034 , 26817.137004195 
 1035 , 26838.4784356447 
 1036 , 26840.1900433484 
 1037 , 26827.2999708101 
 1038 , 26809.1175922566 
 1039 , 26797.7027943334 
 1040 , 26795.6253161747 
 1041 , 26790.3110289101 
 1042 , 26772.1935695883 
 1043 , 26749.0116492569 
 1044 , 26731.7401976748 
 1045 , 26719.5831810175 
 1046 , 26704.5932260982 
 1047 , 26687.0072164893 
 1048 , 26679.0302713053 
 1049 , 26689.2479105417 
 1050 , 26710.1451230242 
 1051 , 26731.1221774921 
 1052 , 26746.0908204515 
 1053 , 26751.5376238721 
 1054 , 26746.7735647411 
 1055 , 26734.6842024222 
 1056 , 26717.6277354853 
 1057 , 26695.6398698274 
 1058 , 26668.844400369 
 1059 , 26641.5968325386 
 1060 , 26620.1910085955 
 1061 , 26608.4775657486 
 1062 , 26607.5921709919 
 1063 , 26614.8267382213 
 1064 , 26617.9655301316 
 1065 , 26605.6599739303 
 1066 , 26582.0211144866 
 1067 , 26557.1094837275 
 1068 , 26536.049019523 
 1069 , 26519.3827121242 
 1070 , 26508.0091410944 
 1071 , 26503.9385191339 
 1072 , 26507.2327441758 
 1073 , 26507.1068940907 
 1074 , 26490.4527976942 
 1075 , 26461.4330834338 
 1076 , 26437.1393391629 
 1077 , 26425.4261528155 
 1078 , 26418.0202130327 
 1079 , 26409.4067549735 
 1080 , 26411.4393667121 
 1081 , 26438.091401467 
 1082 , 26479.6365178858 
 1083 , 26512.4615828667 
 1084 , 26524.7867258432 
 1085 , 26520.7476672388 
 1086 , 26505.9801725703 
 1087 , 26487.3546695412 
 1088 , 26471.8685669721 
 1089 , 26465.7117820241 
 1090 , 26474.1649184596 
 1091 , 26489.7557040224 
 1092 , 26492.1222668886 
 1093 , 26470.9029230691 
 1094 , 26439.5194247665 
 1095 , 26412.0401920252 
 1096 , 26388.5220638285 
 1097 , 26364.1936444721 
 1098 , 26332.3939358221 
 1099 , 26285.1355436964 
 1100 , 26221.5167799107 
 1101 , 26152.3049177416 
 1102 , 26087.8204339859 
 1103 , 26032.6266038761 
 1104 , 25989.6026727629 
 1105 , 25958.5545049873 
 1106 , 25937.5670030795 
 1107 , 25923.3660811204 
 1108 , 25911.1051611338 
 1109 , 25897.8382651189 
 1110 , 25885.7506093428 
 1111 , 25876.558655748 
 1112 , 25864.1497581126 
 1113 , 25839.8626919645 
 1114 , 25801.6958563228 
 1115 , 25753.1893142498 
 1116 , 25702.4415594307 
 1117 , 25665.2355134813 
 1118 , 25653.171838104 
 1119 , 25658.2565375881 
 1120 , 25668.2164211698 
 1121 , 25676.1811331174 
 1122 , 25678.3921053652 
 1123 , 25674.1522178373 
 1124 , 25666.3232897193 
 1125 , 25658.022015005 
 1126 , 25652.4944858872 
 1127 , 25650.9137959498 
 1128 , 25642.3089224157 
 1129 , 25612.8777650753 
 1130 , 25571.9864236981 
 1131 , 25546.6110564659 
 1132 , 25543.6104800495 
 1133 , 25536.8276831554 
 1134 , 25507.5324991587 
 1135 , 25473.4704869173 
 1136 , 25457.298918637 
 1137 , 25456.4635509792 
 1138 , 25456.4528211341 
 1139 , 25451.61082308 
 1140 , 25445.3265035178 
 1141 , 25436.3006378972 
 1142 , 25412.518088018 
 1143 , 25368.9461107824 
 1144 , 25339.4174606155 
 1145 , 25363.4222679281 
 1146 , 25417.329781079 
 1147 , 25439.1300956925 
 1148 , 25407.3845079828 
 1149 , 25352.9624769607 
 1150 , 25303.7710853399 
 1151 , 25270.9240086219 
 1152 , 25260.1185823699 
 1153 , 25261.3360511755 
 1154 , 25259.7625259395 
 1155 , 25254.2786340866 
 1156 , 25254.0515644172 
 1157 , 25262.9847149574 
 1158 , 25276.5915380621 
 1159 , 25289.7478295782 
 1160 , 25297.5353501034 
 1161 , 25295.1347373399 
 1162 , 25278.1368419957 
 1163 , 25243.0312165986 
 1164 , 25199.4655077794 
 1165 , 25168.4117909449 
 1166 , 25157.6421385209 
 1167 , 25151.3520690643 
 1168 , 25137.624763441 
 1169 , 25127.2431281301 
 1170 , 25132.662438363 
 1171 , 25138.2467588387 
 1172 , 25116.0626296248 
 1173 , 25065.0715255872 
 1174 , 25010.030570365 
 1175 , 24968.1197902655 
 1176 , 24940.2296316247 
 1177 , 24924.8817662095 
 1178 , 24918.3966665791 
 1179 , 24916.7782039609 
 1180 , 24917.9874076639 
 1181 , 24920.9198944951 
 1182 , 24922.8495723732 
 1183 , 24919.3995905416 
 1184 , 24904.4367993268 
 1185 , 24868.5260848397 
 1186 , 24809.4788075503 
 1187 , 24755.9826489457 
 1188 , 24740.1257573027 
 1189 , 24755.2073411345 
 1190 , 24774.537164248 
 1191 , 24774.9864911735 
 1192 , 24737.3698458176 
 1193 , 24665.9723836528 
 1194 , 24610.1724256683 
 1195 , 24608.934115695 
 1196 , 24639.9344475903 
 1197 , 24668.3845576407 
 1198 , 24681.4370621115 
 1199 , 24677.5696950618 
 1200 , 24662.7838919814 
 1201 , 24650.0951821515 
 1202 , 24642.2236687026 
 1203 , 24622.6509899332 
 1204 , 24577.9600761796 
 1205 , 24513.375442099 
 1206 , 24440.2435190425 
 1207 , 24384.2799369131 
 1208 , 24375.3748925637 
 1209 , 24399.7635489883 
 1210 , 24406.0713423485 
 1211 , 24371.6502618192 
 1212 , 24322.7069807749 
 1213 , 24280.9590765211 
 1214 , 24239.6422102495 
 1215 , 24189.9856499043 
 1216 , 24146.6894989141 
 1217 , 24132.4399241244 
 1218 , 24150.202409166 
 1219 , 24187.7753548716 
 1220 , 24221.1246202366 
 1221 , 24210.284306838 
 1222 , 24135.4819637557 
 1223 , 24033.3487058917 
 1224 , 23945.4377893249 
 1225 , 23890.8554921343 
 1226 , 23878.912666004 
 1227 , 23891.7061982296 
 1228 , 23895.2824571474 
 1229 , 23882.6732611971 
 1230 , 23877.8250606827 
 1231 , 23885.8118668412 
 1232 , 23868.5576035472 
 1233 , 23799.0774771258 
 1234 , 23717.5084452678 
 1235 , 23675.2162795325 
 1236 , 23676.1328244873 
 1237 , 23700.8370904389 
 1238 , 23726.2769078072 
 1239 , 23726.5806912247 
 1240 , 23693.8311721613 
 1241 , 23649.0582527328 
 1242 , 23608.7602454073 
 1243 , 23568.1216098549 
 1244 , 23521.459616848 
 1245 , 23481.0543360958 
 1246 , 23463.8326450022 
 1247 , 23464.7907858535 
 1248 , 23464.6482839004 
 1249 , 23452.1121489696 
 1250 , 23425.628937726 
 1251 , 23388.9622359785 
 1252 , 23355.9356820392 
 1253 , 23337.619558737 
 1254 , 23329.0753029406 
 1255 , 23321.7535091763 
 1256 , 23309.898154768 
 1257 , 23289.4330094142 
 1258 , 23262.6609040018 
 1259 , 23237.0425183593 
 1260 , 23213.9965279723 
 1261 , 23185.960658003 
 1262 , 23151.2474558457 
 1263 , 23125.2932000233 
 1264 , 23120.8317535947 
 1265 , 23124.0296658483 
 1266 , 23115.2289650827 
 1267 , 23096.1976970055 
 1268 , 23080.0972431987 
 1269 , 23070.5568065004 
 1270 , 23061.959449185 
 1271 , 23051.4573583348 
 1272 , 23041.4349712284 
 1273 , 23031.6232482876 
 1274 , 23012.3930815799 
 1275 , 22976.5958509001 
 1276 , 22940.288274999 
 1277 , 22924.9152431047 
 1278 , 22924.4707016246 
 1279 , 22916.9228481487 
 1280 , 22896.0526744187 
 1281 , 22872.2917504558 
 1282 , 22855.5723333311 
 1283 , 22853.5626744368 
 1284 , 22867.7318567265 
 1285 , 22880.8303824626 
 1286 , 22874.971303403 
 1287 , 22849.5924592543 
 1288 , 22810.4802593855 
 1289 , 22765.5063699103 
 1290 , 22723.6996230858 
 1291 , 22690.8823570174 
 1292 , 22669.4571185555 
 1293 , 22656.9607230304 
 1294 , 22642.6591707404 
 1295 , 22617.9241974746 
 1296 , 22583.118541521 
 1297 , 22541.4112918057 
 1298 , 22501.9772399659 
 1299 , 22474.6526111312 
 1300 , 22455.0925753185 
 1301 , 22431.0166373999 
 1302 , 22398.4703121208 
 1303 , 22361.7400329984 
 1304 , 22326.4877755686 
 1305 , 22300.0376692126 
 1306 , 22284.7535154501 
 1307 , 22268.976029308 
 1308 , 22242.8181910629 
 1309 , 22216.4147060935 
 1310 , 22202.8948852121 
 1311 , 22189.0210882718 
 1312 , 22149.839132178 
 1313 , 22092.8009866063 
 1314 , 22052.4540969428 
 1315 , 22041.1533745744 
 1316 , 22039.4047316452 
 1317 , 22031.9508538136 
 1318 , 22018.5447139038 
 1319 , 22003.0914158855 
 1320 , 21997.5702750935 
 1321 , 22010.564070668 
 1322 , 22014.0009252001 
 1323 , 21968.9279999464 
 1324 , 21892.5412877853 
 1325 , 21839.3392635178 
 1326 , 21828.8506284825 
 1327 , 21841.247428227 
 1328 , 21857.7994216682 
 1329 , 21865.3295657168 
 1330 , 21856.089653255 
 1331 , 21836.57482458 
 1332 , 21813.9278690922 
 1333 , 21785.589677381 
 1334 , 21747.1746847327 
 1335 , 21704.5909771789 
 1336 , 21668.8259152316 
 1337 , 21647.5066074117 
 1338 , 21645.1093748431 
 1339 , 21652.2054434489 
 1340 , 21641.6085143966 
 1341 , 21602.1706163106 
 1342 , 21558.208401657 
 1343 , 21530.6576481849 
 1344 , 21514.2990160289 
 1345 , 21500.0737942097 
 1346 , 21488.356793896 
 1347 , 21481.8184079602 
 1348 , 21473.2739774776 
 1349 , 21450.6072875217 
 1350 , 21413.382342941 
 1351 , 21371.4861024761 
 1352 , 21333.2106880689 
 1353 , 21304.1546617068 
 1354 , 21285.5781500829 
 1355 , 21269.8394121745 
 1356 , 21248.6613043619 
 1357 , 21215.5563563975 
 1358 , 21166.5841572996 
 1359 , 21110.0737696191 
 1360 , 21057.970812679 
 1361 , 21015.4060631056 
 1362 , 20983.5035310056 
 1363 , 20959.7373508008 
 1364 , 20938.5633352807 
 1365 , 20917.407654318 
 1366 , 20897.6936807919 
 1367 , 20878.7531145061 
 1368 , 20855.1694783344 
 1369 , 20819.2238959048 
 1370 , 20757.7125202871 
 1371 , 20665.8677152279 
 1372 , 20587.2310191084 
 1373 , 20571.724252941 
 1374 , 20595.2928864506 
 1375 , 20600.8762361361 
 1376 , 20583.6569636938 
 1377 , 20577.1737049498 
 1378 , 20582.2747343291 
 1379 , 20562.1049969487 
 1380 , 20497.2972616594 
 1381 , 20401.5452135011 
 1382 , 20299.0285360686 
 1383 , 20232.7746935016 
 1384 , 20231.9217791843 
 1385 , 20257.3500447767 
 1386 , 20258.6610594959 
 1387 , 20223.4700173825 
 1388 , 20156.0772169661 
 1389 , 20079.0116923924 
 1390 , 20023.8081206452 
 1391 , 19988.769332046 
 1392 , 19943.6509750418 
 1393 , 19888.4556557234 
 1394 , 19863.2888553591 
 1395 , 19879.862122496 
 1396 , 19890.5609316361 
 1397 , 19861.7023041672 
 1398 , 19818.8859095051 
 1399 , 19790.8036322008 
 1400 , 19773.0577907195 
 1401 , 19754.2080686918 
 1402 , 19737.0279064656 
 1403 , 19728.4280671381 
 1404 , 19715.5272291322 
 1405 , 19674.8672544767 
 1406 , 19614.3740377561 
 1407 , 19569.6566970316 
 1408 , 19555.0704974179 
 1409 , 19556.3052464818 
 1410 , 19560.4903744989 
 1411 , 19560.9852045842 
 1412 , 19550.8940351267 
 1413 , 19520.7455269798 
 1414 , 19469.687223801 
 1415 , 19434.1362589032 
 1416 , 19448.7322543947 
 1417 , 19477.5922584036 
 1418 , 19464.1327382647 
 1419 , 19412.3423585952 
 1420 , 19358.4825224759 
 1421 , 19315.5153476298 
 1422 , 19277.7547516348 
 1423 , 19243.3894959869 
 1424 , 19215.4987870876 
 1425 , 19194.9457017961 
 1426 , 19178.6681341303 
 1427 , 19163.7868772341 
 1428 , 19148.6248401237 
 1429 , 19132.6314088954 
 1430 , 19118.4117648762 
 1431 , 19107.615575327 
 1432 , 19094.1781388806 
 1433 , 19070.8072064764 
 1434 , 19037.9823314134 
 1435 , 18999.4917499743 
 1436 , 18958.4512263292 
 1437 , 18917.7096796406 
 1438 , 18882.8007958126 
 1439 , 18861.1628071937 
 1440 , 18848.1058613763 
 1441 , 18824.8265398332 
 1442 , 18788.2790187392 
 1443 , 18762.3392022 
 1444 , 18761.5494486179 
 1445 , 18773.6451870937 
 1446 , 18785.5889851508 
 1447 , 18793.7455437154 
 1448 , 18796.597659679 
 1449 , 18793.7015126549 
 1450 , 18784.94041303 
 1451 , 18770.3251359552 
 1452 , 18750.93079426 
 1453 , 18737.6307617988 
 1454 , 18745.6781137077 
 1455 , 18773.8741566002 
 1456 , 18808.1763496684 
 1457 , 18828.8730244357 
 1458 , 18811.2478336527 
 1459 , 18754.180848526 
 1460 , 18689.6625951025 
 1461 , 18639.5679941422 
 1462 , 18602.0315611779 
 1463 , 18567.8097767432 
 1464 , 18515.4105071982 
 1465 , 18432.6905598518 
 1466 , 18347.862577764 
 1467 , 18289.9539158517 
 1468 , 18247.298640184 
 1469 , 18198.3503091487 
 1470 , 18140.5420933839 
 1471 , 18079.449816415 
 1472 , 18021.5052159239 
 1473 , 17973.3818415136 
 1474 , 17938.3720447475 
 1475 , 17916.9529376565 
 1476 , 17903.9583721312 
 1477 , 17888.7953826459 
 1478 , 17867.097091416 
 1479 , 17843.0143510165 
 1480 , 17821.1363360734 
 1481 , 17805.7870290217 
 1482 , 17796.9782217723 
 1483 , 17784.8555120537 
 1484 , 17761.6242990956 
 1485 , 17730.1010373382 
 1486 , 17695.333515486 
 1487 , 17663.1747939209 
 1488 , 17638.3834405041 
 1489 , 17618.4021810248 
 1490 , 17599.0937923841 
 1491 , 17583.7307897569 
 1492 , 17577.7459112945 
 1493 , 17573.2494955244 
 1494 , 17555.4567229348 
 1495 , 17526.6965544184 
 1496 , 17502.0299916288 
 1497 , 17481.9514558001 
 1498 , 17452.4634178065 
 1499 , 17412.8853851576 
 1500 , 17380.1251004852 
 1501 , 17358.326565471 
 1502 , 17329.0204978334 
 1503 , 17286.1357388735 
 1504 , 17253.9524259827 
 1505 , 17246.4442774682 
 1506 , 17239.2695135627 
 1507 , 17210.6240316579 
 1508 , 17170.3834915 
 1509 , 17132.8987126214 
 1510 , 17100.9261092469 
 1511 , 17073.6208237649 
 1512 , 17048.5566920983 
 1513 , 17022.3330367983 
 1514 , 16988.4917703655 
 1515 , 16940.7345054058 
 1516 , 16889.8705682544 
 1517 , 16855.5530622191 
 1518 , 16836.4235525351 
 1519 , 16815.9046575447 
 1520 , 16792.0172933066 
 1521 , 16776.5191333001 
 1522 , 16771.5093608849 
 1523 , 16767.2385227575 
 1524 , 16754.8018502013 
 1525 , 16727.5395504503 
 1526 , 16684.4927756651 
 1527 , 16634.6168518876 
 1528 , 16590.0488262162 
 1529 , 16567.7099450472 
 1530 , 16573.6244595652 
 1531 , 16581.6274800538 
 1532 , 16569.0706542129 
 1533 , 16545.105594993 
 1534 , 16523.5264232724 
 1535 , 16507.9458974454 
 1536 , 16498.3760425141 
 1537 , 16490.4036061465 
 1538 , 16478.8489676452 
 1539 , 16463.7856611367 
 1540 , 16446.7130753165 
 1541 , 16421.9845058456 
 1542 , 16381.8728236215 
 1543 , 16337.3633678517 
 1544 , 16309.8980034472 
 1545 , 16299.8890617489 
 1546 , 16291.9345966428 
 1547 , 16278.8700041262 
 1548 , 16261.4540744773 
 1549 , 16239.717148182 
 1550 , 16212.7024116686 
 1551 , 16185.1123077878 
 1552 , 16169.0465196746 
 1553 , 16168.7103955944 
 1554 , 16175.0969250081 
 1555 , 16180.1961335568 
 1556 , 16180.0773818147 
 1557 , 16175.2710741365 
 1558 , 16175.3229995401 
 1559 , 16178.4096150973 
 1560 , 16148.6596245486 
 1561 , 16067.7199423536 
 1562 , 15992.6157248196 
 1563 , 15974.844819348 
 1564 , 15984.6575543401 
 1565 , 15981.3246856576 
 1566 , 15965.637487088 
 1567 , 15949.156283958 
 1568 , 15935.6191868998 
 1569 , 15925.7289798163 
 1570 , 15918.1435600744 
 1571 , 15911.0722984587 
 1572 , 15905.9416986129 
 1573 , 15904.7186171434 
 1574 , 15899.2925761581 
 1575 , 15877.2299043491 
 1576 , 15842.9114670289 
 1577 , 15811.1703103291 
 1578 , 15786.8994948814 
 1579 , 15767.2290206397 
 1580 , 15748.5182189417 
 1581 , 15726.9368143153 
 1582 , 15706.0026192215 
 1583 , 15696.2477305641 
 1584 , 15696.3155745385 
 1585 , 15690.926811348 
 1586 , 15670.3657917706 
 1587 , 15633.4261615628 
 1588 , 15588.1613749436 
 1589 , 15555.4983335754 
 1590 , 15543.8638806388 
 1591 , 15538.52738909 
 1592 , 15528.5243454868 
 1593 , 15514.6433572107 
 1594 , 15499.2087787795 
 1595 , 15484.9435575188 
 1596 , 15472.6995753958 
 1597 , 15458.4806204123 
 1598 , 15436.9203011905 
 1599 , 15400.8824728131 
 1600 , 15352.8062564142 
 1601 , 15327.2959591135 
 1602 , 15348.7821011551 
 1603 , 15380.0605455022 
 1604 , 15383.0152081505 
 1605 , 15375.1138455089 
 1606 , 15381.0596048684 
 1607 , 15391.2053799888 
 1608 , 15388.1887903342 
 1609 , 15367.4381867367 
 1610 , 15330.0974173628 
 1611 , 15286.170608697 
 1612 , 15246.4239546018 
 1613 , 15204.7191930195 
 1614 , 15150.6737655676 
 1615 , 15094.4151704946 
 1616 , 15052.4646583603 
 1617 , 15016.1915854975 
 1618 , 14967.5473358743 
 1619 , 14919.4322404578 
 1620 , 14898.1820664942 
 1621 , 14890.5106034358 
 1622 , 14862.0203656828 
 1623 , 14813.5886443656 
 1624 , 14768.6008011867 
 1625 , 14737.6139016079 
 1626 , 14721.0601994387 
 1627 , 14709.5899522249 
 1628 , 14687.2518729859 
 1629 , 14652.1060802928 
 1630 , 14614.0856251057 
 1631 , 14582.7924628064 
 1632 , 14566.5504802937 
 1633 , 14559.5918577922 
 1634 , 14543.2265647662 
 1635 , 14515.7270098534 
 1636 , 14493.0220749302 
 1637 , 14477.1903690417 
 1638 , 14454.452594947 
 1639 , 14423.7597369361 
 1640 , 14399.622525673 
 1641 , 14380.501178222 
 1642 , 14344.2044664562 
 1643 , 14293.8138029629 
 1644 , 14267.1917593645 
 1645 , 14274.8914562604 
 1646 , 14285.851346495 
 1647 , 14279.6047391331 
 1648 , 14256.1304069023 
 1649 , 14220.1262538182 
 1650 , 14181.0786299366 
 1651 , 14148.7952738979 
 1652 , 14132.8171628486 
 1653 , 14133.7364357033 
 1654 , 14136.8372233645 
 1655 , 14129.5483131424 
 1656 , 14105.9431214128 
 1657 , 14069.3692620899 
 1658 , 14039.110767685 
 1659 , 14020.2634919679 
 1660 , 13987.0803744668 
 1661 , 13934.3504948019 
 1662 , 13905.2730707407 
 1663 , 13918.6094002723 
 1664 , 13930.105961329 
 1665 , 13910.219755045 
 1666 , 13877.9954673069 
 1667 , 13849.9988406563 
 1668 , 13823.3741849554 
 1669 , 13798.0341249261 
 1670 , 13786.0465607926 
 1671 , 13788.8607845984 
 1672 , 13779.3987506084 
 1673 , 13742.4705292863 
 1674 , 13700.6375370649 
 1675 , 13671.6421054919 
 1676 , 13648.3998723953 
 1677 , 13623.8474055202 
 1678 , 13599.9533849775 
 1679 , 13578.0678154795 
 1680 , 13554.6476275714 
 1681 , 13526.4804268807 
 1682 , 13493.0514265335 
 1683 , 13457.4749106954 
 1684 , 13430.9374479198 
 1685 , 13419.122794849 
 1686 , 13410.6778688964 
 1687 , 13396.6109229761 
 1688 , 13380.5768516158 
 1689 , 13366.1890493791 
 1690 , 13352.0051568685 
 1691 , 13337.1521653659 
 1692 , 13324.1411672618 
 1693 , 13312.5836102765 
 1694 , 13293.5954621603 
 1695 , 13262.677318482 
 1696 , 13229.308965386 
 1697 , 13202.502904819 
 1698 , 13184.9963997904 
 1699 , 13174.3418807841 
 1700 , 13157.9620394334 
 1701 , 13128.7031714549 
 1702 , 13095.5802007546 
 1703 , 13067.2996661016 
 1704 , 13046.5470451566 
 1705 , 13032.5646889736 
 1706 , 13018.7914998669 
 1707 , 13001.9763613616 
 1708 , 12987.7472152774 
 1709 , 12975.5732306665 
 1710 , 12949.5475616926 
 1711 , 12908.0187033161 
 1712 , 12882.3251352844 
 1713 , 12884.7530906185 
 1714 , 12882.1497651524 
 1715 , 12856.3999309206 
 1716 , 12828.0380864123 
 1717 , 12810.7687030133 
 1718 , 12797.9344371215 
 1719 , 12784.6915689522 
 1720 , 12773.138993154 
 1721 , 12763.0358464115 
 1722 , 12749.1158105651 
 1723 , 12730.3175004301 
 1724 , 12712.971658054 
 1725 , 12698.5378477564 
 1726 , 12680.1573451107 
 1727 , 12655.2895348743 
 1728 , 12628.5674810275 
 1729 , 12602.1362901812 
 1730 , 12574.0855737707 
 1731 , 12546.5147295767 
 1732 , 12526.9341012121 
 1733 , 12518.1589872092 
 1734 , 12516.599178482 
 1735 , 12510.9445941373 
 1736 , 12482.4032930984 
 1737 , 12435.8631196607 
 1738 , 12401.0590079419 
 1739 , 12384.6946064264 
 1740 , 12369.819220255 
 1741 , 12353.6508113773 
 1742 , 12346.828913742 
 1743 , 12345.0234322229 
 1744 , 12331.3329858936 
 1745 , 12303.9706575001 
 1746 , 12273.5793105432 
 1747 , 12248.669008891 
 1748 , 12235.0093638 
 1749 , 12227.1785761207 
 1750 , 12213.2462601222 
 1751 , 12194.8109095401 
 1752 , 12180.6577481784 
 1753 , 12164.2723019491 
 1754 , 12132.6403354942 
 1755 , 12095.3712089581 
 1756 , 12071.7720911775 
 1757 , 12061.6963891669 
 1758 , 12056.3851471871 
 1759 , 12053.3384489988 
 1760 , 12052.043241494 
 1761 , 12046.89994288 
 1762 , 12032.0406953048 
 1763 , 12011.6641328016 
 1764 , 11992.5111770625 
 1765 , 11975.9789771199 
 1766 , 11961.8160634301 
 1767 , 11950.0231415515 
 1768 , 11940.1807794469 
 1769 , 11929.8890687186 
 1770 , 11917.4532638863 
 1771 , 11905.4627101852 
 1772 , 11895.352899062 
 1773 , 11881.9415026697 
 1774 , 11861.5227192963 
 1775 , 11838.0867825066 
 1776 , 11819.8982408587 
 1777 , 11822.3418881118 
 1778 , 11844.8198258583 
 1779 , 11850.2093707423 
 1780 , 11818.922798951 
 1781 , 11773.5502313514 
 1782 , 11733.6633233415 
 1783 , 11705.8046979487 
 1784 , 11689.2510431347 
 1785 , 11674.5560459126 
 1786 , 11657.2510916582 
 1787 , 11640.318914974 
 1788 , 11630.4380679759 
 1789 , 11637.0624173641 
 1790 , 11650.2900708175 
 1791 , 11642.5927005079 
 1792 , 11617.6741515552 
 1793 , 11605.0368035968 
 1794 , 11605.9374773707 
 1795 , 11601.1892829642 
 1796 , 11589.8546987863 
 1797 , 11581.7843208601 
 1798 , 11572.1433513028 
 1799 , 11550.5357360177 
 1800 , 11529.7418917282 
 1801 , 11528.7931689421 
 1802 , 11532.5827790624 
 1803 , 11516.9275494757 
 1804 , 11486.5193864964 
 1805 , 11455.8062454591 
 1806 , 11437.3078714296 
 1807 , 11437.2375828054 
 1808 , 11439.0840136904 
 1809 , 11427.3130510105 
 1810 , 11408.264263343 
 1811 , 11391.8161510781 
 1812 , 11385.1052868617 
 1813 , 11387.6850151872 
 1814 , 11382.7030682393 
 1815 , 11359.238462298 
 1816 , 11322.5076691313 
 1817 , 11287.4495659755 
 1818 , 11281.1973208404 
 1819 , 11303.0710974823 
 1820 , 11313.53132504 
 1821 , 11296.9985991721 
 1822 , 11268.6589448431 
 1823 , 11241.9501405475 
 1824 , 11226.3461185163 
 1825 , 11221.2352978739 
 1826 , 11218.2486029077 
 1827 , 11212.4604657884 
 1828 , 11201.617112008 
 1829 , 11185.3600096212 
 1830 , 11165.0359911206 
 1831 , 11147.117734492 
 1832 , 11137.9890362347 
 1833 , 11129.2203417906 
 1834 , 11109.6342285271 
 1835 , 11081.7317288916 
 1836 , 11054.5228578812 
 1837 , 11046.1877048175 
 1838 , 11063.5500128468 
 1839 , 11071.1302961337 
 1840 , 11046.4228436546 
 1841 , 11019.8642473409 
 1842 , 11011.6231279454 
 1843 , 11004.7890630303 
 1844 , 10987.9064016392 
 1845 , 10965.7772467738 
 1846 , 10945.3888743383 
 1847 , 10934.3628508733 
 1848 , 10933.1346665972 
 1849 , 10934.681810423 
 1850 , 10938.0124552446 
 1851 , 10946.6604225121 
 1852 , 10950.1354908898 
 1853 , 10930.5391972162 
 1854 , 10895.3568274169 
 1855 , 10864.9039505196 
 1856 , 10847.4086482234 
 1857 , 10842.4844087433 
 1858 , 10832.0315393473 
 1859 , 10800.6182065241 
 1860 , 10772.1066047825 
 1861 , 10768.6298093425 
 1862 , 10769.6543290231 
 1863 , 10756.2548741406 
 1864 , 10737.6378268364 
 1865 , 10721.8889425165 
 1866 , 10705.4187738105 
 1867 , 10688.3427404322 
 1868 , 10678.8054669413 
 1869 , 10674.8224504771 
 1870 , 10661.2789181868 
 1871 , 10638.9602036117 
 1872 , 10624.4262329496 
 1873 , 10618.0575210259 
 1874 , 10607.8479233684 
 1875 , 10592.1110800379 
 1876 , 10576.2893695945 
 1877 , 10570.1462824586 
 1878 , 10580.8371511973 
 1879 , 10588.1668021893 
 1880 , 10571.6088860747 
 1881 , 10553.457597696 
 1882 , 10553.726053943 
 1883 , 10545.6913412857 
 1884 , 10513.9879157409 
 1885 , 10495.529017456 
 1886 , 10509.5634059817 
 1887 , 10526.7564706678 
 1888 , 10522.733996351 
 1889 , 10489.0749508751 
 1890 , 10442.3514653571 
 1891 , 10423.1395619279 
 1892 , 10428.1689211413 
 1893 , 10418.6656288235 
 1894 , 10393.3451639311 
 1895 , 10373.33234813 
 1896 , 10355.632690875 
 1897 , 10328.6443472271 
 1898 , 10301.8921416799 
 1899 , 10288.2855987121 
 1900 , 10281.4374152903 
 1901 , 10272.1518875565 
 1902 , 10258.9207227108 
 1903 , 10243.0745538518 
 1904 , 10228.9994630984 
 1905 , 10219.7889911434 
 1906 , 10215.4539230258 
 1907 , 10212.0014728113 
 1908 , 10201.1661006941 
 1909 , 10185.8009357948 
 1910 , 10178.6433749932 
 1911 , 10175.9848848477 
 1912 , 10163.955010514 
 1913 , 10148.0958858734 
 1914 , 10141.6491130324 
 1915 , 10139.2042048484 
 1916 , 10130.6919179468 
 1917 , 10118.445640801 
 1918 , 10104.5099181222 
 1919 , 10078.7052769954 
 1920 , 10039.2801145926 
 1921 , 10009.4365112656 
 1922 , 9999.31577080016 
 1923 , 9991.5644859836 
 1924 , 9979.59255184002 
 1925 , 9972.84210779455 
 1926 , 9972.02417373331 
 1927 , 9969.50721597855 
 1928 , 9963.12176116356 
 1929 , 9954.46227054439 
 1930 , 9944.69464175046 
 1931 , 9934.77901366542 
 1932 , 9925.84779087803 
 1933 , 9916.75903557726 
 1934 , 9897.57121290118 
 1935 , 9866.61507394679 
 1936 , 9849.35309698348 
 1937 , 9858.79557098991 
 1938 , 9876.53677291089 
 1939 , 9884.92426540575 
 1940 , 9872.5617597908 
 1941 , 9842.23500205423 
 1942 , 9809.77691632811 
 1943 , 9788.48903000566 
 1944 , 9787.93447405759 
 1945 , 9804.37977602234 
 1946 , 9824.85641917542 
 1947 , 9821.37195769349 
 1948 , 9775.96082413782 
 1949 , 9726.8888724731 
 1950 , 9706.39606150102 
 1951 , 9698.30779246309 
 1952 , 9689.23600008705 
 1953 , 9684.01509343981 
 1954 , 9685.6976166867 
 1955 , 9692.29064047177 
 1956 , 9692.24138286759 
 1957 , 9667.91866187985 
 1958 , 9624.25554291611 
 1959 , 9580.81555455896 
 1960 , 9560.93567514005 
 1961 , 9579.378474344 
 1962 , 9604.311607639 
 1963 , 9602.95034219317 
 1964 , 9580.88731732958 
 1965 , 9552.85670939925 
 1966 , 9537.00990134584 
 1967 , 9536.68261234004 
 1968 , 9533.92170759523 
 1969 , 9521.67196650237 
 1970 , 9505.58533143231 
 1971 , 9494.63588191149 
 1972 , 9496.6270727981 
 1973 , 9495.32841466268 
 1974 , 9471.37867748083 
 1975 , 9446.29338158862 
 1976 , 9442.08961447811 
 1977 , 9440.66920417866 
 1978 , 9427.95760384787 
 1979 , 9416.04989164416 
 1980 , 9407.70168210119 
 1981 , 9387.93352813513 
 1982 , 9361.81237635444 
 1983 , 9353.16511218611 
 1984 , 9352.91686349425 
 1985 , 9334.01092491504 
 1986 , 9306.60016064766 
 1987 , 9291.67070542476 
 1988 , 9280.30891175543 
 1989 , 9263.54801784063 
 1990 , 9259.27586962642 
 1991 , 9275.20199602815 
 1992 , 9288.89354334513 
 1993 , 9285.96524913906 
 1994 , 9267.96710036438 
 1995 , 9246.72573611523 
 1996 , 9240.281793233 
 1997 , 9246.01734424719 
 1998 , 9250.01339427273 
 1999 , 9245.62551455169 
 2000 , 9230.81046519242 
 2001 , 9210.27056764457 
 2002 , 9191.50755983095 
 2003 , 9184.67775747203 
 2004 , 9187.45471493372 
 2005 , 9177.39257011104 
 2006 , 9153.04284550849 
 2007 , 9135.64967373869 
 2008 , 9122.26060617955 
 2009 , 9096.24083175794 
 2010 , 9073.80018072259 
 2011 , 9077.27420573353 
 2012 , 9086.25349761998 
 2013 , 9079.27087054351 
 2014 , 9067.65275497649 
 2015 , 9060.8189306306 
 2016 , 9053.95216654027 
 2017 , 9041.71356356982 
 2018 , 9020.90638262591 
 2019 , 9002.79455667615 
 2020 , 9006.03610083874 
 2021 , 9018.19004855237 
 2022 , 9016.47901808583 
 2023 , 9004.41833397363 
 2024 , 8990.24928805221 
 2025 , 8971.68675188256 
 2026 , 8946.51019512853 
 2027 , 8916.54178266237 
 2028 , 8889.35640523112 
 2029 , 8878.04110297706 
 2030 , 8882.27609998609 
 2031 , 8891.11108731055 
 2032 , 8893.92850235756 
 2033 , 8883.88307084771 
 2034 , 8870.90114452266 
 2035 , 8862.22007122233 
 2036 , 8842.76887499152 
 2037 , 8808.20200701842 
 2038 , 8779.9630038192 
 2039 , 8765.14902190258 
 2040 , 8752.52162127948 
 2041 , 8742.17217703191 
 2042 , 8741.85905434588 
 2043 , 8750.98858829914 
 2044 , 8762.61782500212 
 2045 , 8758.94603577732 
 2046 , 8734.43223080223 
 2047 , 8721.33281806187 
 2048 , 8726.24257094031 
 2049 , 8708.92671800655 
 2050 , 8672.33892656895 
 2051 , 8660.05468715008 
 2052 , 8660.92117806376 
 2053 , 8638.73083954523 
 2054 , 8610.62774754812 
 2055 , 8601.63640647567 
 2056 , 8596.64167253747 
 2057 , 8581.62752678361 
 2058 , 8562.22646484201 
 2059 , 8548.61704067478 
 2060 , 8552.36799128633 
 2061 , 8565.72648996482 
 2062 , 8567.93266442178 
 2063 , 8552.66632043244 
 2064 , 8524.02457531814 
 2065 , 8501.42397713702 
 2066 , 8495.9694265747 
 2067 , 8487.80564215859 
 2068 , 8468.88140998301 
 2069 , 8455.44842014376 
 2070 , 8454.10379778163 
 2071 , 8459.87132725417 
 2072 , 8458.9875597832 
 2073 , 8438.74275834055 
 2074 , 8415.93230843422 
 2075 , 8405.36014494229 
 2076 , 8388.21139435214 
 2077 , 8358.1948449385 
 2078 , 8340.00685895967 
 2079 , 8336.95633505525 
 2080 , 8328.88236969592 
 2081 , 8313.84303315546 
 2082 , 8301.09694260919 
 2083 , 8295.58054005249 
 2084 , 8295.10734765148 
 2085 , 8279.9393379806 
 2086 , 8246.18078000968 
 2087 , 8224.70404718657 
 2088 , 8221.42079001332 
 2089 , 8212.79917483672 
 2090 , 8198.27421589356 
 2091 , 8190.38693483022 
 2092 , 8184.48074805012 
 2093 , 8171.38897459149 
 2094 , 8148.82630353625 
 2095 , 8125.21334797665 
 2096 , 8125.33592295638 
 2097 , 8146.53313964484 
 2098 , 8156.2219215373 
 2099 , 8147.32342784968 
 2100 , 8130.5258123946 
 2101 , 8118.19059548708 
 2102 , 8114.10830321343 
 2103 , 8093.20333571175 
 2104 , 8051.69904117079 
 2105 , 8032.88560183949 
 2106 , 8043.06818809492 
 2107 , 8047.46883656136 
 2108 , 8038.58210873351 
 2109 , 8026.30557471083 
 2110 , 8019.02389118556 
 2111 , 8019.10751842744 
 2112 , 8013.27601699214 
 2113 , 7994.79744289904 
 2114 , 7971.86262669568 
 2115 , 7947.01057113115 
 2116 , 7917.91372106257 
 2117 , 7897.57852464498 
 2118 , 7899.75915902701 
 2119 , 7903.07271091169 
 2120 , 7888.23652082714 
 2121 , 7866.58842252449 
 2122 , 7849.65740615887 
 2123 , 7842.20514704314 
 2124 , 7840.28355907978 
 2125 , 7834.40089438883 
 2126 , 7822.00354284582 
 2127 , 7804.22140659902 
 2128 , 7784.22989342956 
 2129 , 7766.28772768551 
 2130 , 7755.72811291973 
 2131 , 7753.90890160626 
 2132 , 7756.96432792842 
 2133 , 7753.95702076462 
 2134 , 7734.03867534202 
 2135 , 7710.44317016518 
 2136 , 7698.95868774034 
 2137 , 7699.05321052829 
 2138 , 7699.97733654196 
 2139 , 7681.34705317988 
 2140 , 7651.4189733729 
 2141 , 7639.12564463076 
 2142 , 7637.30606677584 
 2143 , 7626.90119472363 
 2144 , 7610.38013979756 
 2145 , 7593.57502832771 
 2146 , 7578.39653780349 
 2147 , 7568.61496704861 
 2148 , 7569.15208378033 
 2149 , 7568.79877865903 
 2150 , 7551.20512099659 
 2151 , 7525.63750937966 
 2152 , 7506.3994430334 
 2153 , 7498.65321575155 
 2154 , 7498.8063714154 
 2155 , 7493.51267202057 
 2156 , 7476.94443682294 
 2157 , 7451.17409473943 
 2158 , 7428.34735465192 
 2159 , 7421.27745972383 
 2160 , 7431.17003923312 
 2161 , 7446.12858825849 
 2162 , 7437.57958663718 
 2163 , 7412.93935451921 
 2164 , 7409.06698117585 
 2165 , 7414.01599907656 
 2166 , 7400.95701854351 
 2167 , 7384.49723873799 
 2168 , 7376.41727478899 
 2169 , 7361.58743129514 
 2170 , 7337.25972116097 
 2171 , 7317.09592984518 
 2172 , 7308.11870080191 
 2173 , 7310.35979207075 
 2174 , 7311.38071792406 
 2175 , 7300.55283029122 
 2176 , 7280.23995827387 
 2177 , 7258.96748240373 
 2178 , 7249.28692110605 
 2179 , 7249.25336839729 
 2180 , 7249.75729984268 
 2181 , 7254.64232478888 
 2182 , 7265.14030239671 
 2183 , 7264.84060800772 
 2184 , 7248.11702328221 
 2185 , 7226.98709306749 
 2186 , 7208.54460988355 
 2187 , 7194.40449007658 
 2188 , 7179.46448636682 
 2189 , 7160.2709456309 
 2190 , 7144.15563024117 
 2191 , 7131.08570509507 
 2192 , 7109.90137760301 
 2193 , 7091.95471025179 
 2194 , 7097.80406369885 
 2195 , 7102.03946186595 
 2196 , 7081.90977587704 
 2197 , 7069.03310741257 
 2198 , 7071.34006797642 
 2199 , 7053.45107056038 
 2200 , 7023.78210091781 
 2201 , 7016.92422601609 
 2202 , 7019.8694087629 
 2203 , 7011.80304619563 
 2204 , 6998.79219106718 
 2205 , 6988.43876904187 
 2206 , 6983.37580253951 
 2207 , 6975.9345644269 
 2208 , 6955.56139264781 
 2209 , 6934.71382311742 
 2210 , 6927.5498251319 
 2211 , 6931.52115033547 
 2212 , 6933.69892434331 
 2213 , 6913.73551791396 
 2214 , 6880.99422828789 
 2215 , 6859.86320233731 
 2216 , 6850.03713727301 
 2217 , 6841.80291143578 
 2218 , 6822.59017926073 
 2219 , 6796.73733527983 
 2220 , 6786.63788472755 
 2221 , 6791.39571243488 
 2222 , 6795.15004922994 
 2223 , 6779.59487017896 
 2224 , 6746.15034693056 
 2225 , 6736.73304033479 
 2226 , 6750.24818440147 
 2227 , 6741.97272082959 
 2228 , 6718.29966717346 
 2229 , 6704.31691530415 
 2230 , 6692.83082361566 
 2231 , 6675.51907887704 
 2232 , 6655.69270802169 
 2233 , 6637.49154997121 
 2234 , 6624.5876024864 
 2235 , 6619.598934753 
 2236 , 6619.16729908715 
 2237 , 6603.34384211414 
 2238 , 6572.79576129219 
 2239 , 6560.42801009126 
 2240 , 6567.71787797448 
 2241 , 6572.4749054484 
 2242 , 6556.45042902068 
 2243 , 6518.16993790354 
 2244 , 6492.22271544948 
 2245 , 6487.88256905491 
 2246 , 6481.07566754733 
 2247 , 6469.42769265549 
 2248 , 6462.93401900573 
 2249 , 6467.50826092972 
 2250 , 6476.53827347585 
 2251 , 6463.87419694675 
 2252 , 6434.67438003105 
 2253 , 6417.46458418384 
 2254 , 6394.8952303366 
 2255 , 6351.44345344989 
 2256 , 6335.69043391296 
 2257 , 6357.17159385524 
 2258 , 6359.37188074647 
 2259 , 6341.28287636005 
 2260 , 6334.31403130189 
 2261 , 6331.49748257793 
 2262 , 6323.7927630167 
 2263 , 6322.34888441661 
 2264 , 6322.63083118931 
 2265 , 6304.72223678864 
 2266 , 6272.48889885931 
 2267 , 6240.03535748551 
 2268 , 6216.68992587291 
 2269 , 6201.77391487949 
 2270 , 6182.80085021869 
 2271 , 6168.25799209914 
 2272 , 6174.63396354769 
 2273 , 6180.10776568621 
 2274 , 6167.73820083664 
 2275 , 6157.47316690252 
 2276 , 6152.10502128101 
 2277 , 6134.84039418689 
 2278 , 6111.5158089856 
 2279 , 6096.23526223813 
 2280 , 6093.58290852578 
 2281 , 6096.99542553074 
 2282 , 6088.05114446641 
 2283 , 6065.48023271387 
 2284 , 6041.74140883032 
 2285 , 6036.48204088555 
 2286 , 6050.16933443702 
 2287 , 6042.50191647919 
 2288 , 6014.70362325196 
 2289 , 6003.83164975474 
 2290 , 5996.53338663134 
 2291 , 5971.86860593993 
 2292 , 5948.92969089045 
 2293 , 5939.81235831742 
 2294 , 5938.09559486974 
 2295 , 5928.1999127915 
 2296 , 5899.19389958439 
 2297 , 5876.21810096995 
 2298 , 5875.26837346764 
 2299 , 5882.22209106782 
 2300 , 5881.92525945613 
 2301 , 5864.95907966273 
 2302 , 5845.05432869418 
 2303 , 5834.45694615258 
 2304 , 5825.37169216595 
 2305 , 5813.92893784736 
 2306 , 5802.32468769433 
 2307 , 5789.44278368056 
 2308 , 5776.65815429251 
 2309 , 5776.51235529846 
 2310 , 5782.78497191369 
 2311 , 5767.41318786569 
 2312 , 5742.57921591621 
 2313 , 5733.14006611271 
 2314 , 5723.9785904678 
 2315 , 5708.31738059359 
 2316 , 5704.96782128765 
 2317 , 5705.74589749763 
 2318 , 5688.46514832393 
 2319 , 5661.58289627872 
 2320 , 5638.10869094759 
 2321 , 5622.17585380556 
 2322 , 5618.069030872 
 2323 , 5627.56961927599 
 2324 , 5631.92444583352 
 2325 , 5618.28453872194 
 2326 , 5604.34807332694 
 2327 , 5591.59899934009 
 2328 , 5564.92895598808 
 2329 , 5540.07101010085 
 2330 , 5532.26814630781 
 2331 , 5517.20184360346 
 2332 , 5490.40255058571 
 2333 , 5476.40656025605 
 2334 , 5476.54695749868 
 2335 , 5479.22015618791 
 2336 , 5472.83669953135 
 2337 , 5453.80602815748 
 2338 , 5430.18598613057 
 2339 , 5418.34544798209 
