11-20-2017,19:19:05
Wavenumber(cm-1),Intensity
 250 , 11512.371639856 
 251 , 11513.8614427722 
 252 , 11514.1181869069 
 253 , 11517.2798293166 
 254 , 11520.1345359802 
 255 , 11519.1198248361 
 256 , 11514.8803766451 
 257 , 11511.1901513554 
 258 , 11511.3062596989 
 259 , 11515.2906731009 
 260 , 11522.1337787314 
 261 , 11531.5083917074 
 262 , 11544.660037826 
 263 , 11562.9793499539 
 264 , 11585.9375922636 
 265 , 11610.9776202557 
 266 , 11635.64516453 
 267 , 11659.1155210957 
 268 , 11681.3576484784 
 269 , 11701.4755503693 
 270 , 11715.6867580281 
 271 , 11719.7507558923 
 272 , 11716.5530397989 
 273 , 11719.3600826437 
 274 , 11740.874500474 
 275 , 11776.822832612 
 276 , 11811.5396926785 
 277 , 11832.5473406501 
 278 , 11843.2354250263 
 279 , 11851.6005949525 
 280 , 11863.0771288617 
 281 , 11878.072988927 
 282 , 11896.3586482368 
 283 , 11916.7097366949 
 284 , 11937.0189768844 
 285 , 11955.5995903855 
 286 , 11973.6442465952 
 287 , 11993.4743217585 
 288 , 12015.9548899154 
 289 , 12038.1816968965 
 290 , 12056.7359559282 
 291 , 12070.7128108051 
 292 , 12082.0602692592 
 293 , 12092.4853728804 
 294 , 12100.3257553206 
 295 , 12102.2137872445 
 296 , 12097.333987035 
 297 , 12093.3948103401 
 298 , 12099.6925323398 
 299 , 12117.057664982 
 300 , 12134.3970449401 
 301 , 12141.0632311521 
 302 , 12141.4002619298 
 303 , 12149.1366072891 
 304 , 12173.7975086583 
 305 , 12206.8747948129 
 306 , 12235.2651037432 
 307 , 12252.1170568302 
 308 , 12261.2020399043 
 309 , 12267.2719153956 
 310 , 12274.3400874702 
 311 , 12285.8687427964 
 312 , 12304.2815829408 
 313 , 12326.8720933806 
 314 , 12349.3501645239 
 315 , 12369.7776968737 
 316 , 12390.9022319482 
 317 , 12415.8130689238 
 318 , 12443.8011888398 
 319 , 12470.8879054607 
 320 , 12493.7604337732 
 321 , 12513.6141901767 
 322 , 12533.2735384902 
 323 , 12555.222311462 
 324 , 12581.1676642305 
 325 , 12612.4394268201 
 326 , 12644.5667104985 
 327 , 12667.5008537256 
 328 , 12673.1434701189 
 329 , 12667.7020831745 
 330 , 12663.1518874241 
 331 , 12667.8340028386 
 332 , 12680.971789987 
 333 , 12700.4426289504 
 334 , 12725.4672701182 
 335 , 12756.6650350199 
 336 , 12793.8502085072 
 337 , 12830.6150194011 
 338 , 12857.8510462407 
 339 , 12870.8561166023 
 340 , 12876.698181209 
 341 , 12884.1321546727 
 342 , 12895.0749412383 
 343 , 12903.9711094098 
 344 , 12905.5353326089 
 345 , 12899.34630046 
 346 , 12887.1907525225 
 347 , 12872.3647893324 
 348 , 12862.2814573426 
 349 , 12864.7720961336 
 350 , 12879.7362521142 
 351 , 12898.2534593089 
 352 , 12912.3968001137 
 353 , 12925.2304745181 
 354 , 12944.8351681316 
 355 , 12975.1447190992 
 356 , 13008.6692442146 
 357 , 13036.219693699 
 358 , 13055.1189185851 
 359 , 13069.8333074569 
 360 , 13084.957350624 
 361 , 13103.348106561 
 362 , 13127.0872393642 
 363 , 13157.4590588815 
 364 , 13193.6552133023 
 365 , 13234.4643625211 
 366 , 13277.1130782498 
 367 , 13317.1889131208 
 368 , 13350.4502839706 
 369 , 13374.3608246345 
 370 , 13387.1104518631 
 371 , 13390.4439032967 
 372 , 13394.8258972172 
 373 , 13411.4917061531 
 374 , 13439.7778496503 
 375 , 13467.4423952102 
 376 , 13484.0702119717 
 377 , 13493.5245560286 
 378 , 13505.1060054886 
 379 , 13523.793894737 
 380 , 13544.9814900847 
 381 , 13562.9956955301 
 382 , 13576.1587892658 
 383 , 13586.28880327 
 384 , 13595.5722862131 
 385 , 13607.5481320147 
 386 , 13626.1829006811 
 387 , 13652.2816983592 
 388 , 13680.5348405557 
 389 , 13705.2901824944 
 390 , 13726.1526121118 
 391 , 13746.734793193 
 392 , 13769.8609874301 
 393 , 13794.3098944006 
 394 , 13817.7225735044 
 395 , 13838.5988064043 
 396 , 13856.8481198746 
 397 , 13872.7694103764 
 398 , 13889.6512798354 
 399 , 13912.7042784929 
 400 , 13944.7519400663 
 401 , 13979.6518495797 
 402 , 14009.3417824791 
 403 , 14032.4885234643 
 404 , 14056.8744499723 
 405 , 14089.4881916612 
 406 , 14124.5158753429 
 407 , 14149.4497753747 
 408 , 14158.4386798979 
 409 , 14165.2721081065 
 410 , 14186.842344088 
 411 , 14227.4413474487 
 412 , 14277.6640342555 
 413 , 14327.5865302867 
 414 , 14368.4209471581 
 415 , 14391.8781474308 
 416 , 14397.0342817491 
 417 , 14399.526277588 
 418 , 14416.1231274574 
 419 , 14444.0076867994 
 420 , 14463.7786680869 
 421 , 14460.8173662472 
 422 , 14446.5830903323 
 423 , 14440.4156927193 
 424 , 14452.6056765192 
 425 , 14478.1288518037 
 426 , 14510.5243667673 
 427 , 14543.8263393909 
 428 , 14572.3845945983 
 429 , 14592.7682156262 
 430 , 14609.3360747824 
 431 , 14628.0242301528 
 432 , 14649.9826018826 
 433 , 14670.398480288 
 434 , 14684.7914571939 
 435 , 14694.0663350936 
 436 , 14701.6078806619 
 437 , 14710.7079087184 
 438 , 14724.3974679303 
 439 , 14745.4537281443 
 440 , 14772.5865802172 
 441 , 14800.8692042304 
 442 , 14826.3794393732 
 443 , 14850.940802013 
 444 , 14878.1398167004 
 445 , 14907.3841885437 
 446 , 14931.0098159094 
 447 , 14941.6831622397 
 448 , 14943.244798021 
 449 , 14946.4627904356 
 450 , 14959.1195810312 
 451 , 14978.7814236093 
 452 , 15000.8889240942 
 453 , 15020.3865984519 
 454 , 15031.6494096822 
 455 , 15031.1623368346 
 456 , 15029.7130436001 
 457 , 15043.8882450747 
 458 , 15079.9964058467 
 459 , 15122.4934220653 
 460 , 15154.1961138957 
 461 , 15174.8034922796 
 462 , 15196.8333317912 
 463 , 15228.4871542802 
 464 , 15259.0770106369 
 465 , 15273.4305644489 
 466 , 15270.3559775671 
 467 , 15267.6164607923 
 468 , 15281.7315412343 
 469 , 15308.4339207347 
 470 , 15333.4842105338 
 471 , 15348.5609221377 
 472 , 15359.9707004234 
 473 , 15375.8905904449 
 474 , 15398.8151232565 
 475 , 15426.3968047447 
 476 , 15455.2486531157 
 477 , 15477.949903209 
 478 , 15486.0958159991 
 479 , 15479.9328733275 
 480 , 15472.4403855908 
 481 , 15476.216286215 
 482 , 15491.6808016277 
 483 , 15512.9944321214 
 484 , 15535.5256349376 
 485 , 15557.8861458467 
 486 , 15579.329467648 
 487 , 15601.4439799898 
 488 , 15627.8689725962 
 489 , 15661.3332167528 
 490 , 15700.0256052518 
 491 , 15740.7856577121 
 492 , 15778.5812007975 
 493 , 15805.6349355042 
 494 , 15815.5862104091 
 495 , 15815.9270389055 
 496 , 15821.1039285674 
 497 , 15838.7109736864 
 498 , 15859.2660358493 
 499 , 15871.3843054381 
 500 , 15875.3400666053 
 501 , 15881.1107258903 
 502 , 15896.1185369407 
 503 , 15915.6150712752 
 504 , 15931.7521078902 
 505 , 15942.8654715326 
 506 , 15955.5920622635 
 507 , 15976.1765595456 
 508 , 16003.6156403631 
 509 , 16033.6286111314 
 510 , 16059.7522937169 
 511 , 16070.822066078 
 512 , 16056.4490917951 
 513 , 16025.2793978309 
 514 , 15999.7466074098 
 515 , 15998.0950613635 
 516 , 16022.490624789 
 517 , 16071.2063615923 
 518 , 16133.7908511219 
 519 , 16189.9342542273 
 520 , 16222.4260865179 
 521 , 16235.5623922607 
 522 , 16241.476544673 
 523 , 16247.4832594625 
 524 , 16252.4486509593 
 525 , 16254.8832716884 
 526 , 16258.2822266025 
 527 , 16269.0144484653 
 528 , 16290.6928244862 
 529 , 16319.303815285 
 530 , 16349.5824157967 
 531 , 16376.9838783609 
 532 , 16397.5941009134 
 533 , 16409.716532328 
 534 , 16421.1446563277 
 535 , 16441.9806105455 
 536 , 16472.3884001552 
 537 , 16499.5858802815 
 538 , 16512.4420488146 
 539 , 16517.0313645976 
 540 , 16526.5710626242 
 541 , 16548.7856743478 
 542 , 16580.7468154329 
 543 , 16618.1945606764 
 544 , 16655.5849251502 
 545 , 16686.5776031838 
 546 , 16706.6370948586 
 547 , 16716.4652624642 
 548 , 16718.1838047172 
 549 , 16723.1041982207 
 550 , 16750.7860320868 
 551 , 16812.4094122291 
 552 , 16881.6219406112 
 553 , 16922.6420220014 
 554 , 16926.5806940448 
 555 , 16918.8150247267 
 556 , 16924.131201379 
 557 , 16949.1169123651 
 558 , 16993.0421383529 
 559 , 17047.7720363971 
 560 , 17091.8965306271 
 561 , 17105.486737374 
 562 , 17096.632271802 
 563 , 17089.2364615378 
 564 , 17097.4561925371 
 565 , 17110.2577604371 
 566 , 17113.46633971 
 567 , 17105.0727362943 
 568 , 17092.5700736476 
 569 , 17084.3700119267 
 570 , 17091.2780806794 
 571 , 17123.9333421277 
 572 , 17174.9969347647 
 573 , 17218.1013245368 
 574 , 17231.7752395886 
 575 , 17223.9409854718 
 576 , 17211.7157091163 
 577 , 17208.5181123856 
 578 , 17222.5212283799 
 579 , 17258.9266723412 
 580 , 17304.715703567 
 581 , 17339.0979225055 
 582 , 17351.3630261103 
 583 , 17349.8554483636 
 584 , 17344.811562329 
 585 , 17344.2916003546 
 586 , 17355.092930854 
 587 , 17379.1743390889 
 588 , 17406.4429560936 
 589 , 17425.8297427129 
 590 , 17438.7869009165 
 591 , 17456.1191846838 
 592 , 17481.4704354792 
 593 , 17494.0868640021 
 594 , 17469.7549109236 
 595 , 17417.5182122449 
 596 , 17378.1534181903 
 597 , 17383.2518786282 
 598 , 17419.0954408111 
 599 , 17460.0479375719 
 600 , 17492.2181808831 
 601 , 17515.8300802697 
 602 , 17532.8538644727 
 603 , 17550.3738984324 
 604 , 17577.1238564364 
 605 , 17614.3702142074 
 606 , 17652.1977361397 
 607 , 17681.1299472618 
 608 , 17701.5007381656 
 609 , 17717.9611204677 
 610 , 17735.287858753 
 611 , 17758.4555918366 
 612 , 17791.7663484477 
 613 , 17833.0813745272 
 614 , 17876.7742769017 
 615 , 17918.6376143494 
 616 , 17957.7532194396 
 617 , 17993.8858295993 
 618 , 18029.5441432523 
 619 , 18069.0336351332 
 620 , 18113.9007607144 
 621 , 18158.0235409221 
 622 , 18194.5343640909 
 623 , 18225.126584914 
 624 , 18258.1759261772 
 625 , 18297.2628623343 
 626 , 18329.5265771197 
 627 , 18339.502987389 
 628 , 18327.290529931 
 629 , 18307.2254590513 
 630 , 18291.2775162113 
 631 , 18280.0483871737 
 632 , 18271.6007847195 
 633 , 18270.495540593 
 634 , 18288.1655317264 
 635 , 18330.4342046168 
 636 , 18375.7391108363 
 637 , 18395.3104809147 
 638 , 18382.9371391003 
 639 , 18359.6326213451 
 640 , 18345.59621767 
 641 , 18348.0245112715 
 642 , 18369.6162254608 
 643 , 18405.2286118754 
 644 , 18439.0576022276 
 645 , 18457.4726670499 
 646 , 18464.7091544157 
 647 , 18471.6619961075 
 648 , 18485.8495319763 
 649 , 18509.6591124613 
 650 , 18543.5471525311 
 651 , 18577.6686540058 
 652 , 18597.9838098475 
 653 , 18599.4847484331 
 654 , 18592.2253315158 
 655 , 18586.6782213431 
 656 , 18585.6548138687 
 657 , 18588.4423971596 
 658 , 18594.2154853812 
 659 , 18601.9783910983 
 660 , 18610.7929966462 
 661 , 18620.3505232841 
 662 , 18630.6636760565 
 663 , 18642.797012363 
 664 , 18659.8490294056 
 665 , 18684.6218363686 
 666 , 18715.1519154304 
 667 , 18746.9643019552 
 668 , 18777.1539238246 
 669 , 18806.0812047598 
 670 , 18834.1632278929 
 671 , 18858.5295276743 
 672 , 18874.5057861658 
 673 , 18881.4977318117 
 674 , 18887.6834613413 
 675 , 18901.351335277 
 676 , 18920.5813140111 
 677 , 18937.5976758251 
 678 , 18948.5838433164 
 679 , 18958.6004771761 
 680 , 18973.5614481421 
 681 , 18995.9820652361 
 682 , 19026.365785787 
 683 , 19062.3411365843 
 684 , 19095.1630943359 
 685 , 19116.2187395182 
 686 , 19127.251710332 
 687 , 19136.1313002771 
 688 , 19147.9400379477 
 689 , 19161.3386357287 
 690 , 19174.2442913559 
 691 , 19185.9070261105 
 692 , 19196.3676030676 
 693 , 19206.6995927133 
 694 , 19220.2382173334 
 695 , 19240.214150721 
 696 , 19265.7568111352 
 697 , 19293.628136402 
 698 , 19321.4535026541 
 699 , 19348.7799862055 
 700 , 19375.125760946 
 701 , 19397.319241144 
 702 , 19410.7056472538 
 703 , 19414.1483845008 
 704 , 19413.8231283386 
 705 , 19415.9814517398 
 706 , 19419.3069004943 
 707 , 19418.4696364203 
 708 , 19412.2655761209 
 709 , 19407.6544788188 
 710 , 19411.4608200358 
 711 , 19421.3254924179 
 712 , 19430.2948487064 
 713 , 19434.2918677 
 714 , 19434.5796286957 
 715 , 19433.228812674 
 716 , 19434.1396359087 
 717 , 19442.0158311882 
 718 , 19457.5875862222 
 719 , 19474.8471361654 
 720 , 19488.0077069987 
 721 , 19497.3962405109 
 722 , 19505.9359617738 
 723 , 19515.547087527 
 724 , 19526.5853142156 
 725 , 19539.0277897948 
 726 , 19551.325635003 
 727 , 19561.3822751634 
 728 , 19568.9136496565 
 729 , 19576.1598655155 
 730 , 19585.4679764578 
 731 , 19598.7473726301 
 732 , 19617.7281063363 
 733 , 19643.0882405365 
 734 , 19674.2028306474 
 735 , 19709.1857685753 
 736 , 19740.5317377616 
 737 , 19759.4442979606 
 738 , 19767.3605785303 
 739 , 19776.8653854116 
 740 , 19797.7359436678 
 741 , 19826.0090102617 
 742 , 19854.4286639363 
 743 , 19880.0879909644 
 744 , 19904.1938791227 
 745 , 19927.0564930441 
 746 , 19945.3433276163 
 747 , 19955.3828110911 
 748 , 19960.6963603985 
 749 , 19970.6323479116 
 750 , 19990.5497607728 
 751 , 20013.8678477629 
 752 , 20032.3480057829 
 753 , 20043.714350133 
 754 , 20049.7783653589 
 755 , 20053.4901832665 
 756 , 20060.3136413258 
 757 , 20074.9681849245 
 758 , 20091.231992932 
 759 , 20096.719937895 
 760 , 20087.1227286782 
 761 , 20073.9834081732 
 762 , 20069.1524228124 
 763 , 20072.7774732754 
 764 , 20079.6110748193 
 765 , 20087.3064220715 
 766 , 20098.154487452 
 767 , 20113.8716697136 
 768 , 20130.2530432347 
 769 , 20141.0089815948 
 770 , 20144.2526564698 
 771 , 20143.7209466435 
 772 , 20143.3306321434 
 773 , 20146.1316617489 
 774 , 20154.6899831772 
 775 , 20166.0577407392 
 776 , 20171.6686370883 
 777 , 20166.5931885391 
 778 , 20159.8010191573 
 779 , 20162.7671339526 
 780 , 20177.4141513433 
 781 , 20197.991075057 
 782 , 20219.2580511743 
 783 , 20237.9518484997 
 784 , 20251.4223848341 
 785 , 20260.136862606 
 786 , 20266.5077020784 
 787 , 20273.323403677 
 788 , 20284.0851761889 
 789 , 20301.8612354311 
 790 , 20325.6186542273 
 791 , 20352.3898803985 
 792 , 20379.6437034242 
 793 , 20405.5447953621 
 794 , 20430.0589690736 
 795 , 20462.9836133318 
 796 , 20516.757647417 
 797 , 20578.8715771609 
 798 , 20607.6746592492 
 799 , 20576.2338909029 
 800 , 20523.792255201 
 801 , 20503.7468183988 
 802 , 20522.9933816308 
 803 , 20548.0036427117 
 804 , 20557.0809426068 
 805 , 20566.3613724774 
 806 , 20596.3490742582 
 807 , 20640.3631470564 
 808 , 20674.4675426001 
 809 , 20684.0557734795 
 810 , 20674.1277460244 
 811 , 20653.2615897642 
 812 , 20638.9844072235 
 813 , 20652.4872854654 
 814 , 20693.9022292648 
 815 , 20732.6996901243 
 816 , 20742.9201061328 
 817 , 20733.9857032879 
 818 , 20725.9155969702 
 819 , 20724.5928918659 
 820 , 20721.2807566532 
 821 , 20710.5074363081 
 822 , 20700.2086895871 
 823 , 20700.4890656876 
 824 , 20712.1052570102 
 825 , 20729.0333669995 
 826 , 20747.209565368 
 827 , 20767.4004220732 
 828 , 20790.3541917418 
 829 , 20811.0406954513 
 830 , 20821.6196476025 
 831 , 20818.4469498733 
 832 , 20804.4134264995 
 833 , 20783.7734093066 
 834 , 20765.0339663133 
 835 , 20757.8860374994 
 836 , 20766.437301307 
 837 , 20788.9180303337 
 838 , 20818.310742223 
 839 , 20830.7764118831 
 840 , 20801.8868813593 
 841 , 20746.4040925406 
 842 , 20706.7047274941 
 843 , 20708.6253632107 
 844 , 20740.8499175163 
 845 , 20786.9040702331 
 846 , 20828.0883884171 
 847 , 20845.0127828552 
 848 , 20834.1807699608 
 849 , 20814.5050485659 
 850 , 20803.3660564905 
 851 , 20803.1941260318 
 852 , 20812.0123503369 
 853 , 20826.4121843499 
 854 , 20841.6716726181 
 855 , 20852.7151843931 
 856 , 20853.603996492 
 857 , 20840.2690022946 
 858 , 20829.3789002349 
 859 , 20849.5149354821 
 860 , 20906.8862117238 
 861 , 20968.2523075629 
 862 , 21002.0122756333 
 863 , 21009.3738878958 
 864 , 21003.3065940107 
 865 , 20994.003355867 
 866 , 20988.5885644077 
 867 , 20991.9520580016 
 868 , 21001.9078355524 
 869 , 21015.0549219987 
 870 , 21031.6487876281 
 871 , 21054.4574949883 
 872 , 21087.928820604 
 873 , 21139.7943554159 
 874 , 21216.1822763116 
 875 , 21309.8176900244 
 876 , 21408.0049758147 
 877 , 21501.1719757606 
 878 , 21583.5670852427 
 879 , 21652.2785507811 
 880 , 21714.199632085 
 881 , 21777.7822388709 
 882 , 21841.0911563908 
 883 , 21894.5527867099 
 884 , 21926.8218149829 
 885 , 21923.149037974 
 886 , 21872.2816070831 
 887 , 21790.6387394738 
 888 , 21705.952851173 
 889 , 21626.0942797337 
 890 , 21534.1419801225 
 891 , 21421.8034142715 
 892 , 21319.3870989734 
 893 , 21263.5092645574 
 894 , 21251.6428353263 
 895 , 21252.8105425219 
 896 , 21245.9296796222 
 897 , 21231.8445582388 
 898 , 21213.1856442484 
 899 , 21186.2189636367 
 900 , 21145.0775332577 
 901 , 21099.1542528827 
 902 , 21075.8337322149 
 903 , 21092.6499045718 
 904 , 21129.078036348 
 905 , 21157.7963336239 
 906 , 21169.9532928734 
 907 , 21169.0473229165 
 908 , 21161.1081849068 
 909 , 21156.4754051612 
 910 , 21163.5371360677 
 911 , 21176.5504479011 
 912 , 21184.9021770865 
 913 , 21183.7439677475 
 914 , 21174.1828379594 
 915 , 21159.3380382515 
 916 , 21147.4669414487 
 917 , 21146.446693285 
 918 , 21151.2528162087 
 919 , 21149.7663786256 
 920 , 21140.5002469587 
 921 , 21138.5886771276 
 922 , 21155.5024774738 
 923 , 21179.0526705953 
 924 , 21191.1496078462 
 925 , 21190.0326725113 
 926 , 21187.5600400502 
 927 , 21190.5729409147 
 928 , 21193.3903464886 
 929 , 21189.4874352834 
 930 , 21178.8875382756 
 931 , 21164.544885514 
 932 , 21151.8134625592 
 933 , 21148.9013647918 
 934 , 21159.8844661401 
 935 , 21174.2444270484 
 936 , 21179.4779324012 
 937 , 21175.3869458866 
 938 , 21169.374456592 
 939 , 21163.6551907805 
 940 , 21151.5748361017 
 941 , 21129.4871258562 
 942 , 21112.6526789135 
 943 , 21120.8328129497 
 944 , 21151.049685062 
 945 , 21180.928172424 
 946 , 21198.4213445049 
 947 , 21216.6724904743 
 948 , 21247.9062639675 
 949 , 21273.4841661971 
 950 , 21262.9559323569 
 951 , 21223.1673010423 
 952 , 21203.3639363899 
 953 , 21235.1875534975 
 954 , 21288.3213952291 
 955 , 21323.7470562982 
 956 , 21334.6743688852 
 957 , 21332.3558636097 
 958 , 21324.8584725154 
 959 , 21315.2699416996 
 960 , 21306.0223788263 
 961 , 21298.4852581011 
 962 , 21293.3400817792 
 963 , 21285.6938468065 
 964 , 21266.7398161045 
 965 , 21236.122462703 
 966 , 21209.3690809135 
 967 , 21200.2508308541 
 968 , 21203.9996187439 
 969 , 21210.1243611798 
 970 , 21215.8543559509 
 971 , 21225.2451611095 
 972 , 21239.711147057 
 973 , 21254.0441384022 
 974 , 21263.2183223986 
 975 , 21269.6147573933 
 976 , 21278.525645494 
 977 , 21292.1986158595 
 978 , 21309.6372927956 
 979 , 21328.8329249161 
 980 , 21345.3972601867 
 981 , 21355.0539051229 
 982 , 21357.7847371187 
 983 , 21355.737677194 
 984 , 21354.2081706563 
 985 , 21362.3750390742 
 986 , 21385.7381873779 
 987 , 21416.9640255418 
 988 , 21446.7243377769 
 989 , 21471.781692249 
 990 , 21492.3093643542 
 991 , 21507.8012708872 
 992 , 21516.7404915959 
 993 , 21521.2274194398 
 994 , 21537.1884705261 
 995 , 21581.3570278796 
 996 , 21643.1916877913 
 997 , 21695.3803252094 
 998 , 21733.8851668814 
 999 , 21791.3559411534 
 1000 , 21896.2730517243 
 1001 , 22046.6136401177 
 1002 , 22232.4670117502 
 1003 , 22444.2445888078 
 1004 , 22672.3346020704 
 1005 , 22888.886816201 
 1006 , 23035.4504192689 
 1007 , 23060.194644257 
 1008 , 22953.8539481625 
 1009 , 22722.69615159 
 1010 , 22422.8739533888 
 1011 , 22146.0469269303 
 1012 , 21944.7404099945 
 1013 , 21801.3768536637 
 1014 , 21694.0342743978 
 1015 , 21613.6036242059 
 1016 , 21554.8365446848 
 1017 , 21514.5292164888 
 1018 , 21490.9740736031 
 1019 , 21480.9883288982 
 1020 , 21478.6906693616 
 1021 , 21478.8213154324 
 1022 , 21480.3399393092 
 1023 , 21483.5754078298 
 1024 , 21490.7587236315 
 1025 , 21505.4479918198 
 1026 , 21524.3782558345 
 1027 , 21532.1761216752 
 1028 , 21519.7889468073 
 1029 , 21512.7456162714 
 1030 , 21543.5892348138 
 1031 , 21606.1378694098 
 1032 , 21666.6347306011 
 1033 , 21706.623229755 
 1034 , 21734.6478335285 
 1035 , 21760.2180114311 
 1036 , 21785.6710630739 
 1037 , 21810.4777239446 
 1038 , 21822.6171500441 
 1039 , 21802.6095108879 
 1040 , 21751.583441215 
 1041 , 21703.5981191037 
 1042 , 21685.1565532535 
 1043 , 21681.0928113005 
 1044 , 21668.2533503751 
 1045 , 21649.6701783878 
 1046 , 21644.4221759257 
 1047 , 21660.2642076972 
 1048 , 21688.257430982 
 1049 , 21717.6611695873 
 1050 , 21735.9613075701 
 1051 , 21732.5347767679 
 1052 , 21718.5183480584 
 1053 , 21716.5827923929 
 1054 , 21729.8607052518 
 1055 , 21736.3604037017 
 1056 , 21721.4094214886 
 1057 , 21697.693613093 
 1058 , 21681.6709502307 
 1059 , 21678.3579093494 
 1060 , 21687.0565732423 
 1061 , 21700.6112948449 
 1062 , 21704.7997621263 
 1063 , 21690.4565610491 
 1064 , 21662.3303181863 
 1065 , 21627.8272655044 
 1066 , 21597.3296019194 
 1067 , 21581.8313350566 
 1068 , 21580.6606241759 
 1069 , 21582.3643776056 
 1070 , 21578.1264562613 
 1071 , 21565.5359088837 
 1072 , 21543.9867512503 
 1073 , 21518.0401870911 
 1074 , 21493.9209648259 
 1075 , 21477.7316533198 
 1076 , 21475.414538275 
 1077 , 21487.7746392931 
 1078 , 21506.9533690759 
 1079 , 21525.2918777781 
 1080 , 21539.2962924657 
 1081 , 21547.0225037354 
 1082 , 21551.7968353446 
 1083 , 21559.953846058 
 1084 , 21571.9532937957 
 1085 , 21580.425003637 
 1086 , 21580.914852723 
 1087 , 21579.4685735244 
 1088 , 21582.0199389075 
 1089 , 21578.6196196675 
 1090 , 21553.0510526251 
 1091 , 21512.6093448742 
 1092 , 21488.3984796779 
 1093 , 21493.8595476162 
 1094 , 21500.3213715652 
 1095 , 21480.2526832817 
 1096 , 21443.245432359 
 1097 , 21410.2990262867 
 1098 , 21387.2079852652 
 1099 , 21368.2479912747 
 1100 , 21347.4023560876 
 1101 , 21318.6429359351 
 1102 , 21278.9963131318 
 1103 , 21237.0014018816 
 1104 , 21203.0897373085 
 1105 , 21180.0397442001 
 1106 , 21166.2870209606 
 1107 , 21155.0833863549 
 1108 , 21133.6607315132 
 1109 , 21098.629139292 
 1110 , 21071.6613288662 
 1111 , 21072.4154351043 
 1112 , 21083.9857255598 
 1113 , 21077.2287709464 
 1114 , 21048.5374387894 
 1115 , 21015.2757044548 
 1116 , 20988.2871698827 
 1117 , 20965.9170615362 
 1118 , 20946.1589681704 
 1119 , 20930.5971951415 
 1120 , 20921.4979919357 
 1121 , 20919.1546328785 
 1122 , 20922.7523575552 
 1123 , 20931.2459010724 
 1124 , 20943.3289942204 
 1125 , 20956.0104367894 
 1126 , 20962.0914469381 
 1127 , 20955.2599242616 
 1128 , 20938.1325319894 
 1129 , 20916.3331418681 
 1130 , 20892.4000039134 
 1131 , 20866.5030183681 
 1132 , 20840.1529825817 
 1133 , 20817.111056749 
 1134 , 20799.4152416789 
 1135 , 20782.3496164701 
 1136 , 20761.1146759129 
 1137 , 20742.3400739239 
 1138 , 20737.7498347327 
 1139 , 20747.3417369105 
 1140 , 20759.1947341802 
 1141 , 20764.8895196154 
 1142 , 20764.4961520287 
 1143 , 20759.4652338772 
 1144 , 20752.6809197108 
 1145 , 20747.0858927748 
 1146 , 20741.6200037231 
 1147 , 20732.8022448387 
 1148 , 20720.2036508841 
 1149 , 20707.3202871926 
 1150 , 20696.9587518858 
 1151 , 20689.42864821 
 1152 , 20684.2328330837 
 1153 , 20678.529132904 
 1154 , 20668.700733577 
 1155 , 20652.3098135939 
 1156 , 20627.9720860373 
 1157 , 20603.3838018111 
 1158 , 20600.0024306828 
 1159 , 20632.4003759922 
 1160 , 20689.5759141018 
 1161 , 20752.8355655256 
 1162 , 20784.9809924482 
 1163 , 20744.3258308643 
 1164 , 20652.7820170651 
 1165 , 20587.2957288794 
 1166 , 20583.3243336942 
 1167 , 20601.0876522337 
 1168 , 20603.8736894145 
 1169 , 20593.4486970038 
 1170 , 20580.000586613 
 1171 , 20571.11439044 
 1172 , 20572.5877359602 
 1173 , 20578.875440054 
 1174 , 20573.6497275293 
 1175 , 20549.6383182759 
 1176 , 20517.5107132371 
 1177 , 20487.9097876897 
 1178 , 20463.5146446425 
 1179 , 20444.7955408044 
 1180 , 20430.0797526035 
 1181 , 20416.6247903628 
 1182 , 20402.3869058665 
 1183 , 20386.0488679627 
 1184 , 20368.273641266 
 1185 , 20353.5446203108 
 1186 , 20345.3957565865 
 1187 , 20341.7227133267 
 1188 , 20338.9852136723 
 1189 , 20333.5555765048 
 1190 , 20321.9010880223 
 1191 , 20303.7399602877 
 1192 , 20282.0646283435 
 1193 , 20261.2317977766 
 1194 , 20247.9612483622 
 1195 , 20245.6195461574 
 1196 , 20243.3115779457 
 1197 , 20228.8320142668 
 1198 , 20208.4508148396 
 1199 , 20197.1901870338 
 1200 , 20199.7232345878 
 1201 , 20210.710848466 
 1202 , 20220.5503503161 
 1203 , 20212.6150865823 
 1204 , 20176.3666696274 
 1205 , 20126.0506211346 
 1206 , 20080.0788851936 
 1207 , 20045.8641783406 
 1208 , 20025.6689353794 
 1209 , 20019.6936490074 
 1210 , 20026.2961766042 
 1211 , 20038.9669287471 
 1212 , 20043.3659271118 
 1213 , 20026.3495329236 
 1214 , 19980.8514969236 
 1215 , 19906.2026143477 
 1216 , 19835.3520606986 
 1217 , 19811.6247989191 
 1218 , 19834.6341889156 
 1219 , 19871.0369271849 
 1220 , 19890.8763311285 
 1221 , 19870.079975616 
 1222 , 19801.4300071048 
 1223 , 19721.0358365396 
 1224 , 19666.2957412271 
 1225 , 19644.2706166656 
 1226 , 19650.937872346 
 1227 , 19669.4419916728 
 1228 , 19675.4673938471 
 1229 , 19660.5562019494 
 1230 , 19634.4367864375 
 1231 , 19604.5039321984 
 1232 , 19571.176615349 
 1233 , 19535.0436293879 
 1234 , 19500.9534494831 
 1235 , 19474.5350885576 
 1236 , 19458.9623002714 
 1237 , 19455.7911126366 
 1238 , 19458.6890016133 
 1239 , 19454.4405293719 
 1240 , 19438.4702279104 
 1241 , 19420.4414444097 
 1242 , 19406.6497342416 
 1243 , 19389.505731781 
 1244 , 19361.6004157407 
 1245 , 19331.5534107079 
 1246 , 19312.7260104614 
 1247 , 19306.0880367421 
 1248 , 19304.3833686162 
 1249 , 19299.9169365513 
 1250 , 19284.6932614851 
 1251 , 19257.9564370523 
 1252 , 19234.2931317567 
 1253 , 19226.124936655 
 1254 , 19229.534907039 
 1255 , 19235.8929073425 
 1256 , 19231.4871726513 
 1257 , 19201.7292938129 
 1258 , 19156.9590804748 
 1259 , 19127.7178641567 
 1260 , 19121.5067598219 
 1261 , 19111.5351767689 
 1262 , 19083.3287111747 
 1263 , 19061.4697514269 
 1264 , 19068.2514417002 
 1265 , 19084.2508194989 
 1266 , 19080.1377220679 
 1267 , 19052.9912514844 
 1268 , 19014.4553893149 
 1269 , 18975.6171964963 
 1270 , 18946.7673522159 
 1271 , 18929.9120044533 
 1272 , 18913.3210277384 
 1273 , 18890.8610465378 
 1274 , 18876.9003561811 
 1275 , 18885.1571890644 
 1276 , 18904.8743133391 
 1277 , 18918.1913415806 
 1278 , 18920.9731984414 
 1279 , 18917.2320732037 
 1280 , 18906.3293429321 
 1281 , 18882.7767135768 
 1282 , 18849.9531568332 
 1283 , 18827.3824426555 
 1284 , 18829.1866721529 
 1285 , 18847.3368065268 
 1286 , 18868.7737956603 
 1287 , 18876.4409236168 
 1288 , 18854.6438982411 
 1289 , 18818.3214792211 
 1290 , 18799.847884961 
 1291 , 18793.6352236314 
 1292 , 18754.6317844459 
 1293 , 18673.6212639991 
 1294 , 18607.6270662213 
 1295 , 18597.4873798695 
 1296 , 18614.1068691506 
 1297 , 18620.1838125189 
 1298 , 18606.3095713426 
 1299 , 18573.725854075 
 1300 , 18535.4636723739 
 1301 , 18510.7181298457 
 1302 , 18502.3516531576 
 1303 , 18497.2955393757 
 1304 , 18487.7244750967 
 1305 , 18475.3525108484 
 1306 , 18458.9468441781 
 1307 , 18426.8105653887 
 1308 , 18371.8105893185 
 1309 , 18317.3716495857 
 1310 , 18292.6395897076 
 1311 , 18296.5386351171 
 1312 , 18312.5161091343 
 1313 , 18325.4959519611 
 1314 , 18321.9904130016 
 1315 , 18298.6527972727 
 1316 , 18266.0832430459 
 1317 , 18234.4248151904 
 1318 , 18210.4426636847 
 1319 , 18197.9973114933 
 1320 , 18191.4312881405 
 1321 , 18183.6616498919 
 1322 , 18173.7476994341 
 1323 , 18163.109238149 
 1324 , 18150.5652350535 
 1325 , 18133.249439868 
 1326 , 18111.2106958933 
 1327 , 18087.7520231541 
 1328 , 18066.458945196 
 1329 , 18051.1193765127 
 1330 , 18043.7073119714 
 1331 , 18040.8179035395 
 1332 , 18038.0540943337 
 1333 , 18030.9606202566 
 1334 , 18016.0074533471 
 1335 , 17997.8467382007 
 1336 , 17984.6468433822 
 1337 , 17973.3161264484 
 1338 , 17951.8251910608 
 1339 , 17920.3947530458 
 1340 , 17895.3658571199 
 1341 , 17883.3019783945 
 1342 , 17868.4230486142 
 1343 , 17841.9943497123 
 1344 , 17828.34501595 
 1345 , 17850.3045400231 
 1346 , 17882.9205887313 
 1347 , 17888.1819423891 
 1348 , 17864.0315133046 
 1349 , 17828.2181248791 
 1350 , 17789.5006328664 
 1351 , 17748.6142786073 
 1352 , 17711.0752608786 
 1353 , 17689.2641213811 
 1354 , 17684.8998528796 
 1355 , 17675.734445765 
 1356 , 17644.6517841587 
 1357 , 17603.0406822279 
 1358 , 17565.5815132229 
 1359 , 17530.6415038537 
 1360 , 17491.6513146559 
 1361 , 17449.8718384142 
 1362 , 17410.8158544773 
 1363 , 17377.9464736203 
 1364 , 17352.8271221141 
 1365 , 17333.0044057282 
 1366 , 17310.8741526798 
 1367 , 17281.7895587906 
 1368 , 17247.7488096375 
 1369 , 17212.9264510876 
 1370 , 17185.8650198709 
 1371 , 17172.6366257604 
 1372 , 17162.4018199752 
 1373 , 17141.0502952552 
 1374 , 17111.7546441716 
 1375 , 17085.8479347257 
 1376 , 17068.9544592197 
 1377 , 17062.0298694213 
 1378 , 17056.5324520751 
 1379 , 17033.4478841098 
 1380 , 16982.322607521 
 1381 , 16908.1734212721 
 1382 , 16825.5468497851 
 1383 , 16769.7638170321 
 1384 , 16764.9101679884 
 1385 , 16776.2964342267 
 1386 , 16761.551251967 
 1387 , 16723.9894325329 
 1388 , 16683.571221596 
 1389 , 16646.6428705631 
 1390 , 16611.6159437856 
 1391 , 16580.1719645371 
 1392 , 16556.8579559685 
 1393 , 16542.2672189166 
 1394 , 16531.7700088901 
 1395 , 16522.2598317499 
 1396 , 16514.2001325799 
 1397 , 16505.4648976377 
 1398 , 16485.3240051349 
 1399 , 16446.7720106319 
 1400 , 16406.0189660316 
 1401 , 16382.5453473308 
 1402 , 16374.4425812364 
 1403 , 16371.2063261372 
 1404 , 16366.1281994405 
 1405 , 16355.1483909719 
 1406 , 16339.6617588693 
 1407 , 16325.7459111702 
 1408 , 16313.132575997 
 1409 , 16293.2132345562 
 1410 , 16263.6384884968 
 1411 , 16234.7818030383 
 1412 , 16215.6047155679 
 1413 , 16207.3599031647 
 1414 , 16207.9310877306 
 1415 , 16206.7395788734 
 1416 , 16193.5104209571 
 1417 , 16173.3616381218 
 1418 , 16156.189235385 
 1419 , 16141.159910284 
 1420 , 16121.6818263022 
 1421 , 16094.6509126348 
 1422 , 16059.9200661915 
 1423 , 16021.260308341 
 1424 , 15986.6956713046 
 1425 , 15960.9350196852 
 1426 , 15943.0793304811 
 1427 , 15933.9298741572 
 1428 , 15939.2605067727 
 1429 , 15957.8761732943 
 1430 , 15963.4566195831 
 1431 , 15933.4440309996 
 1432 , 15888.1859793753 
 1433 , 15856.7909195884 
 1434 , 15838.9127783956 
 1435 , 15821.9151795059 
 1436 , 15798.4193353556 
 1437 , 15764.8099049658 
 1438 , 15726.457556685 
 1439 , 15696.0920296355 
 1440 , 15678.5924660535 
 1441 , 15669.3696041091 
 1442 , 15667.0318730975 
 1443 , 15676.2432892855 
 1444 , 15694.3662393692 
 1445 , 15700.9220106952 
 1446 , 15681.8982289597 
 1447 , 15651.9665505513 
 1448 , 15628.6327470247 
 1449 , 15616.02441388 
 1450 , 15613.7787884288 
 1451 , 15617.2201005645 
 1452 , 15620.8814910353 
 1453 , 15628.5340053916 
 1454 , 15648.3549880662 
 1455 , 15677.0720919643 
 1456 , 15702.8486491054 
 1457 , 15719.3202331548 
 1458 , 15725.9394309724 
 1459 , 15719.39152956 
 1460 , 15692.1937088844 
 1461 , 15643.5898459268 
 1462 , 15586.1037979168 
 1463 , 15532.1484700542 
 1464 , 15490.0482296873 
 1465 , 15460.809176305 
 1466 , 15421.6217687335 
 1467 , 15350.8899921273 
 1468 , 15259.4492319204 
 1469 , 15167.5820711222 
 1470 , 15091.3752329377 
 1471 , 15043.2683144931 
 1472 , 15017.2055999832 
 1473 , 14997.2146049131 
 1474 , 14976.8029706517 
 1475 , 14956.7460389103 
 1476 , 14937.3083916299 
 1477 , 14918.0628780641 
 1478 , 14898.6504398259 
 1479 , 14878.8400108748 
 1480 , 14858.2819044988 
 1481 , 14836.4139538313 
 1482 , 14814.777058435 
 1483 , 14799.800885364 
 1484 , 14793.9270818395 
 1485 , 14785.1938688481 
 1486 , 14764.0034344146 
 1487 , 14742.0783192208 
 1488 , 14733.600586004 
 1489 , 14735.4758210171 
 1490 , 14738.5686154444 
 1491 , 14733.5954594657 
 1492 , 14712.7997138184 
 1493 , 14685.298953529 
 1494 , 14668.80868419 
 1495 , 14657.5198526297 
 1496 , 14628.3857468119 
 1497 , 14584.1975716554 
 1498 , 14553.3759803075 
 1499 , 14543.0996409557 
 1500 , 14532.1535175431 
 1501 , 14505.8351085247 
 1502 , 14463.1366424043 
 1503 , 14412.852753842 
 1504 , 14381.6680899228 
 1505 , 14382.8926136229 
 1506 , 14387.4529440109 
 1507 , 14369.0475647294 
 1508 , 14336.2936440937 
 1509 , 14303.3937698593 
 1510 , 14274.7796612065 
 1511 , 14251.8775045249 
 1512 , 14234.9576031064 
 1513 , 14222.8796288463 
 1514 , 14206.7312875526 
 1515 , 14175.8318849856 
 1516 , 14139.9568664296 
 1517 , 14119.4535934766 
 1518 , 14109.3997745213 
 1519 , 14086.7828634222 
 1520 , 14050.5134673142 
 1521 , 14020.11936359 
 1522 , 14003.6252625739 
 1523 , 13994.7038803638 
 1524 , 13985.6025754354 
 1525 , 13967.727701955 
 1526 , 13936.992290847 
 1527 , 13897.5222935451 
 1528 , 13858.2001225344 
 1529 , 13836.6036697564 
 1530 , 13843.420210362 
 1531 , 13866.844463444 
 1532 , 13890.2115755381 
 1533 , 13893.4588213422 
 1534 , 13864.1200430377 
 1535 , 13826.4356225771 
 1536 , 13808.5207459463 
 1537 , 13804.0989965571 
 1538 , 13796.7904815763 
 1539 , 13782.154413992 
 1540 , 13760.8166546289 
 1541 , 13733.2758505221 
 1542 , 13700.590286803 
 1543 , 13671.036797161 
 1544 , 13656.5290100786 
 1545 , 13655.086176806 
 1546 , 13654.3814971581 
 1547 , 13648.7786947024 
 1548 , 13639.1345427172 
 1549 , 13628.9131332889 
 1550 , 13623.934499787 
 1551 , 13619.9418968673 
 1552 , 13599.4896917221 
 1553 , 13560.6326219944 
 1554 , 13527.1667066726 
 1555 , 13514.7187667419 
 1556 , 13519.2667524998 
 1557 , 13531.552988192 
 1558 , 13535.4263856785 
 1559 , 13520.918924009 
 1560 , 13497.3172340209 
 1561 , 13473.9458257141 
 1562 , 13449.7970879716 
 1563 , 13423.4088893255 
 1564 , 13399.7212412446 
 1565 , 13383.662121403 
 1566 , 13372.7742470993 
 1567 , 13363.0525171075 
 1568 , 13353.9508836345 
 1569 , 13345.7451845562 
 1570 , 13336.1035612883 
 1571 , 13323.1569529539 
 1572 , 13317.5661817072 
 1573 , 13332.7833641253 
 1574 , 13349.800608375 
 1575 , 13334.553061854 
 1576 , 13293.6182831865 
 1577 , 13259.0444767215 
 1578 , 13241.3874953658 
 1579 , 13234.4667000659 
 1580 , 13232.0471169998 
 1581 , 13228.2179325555 
 1582 , 13217.1079427342 
 1583 , 13193.3001378519 
 1584 , 13164.2026843147 
 1585 , 13151.465876812 
 1586 , 13155.9158432598 
 1587 , 13150.2369642645 
 1588 , 13124.4414422235 
 1589 , 13097.3922947753 
 1590 , 13084.4699744309 
 1591 , 13090.916173722 
 1592 , 13107.1062138545 
 1593 , 13096.5285999921 
 1594 , 13046.6476971416 
 1595 , 13004.8367334739 
 1596 , 13002.1949995517 
 1597 , 13008.606651221 
 1598 , 12996.3132091878 
 1599 , 12971.4571676032 
 1600 , 12945.4186828621 
 1601 , 12927.0092238135 
 1602 , 12921.938672357 
 1603 , 12926.3946572078 
 1604 , 12935.4900890047 
 1605 , 12949.0233665519 
 1606 , 12965.7344495329 
 1607 , 12973.5959458034 
 1608 , 12960.110761608 
 1609 , 12927.1511506676 
 1610 , 12883.2997836084 
 1611 , 12848.8269006724 
 1612 , 12841.7427821034 
 1613 , 12835.816028476 
 1614 , 12793.9832015941 
 1615 , 12734.9197734097 
 1616 , 12696.9461147418 
 1617 , 12669.2522379778 
 1618 , 12620.2724855309 
 1619 , 12556.6481713297 
 1620 , 12504.5145560544 
 1621 , 12471.7077194377 
 1622 , 12454.4279485522 
 1623 , 12443.5857770894 
 1624 , 12427.7306430118 
 1625 , 12409.1656698481 
 1626 , 12399.1102283153 
 1627 , 12394.0673599298 
 1628 , 12379.7981359999 
 1629 , 12356.2817251256 
 1630 , 12335.1564462648 
 1631 , 12318.5249005853 
 1632 , 12299.7848834445 
 1633 , 12277.2717251451 
 1634 , 12254.3253052456 
 1635 , 12232.2434220719 
 1636 , 12210.0295254306 
 1637 , 12187.7477458717 
 1638 , 12166.6884327457 
 1639 , 12146.0049709785 
 1640 , 12122.3603969042 
 1641 , 12096.317768112 
 1642 , 12073.4103268817 
 1643 , 12054.8990145053 
 1644 , 12036.0434909938 
 1645 , 12016.8690884255 
 1646 , 12004.6201663528 
 1647 , 12002.7465009003 
 1648 , 12008.1617024758 
 1649 , 12011.75293765 
 1650 , 11996.0280726713 
 1651 , 11958.1103527533 
 1652 , 11920.1795154367 
 1653 , 11895.4251611057 
 1654 , 11877.630328155 
 1655 , 11863.5341690385 
 1656 , 11858.5233814016 
 1657 , 11858.3307914006 
 1658 , 11839.0862904311 
 1659 , 11794.0906280965 
 1660 , 11754.1403270428 
 1661 , 11739.2905435765 
 1662 , 11739.2144288329 
 1663 , 11739.726802607 
 1664 , 11726.2799918824 
 1665 , 11696.6714441868 
 1666 , 11675.2896771149 
 1667 , 11673.8290303903 
 1668 , 11668.2970131734 
 1669 , 11643.6246936642 
 1670 , 11615.8457506008 
 1671 , 11595.7253248602 
 1672 , 11571.8438523375 
 1673 , 11541.5433138271 
 1674 , 11530.3323815429 
 1675 , 11545.9507394239 
 1676 , 11543.4727540251 
 1677 , 11495.8016325676 
 1678 , 11438.5303362393 
 1679 , 11401.9675152605 
 1680 , 11379.9986875701 
 1681 , 11365.703707586 
 1682 , 11363.9900710238 
 1683 , 11373.4100624132 
 1684 , 11371.9765842979 
 1685 , 11346.0724679773 
 1686 , 11311.226112094 
 1687 , 11281.361455289 
 1688 , 11254.9196858532 
 1689 , 11231.4269908836 
 1690 , 11219.186807959 
 1691 , 11218.8733570442 
 1692 , 11208.6522679422 
 1693 , 11176.3956043066 
 1694 , 11142.7366154035 
 1695 , 11126.2695159544 
 1696 , 11128.2294892651 
 1697 , 11141.6039154218 
 1698 , 11145.7559195009 
 1699 , 11128.9162075655 
 1700 , 11105.3158990158 
 1701 , 11086.4237493435 
 1702 , 11068.3379466452 
 1703 , 11046.3039303307 
 1704 , 11018.6708839978 
 1705 , 10988.3341583332 
 1706 , 10967.3599490402 
 1707 , 10962.7628752249 
 1708 , 10967.8446914713 
 1709 , 10973.7131096227 
 1710 , 10970.6792710058 
 1711 , 10953.3735600585 
 1712 , 10925.483656504 
 1713 , 10893.2002181142 
 1714 , 10865.4374942783 
 1715 , 10847.4761442139 
 1716 , 10837.0663396853 
 1717 , 10830.5402096109 
 1718 , 10823.1906613929 
 1719 , 10811.2387234483 
 1720 , 10792.7413540329 
 1721 , 10767.0313699771 
 1722 , 10735.3563541781 
 1723 , 10704.7898218948 
 1724 , 10691.1820916054 
 1725 , 10697.1372411173 
 1726 , 10703.9977995668 
 1727 , 10695.8026885327 
 1728 , 10663.4963240286 
 1729 , 10617.7037596887 
 1730 , 10594.5330483541 
 1731 , 10604.8348808261 
 1732 , 10624.5996815501 
 1733 , 10633.0234446424 
 1734 , 10616.6050751263 
 1735 , 10579.6315611631 
 1736 , 10545.7332875515 
 1737 , 10525.587836166 
 1738 , 10514.7051757702 
 1739 , 10505.4253851575 
 1740 , 10488.0883167353 
 1741 , 10461.912705369 
 1742 , 10434.4432599247 
 1743 , 10411.8697334489 
 1744 , 10398.6014183924 
 1745 , 10393.8943789676 
 1746 , 10392.602250277 
 1747 , 10385.5742737987 
 1748 , 10362.2022267927 
 1749 , 10330.4208019155 
 1750 , 10309.4529224527 
 1751 , 10300.7120824684 
 1752 , 10294.2905880924 
 1753 , 10281.8464911535 
 1754 , 10257.3420803603 
 1755 , 10226.4009436498 
 1756 , 10200.5107425927 
 1757 , 10188.44478493 
 1758 , 10194.4966748416 
 1759 , 10200.2930910591 
 1760 , 10183.1016325347 
 1761 , 10156.2242211773 
 1762 , 10143.4698597192 
 1763 , 10146.8564559077 
 1764 , 10159.1376512632 
 1765 , 10165.4564310338 
 1766 , 10153.5034758664 
 1767 , 10133.5402498162 
 1768 , 10117.8242119469 
 1769 , 10100.8626809268 
 1770 , 10076.3731460406 
 1771 , 10051.1637729289 
 1772 , 10033.4159460442 
 1773 , 10026.4696829331 
 1774 , 10028.9298411467 
 1775 , 10028.929024406 
 1776 , 10020.8122122448 
 1777 , 10018.4381228181 
 1778 , 10026.7810873535 
 1779 , 10025.5039038287 
 1780 , 10004.7132389787 
 1781 , 9980.43094854266 
 1782 , 9960.87935502367 
 1783 , 9936.59477537647 
 1784 , 9906.17340738503 
 1785 , 9882.32171374335 
 1786 , 9870.41571620084 
 1787 , 9864.92926156913 
 1788 , 9860.76167895285 
 1789 , 9854.2604005762 
 1790 , 9845.13562314395 
 1791 , 9836.45894845437 
 1792 , 9833.12836373791 
 1793 , 9840.70753763999 
 1794 , 9853.22722074443 
 1795 , 9856.89979824686 
 1796 , 9848.73622810954 
 1797 , 9832.80586520216 
 1798 , 9811.76514005362 
 1799 , 9788.08769932811 
 1800 , 9769.81682869392 
 1801 , 9765.15998282849 
 1802 , 9765.10717915046 
 1803 , 9756.08042293646 
 1804 , 9739.07269488179 
 1805 , 9719.48141640693 
 1806 , 9699.27287951753 
 1807 , 9681.15840342964 
 1808 , 9674.83326270023 
 1809 , 9683.00184907237 
 1810 , 9679.52095609518 
 1811 , 9649.8042281598 
 1812 , 9627.64216428998 
 1813 , 9635.05324767804 
 1814 , 9647.67865560312 
 1815 , 9645.6175145811 
 1816 , 9630.41403075139 
 1817 , 9610.82313060325 
 1818 , 9602.94209713881 
 1819 , 9605.3931074665 
 1820 , 9592.72057221972 
 1821 , 9563.49475280503 
 1822 , 9545.03174657935 
 1823 , 9544.19994296998 
 1824 , 9546.96721959135 
 1825 , 9546.0626877355 
 1826 , 9540.22938284718 
 1827 , 9526.3075588183 
 1828 , 9501.3192052452 
 1829 , 9477.54984939038 
 1830 , 9472.5975175756 
 1831 , 9479.48089828991 
 1832 , 9481.85454456614 
 1833 , 9475.38605230429 
 1834 , 9461.19282925931 
 1835 , 9444.86419205457 
 1836 , 9430.81008284472 
 1837 , 9413.57781955028 
 1838 , 9388.29943874889 
 1839 , 9359.41331805581 
 1840 , 9333.6518225147 
 1841 , 9318.92772209247 
 1842 , 9318.27889330635 
 1843 , 9324.59092850302 
 1844 , 9334.20912172384 
 1845 , 9350.72934484106 
 1846 , 9361.49956009495 
 1847 , 9333.2257593159 
 1848 , 9280.03437683625 
 1849 , 9265.5662847601 
 1850 , 9296.82668814641 
 1851 , 9330.15135488948 
 1852 , 9334.38885327054 
 1853 , 9293.23788295038 
 1854 , 9237.55096971177 
 1855 , 9216.88837767596 
 1856 , 9222.8278432519 
 1857 , 9225.33820562761 
 1858 , 9220.54640287498 
 1859 , 9213.69415164942 
 1860 , 9209.22154146481 
 1861 , 9207.44712109949 
 1862 , 9195.4433324826 
 1863 , 9167.4418916834 
 1864 , 9143.91257022348 
 1865 , 9137.45664073052 
 1866 , 9135.76052697003 
 1867 , 9130.3186438686 
 1868 , 9123.55413971495 
 1869 , 9111.51295347724 
 1870 , 9082.00168532413 
 1871 , 9049.20823612837 
 1872 , 9051.1175483192 
 1873 , 9075.61578726153 
 1874 , 9074.59259344757 
 1875 , 9048.25070319171 
 1876 , 9024.86236664423 
 1877 , 9013.58263682442 
 1878 , 9012.37872719015 
 1879 , 9008.37911711879 
 1880 , 8990.49616548788 
 1881 , 8972.97818607968 
 1882 , 8970.0036713307 
 1883 , 8972.3238352083 
 1884 , 8971.17767738661 
 1885 , 8971.083828316 
 1886 , 8973.89320381347 
 1887 , 8972.53597124332 
 1888 , 8959.79202515798 
 1889 , 8930.20732450137 
 1890 , 8893.56065961233 
 1891 , 8875.06044570083 
 1892 , 8874.99649149955 
 1893 , 8872.34823861729 
 1894 , 8854.91706135462 
 1895 , 8820.42552365217 
 1896 , 8797.24172683762 
 1897 , 8816.70084722528 
 1898 , 8837.71409616897 
 1899 , 8811.18015430039 
 1900 , 8769.42118400257 
 1901 , 8749.21634190306 
 1902 , 8731.61453822634 
 1903 , 8704.68616254057 
 1904 , 8698.05839429988 
 1905 , 8717.39840881929 
 1906 , 8717.74357004531 
 1907 , 8688.71533062659 
 1908 , 8669.83589811171 
 1909 , 8671.74279634137 
 1910 , 8674.79421464193 
 1911 , 8673.21255763813 
 1912 , 8671.48151511403 
 1913 , 8667.26852991688 
 1914 , 8656.20613759879 
 1915 , 8645.28276999941 
 1916 , 8641.82007495712 
 1917 , 8634.28828200481 
 1918 , 8612.87931597946 
 1919 , 8590.52408940541 
 1920 , 8578.32767741648 
 1921 , 8572.6115063813 
 1922 , 8568.44280958546 
 1923 , 8562.32998478992 
 1924 , 8552.60405474948 
 1925 , 8539.84259392589 
 1926 , 8527.97301542466 
 1927 , 8522.92315084518 
 1928 , 8519.70627748562 
 1929 , 8507.47790328885 
 1930 , 8486.71332922007 
 1931 , 8464.12086921196 
 1932 , 8450.56990622483 
 1933 , 8452.3643472645 
 1934 , 8453.28126013568 
 1935 , 8442.12571226548 
 1936 , 8434.86580440534 
 1937 , 8438.63941039626 
 1938 , 8436.13862572117 
 1939 , 8420.38470578243 
 1940 , 8401.71206750762 
 1941 , 8389.1158797845 
 1942 , 8388.2483508234 
 1943 , 8393.38303327066 
 1944 , 8392.47347157835 
 1945 , 8385.50460022381 
 1946 , 8376.95823953302 
 1947 , 8363.22102441775 
 1948 , 8341.51084843945 
 1949 , 8322.43996605483 
 1950 , 8314.24271260157 
 1951 , 8311.18600191653 
 1952 , 8304.44334432741 
 1953 , 8284.01934388468 
 1954 , 8255.22788498917 
 1955 , 8241.45888919738 
 1956 , 8245.74244239842 
 1957 , 8252.39931695519 
 1958 , 8247.94298385385 
 1959 , 8224.6982263273 
 1960 , 8203.40632120344 
 1961 , 8206.51916770205 
 1962 , 8208.45063579987 
 1963 , 8188.91765942572 
 1964 , 8186.31821934537 
 1965 , 8215.43866067653 
 1966 , 8219.59423356045 
 1967 , 8181.14737546344 
 1968 , 8149.47587797063 
 1969 , 8140.70941615476 
 1970 , 8134.27519311316 
 1971 , 8127.70250494382 
 1972 , 8129.07452559936 
 1973 , 8123.13820351847 
 1974 , 8093.47027486393 
 1975 , 8073.24708187596 
 1976 , 8090.05904103367 
 1977 , 8102.65019677419 
 1978 , 8081.09398865154 
 1979 , 8050.15925493424 
 1980 , 8030.51622133538 
 1981 , 8025.81071455713 
 1982 , 8025.28437731612 
 1983 , 8007.51290761687 
 1984 , 7980.47222104544 
 1985 , 7968.51206113299 
 1986 , 7966.38314288624 
 1987 , 7959.77737505667 
 1988 , 7956.15805539753 
 1989 , 7962.07300142339 
 1990 , 7961.60093849109 
 1991 , 7945.42711164959 
 1992 , 7925.83634862486 
 1993 , 7915.41748084034 
 1994 , 7922.76216472923 
 1995 , 7937.30623191056 
 1996 , 7934.45093237525 
 1997 , 7919.00769926749 
 1998 , 7909.90862475088 
 1999 , 7902.62071501988 
 2000 , 7887.27605653543 
 2001 , 7869.34915746935 
 2002 , 7858.59055658762 
 2003 , 7865.69263533847 
 2004 , 7883.14264344317 
 2005 , 7875.05375717019 
 2006 , 7842.38169568624 
 2007 , 7825.15632861177 
 2008 , 7820.13530902587 
 2009 , 7798.155379457 
 2010 , 7777.29602969533 
 2011 , 7786.23749540516 
 2012 , 7800.22012745309 
 2013 , 7792.51097977693 
 2014 , 7775.52301914761 
 2015 , 7760.10340659479 
 2016 , 7741.6909761199 
 2017 , 7724.35719776279 
 2018 , 7722.74681229792 
 2019 , 7727.00144743635 
 2020 , 7711.99294503092 
 2021 , 7687.71669555947 
 2022 , 7676.1503695784 
 2023 , 7670.66407407687 
 2024 , 7661.40787877499 
 2025 , 7655.7838310594 
 2026 , 7658.59865367336 
 2027 , 7663.52875743085 
 2028 , 7661.08111644241 
 2029 , 7640.80378811493 
 2030 , 7613.05237459281 
 2031 , 7600.23549350024 
 2032 , 7590.5072376074 
 2033 , 7563.22372634116 
 2034 , 7537.57401978404 
 2035 , 7532.63363231153 
 2036 , 7532.33292621083 
 2037 , 7527.16659198219 
 2038 , 7530.04455279355 
 2039 , 7537.24000611798 
 2040 , 7525.98201735492 
 2041 , 7504.67592485612 
 2042 , 7499.73470243492 
 2043 , 7500.77498419754 
 2044 , 7489.91365350705 
 2045 , 7487.78550539733 
 2046 , 7502.98953359283 
 2047 , 7488.46389420839 
 2048 , 7436.00514093899 
 2049 , 7408.77413779089 
 2050 , 7422.61958786674 
 2051 , 7442.41424848359 
 2052 , 7441.88231603735 
 2053 , 7409.1844145107 
 2054 , 7378.5955470135 
 2055 , 7383.16285762923 
 2056 , 7394.48031521242 
 2057 , 7388.4130067422 
 2058 , 7375.95622710174 
 2059 , 7369.0787941974 
 2060 , 7374.42994353578 
 2061 , 7379.73367046809 
 2062 , 7363.07730184272 
 2063 , 7338.18081824734 
 2064 , 7325.76698678149 
 2065 , 7304.35505769313 
 2066 , 7263.12867393559 
 2067 , 7246.08583969693 
 2068 , 7264.11392297898 
 2069 , 7268.02154265069 
 2070 , 7249.57330858105 
 2071 , 7239.35660781634 
 2072 , 7238.20865677239 
 2073 , 7231.74646131469 
 2074 , 7216.29630551267 
 2075 , 7198.18769073651 
 2076 , 7202.38268511835 
 2077 , 7227.33292015041 
 2078 , 7222.20060474648 
 2079 , 7179.95892720751 
 2080 , 7141.09459633086 
 2081 , 7118.3075228409 
 2082 , 7105.34952554606 
 2083 , 7093.66447912405 
 2084 , 7078.97760038918 
 2085 , 7073.06041152595 
 2086 , 7079.81365998481 
 2087 , 7083.1333216107 
 2088 , 7078.8634755003 
 2089 , 7077.27158110514 
 2090 , 7076.83983706366 
 2091 , 7068.50016204246 
 2092 , 7046.86347364963 
 2093 , 7014.56336974804 
 2094 , 6995.96023285282 
 2095 , 7001.41980776449 
 2096 , 7007.29275855807 
 2097 , 7007.01393824632 
 2098 , 7014.91333139459 
 2099 , 7022.33246413837 
 2100 , 7009.79129277315 
 2101 , 6985.94293303712 
 2102 , 6963.88332716619 
 2103 , 6937.5978126011 
 2104 , 6910.14634081092 
 2105 , 6906.55481813578 
 2106 , 6922.7053694822 
 2107 , 6924.87844294477 
 2108 , 6912.86313731885 
 2109 , 6903.25719675118 
 2110 , 6889.17181436793 
 2111 , 6864.89162282578 
 2112 , 6851.27197524543 
 2113 , 6856.15612193467 
 2114 , 6859.06651043209 
 2115 , 6850.86236859451 
 2116 , 6835.58060890878 
 2117 , 6818.78364476113 
 2118 , 6804.63163385435 
 2119 , 6788.22908297622 
 2120 , 6770.14544468299 
 2121 , 6770.44184791342 
 2122 , 6782.3958224532 
 2123 , 6761.7467506707 
 2124 , 6721.15457215646 
 2125 , 6711.78789399795 
 2126 , 6721.45895382885 
 2127 , 6719.17560342642 
 2128 , 6710.35922537702 
 2129 , 6703.46618582615 
 2130 , 6695.93006266588 
 2131 , 6686.33795219756 
 2132 , 6676.36258998945 
 2133 , 6671.28011066065 
 2134 , 6673.76551507458 
 2135 , 6660.27320262985 
 2136 , 6618.57913227896 
 2137 , 6593.47997132876 
 2138 , 6600.72961138863 
 2139 , 6598.13255994786 
 2140 , 6579.41974995758 
 2141 , 6568.99352439605 
 2142 , 6556.87325810827 
 2143 , 6529.80243325607 
 2144 , 6527.1240770743 
 2145 , 6563.16656696556 
 2146 , 6576.27048111611 
 2147 , 6549.88944854052 
 2148 , 6525.18802763271 
 2149 , 6507.54156027763 
 2150 , 6483.9056019798 
 2151 , 6470.75363960339 
 2152 , 6478.16084704447 
 2153 , 6473.87032322681 
 2154 , 6449.27221091617 
 2155 , 6436.95233263908 
 2156 , 6438.24362891629 
 2157 , 6431.5351953159 
 2158 , 6420.47811748421 
 2159 , 6415.29877891276 
 2160 , 6412.30671236257 
 2161 , 6406.4604183411 
 2162 , 6395.70105975724 
 2163 , 6383.74095117759 
 2164 , 6377.84571853727 
 2165 , 6372.05247407895 
 2166 , 6358.75737939838 
 2167 , 6350.90823255262 
 2168 , 6354.81564497735 
 2169 , 6353.01032767478 
 2170 , 6340.61740023462 
 2171 , 6328.83754014208 
 2172 , 6320.72700685685 
 2173 , 6314.0684260576 
 2174 , 6306.40617804316 
 2175 , 6292.96158512679 
 2176 , 6264.40451875646 
 2177 , 6237.11967729437 
 2178 , 6253.59941952355 
 2179 , 6284.45657132705 
 2180 , 6269.86607559999 
 2181 , 6242.59751582807 
 2182 , 6240.89747338752 
 2183 , 6237.87206440888 
 2184 , 6221.98213718539 
 2185 , 6214.22557529674 
 2186 , 6215.05544087928 
 2187 , 6210.24302219375 
 2188 , 6192.97615761964 
 2189 , 6167.36451672525 
 2190 , 6159.32387904889 
 2191 , 6170.26528645115 
 2192 , 6165.05242620864 
 2193 , 6144.3356073129 
 2194 , 6131.54950084672 
 2195 , 6119.26984699936 
 2196 , 6099.56019007289 
 2197 , 6094.74450414052 
 2198 , 6101.71309846337 
 2199 , 6078.45892947792 
 2200 , 6040.25915954901 
 2201 , 6036.26109334639 
 2202 , 6056.88309727421 
 2203 , 6073.93344838632 
 2204 , 6068.20994903267 
 2205 , 6041.33613083846 
 2206 , 6019.82894013278 
 2207 , 6010.61309958553 
 2208 , 6005.97974685525 
 2209 , 6000.68946783725 
 2210 , 5989.26931720862 
 2211 , 5963.62470437571 
 2212 , 5934.46550409784 
 2213 , 5933.28374285162 
 2214 , 5944.06193363312 
 2215 , 5929.46594396062 
 2216 , 5907.40094282964 
 2217 , 5899.02204169791 
 2218 , 5891.47550540295 
 2219 , 5880.36637768009 
 2220 , 5875.2485638883 
 2221 , 5867.60607168494 
 2222 , 5845.37419411631 
 2223 , 5830.53253516694 
 2224 , 5836.85194370219 
 2225 , 5841.69339080013 
 2226 , 5835.14841558269 
 2227 , 5824.04280517354 
 2228 , 5805.89947307999 
 2229 , 5777.87094806347 
 2230 , 5755.16436905884 
 2231 , 5747.75255395008 
 2232 , 5748.48788406712 
 2233 , 5744.26484093177 
 2234 , 5722.69636024314 
 2235 , 5702.01606815761 
 2236 , 5700.50644088289 
 2237 , 5696.73630279019 
 2238 , 5680.50631865476 
 2239 , 5667.88985886064 
 2240 , 5659.70416610242 
 2241 , 5647.12088305932 
 2242 , 5636.47463256409 
 2243 , 5632.92311814758 
 2244 , 5626.33328384879 
 2245 , 5611.75453765208 
 2246 , 5593.05659392255 
 2247 , 5575.79719184464 
 2248 , 5564.75528368126 
 2249 , 5558.72565489104 
 2250 , 5554.21647310841 
 2251 , 5546.62910690528 
 2252 , 5536.63922595139 
 2253 , 5528.95463398558 
 2254 , 5522.70078570294 
 2255 , 5517.64779085632 
 2256 , 5522.45669981555 
 2257 , 5530.85213692166 
 2258 , 5516.57708851907 
 2259 , 5489.68520022582 
 2260 , 5477.43346894354 
 2261 , 5468.08038481344 
 2262 , 5450.73586622175 
 2263 , 5441.04251810436 
 2264 , 5436.62092823801 
 2265 , 5417.92890317296 
 2266 , 5400.18028857809 
 2267 , 5402.4113386509 
 2268 , 5400.82082827696 
 2269 , 5383.88529138479 
 2270 , 5370.50070864406 
 2271 , 5365.85007354774 
 2272 , 5363.06893613036 
 2273 , 5352.31648978723 
 2274 , 5332.76856347656 
 2275 , 5324.40022879096 
 2276 , 5327.17493097477 
 2277 , 5321.16042535415 
 2278 , 5312.34498571956 
 2279 , 5309.64345647063 
 2280 , 5290.82287345499 
 2281 , 5256.20166053073 
 2282 , 5244.34075024798 
 2283 , 5253.18314382892 
 2284 , 5254.87235846602 
 2285 , 5238.69419376614 
 2286 , 5213.08577740268 
 2287 , 5212.30598602518 
 2288 , 5226.12430726594 
 2289 , 5208.62545046703 
 2290 , 5172.74946426889 
 2291 , 5146.77518927669 
 2292 , 5130.47294202919 
 2293 , 5121.62282907997 
 2294 , 5120.99581763616 
 2295 , 5121.31287809359 
 2296 , 5113.82035815181 
 2297 , 5102.60560278691 
 2298 , 5092.20876213062 
 2299 , 5082.64041420954 
 2300 , 5073.81050419639 
 2301 , 5065.13371336413 
 2302 , 5052.04765963412 
 2303 , 5035.31826518028 
 2304 , 5029.63929742266 
 2305 , 5033.68343412847 
 2306 , 5030.2951328223 
 2307 , 5015.56632624416 
 2308 , 4996.18183781905 
 2309 , 4990.99146227164 
 2310 , 4996.6823769762 
 2311 , 4983.4408402669 
 2312 , 4959.90038713026 
 2313 , 4948.95825817387 
 2314 , 4942.49178073688 
 2315 , 4934.72219936792 
 2316 , 4933.92032452069 
 2317 , 4935.46987744178 
 2318 , 4926.37217341481 
 2319 , 4900.88735629695 
 2320 , 4868.96596695314 
 2321 , 4863.92035667794 
 2322 , 4874.73463214317 
 2323 , 4860.04094470922 
 2324 , 4835.37305469746 
 2325 , 4825.04565671219 
 2326 , 4824.3012618642 
 2327 , 4826.57032088046 
 2328 , 4827.37031630515 
 2329 , 4820.12116258355 
 2330 , 4802.66352541743 
 2331 , 4787.60515080384 
 2332 , 4779.9205295945 
 2333 , 4772.33912831103 
 2334 , 4756.17457932144 
 2335 , 4730.72121113392 
 2336 , 4722.00443745477 
 2337 , 4729.28127110106 
 2338 , 4713.32543304635 
 2339 , 4690.84669865937 
