11-20-2017,19:19:19
Wavenumber(cm-1),Intensity
 250 , 10 
 251 , 10 
 252 , 10 
 253 , 10 
 254 , 10 
 255 , 21.57421875 
 256 , 13.728515625 
 257 , 6.37109375 
 258 , 3.33203125 
 259 , 2.138671875 
 260 ,-1.447265625 
 261 ,-7.955078125 
 262 ,-11.859375 
 263 ,-9.03125 
 264 , 0.611328125 
 265 , 13.4765625 
 266 , 26.044921875 
 267 , 37.52734375 
 268 , 50.541015625 
 269 , 60.90234375 
 270 , 60.78515625 
 271 , 43.2890625 
 272 , 12.3359375 
 273 ,-9.6953125 
 274 ,-1.984375 
 275 , 29.173828125 
 276 , 59.568359375 
 277 , 69.609375 
 278 , 64.412109375 
 279 , 54.498046875 
 280 , 50.951171875 
 281 , 54.7734375 
 282 , 64.134765625 
 283 , 76.92578125 
 284 , 89.662109375 
 285 , 100.095703125 
 286 , 111.11328125 
 287 , 127.337890625 
 288 , 149.6015625 
 289 , 171.076171875 
 290 , 184.271484375 
 291 , 187.595703125 
 292 , 184.857421875 
 293 , 179.296875 
 294 , 167.828125 
 295 , 144.615234375 
 296 , 108.634765625 
 297 , 73.373046875 
 298 , 55.3046875 
 299 , 55.13671875 
 300 , 56.14453125 
 301 , 41.673828125 
 302 , 17.654296875 
 303 , 4.3359375 
 304 , 16.1328125 
 305 , 41.513671875 
 306 , 61.970703125 
 307 , 66.1171875 
 308 , 57.005859375 
 309 , 39.015625 
 310 , 20.64453125 
 311 , 9.3203125 
 312 , 10.42578125 
 313 , 18.8515625 
 314 , 26.646484375 
 315 , 30.85546875 
 316 , 37.09765625 
 317 , 51.4375 
 318 , 73.0703125 
 319 , 95.26171875 
 320 , 112.08984375 
 321 , 123.44140625 
 322 , 131.494140625 
 323 , 139.681640625 
 324 , 152.9375 
 325 , 175.703125 
 326 , 201.9609375 
 327 , 216.142578125 
 328 , 205.71875 
 329 , 180.15625 
 330 , 157.734375 
 331 , 150.884765625 
 332 , 157.626953125 
 333 , 173.89453125 
 334 , 197.806640625 
 335 , 229.703125 
 336 , 268.900390625 
 337 , 306.3359375 
 338 , 329.23828125 
 339 , 331.1171875 
 340 , 322.443359375 
 341 , 316.08984375 
 342 , 314.521484375 
 343 , 308.83203125 
 344 , 290.671875 
 345 , 259.83203125 
 346 , 219.75390625 
 347 , 175.51171875 
 348 , 136.828125 
 349 , 113.845703125 
 350 , 105.982421875 
 351 , 100.72265625 
 352 , 87.07421875 
 353 , 70.005859375 
 354 , 61.6875 
 355 , 68.162109375 
 356 , 78.6953125 
 357 , 80.16015625 
 358 , 69.17578125 
 359 , 52.98046875 
 360 , 38.8125 
 361 , 30.11328125 
 362 , 28.58203125 
 363 , 35.40625 
 364 , 50.71484375 
 365 , 74.388671875 
 366 , 103.064453125 
 367 , 129.8203125 
 368 , 148.017578125 
 369 , 154.17578125 
 370 , 146.22265625 
 371 , 126.96875 
 372 , 111.025390625 
 373 , 113.90625 
 374 , 133.982421875 
 375 , 153.046875 
 376 , 155.603515625 
 377 , 146.912109375 
 378 , 140.0625 
 379 , 142.095703125 
 380 , 146.880859375 
 381 , 146.904296875 
 382 , 139.875 
 383 , 127.828125 
 384 , 113.4140625 
 385 , 102.24609375 
 386 , 101.05078125 
 387 , 111.474609375 
 388 , 124.83203125 
 389 , 131.72265625 
 390 , 131.2734375 
 391 , 129.484375 
 392 , 131.115234375 
 393 , 134.013671875 
 394 , 133.888671875 
 395 , 127.9375 
 396 , 116.1171875 
 397 , 99.080078125 
 398 , 81.87890625 
 399 , 72.431640625 
 400 , 75.318359375 
 401 , 83.111328125 
 402 , 86.03125 
 403 , 83.314453125 
 404 , 85.626953125 
 405 , 102.240234375 
 406 , 124.05078125 
 407 , 132.2890625 
 408 , 117.744140625 
 409 , 99.662109375 
 410 , 101.91015625 
 411 , 130.5625 
 412 , 172.4375 
 413 , 213.6796875 
 414 , 242.275390625 
 415 , 247.138671875 
 416 , 227.27734375 
 417 , 203.62109375 
 418 , 198.21484375 
 419 , 206.94140625 
 420 , 204.869140625 
 421 , 173.90625 
 422 , 129.953125 
 423 , 98.126953125 
 424 , 91.138671875 
 425 , 101.501953125 
 426 , 120.048828125 
 427 , 138.09375 
 428 , 147.0546875 
 429 , 141.619140625 
 430 , 129.259765625 
 431 , 120.794921875 
 432 , 120.099609375 
 433 , 121.767578125 
 434 , 120.603515625 
 435 , 117.62890625 
 436 , 115.783203125 
 437 , 117.7890625 
 438 , 125.982421875 
 439 , 142.328125 
 440 , 163.83984375 
 441 , 184.21484375 
 442 , 198.767578125 
 443 , 210.1875 
 444 , 223.05859375 
 445 , 236.25390625 
 446 , 239.173828125 
 447 , 221.837890625 
 448 , 189.404296875 
 449 , 156.478515625 
 450 , 133.619140625 
 451 , 118.673828125 
 452 , 108.064453125 
 453 , 95.66015625 
 454 , 75.150390625 
 455 , 42.248046875 
 456 , 11.484375 
 457 , 4.4765625 
 458 , 28.80078125 
 459 , 62.923828125 
 460 , 83.12109375 
 461 , 88.453125 
 462 , 95.470703125 
 463 , 114.384765625 
 464 , 131.8359375 
 465 , 126.9765625 
 466 , 98.259765625 
 467 , 69.416015625 
 468 , 62.40625 
 469 , 71.38671875 
 470 , 76.98828125 
 471 , 67.888671875 
 472 , 52.83984375 
 473 , 43.455078125 
 474 , 43.8671875 
 475 , 52.181640625 
 476 , 65.197265625 
 477 , 73.6484375 
 478 , 65.986328125 
 479 , 42.05859375 
 480 , 18.501953125 
 481 , 11.40625 
 482 , 20.349609375 
 483 , 35.623046875 
 484 , 49.072265625 
 485 , 58.361328125 
 486 , 63.330078125 
 487 , 67.068359375 
 488 , 75.984375 
 489 , 95.423828125 
 490 , 123.916015625 
 491 , 156.93359375 
 492 , 187.52734375 
 493 , 206.244140625 
 494 , 206.1015625 
 495 , 197.244140625 
 496 , 195.93359375 
 497 , 209.07421875 
 498 , 223.95703125 
 499 , 228.08203125 
 500 , 223.6171875 
 501 , 221.638671875 
 502 , 228.65234375 
 503 , 237.291015625 
 504 , 239.583984375 
 505 , 235.759765625 
 506 , 234.521484375 
 507 , 242.662109375 
 508 , 258.138671875 
 509 , 276.6171875 
 510 , 291.19140625 
 511 , 287.291015625 
 512 , 249.8828125 
 513 , 188.990234375 
 514 , 133.736328125 
 515 , 108.052734375 
 516 , 114.767578125 
 517 , 151.5 
 518 , 204.58203125 
 519 , 248.181640625 
 520 , 260.9375 
 521 , 249.38671875 
 522 , 229.9609375 
 523 , 212.740234375 
 524 , 196.6953125 
 525 , 180.248046875 
 526 , 168 
 527 , 167.11328125 
 528 , 180.859375 
 529 , 203.009765625 
 530 , 226.2265625 
 531 , 244.150390625 
 532 , 251.1796875 
 533 , 244.564453125 
 534 , 234.33203125 
 535 , 234.724609375 
 536 , 247.23828125 
 537 , 255.416015625 
 538 , 243.912109375 
 539 , 219.943359375 
 540 , 201.619140625 
 541 , 200.326171875 
 542 , 213.025390625 
 543 , 234.025390625 
 544 , 255.857421875 
 545 , 269.302734375 
 546 , 267.1875 
 547 , 250.01171875 
 548 , 221.892578125 
 549 , 198.607421875 
 550 , 204.390625 
 551 , 251.60546875 
 552 , 305.80859375 
 553 , 322.93359375 
 554 , 293.4375 
 555 , 250.78125 
 556 , 227.3125 
 557 , 231.927734375 
 558 , 262.3828125 
 559 , 306.65234375 
 560 , 337.998046875 
 561 , 334.171875 
 562 , 307.65625 
 563 , 286.60546875 
 564 , 285.2109375 
 565 , 287.69140625 
 566 , 277.416015625 
 567 , 253.2734375 
 568 , 224.99609375 
 569 , 202.796875 
 570 , 199.55859375 
 571 , 227.0546875 
 572 , 274.556640625 
 573 , 310.083984375 
 574 , 310.123046875 
 575 , 286.89453125 
 576 , 259.546875 
 577 , 241.421875 
 578 , 241.23828125 
 579 , 266.412109375 
 580 , 301.734375 
 581 , 321.830078125 
 582 , 313.6953125 
 583 , 288.326171875 
 584 , 259.5703125 
 585 , 238.513671875 
 586 , 234.046875 
 587 , 248.734375 
 588 , 269.548828125 
 589 , 280.599609375 
 590 , 281.333984375 
 591 , 284.080078125 
 592 , 293.3125 
 593 , 283.73046875 
 594 , 226.947265625 
 595 , 135.818359375 
 596 , 60.736328125 
 597 , 39.185546875 
 598 , 53.26171875 
 599 , 72.650390625 
 600 , 82.177734375 
 601 , 82.94921875 
 602 , 76.798828125 
 603 , 71.87109375 
 604 , 79.552734375 
 605 , 102.5859375 
 606 , 128.36328125 
 607 , 141.767578125 
 608 , 139.658203125 
 609 , 127.087890625 
 610 , 110.841796875 
 611 , 98.62890625 
 612 , 98.9296875 
 613 , 112.455078125 
 614 , 133.5078125 
 615 , 156.60546875 
 616 , 180.576171875 
 617 , 206.16015625 
 618 , 237.419921875 
 619 , 277.095703125 
 620 , 321.55078125 
 621 , 359.40625 
 622 , 384.578125 
 623 , 402.701171875 
 624 , 425.01171875 
 625 , 454.369140625 
 626 , 474.099609375 
 627 , 465.853515625 
 628 , 430.36328125 
 629 , 385.458984375 
 630 , 346.205078125 
 631 , 313.79296875 
 632 , 284.638671875 
 633 , 262.25390625 
 634 , 260.205078125 
 635 , 288.412109375 
 636 , 323.921875 
 637 , 330.48828125 
 638 , 296.43359375 
 639 , 244.9375 
 640 , 203.12109375 
 641 , 182.837890625 
 642 , 187.234375 
 643 , 208.318359375 
 644 , 226.404296875 
 645 , 226.46484375 
 646 , 214.728515625 
 647 , 203.740234375 
 648 , 201.046875 
 649 , 208.400390625 
 650 , 226.015625 
 651 , 242.21875 
 652 , 241.572265625 
 653 , 220.107421875 
 654 , 191.095703125 
 655 , 166.9296875 
 656 , 150.712890625 
 657 , 140.84765625 
 658 , 135.109375 
 659 , 131.36328125 
 660 , 128.724609375 
 661 , 127.267578125 
 662 , 126.56640625 
 663 , 126.568359375 
 664 , 129.755859375 
 665 , 139.162109375 
 666 , 152.501953125 
 667 , 165.095703125 
 668 , 174.63671875 
 669 , 182.31640625 
 670 , 187.845703125 
 671 , 186.724609375 
 672 , 174.1484375 
 673 , 152.1328125 
 674 , 132.134765625 
 675 , 121.69921875 
 676 , 115.44140625 
 677 , 104.357421875 
 678 , 88.041015625 
 679 , 75.55859375 
 680 , 71.72265625 
 681 , 75.703125 
 682 , 87.21875 
 683 , 106.66796875 
 684 , 126.798828125 
 685 , 136.451171875 
 686 , 134.802734375 
 687 , 129.921875 
 688 , 129.5078125 
 689 , 133.701171875 
 690 , 138.912109375 
 691 , 141.951171875 
 692 , 141.748046875 
 693 , 140.251953125 
 694 , 141.982421875 
 695 , 150.390625 
 696 , 163.892578125 
 697 , 179.732421875 
 698 , 198.4453125 
 699 , 222.35546875 
 700 , 249.78515625 
 701 , 274.373046875 
 702 , 288.955078125 
 703 , 291.7265625 
 704 , 289.337890625 
 705 , 288.783203125 
 706 , 288.587890625 
 707 , 281.798828125 
 708 , 264.673828125 
 709 , 243.255859375 
 710 , 227.85546875 
 711 , 220.146484375 
 712 , 213.330078125 
 713 , 198.8828125 
 714 , 174.888671875 
 715 , 146.783203125 
 716 , 124.498046875 
 717 , 115.3125 
 718 , 116.80859375 
 719 , 119.154296875 
 720 , 116.205078125 
 721 , 109.955078125 
 722 , 103.701171875 
 723 , 97.357421875 
 724 , 89.427734375 
 725 , 80.904296875 
 726 , 72.126953125 
 727 , 61.6484375 
 728 , 48.521484375 
 729 , 34.650390625 
 730 , 22.89453125 
 731 , 15.9140625 
 732 , 16.404296875 
 733 , 26.181640625 
 734 , 45.232421875 
 735 , 70.140625 
 736 , 90.697265625 
 737 , 97.2890625 
 738 , 93.91796875 
 739 , 96.001953125 
 740 , 111.208984375 
 741 , 130.94140625 
 742 , 147.203125 
 743 , 161.310546875 
 744 , 177.818359375 
 745 , 194.306640625 
 746 , 203.0546875 
 747 , 199.8828125 
 748 , 192.228515625 
 749 , 192.46484375 
 750 , 202.927734375 
 751 , 211.916015625 
 752 , 210.94921875 
 753 , 202.32421875 
 754 , 191.291015625 
 755 , 179.482421875 
 756 , 170.576171875 
 757 , 170.6484375 
 758 , 176.1328125 
 759 , 175.234375 
 760 , 160.884765625 
 761 , 142.896484375 
 762 , 134.064453125 
 763 , 136.03515625 
 764 , 143.185546875 
 765 , 149.8984375 
 766 , 155.64453125 
 767 , 163.11328125 
 768 , 170.55078125 
 769 , 171.912109375 
 770 , 162.228515625 
 771 , 143.025390625 
 772 , 121.44140625 
 773 , 105.96484375 
 774 , 100.767578125 
 775 , 98.3671875 
 776 , 85.88671875 
 777 , 61.099609375 
 778 , 39.08203125 
 779 , 33.17578125 
 780 , 40.916015625 
 781 , 52.302734375 
 782 , 62.8359375 
 783 , 71.462890625 
 784 , 75.31640625 
 785 , 72.365234375 
 786 , 63.353515625 
 787 , 52.27734375 
 788 , 44.474609375 
 789 , 44.052734375 
 790 , 50.1015625 
 791 , 59.40234375 
 792 , 68.6328125 
 793 , 75.365234375 
 794 , 81.85546875 
 795 , 102.6015625 
 796 , 152.095703125 
 797 , 212.052734375 
 798 , 232.984375 
 799 , 187.3203125 
 800 , 121.177734375 
 801 , 92.23828125 
 802 , 102.873046875 
 803 , 113.099609375 
 804 , 103.24609375 
 805 , 96.71875 
 806 , 117.291015625 
 807 , 154.55859375 
 808 , 180.193359375 
 809 , 178.91015625 
 810 , 157.125 
 811 , 124.818359375 
 812 , 101.236328125 
 813 , 109.171875 
 814 , 148.076171875 
 815 , 184.826171875 
 816 , 192.134765625 
 817 , 180.9140625 
 818 , 172.255859375 
 819 , 169.86328125 
 820 , 162.005859375 
 821 , 143.7578125 
 822 , 126.078125 
 823 , 121.1640625 
 824 , 129.54296875 
 825 , 144.603515625 
 826 , 162.87109375 
 827 , 186.3203125 
 828 , 215.482421875 
 829 , 243.056640625 
 830 , 259.076171875 
 831 , 259.646484375 
 832 , 248.14453125 
 833 , 228.03515625 
 834 , 206.171875 
 835 , 191.853515625 
 836 , 191.720703125 
 837 , 206.51953125 
 838 , 229.109375 
 839 , 233.212890625 
 840 , 192.9921875 
 841 , 125.89453125 
 842 , 78.1953125 
 843 , 75.70703125 
 844 , 103.916015625 
 845 , 144.94921875 
 846 , 181.228515625 
 847 , 194.064453125 
 848 , 179.033203125 
 849 , 154.6953125 
 850 , 139.005859375 
 851 , 135.01953125 
 852 , 140.77734375 
 853 , 151.6953125 
 854 , 161.8046875 
 855 , 166.451171875 
 856 , 161.0390625 
 857 , 142.0390625 
 858 , 126.0625 
 859 , 142.2109375 
 860 , 196.888671875 
 861 , 255.408203125 
 862 , 284.833984375 
 863 , 286.68359375 
 864 , 274.66796875 
 865 , 259.1015625 
 866 , 246.900390625 
 867 , 241.91015625 
 868 , 240.021484375 
 869 , 237.271484375 
 870 , 236.79296875 
 871 , 244.330078125 
 872 , 264.041015625 
 873 , 301.96484375 
 874 , 364.513671875 
 875 , 447.10546875 
 876 , 538.625 
 877 , 625.765625 
 878 , 697.873046875 
 879 , 752.328125 
 880 , 801.318359375 
 881 , 856.912109375 
 882 , 915.267578125 
 883 , 964.052734375 
 884 , 991.7421875 
 885 , 984.763671875 
 886 , 931.99609375 
 887 , 849.048828125 
 888 , 763.267578125 
 889 , 682.556640625 
 890 , 589.494140625 
 891 , 474.916015625 
 892 , 368.974609375 
 893 , 308.654296875 
 894 , 291.3359375 
 895 , 285.189453125 
 896 , 269.142578125 
 897 , 245.083984375 
 898 , 216.353515625 
 899 , 179.0078125 
 900 , 126.8984375 
 901 , 69.8125 
 902 , 36.1328125 
 903 , 44.37890625 
 904 , 74.234375 
 905 , 98.263671875 
 906 , 107.521484375 
 907 , 105.66796875 
 908 , 99.060546875 
 909 , 98.529296875 
 910 , 111.931640625 
 911 , 131.00390625 
 912 , 142.86328125 
 913 , 143.431640625 
 914 , 135.6015625 
 915 , 122.626953125 
 916 , 111.431640625 
 917 , 109.306640625 
 918 , 112.5234375 
 919 , 110.171875 
 920 , 99.89453125 
 921 , 95.177734375 
 922 , 107.501953125 
 923 , 126.681640625 
 924 , 136.0078125 
 925 , 132.61328125 
 926 , 126.8984375 
 927 , 126.083984375 
 928 , 126.1484375 
 929 , 120.93359375 
 930 , 107.93359375 
 931 , 87.798828125 
 932 , 67.75 
 933 , 59.392578125 
 934 , 67.509765625 
 935 , 79.2109375 
 936 , 80.21484375 
 937 , 73.185546875 
 938 , 65.884765625 
 939 , 58.513671875 
 940 , 44.318359375 
 941 , 18.236328125 
 942 ,-4.9453125 
 943 ,-5.7734375 
 944 , 14.396484375 
 945 , 35.39453125 
 946 , 45.5625 
 947 , 57.2578125 
 948 , 81.095703125 
 949 , 101.55078125 
 950 , 91.287109375 
 951 , 54.50390625 
 952 , 38.806640625 
 953 , 74.689453125 
 954 , 130.744140625 
 955 , 166.861328125 
 956 , 176.56640625 
 957 , 172.056640625 
 958 , 161.37109375 
 959 , 146.86328125 
 960 , 130.96484375 
 961 , 116.36328125 
 962 , 105.142578125 
 963 , 93.623046875 
 964 , 74.001953125 
 965 , 45.09765625 
 966 , 20.20703125 
 967 , 11.939453125 
 968 , 16.75 
 969 , 25.216796875 
 970 , 32.876953125 
 971 , 41.109375 
 972 , 50.828125 
 973 , 58.6796875 
 974 , 61.056640625 
 975 , 60.1875 
 976 , 61.087890625 
 977 , 67.044921875 
 978 , 78.755859375 
 979 , 94.55859375 
 980 , 108.533203125 
 981 , 114.822265625 
 982 , 112.236328125 
 983 , 101.90625 
 984 , 88.537109375 
 985 , 81.03515625 
 986 , 85.7890625 
 987 , 98.240234375 
 988 , 111.369140625 
 989 , 121.134765625 
 990 , 126.14453125 
 991 , 126.19921875 
 992 , 121.501953125 
 993 , 114.85546875 
 994 , 120.81640625 
 995 , 154.87890625 
 996 , 207.416015625 
 997 , 252.74609375 
 998 , 287.65625 
 999 , 344.89453125 
 1000 , 452.751953125 
 1001 , 608.341796875 
 1002 , 800.90625 
 1003 , 1020.73828125 
 1004 , 1258.31640625 
 1005 , 1483.7421875 
 1006 , 1634.21875 
 1007 , 1655.744140625 
 1008 , 1543.1328125 
 1009 , 1307.099609375 
 1010 , 1003.47265625 
 1011 , 721.73828125 
 1012 , 515.392578125 
 1013 , 371.080078125 
 1014 , 268.90625 
 1015 , 195.443359375 
 1016 , 140.716796875 
 1017 , 101.26171875 
 1018 , 77.1875 
 1019 , 66.23828125 
 1020 , 62.42578125 
 1021 , 60.7265625 
 1022 , 61.470703125 
 1023 , 66.42578125 
 1024 , 78.09375 
 1025 , 99.685546875 
 1026 , 125.82421875 
 1027 , 136.8671875 
 1028 , 121.21875 
 1029 , 107.42578125 
 1030 , 131.66796875 
 1031 , 188.138671875 
 1032 , 241.88671875 
 1033 , 274.896484375 
 1034 , 298.087890625 
 1035 , 322.546875 
 1036 , 349.46484375 
 1037 , 376.798828125 
 1038 , 392.205078125 
 1039 , 376.427734375 
 1040 , 330.6953125 
 1041 , 288.9921875 
 1042 , 277.419921875 
 1043 , 279.326171875 
 1044 , 270.212890625 
 1045 , 254.33984375 
 1046 , 253.146484375 
 1047 , 274.638671875 
 1048 , 307.77734375 
 1049 , 340.146484375 
 1050 , 359.048828125 
 1051 , 354.03515625 
 1052 , 337.07421875 
 1053 , 331.9140625 
 1054 , 341.96875 
 1055 , 344.73046875 
 1056 , 325.650390625 
 1057 , 299.095703125 
 1058 , 283.13671875 
 1059 , 282.66796875 
 1060 , 296.283203125 
 1061 , 317.171875 
 1062 , 332.43359375 
 1063 , 333.1015625 
 1064 , 321.685546875 
 1065 , 303.142578125 
 1066 , 285.884765625 
 1067 , 279.203125 
 1068 , 282.171875 
 1069 , 284.212890625 
 1070 , 277.44140625 
 1071 , 260.4375 
 1072 , 233.734375 
 1073 , 203.6953125 
 1074 , 178.34375 
 1075 , 163.419921875 
 1076 , 163.099609375 
 1077 , 177.853515625 
 1078 , 201.734375 
 1079 , 227.97265625 
 1080 , 249.513671875 
 1081 , 260.46875 
 1082 , 266.427734375 
 1083 , 279.3125 
 1084 , 301.60546875 
 1085 , 323.482421875 
 1086 , 337.982421875 
 1087 , 349.349609375 
 1088 , 362.46484375 
 1089 , 370.802734375 
 1090 , 363.14453125 
 1091 , 343.580078125 
 1092 , 332.0625 
 1093 , 337.9609375 
 1094 , 344.794921875 
 1095 , 336.029296875 
 1096 , 314.322265625 
 1097 , 288.796875 
 1098 , 267.884765625 
 1099 , 259.376953125 
 1100 , 262.205078125 
 1101 , 260.544921875 
 1102 , 242.435546875 
 1103 , 216.21484375 
 1104 , 194.20703125 
 1105 , 180.36328125 
 1106 , 173.869140625 
 1107 , 168.931640625 
 1108 , 153.99609375 
 1109 , 126.58984375 
 1110 , 108.271484375 
 1111 , 118.318359375 
 1112 , 139.130859375 
 1113 , 140.767578125 
 1114 , 119.525390625 
 1115 , 92.912109375 
 1116 , 70.35546875 
 1117 , 48.71484375 
 1118 , 25.802734375 
 1119 , 7.76171875 
 1120 , 1.76171875 
 1121 , 5.072265625 
 1122 , 9.259765625 
 1123 , 13.935546875 
 1124 , 29.630859375 
 1125 , 59.51171875 
 1126 , 84.72265625 
 1127 , 87.576171875 
 1128 , 75.72265625 
 1129 , 66.30078125 
 1130 , 62.134765625 
 1131 , 53.7265625 
 1132 , 38.396484375 
 1133 , 25.1171875 
 1134 , 21.599609375 
 1135 , 20.802734375 
 1136 , 13.86328125 
 1137 , 6.498046875 
 1138 , 11.349609375 
 1139 , 30.333984375 
 1140 , 54.451171875 
 1141 , 76.365234375 
 1142 , 92.119140625 
 1143 , 98.80859375 
 1144 , 101.357421875 
 1145 , 105.4453125 
 1146 , 109.08984375 
 1147 , 104.8125 
 1148 , 92.796875 
 1149 , 84.822265625 
 1150 , 89.0625 
 1151 , 98.890625 
 1152 , 105.75 
 1153 , 111.6953125 
 1154 , 123.78125 
 1155 , 137.67578125 
 1156 , 137.482421875 
 1157 , 123.48046875 
 1158 , 125.23828125 
 1159 , 165.103515625 
 1160 , 230.361328125 
 1161 , 298.279296875 
 1162 , 331.021484375 
 1163 , 288.572265625 
 1164 , 198.29296875 
 1165 , 146.29296875 
 1166 , 171.17578125 
 1167 , 221.87109375 
 1168 , 250.65234375 
 1169 , 261.47265625 
 1170 , 270.818359375 
 1171 , 289.173828125 
 1172 , 322.8359375 
 1173 , 363.46875 
 1174 , 387.552734375 
 1175 , 383.009765625 
 1176 , 363.1796875 
 1177 , 342.265625 
 1178 , 324.44140625 
 1179 , 311.03515625 
 1180 , 303.107421875 
 1181 , 301.994140625 
 1182 , 305.5625 
 1183 , 306.12890625 
 1184 , 299.814453125 
 1185 , 293.515625 
 1186 , 294.078125 
 1187 , 300.408203125 
 1188 , 309.00390625 
 1189 , 315.05078125 
 1190 , 312.90625 
 1191 , 303.19921875 
 1192 , 294.443359375 
 1193 , 294.009765625 
 1194 , 302.70703125 
 1195 , 317.4765625 
 1196 , 329.361328125 
 1197 , 331.19921875 
 1198 , 326.9921875 
 1199 , 323.56640625 
 1200 , 325.1328125 
 1201 , 338.115234375 
 1202 , 360.859375 
 1203 , 370.306640625 
 1204 , 348.181640625 
 1205 , 308.94921875 
 1206 , 273.935546875 
 1207 , 250.765625 
 1208 , 240.03125 
 1209 , 239.505859375 
 1210 , 244.138671875 
 1211 , 248.494140625 
 1212 , 252.224609375 
 1213 , 254.53515625 
 1214 , 238.462890625 
 1215 , 186.748046875 
 1216 , 130.703125 
 1217 , 121.443359375 
 1218 , 159.71875 
 1219 , 205.83203125 
 1220 , 227.517578125 
 1221 , 209.1328125 
 1222 , 151.8125 
 1223 , 89.9609375 
 1224 , 55.939453125 
 1225 , 52.96875 
 1226 , 74.380859375 
 1227 , 101.783203125 
 1228 , 111.234375 
 1229 , 97.654296875 
 1230 , 79.111328125 
 1231 , 69.26171875 
 1232 , 60.8125 
 1233 , 46.2734375 
 1234 , 27.63671875 
 1235 , 10.70703125 
 1236 , 3.8203125 
 1237 , 17.955078125 
 1238 , 48.9453125 
 1239 , 73.51171875 
 1240 , 81.396484375 
 1241 , 92.71875 
 1242 , 122.78515625 
 1243 , 152.22265625 
 1244 , 153.392578125 
 1245 , 137.720703125 
 1246 , 136.234375 
 1247 , 155.623046875 
 1248 , 179.71875 
 1249 , 194.38671875 
 1250 , 193.224609375 
 1251 , 178.470703125 
 1252 , 167.517578125 
 1253 , 174.587890625 
 1254 , 192.376953125 
 1255 , 206.787109375 
 1256 , 203.41015625 
 1257 , 171.623046875 
 1258 , 126.03125 
 1259 , 99.7890625 
 1260 , 100.583984375 
 1261 , 98.4921875 
 1262 , 76.98046875 
 1263 , 62.4140625 
 1264 , 79.076171875 
 1265 , 108.447265625 
 1266 , 122.744140625 
 1267 , 116.51171875 
 1268 , 93.021484375 
 1269 , 61.845703125 
 1270 , 43.2109375 
 1271 , 46.2421875 
 1272 , 46.259765625 
 1273 , 23.91796875 
 1274 , 4.671875 
 1275 , 21.01953125 
 1276 , 60.8671875 
 1277 , 91.341796875 
 1278 , 104.818359375 
 1279 , 115.953125 
 1280 , 129.23046875 
 1281 , 133.482421875 
 1282 , 125.291015625 
 1283 , 124.380859375 
 1284 , 146.162109375 
 1285 , 184.59375 
 1286 , 229.154296875 
 1287 , 260.572265625 
 1288 , 257.84375 
 1289 , 236.986328125 
 1290 , 237.671875 
 1291 , 255.1484375 
 1292 , 234.5703125 
 1293 , 161.130859375 
 1294 , 98.59375 
 1295 , 94.34765625 
 1296 , 120.150390625 
 1297 , 139.23046875 
 1298 , 140.048828125 
 1299 , 118.50390625 
 1300 , 88.171875 
 1301 , 75.490234375 
 1302 , 85.7421875 
 1303 , 99.03515625 
 1304 , 102.80078125 
 1305 , 104.65234375 
 1306 , 109.970703125 
 1307 , 103.779296875 
 1308 , 72.68359375 
 1309 , 40.099609375 
 1310 , 37.83203125 
 1311 , 64.43359375 
 1312 , 101.70703125 
 1313 , 133.1171875 
 1314 , 143.943359375 
 1315 , 131.611328125 
 1316 , 111.763671875 
 1317 , 99.076171875 
 1318 , 98.744140625 
 1319 , 110.943359375 
 1320 , 128.52734375 
 1321 , 144.705078125 
 1322 , 157.087890625 
 1323 , 163.4375 
 1324 , 162.150390625 
 1325 , 155.685546875 
 1326 , 147.91796875 
 1327 , 139.880859375 
 1328 , 132.90234375 
 1329 , 133.365234375 
 1330 , 146.681640625 
 1331 , 169.728515625 
 1332 , 197.015625 
 1333 , 221.94921875 
 1334 , 238.17578125 
 1335 , 249.17578125 
 1336 , 263.099609375 
 1337 , 275.77734375 
 1338 , 273.908203125 
 1339 , 258.734375 
 1340 , 251.177734375 
 1341 , 260.958984375 
 1342 , 271.0859375 
 1343 , 272.015625 
 1344 , 289.369140625 
 1345 , 345.498046875 
 1346 , 410.142578125 
 1347 , 440.3359375 
 1348 , 435.43359375 
 1349 , 418.541015625 
 1350 , 400.7109375 
 1351 , 379.91015625 
 1352 , 360.84375 
 1353 , 362.326171875 
 1354 , 390.83203125 
 1355 , 416.775390625 
 1356 , 413.990234375 
 1357 , 395.60546875 
 1358 , 382.064453125 
 1359 , 371.1640625 
 1360 , 351.654296875 
 1361 , 325.0234375 
 1362 , 302.982421875 
 1363 , 291.896484375 
 1364 , 288.439453125 
 1365 , 285.595703125 
 1366 , 277.779296875 
 1367 , 263.634765625 
 1368 , 244.1640625 
 1369 , 221.509765625 
 1370 , 208.03125 
 1371 , 215.7734375 
 1372 , 231.982421875 
 1373 , 235.89453125 
 1374 , 227.73828125 
 1375 , 218.205078125 
 1376 , 214.435546875 
 1377 , 224.333984375 
 1378 , 242.771484375 
 1379 , 244.498046875 
 1380 , 213.541015625 
 1381 , 155.265625 
 1382 , 87.06640625 
 1383 , 48.677734375 
 1384 , 65.40234375 
 1385 , 96.04296875 
 1386 , 93.3203125 
 1387 , 65.046875 
 1388 , 38.943359375 
 1389 , 24.279296875 
 1390 , 17.572265625 
 1391 , 17.8515625 
 1392 , 24.548828125 
 1393 , 33.884765625 
 1394 , 43.111328125 
 1395 , 52.6640625 
 1396 , 62.91796875 
 1397 , 68.296875 
 1398 , 59.4140625 
 1399 , 32.83984375 
 1400 , 7.376953125 
 1401 , 1.029296875 
 1402 , 10.150390625 
 1403 , 26.2734375 
 1404 , 42.830078125 
 1405 , 51.31640625 
 1406 , 50.97265625 
 1407 , 51.712890625 
 1408 , 56.98046875 
 1409 , 53.51171875 
 1410 , 36.4296875 
 1411 , 22.599609375 
 1412 , 28.419921875 
 1413 , 51.703125 
 1414 , 81.61328125 
 1415 , 106.14453125 
 1416 , 120.7421875 
 1417 , 132.25 
 1418 , 144.74609375 
 1419 , 155.005859375 
 1420 , 163.029296875 
 1421 , 168.423828125 
 1422 , 161.341796875 
 1423 , 139.068359375 
 1424 , 118.0625 
 1425 , 111.501953125 
 1426 , 115.140625 
 1427 , 124.73046875 
 1428 , 150.900390625 
 1429 , 198.87109375 
 1430 , 235.384765625 
 1431 , 227.5390625 
 1432 , 200.078125 
 1433 , 192.060546875 
 1434 , 202.67578125 
 1435 , 211.998046875 
 1436 , 208.494140625 
 1437 , 188.951171875 
 1438 , 162.216796875 
 1439 , 147.0390625 
 1440 , 151.41796875 
 1441 , 168.181640625 
 1442 , 193.931640625 
 1443 , 235.1171875 
 1444 , 289.333984375 
 1445 , 329.693359375 
 1446 , 336.802734375 
 1447 , 328.26171875 
 1448 , 325.564453125 
 1449 , 335.53515625 
 1450 , 361.37890625 
 1451 , 396.109375 
 1452 , 425.998046875 
 1453 , 454.458984375 
 1454 , 500.0234375 
 1455 , 563.181640625 
 1456 , 623.7265625 
 1457 , 670.001953125 
 1458 , 707.333984375 
 1459 , 736.619140625 
 1460 , 740.6171875 
 1461 , 708.828125 
 1462 , 658.859375 
 1463 , 612 
 1464 , 579.412109375 
 1465 , 560.3671875 
 1466 , 527.142578125 
 1467 , 456.58984375 
 1468 , 363.919921875 
 1469 , 272.619140625 
 1470 , 201.44140625 
 1471 , 165.56640625 
 1472 , 157.15625 
 1473 , 157.5703125 
 1474 , 159.4140625 
 1475 , 161.333984375 
 1476 , 161.75 
 1477 , 161.255859375 
 1478 , 160.509765625 
 1479 , 157.576171875 
 1480 , 150.001953125 
 1481 , 137.548828125 
 1482 , 123.744140625 
 1483 , 118.6640625 
 1484 , 127.025390625 
 1485 , 133.73046875 
 1486 , 126.4375 
 1487 , 120.63671875 
 1488 , 134.56640625 
 1489 , 163.671875 
 1490 , 195.666015625 
 1491 , 217.189453125 
 1492 , 215.66015625 
 1493 , 202.828125 
 1494 , 205.248046875 
 1495 , 216.677734375 
 1496 , 204.013671875 
 1497 , 169.333984375 
 1498 , 152.0703125 
 1499 , 163.4453125 
 1500 , 176.08984375 
 1501 , 170.857421875 
 1502 , 144.119140625 
 1503 , 104.982421875 
 1504 , 90.615234375 
 1505 , 121.23046875 
 1506 , 154.453125 
 1507 , 149.201171875 
 1508 , 118.5078125 
 1509 , 87.69140625 
 1510 , 64.728515625 
 1511 , 49.705078125 
 1512 , 43.74609375 
 1513 , 49.369140625 
 1514 , 55.447265625 
 1515 , 43.57421875 
 1516 , 24.498046875 
 1517 , 25.080078125 
 1518 , 39.09375 
 1519 , 36.607421875 
 1520 , 17.3359375 
 1521 , 7.962890625 
 1522 , 18.96875 
 1523 , 41.7265625 
 1524 , 65.43359375 
 1525 , 74.89453125 
 1526 , 65.060546875 
 1527 , 38.53125 
 1528 , 5.4609375 
 1529 ,-5.73046875 
 1530 , 26.771484375 
 1531 , 86.404296875 
 1532 , 145.166015625 
 1533 , 175.7109375 
 1534 , 164.68359375 
 1535 , 144.802734375 
 1536 , 152.16015625 
 1537 , 172.748046875 
 1538 , 182.986328125 
 1539 , 176.861328125 
 1540 , 156.431640625 
 1541 , 124.818359375 
 1542 , 87.546875 
 1543 , 58.4765625 
 1544 , 52.154296875 
 1545 , 64.060546875 
 1546 , 77.888671875 
 1547 , 86.009765625 
 1548 , 86.224609375 
 1549 , 81.330078125 
 1550 , 84.96484375 
 1551 , 96.865234375 
 1552 , 91.951171875 
 1553 , 65.3125 
 1554 , 48.22265625 
 1555 , 60.486328125 
 1556 , 95.474609375 
 1557 , 139.646484375 
 1558 , 169.1171875 
 1559 , 168.89453125 
 1560 , 154.484375 
 1561 , 142.9296875 
 1562 , 132.416015625 
 1563 , 117.765625 
 1564 , 106.513671875 
 1565 , 109.013671875 
 1566 , 121.2109375 
 1567 , 133.05859375 
 1568 , 142.201171875 
 1569 , 150.81640625 
 1570 , 156.080078125 
 1571 , 153.98046875 
 1572 , 160.134765625 
 1573 , 196.71484375 
 1574 , 237.98828125 
 1575 , 234.412109375 
 1576 , 194.705078125 
 1577 , 163.591796875 
 1578 , 155.73828125 
 1579 , 164.623046875 
 1580 , 183.01953125 
 1581 , 200.990234375 
 1582 , 208.904296875 
 1583 , 200.703125 
 1584 , 188.6953125 
 1585 , 202.140625 
 1586 , 239.654296875 
 1587 , 262.119140625 
 1588 , 256.091796875 
 1589 , 246.876953125 
 1590 , 254.509765625 
 1591 , 290.392578125 
 1592 , 345.4140625 
 1593 , 363.51953125 
 1594 , 321.43359375 
 1595 , 290.29296875 
 1596 , 319.583984375 
 1597 , 362.353515625 
 1598 , 372.11328125 
 1599 , 356.998046875 
 1600 , 335.779296875 
 1601 , 323.919921875 
 1602 , 332.44140625 
 1603 , 356.2265625 
 1604 , 387.10546875 
 1605 , 425.876953125 
 1606 , 473.41015625 
 1607 , 511.421875 
 1608 , 517.861328125 
 1609 , 494.25390625 
 1610 , 454.626953125 
 1611 , 429.546875 
 1612 , 444.8046875 
 1613 , 460.505859375 
 1614 , 421.62890625 
 1615 , 356.7578125 
 1616 , 323.513671875 
 1617 , 306.556640625 
 1618 , 261.08203125 
 1619 , 197.15625 
 1620 , 149.111328125 
 1621 , 126.115234375 
 1622 , 125.455078125 
 1623 , 135.333984375 
 1624 , 136.78125 
 1625 , 132.673828125 
 1626 , 142.658203125 
 1627 , 162.35546875 
 1628 , 165.849609375 
 1629 , 150.23828125 
 1630 , 136.24609375 
 1631 , 130.1875 
 1632 , 122.7265625 
 1633 , 112.10546875 
 1634 , 105.6171875 
 1635 , 105.919921875 
 1636 , 105.87890625 
 1637 , 100.98828125 
 1638 , 97.455078125 
 1639 , 98.4375 
 1640 , 96.00390625 
 1641 , 87.513671875 
 1642 , 82.802734375 
 1643 , 85.216796875 
 1644 , 83.4296875 
 1645 , 73.48828125 
 1646 , 69.9140625 
 1647 , 83.072265625 
 1648 , 110.833984375 
 1649 , 140.6171875 
 1650 , 144.95703125 
 1651 , 118.3984375 
 1652 , 93.9296875 
 1653 , 90.08984375 
 1654 , 93.6328125 
 1655 , 96.392578125 
 1656 , 110.267578125 
 1657 , 133.6015625 
 1658 , 127.60546875 
 1659 , 78.548828125 
 1660 , 36.16796875 
 1661 , 34.681640625 
 1662 , 56.71875 
 1663 , 77.599609375 
 1664 , 75.328125 
 1665 , 48.8828125 
 1666 , 38.90625 
 1667 , 65.390625 
 1668 , 88.59375 
 1669 , 81.638671875 
 1670 , 69.94140625 
 1671 , 71.873046875 
 1672 , 69.021484375 
 1673 , 56.201171875 
 1674 , 73.677734375 
 1675 , 133.67578125 
 1676 , 164.7890625 
 1677 , 124.20703125 
 1678 , 67.939453125 
 1679 , 42.94921875 
 1680 , 39.39453125 
 1681 , 46.97265625 
 1682 , 74.080078125 
 1683 , 118.478515625 
 1684 , 143.591796875 
 1685 , 126.130859375 
 1686 , 93.353515625 
 1687 , 71.095703125 
 1688 , 54.615234375 
 1689 , 38.77734375 
 1690 , 39.880859375 
 1691 , 64.775390625 
 1692 , 75.681640625 
 1693 , 47.28125 
 1694 , 15.833984375 
 1695 , 17.7578125 
 1696 , 53.654296875 
 1697 , 106.78515625 
 1698 , 141.70703125 
 1699 , 139.28515625 
 1700 , 122.43359375 
 1701 , 110.33984375 
 1702 , 95.099609375 
 1703 , 72.068359375 
 1704 , 41.216796875 
 1705 , 9.791015625 
 1706 ,-3.478515625 
 1707 , 10.400390625 
 1708 , 41.404296875 
 1709 , 76.69921875 
 1710 , 99.05078125 
 1711 , 97.125 
 1712 , 75.50390625 
 1713 , 47.265625 
 1714 , 25.744140625 
 1715 , 19.455078125 
 1716 , 26.322265625 
 1717 , 42.3984375 
 1718 , 60.537109375 
 1719 , 74.01171875 
 1720 , 77.69140625 
 1721 , 68.140625 
 1722 , 45.94921875 
 1723 , 22.220703125 
 1724 , 25.0703125 
 1725 , 60.93359375 
 1726 , 99.01171875 
 1727 , 112.357421875 
 1728 , 83.353515625 
 1729 , 27.935546875 
 1730 , 9.220703125 
 1731 , 47.61328125 
 1732 , 100.0859375 
 1733 , 129.8671875 
 1734 , 120.302734375 
 1735 , 83.73046875 
 1736 , 54.93359375 
 1737 , 47.189453125 
 1738 , 55.47265625 
 1739 , 69.654296875 
 1740 , 72.15234375 
 1741 , 60.03125 
 1742 , 45.349609375 
 1743 , 38.54296875 
 1744 , 48.359375 
 1745 , 73.52734375 
 1746 , 101.900390625 
 1747 , 116.330078125 
 1748 , 102.333984375 
 1749 , 75.9609375 
 1750 , 68.638671875 
 1751 , 81.4609375 
 1752 , 97.453125 
 1753 , 102.482421875 
 1754 , 86.451171875 
 1755 , 58.978515625 
 1756 , 39.189453125 
 1757 , 43.298828125 
 1758 , 82.126953125 
 1759 , 123.6015625 
 1760 , 123.544921875 
 1761 , 102.548828125 
 1762 , 102.140625 
 1763 , 125.8359375 
 1764 , 160.931640625 
 1765 , 182.892578125 
 1766 , 173.0390625 
 1767 , 151.580078125 
 1768 , 141.40234375 
 1769 , 131.806640625 
 1770 , 109.005859375 
 1771 , 83.697265625 
 1772 , 70.126953125 
 1773 , 75.177734375 
 1774 , 97.77734375 
 1775 , 115.9453125 
 1776 , 117.8125 
 1777 , 129.548828125 
 1778 , 162.576171875 
 1779 , 178.50390625 
 1780 , 156.373046875 
 1781 , 127.263671875 
 1782 , 109.798828125 
 1783 , 86.857421875 
 1784 , 54.259765625 
 1785 , 33.078125 
 1786 , 31.595703125 
 1787 , 39.048828125 
 1788 , 45.24609375 
 1789 , 41.845703125 
 1790 , 28.390625 
 1791 , 15.916015625 
 1792 , 18.041015625 
 1793 , 45.8984375 
 1794 , 88.89453125 
 1795 , 120.943359375 
 1796 , 135.33203125 
 1797 , 138.603515625 
 1798 , 133.521484375 
 1799 , 120.599609375 
 1800 , 112.93359375 
 1801 , 127.37890625 
 1802 , 147.4609375 
 1803 , 145.65234375 
 1804 , 124.322265625 
 1805 , 97.3046875 
 1806 , 69.703125 
 1807 , 45.90625 
 1808 , 44.583984375 
 1809 , 72.72265625 
 1810 , 81.80078125 
 1811 , 42.4140625 
 1812 , 17.373046875 
 1813 , 50.04296875 
 1814 , 93.880859375 
 1815 , 108.75390625 
 1816 , 99.70703125 
 1817 , 85.591796875 
 1818 , 91.921875 
 1819 , 112.431640625 
 1820 , 103.041015625 
 1821 , 63.828125 
 1822 , 45.291015625 
 1823 , 60.2734375 
 1824 , 82.66015625 
 1825 , 99.380859375 
 1826 , 110.30078125 
 1827 , 109.767578125 
 1828 , 88.560546875 
 1829 , 66.78515625 
 1830 , 77.06640625 
 1831 , 107.779296875 
 1832 , 130.373046875 
 1833 , 137.3515625 
 1834 , 130.466796875 
 1835 , 120.55859375 
 1836 , 116.958984375 
 1837 , 109.70703125 
 1838 , 89.005859375 
 1839 , 61.861328125 
 1840 , 39.474609375 
 1841 , 35.4921875 
 1842 , 54.775390625 
 1843 , 83.568359375 
 1844 , 114.8515625 
 1845 , 156.662109375 
 1846 , 187.759765625 
 1847 , 149.17578125 
 1848 , 67.591796875 
 1849 , 57.078125 
 1850 , 129.16015625 
 1851 , 206.232421875 
 1852 , 231.05078125 
 1853 , 168.62890625 
 1854 , 75.216796875 
 1855 , 47.873046875 
 1856 , 73.580078125 
 1857 , 95.630859375 
 1858 , 107.001953125 
 1859 , 118.69140625 
 1860 , 137.146484375 
 1861 , 159.43359375 
 1862 , 161.37890625 
 1863 , 133.51953125 
 1864 , 113.267578125 
 1865 , 123.263671875 
 1866 , 142.1328125 
 1867 , 155.111328125 
 1868 , 163.40625 
 1869 , 157.625 
 1870 , 120.0703125 
 1871 , 79.607421875 
 1872 , 100.7734375 
 1873 , 158.708984375 
 1874 , 170.38671875 
 1875 , 138.099609375 
 1876 , 108.87109375 
 1877 , 99.244140625 
 1878 , 110.65234375 
 1879 , 118.451171875 
 1880 , 96.677734375 
 1881 , 72.810546875 
 1882 , 77.9296875 
 1883 , 96.59375 
 1884 , 112.662109375 
 1885 , 133.630859375 
 1886 , 161.591796875 
 1887 , 181.98046875 
 1888 , 180.0859375 
 1889 , 145.037109375 
 1890 , 95.673828125 
 1891 , 82.3515625 
 1892 , 107.185546875 
 1893 , 128.734375 
 1894 , 122.806640625 
 1895 , 85.39453125 
 1896 , 68.857421875 
 1897 , 129.798828125 
 1898 , 190.3359375 
 1899 , 159.09765625 
 1900 , 97.912109375 
 1901 , 76.6328125 
 1902 , 59.66796875 
 1903 , 24.8359375 
 1904 , 29.400390625 
 1905 , 85.431640625 
 1906 , 108.74609375 
 1907 , 79.39453125 
 1908 , 68.94140625 
 1909 , 95.916015625 
 1910 , 125.798828125 
 1911 , 147.08984375 
 1912 , 162.189453125 
 1913 , 166.80859375 
 1914 , 159.9501953125 
 1915 , 156.29296875 
 1916 , 166.3125 
 1917 , 168.9052734375 
 1918 , 148.4541015625 
 1919 , 128.6484375 
 1920 , 128.060546875 
 1921 , 137.8505859375 
 1922 , 147.8740234375 
 1923 , 153.7568359375 
 1924 , 154.12890625 
 1925 , 149.005859375 
 1926 , 145.205078125 
 1927 , 154.810546875 
 1928 , 166.72265625 
 1929 , 155.734375 
 1930 , 123.7724609375 
 1931 , 89.685546875 
 1932 , 76.171875 
 1933 , 94.28125 
 1934 , 112.552734375 
 1935 , 109.4501953125 
 1936 , 114.6748046875 
 1937 , 140.5927734375 
 1938 , 152.5537109375 
 1939 , 137.3076171875 
 1940 , 118.8408203125 
 1941 , 116.236328125 
 1942 , 136.73046875 
 1943 , 166.6953125 
 1944 , 182.529296875 
 1945 , 184.2001953125 
 1946 , 180.6591796875 
 1947 , 166.771484375 
 1948 , 139.6708984375 
 1949 , 119.517578125 
 1950 , 120.8359375 
 1951 , 132.7626953125 
 1952 , 138.03125 
 1953 , 113.8154296875 
 1954 , 69.61328125 
 1955 , 57.5712890625 
 1956 , 86.591796875 
 1957 , 121.5986328125 
 1958 , 133.400390625 
 1959 , 106.7802734375 
 1960 , 81.74609375 
 1961 , 101.5517578125 
 1962 , 116.6005859375 
 1963 , 88.392578125 
 1964 , 94.6494140625 
 1965 , 166.435546875 
 1966 , 190.396484375 
 1967 , 130.220703125 
 1968 , 86.05859375 
 1969 , 90.310546875 
 1970 , 97.1591796875 
 1971 , 102.064453125 
 1972 , 128.60546875 
 1973 , 144.89453125 
 1974 , 109.2421875 
 1975 , 89.1923828125 
 1976 , 146.5341796875 
 1977 , 196.1982421875 
 1978 , 173.130859375 
 1979 , 129.841796875 
 1980 , 111.30078125 
 1981 , 123.7412109375 
 1982 , 144.4921875 
 1983 , 130.3330078125 
 1984 , 96.8984375 
 1985 , 93.158203125 
 1986 , 109.1689453125 
 1987 , 116.5341796875 
 1988 , 129.162109375 
 1989 , 159.224609375 
 1990 , 176.69921875 
 1991 , 163.9296875 
 1992 , 140.9658203125 
 1993 , 130.3359375 
 1994 , 153.140625 
 1995 , 191.212890625 
 1996 , 195.4482421875 
 1997 , 175.3935546875 
 1998 , 169.201171875 
 1999 , 168.7841796875 
 2000 , 155.2783203125 
 2001 , 137.564453125 
 2002 , 132.9619140625 
 2003 , 165.1435546875 
 2004 , 221.013671875 
 2005 , 226.0478515625 
 2006 , 180 
 2007 , 163.83984375 
 2008 , 171.51953125 
 2009 , 143.865234375 
 2010 , 116.3486328125 
 2011 , 146.2138671875 
 2012 , 185.23046875 
 2013 , 181.609375 
 2014 , 161.0947265625 
 2015 , 145.21484375 
 2016 , 122.025390625 
 2017 , 98.1630859375 
 2018 , 104.796875 
 2019 , 123.259765625 
 2020 , 102.958984375 
 2021 , 64.8212890625 
 2022 , 54.7060546875 
 2023 , 59.951171875 
 2024 , 60.30078125 
 2025 , 67.0654296875 
 2026 , 88.0048828125 
 2027 , 116.0498046875 
 2028 , 134.404296875 
 2029 , 117.0751953125 
 2030 , 82.23046875 
 2031 , 79.84375 
 2032 , 83.1162109375 
 2033 , 41.2138671875 
 2034 ,-1.734375 
 2035 , 2.0166015625 
 2036 , 17.0556640625 
 2037 , 20.95703125 
 2038 , 45.00390625 
 2039 , 82.625 
 2040 , 78.119140625 
 2041 , 48.15625 
 2042 , 52.4677734375 
 2043 , 70.806640625 
 2044 , 65.8916015625 
 2045 , 80.77734375 
 2046 , 134.5546875 
 2047 , 129.658203125 
 2048 , 46.451171875 
 2049 , 11.68359375 
 2050 , 57.8701171875 
 2051 , 115.451171875 
 2052 , 131.5849609375 
 2053 , 81.7509765625 
 2054 , 36.0517578125 
 2055 , 62.611328125 
 2056 , 103.7587890625 
 2057 , 110.15234375 
 2058 , 104.2490234375 
 2059 , 110.4560546875 
 2060 , 142.0986328125 
 2061 , 174.326171875 
 2062 , 162.8388671875 
 2063 , 135.0048828125 
 2064 , 132.388671875 
 2065 , 112.5068359375 
 2066 , 54.0400390625 
 2067 , 43.662109375 
 2068 , 101.865234375 
 2069 , 130.3251953125 
 2070 , 112.9609375 
 2071 , 111.1240234375 
 2072 , 127.4443359375 
 2073 , 134.515625 
 2074 , 123.4658203125 
 2075 , 105.3701171875 
 2076 , 133.1572265625 
 2077 , 204.7236328125 
 2078 , 213.080078125 
 2079 , 142.1044921875 
 2080 , 75.5478515625 
 2081 , 42.5888671875 
 2082 , 34.3857421875 
 2083 , 30.2744140625 
 2084 , 17.42578125 
 2085 , 26.091796875 
 2086 , 67.244140625 
 2087 , 97.1044921875 
 2088 , 104.2529296875 
 2089 , 119.9326171875 
 2090 , 140.9970703125 
 2091 , 141.2744140625 
 2092 , 114.9169921875 
 2093 , 75.009765625 
 2094 , 63.6787109375 
 2095 , 95.330078125 
 2096 , 126.1728515625 
 2097 , 144.3994140625 
 2098 , 175.0966796875 
 2099 , 203.064453125 
 2100 , 195.962890625 
 2101 , 172.966796875 
 2102 , 158.525390625 
 2103 , 134.2041015625 
 2104 , 102.9189453125 
 2105 , 120.3544921875 
 2106 , 177.986328125 
 2107 , 200.443359375 
 2108 , 188.953125 
 2109 , 183.8427734375 
 2110 , 169.291015625 
 2111 , 130.3037109375 
 2112 , 111.7939453125 
 2113 , 131.4990234375 
 2114 , 146.3876953125 
 2115 , 138.4716796875 
 2116 , 118.572265625 
 2117 , 97.23828125 
 2118 , 80.880859375 
 2119 , 62.1884765625 
 2120 , 45.0146484375 
 2121 , 68.3076171875 
 2122 , 116.4013671875 
 2123 , 98.6025390625 
 2124 , 41.697265625 
 2125 , 51.5693359375 
 2126 , 100.1904296875 
 2127 , 120.138671875 
 2128 , 124.134765625 
 2129 , 131.078125 
 2130 , 133.9970703125 
 2131 , 130.1748046875 
 2132 , 125.8701171875 
 2133 , 132.1396484375 
 2134 , 152.76953125 
 2135 , 137.8486328125 
 2136 , 62.630859375 
 2137 , 24.607421875 
 2138 , 59.0537109375 
 2139 , 76.677734375 
 2140 , 62.546875 
 2141 , 65.556640625 
 2142 , 62.6201171875 
 2143 , 24.6123046875 
 2144 , 36.408203125 
 2145 , 130.4658203125 
 2146 , 177.7578125 
 2147 , 143.0693359375 
 2148 , 111.73828125 
 2149 , 94.58203125 
 2150 , 63.697265625 
 2151 , 50.5234375 
 2152 , 74.498046875 
 2153 , 71.3173828125 
 2154 , 26.1650390625 
 2155 , 9.0439453125 
 2156 , 24.3701171875 
 2157 , 28.1171875 
 2158 , 25.626953125 
 2159 , 35.4609375 
 2160 , 49.9931640625 
 2161 , 59.2265625 
 2162 , 59.58203125 
 2163 , 58.3486328125 
 2164 , 69.4814453125 
 2165 , 78.5869140625 
 2166 , 68.359375 
 2167 , 68.1884765625 
 2168 , 94.1767578125 
 2169 , 111.798828125 
 2170 , 110.3154296875 
 2171 , 110.408203125 
 2172 , 117.974609375 
 2173 , 128.6083984375 
 2174 , 134.8935546875 
 2175 , 125.1865234375 
 2176 , 81.3427734375 
 2177 , 39.5947265625 
 2178 , 90.87890625 
 2179 , 170.498046875 
 2180 , 148.39453125 
 2181 , 98.37890625 
 2182 , 106.14453125 
 2183 , 113.7490234375 
 2184 , 96.64453125 
 2185 , 101.353515625 
 2186 , 127.98046875 
 2187 , 143.1796875 
 2188 , 128.4150390625 
 2189 , 91.107421875 
 2190 , 92.5556640625 
 2191 , 137.3310546875 
 2192 , 145.111328125 
 2193 , 119.5537109375 
 2194 , 116.654296875 
 2195 , 116.0537109375 
 2196 , 95.712890625 
 2197 , 106.1513671875 
 2198 , 140.787109375 
 2199 , 104.720703125 
 2200 , 31.5546875 
 2201 , 31.6083984375 
 2202 , 87.23828125 
 2203 , 138.6357421875 
 2204 , 142.0126953125 
 2205 , 101.0087890625 
 2206 , 76.4970703125 
 2207 , 83.2421875 
 2208 , 102.2333984375 
 2209 , 121.9453125 
 2210 , 129.4443359375 
 2211 , 102.763671875 
 2212 , 63.96484375 
 2213 , 84.416015625 
 2214 , 128.4619140625 
 2215 , 112.5380859375 
 2216 , 79.193359375 
 2217 , 77.6962890625 
 2218 , 78.5576171875 
 2219 , 70.8955078125 
 2220 , 75.4111328125 
 2221 , 74.3603515625 
 2222 , 42.169921875 
 2223 , 26.9306640625 
 2224 , 59.6953125 
 2225 , 92.66015625 
 2226 , 102.9453125 
 2227 , 102.6435546875 
 2228 , 87.0546875 
 2229 , 51.025390625 
 2230 , 26.400390625 
 2231 , 34.39453125 
 2232 , 59.9873046875 
 2233 , 75.287109375 
 2234 , 53.89453125 
 2235 , 36.9599609375 
 2236 , 65.39453125 
 2237 , 89.7099609375 
 2238 , 83.73828125 
 2239 , 79.8037109375 
 2240 , 82.3837890625 
 2241 , 76.2705078125 
 2242 , 75.05078125 
 2243 , 89.3134765625 
 2244 , 96.5869140625 
 2245 , 85.3193359375 
 2246 , 63.296875 
 2247 , 42.791015625 
 2248 , 35.8076171875 
 2249 , 44.1630859375 
 2250 , 60.232421875 
 2251 , 67.4404296875 
 2252 , 66.33984375 
 2253 , 69.80078125 
 2254 , 74.1787109375 
 2255 , 78.4091796875 
 2256 , 106.8515625 
 2257 , 147.7744140625 
 2258 , 140.5205078125 
 2259 , 106.6728515625 
 2260 , 107.20703125 
 2261 , 112.57421875 
 2262 , 96.515625 
 2263 , 96.966796875 
 2264 , 108.73046875 
 2265 , 85.58984375 
 2266 , 63.740234375 
 2267 , 88.2021484375 
 2268 , 102.0478515625 
 2269 , 79.248046875 
 2270 , 67.4033203125 
 2271 , 78.63671875 
 2272 , 95.7451171875 
 2273 , 96.857421875 
 2274 , 78.3359375 
 2275 , 81.0400390625 
 2276 , 105.8271484375 
 2277 , 110.66796875 
 2278 , 109.0009765625 
 2279 , 121.7353515625 
 2280 , 100.7548828125 
 2281 , 46.544921875 
 2282 , 45.775390625 
 2283 , 92.24609375 
 2284 , 119.6064453125 
 2285 , 102.279296875 
 2286 , 61.3818359375 
 2287 , 81.470703125 
 2288 , 136.4111328125 
 2289 , 113.90625 
 2290 , 48.548828125 
 2291 , 8.84765625 
 2292 ,-8.138671875 
 2293 ,-7.4287109375 
 2294 , 15.44140625 
 2295 , 41.9580078125 
 2296 , 48.912109375 
 2297 , 45.7333984375 
 2298 , 42.990234375 
 2299 , 43.388671875 
 2300 , 46.052734375 
 2301 , 45.3388671875 
 2302 , 33.6474609375 
 2303 , 14.65234375 
 2304 , 22.4033203125 
 2305 , 56.373046875 
 2306 , 78.41015625 
 2307 , 75.0830078125 
 2308 , 59.0380859375 
 2309 , 76.822265625 
 2310 , 119.5556640625 
 2311 , 111.85546875 
 2312 , 76.4453125 
 2313 , 71.716796875 
 2314 , 76.1142578125 
 2315 , 76.630859375 
 2316 , 92.7216796875 
 2317 , 112.556640625 
 2318 , 104.6376953125 
 2319 , 57.9736328125 
 2320 ,-3.427734375 
 2321 , 3.294921875 
 2322 , 49.6435546875 
 2323 , 32.52734375 
 2324 ,-7.048828125 
 2325 ,-10.498046875 
 2326 , 7.8427734375 
 2327 , 33.6435546875 
 2328 , 59.3427734375 
 2329 , 63.654296875 
 2330 , 10 
 2331 , 10 
 2332 , 10 
 2333 , 10 
 2334 , 10 
 2335 , 10 
 2336 , 10 
 2337 , 10 
 2338 , 10 
 2339 , 10 
