11-20-2017,19:20:25
Wavenumber(cm-1),Intensity
 250 , 12930.8242478747 
 251 , 12942.9557739759 
 252 , 12961.7941016099 
 253 , 12984.8470844415 
 254 , 12998.4232748081 
 255 , 12989.2143727068 
 256 , 12963.3656217775 
 257 , 12941.4917720292 
 258 , 12940.7196994156 
 259 , 12957.468772538 
 260 , 12981.2060180349 
 261 , 13003.9889837859 
 262 , 13023.8502473112 
 263 , 13039.7802012379 
 264 , 13053.8271478565 
 265 , 13071.2710199906 
 266 , 13096.5676650717 
 267 , 13126.200144509 
 268 , 13152.768107816 
 269 , 13171.3938931574 
 270 , 13185.6532929726 
 271 , 13200.8080707314 
 272 , 13218.8367770208 
 273 , 13236.9350683646 
 274 , 13252.4238332267 
 275 , 13268.7943511862 
 276 , 13293.6785898198 
 277 , 13331.4262988811 
 278 , 13370.7042749709 
 279 , 13395.6824114651 
 280 , 13400.152411265 
 281 , 13396.7770562545 
 282 , 13399.9566035838 
 283 , 13415.5449559512 
 284 , 13441.8112639769 
 285 , 13476.0726524249 
 286 , 13511.2503050538 
 287 , 13538.5460040749 
 288 , 13553.1119872242 
 289 , 13560.3171318936 
 290 , 13566.980089587 
 291 , 13574.7169901928 
 292 , 13579.2400271542 
 293 , 13577.105226287 
 294 , 13574.7847912835 
 295 , 13583.7699744134 
 296 , 13610.3136981092 
 297 , 13643.1341401347 
 298 , 13667.5262365865 
 299 , 13678.8316438943 
 300 , 13686.5424060591 
 301 , 13700.186483823 
 302 , 13717.8057361278 
 303 , 13730.2519017674 
 304 , 13731.6965169974 
 305 , 13730.54015983 
 306 , 13738.7722220268 
 307 , 13760.5685853181 
 308 , 13786.8291785089 
 309 , 13807.8987201089 
 310 , 13824.6220588726 
 311 , 13845.6817993213 
 312 , 13877.574849578 
 313 , 13914.9209414585 
 314 , 13948.6652319957 
 315 , 13974.0924372727 
 316 , 13995.1329795656 
 317 , 14016.5634584484 
 318 , 14039.9920987372 
 319 , 14064.2997256764 
 320 , 14087.6334083529 
 321 , 14104.3786422203 
 322 , 14107.5952060814 
 323 , 14098.2428497528 
 324 , 14095.1861631717 
 325 , 14118.7645462622 
 326 , 14168.0551626249 
 327 , 14221.6901364485 
 328 , 14260.4754373053 
 329 , 14284.9487431453 
 330 , 14303.6082075185 
 331 , 14321.936727864 
 332 , 14337.8299154048 
 333 , 14348.303001432 
 334 , 14357.4225706896 
 335 , 14376.5963106477 
 336 , 14414.508525034 
 337 , 14457.9234890234 
 338 , 14484.0820773065 
 339 , 14480.619929104 
 340 , 14462.9741048695 
 341 , 14450.7552112224 
 342 , 14452.5473407729 
 343 , 14464.8852018354 
 344 , 14483.7142227274 
 345 , 14505.1459342886 
 346 , 14525.3680934056 
 347 , 14541.1928576372 
 348 , 14551.1469456751 
 349 , 14554.1633135635 
 350 , 14552.3845315934 
 351 , 14551.5222037906 
 352 , 14557.0423564355 
 353 , 14571.1458554689 
 354 , 14594.53866643 
 355 , 14626.0112504588 
 356 , 14659.1309207996 
 357 , 14686.8111976373 
 358 , 14708.3081739764 
 359 , 14729.8357280239 
 360 , 14757.1165241198 
 361 , 14789.660843803 
 362 , 14824.2133829746 
 363 , 14858.292803926 
 364 , 14891.4915691051 
 365 , 14923.7201636569 
 366 , 14954.3940361807 
 367 , 14982.4092187972 
 368 , 15006.8806831357 
 369 , 15028.5948378268 
 370 , 15049.0367020499 
 371 , 15068.6379642 
 372 , 15085.2387817594 
 373 , 15096.5165886718 
 374 , 15105.1371820588 
 375 , 15118.6204411394 
 376 , 15143.3320073499 
 377 , 15177.246576771 
 378 , 15215.1317038206 
 379 , 15251.8836659841 
 380 , 15282.6978288886 
 381 , 15303.0581376987 
 382 , 15312.9936241403 
 383 , 15316.5100447161 
 384 , 15318.0540281091 
 385 , 15323.7274769152 
 386 , 15340.1557380854 
 387 , 15370.0921493077 
 388 , 15408.8009228528 
 389 , 15450.7804875406 
 390 , 15491.8603379594 
 391 , 15528.8847261726 
 392 , 15558.973273588 
 393 , 15580.3821720407 
 394 , 15591.733590939 
 395 , 15594.6727750563 
 396 , 15595.8073863926 
 397 , 15601.8161578993 
 398 , 15614.8675085199 
 399 , 15634.2303122479 
 400 , 15658.4783498742 
 401 , 15683.786208253 
 402 , 15705.9019680722 
 403 , 15726.1067453022 
 404 , 15753.1770975664 
 405 , 15795.0806710091 
 406 , 15847.8710325926 
 407 , 15901.3685412894 
 408 , 15947.136765425 
 409 , 15981.9975403632 
 410 , 16004.0377883176 
 411 , 16019.6395620531 
 412 , 16044.2020443689 
 413 , 16089.7145325078 
 414 , 16142.3695217755 
 415 , 16177.8500059706 
 416 , 16184.0872046523 
 417 , 16176.629219512 
 418 , 16174.1140493368 
 419 , 16183.3683350386 
 420 , 16201.2177026801 
 421 , 16224.6596363253 
 422 , 16253.087925474 
 423 , 16286.5904974472 
 424 , 16322.1150258929 
 425 , 16351.2956759886 
 426 , 16366.2583602526 
 427 , 16370.627587371 
 428 , 16375.3582630162 
 429 , 16388.8373407305 
 430 , 16410.0011520369 
 431 , 16435.7392707561 
 432 , 16464.0216590063 
 433 , 16494.1642400071 
 434 , 16525.0089947643 
 435 , 16551.140043452 
 436 , 16565.1977408753 
 437 , 16565.7399436461 
 438 , 16565.886742451 
 439 , 16580.2406419865 
 440 , 16609.8844562791 
 441 , 16643.8125232868 
 442 , 16672.5313218426 
 443 , 16696.3772327757 
 444 , 16718.7694969243 
 445 , 16741.106608883 
 446 , 16761.3658817633 
 447 , 16777.2916303014 
 448 , 16787.7039487987 
 449 , 16792.0904996226 
 450 , 16792.5780186028 
 451 , 16799.9881533827 
 452 , 16826.47112152 
 453 , 16870.2282958552 
 454 , 16913.4466031534 
 455 , 16940.5979729625 
 456 , 16957.307459722 
 457 , 16977.8174045835 
 458 , 17008.1159924109 
 459 , 17036.6168879631 
 460 , 17050.7363144451 
 461 , 17056.1693858171 
 462 , 17072.4905035771 
 463 , 17112.6072339235 
 464 , 17160.8522572153 
 465 , 17194.63074986 
 466 , 17206.3311382683 
 467 , 17208.6564500276 
 468 , 17214.2492857635 
 469 , 17223.6727598076 
 470 , 17231.6929512441 
 471 , 17235.8027990153 
 472 , 17240.2543014686 
 473 , 17250.2963367374 
 474 , 17270.8763668397 
 475 , 17306.6850195084 
 476 , 17358.6868322362 
 477 , 17410.8934607477 
 478 , 17442.7850211089 
 479 , 17449.4454109047 
 480 , 17448.9244005111 
 481 , 17458.6570875511 
 482 , 17474.7501764187 
 483 , 17482.3640534587 
 484 , 17476.513535787 
 485 , 17477.8218337131 
 486 , 17509.4560829426 
 487 , 17566.5687904533 
 488 , 17619.7049622588 
 489 , 17645.7042948844 
 490 , 17654.4345829157 
 491 , 17665.1135973175 
 492 , 17686.3292753068 
 493 , 17711.0767558459 
 494 , 17731.9405737962 
 495 , 17748.5554779553 
 496 , 17764.1028043267 
 497 , 17780.8196985237 
 498 , 17798.5416799408 
 499 , 17816.823110067 
 500 , 17836.6292064482 
 501 , 17860.0993524153 
 502 , 17887.9827471775 
 503 , 17914.9406796186 
 504 , 17934.13919343 
 505 , 17944.1546132794 
 506 , 17950.8256701386 
 507 , 17959.6596658699 
 508 , 17969.9099117213 
 509 , 17978.0230045175 
 510 , 17982.5328957457 
 511 , 17986.5323380049 
 512 , 17993.6011943049 
 513 , 18005.8114879786 
 514 , 18024.1430217082 
 515 , 18049.0325624495 
 516 , 18079.0627367267 
 517 , 18112.3135858006 
 518 , 18144.3040716387 
 519 , 18167.6592097153 
 520 , 18176.7878030289 
 521 , 18177.5922394521 
 522 , 18180.1388466647 
 523 , 18189.8320071988 
 524 , 18203.9113956018 
 525 , 18219.1820371502 
 526 , 18236.3519312203 
 527 , 18258.3806355283 
 528 , 18286.9471431151 
 529 , 18320.1566039224 
 530 , 18355.4433492828 
 531 , 18389.0343122283 
 532 , 18416.0992475987 
 533 , 18433.3251920763 
 534 , 18444.1097749942 
 535 , 18453.6433061669 
 536 , 18466.3550817312 
 537 , 18485.6830116377 
 538 , 18514.0754680512 
 539 , 18547.6789567994 
 540 , 18580.0278698511 
 541 , 18607.1519710693 
 542 , 18629.916616108 
 543 , 18649.6720838491 
 544 , 18667.0303576297 
 545 , 18682.1456390739 
 546 , 18696.2896116216 
 547 , 18713.9752474518 
 548 , 18740.0017260382 
 549 , 18773.5531257109 
 550 , 18808.773796251 
 551 , 18841.5134284419 
 552 , 18875.7763553627 
 553 , 18917.5693484446 
 554 , 18965.3346288209 
 555 , 19007.8758397127 
 556 , 19035.9008490887 
 557 , 19056.4729430456 
 558 , 19083.0530425196 
 559 , 19119.1414442309 
 560 , 19150.3065928926 
 561 , 19162.3117738755 
 562 , 19161.1181011917 
 563 , 19164.0810586858 
 564 , 19179.3249464596 
 565 , 19191.2182409124 
 566 , 19182.1429623271 
 567 , 19160.8786021879 
 568 , 19156.822666051 
 569 , 19189.3547705216 
 570 , 19239.8798167405 
 571 , 19281.9497375238 
 572 , 19306.3631747081 
 573 , 19322.1734909419 
 574 , 19338.0502105705 
 575 , 19356.2835958406 
 576 , 19377.097131 
 577 , 19398.1223983155 
 578 , 19413.3193434581 
 579 , 19417.8367421359 
 580 , 19417.214954468 
 581 , 19421.42895847 
 582 , 19434.9463882038 
 583 , 19451.8227613438 
 584 , 19465.5223292457 
 585 , 19475.1131615112 
 586 , 19482.8788304215 
 587 , 19489.788268931 
 588 , 19493.4300293958 
 589 , 19491.2829010145 
 590 , 19486.6850090584 
 591 , 19487.3510449601 
 592 , 19497.7526097454 
 593 , 19511.3007302246 
 594 , 19519.5677994989 
 595 , 19523.4843729697 
 596 , 19532.9102826782 
 597 , 19554.7476722331 
 598 , 19581.5318363462 
 599 , 19602.12925534 
 600 , 19612.7491762921 
 601 , 19618.4252908781 
 602 , 19624.5308901576 
 603 , 19635.4080288511 
 604 , 19654.9674592743 
 605 , 19683.221860555 
 606 , 19714.3487808373 
 607 , 19743.0087211331 
 608 , 19770.8194122636 
 609 , 19802.449322707 
 610 , 19841.5526938314 
 611 , 19889.8849106274 
 612 , 19948.1510614529 
 613 , 20009.213685483 
 614 , 20061.704598841 
 615 , 20099.5949573811 
 616 , 20129.0336218086 
 617 , 20157.4005454056 
 618 , 20186.7991361636 
 619 , 20215.8712328038 
 620 , 20244.0820384319 
 621 , 20273.3254593427 
 622 , 20306.0243976573 
 623 , 20346.3661844879 
 624 , 20399.9140017121 
 625 , 20464.7611408085 
 626 , 20514.1819338142 
 627 , 20518.0200582946 
 628 , 20479.4429143642 
 629 , 20432.105064907 
 630 , 20403.7746726939 
 631 , 20394.6570656496 
 632 , 20398.3272968667 
 633 , 20412.0240658296 
 634 , 20436.8605384184 
 635 , 20472.5057338475 
 636 , 20511.1123605427 
 637 , 20542.7904934552 
 638 , 20561.7040197173 
 639 , 20566.9092301065 
 640 , 20559.8671552748 
 641 , 20553.3047382033 
 642 , 20563.4022363449 
 643 , 20593.9641404121 
 644 , 20631.9592782382 
 645 , 20664.6999817013 
 646 , 20688.9175804598 
 647 , 20704.9182996706 
 648 , 20714.8319834577 
 649 , 20723.5399923837 
 650 , 20735.4251573861 
 651 , 20749.883844455 
 652 , 20764.2354136972 
 653 , 20776.761415542 
 654 , 20787.3572114337 
 655 , 20796.2115032519 
 656 , 20804.5835400256 
 657 , 20814.2040397078 
 658 , 20824.8350748562 
 659 , 20832.6751239177 
 660 , 20834.9547016836 
 661 , 20840.6356714543 
 662 , 20864.4095160725 
 663 , 20908.995866765 
 664 , 20953.8328798483 
 665 , 20978.3178445946 
 666 , 20985.4925548516 
 667 , 20990.870349897 
 668 , 21003.8194663272 
 669 , 21020.876541214 
 670 , 21037.3031120283 
 671 , 21051.2116126841 
 672 , 21062.3109635115 
 673 , 21072.4608867504 
 674 , 21088.0869765862 
 675 , 21115.1148072992 
 676 , 21148.5820171005 
 677 , 21177.2971586604 
 678 , 21197.5733394946 
 679 , 21222.4218090909 
 680 , 21264.8761229917 
 681 , 21315.3066447467 
 682 , 21350.8124926352 
 683 , 21360.3612208799 
 684 , 21359.8498727167 
 685 , 21367.6427873764 
 686 , 21389.7729663022 
 687 , 21424.9404516598 
 688 , 21466.6913762372 
 689 , 21497.2432078382 
 690 , 21499.2471179595 
 691 , 21475.7066210287 
 692 , 21441.6217273229 
 693 , 21411.830795033 
 694 , 21400.4724911042 
 695 , 21419.8427594585 
 696 , 21464.6338691096 
 697 , 21519.3735590054 
 698 , 21571.8099551506 
 699 , 21616.89359009 
 700 , 21650.8581606468 
 701 , 21673.2941528216 
 702 , 21685.6703475483 
 703 , 21689.2592657709 
 704 , 21684.8846738745 
 705 , 21673.9079213083 
 706 , 21663.097716092 
 707 , 21662.0559498239 
 708 , 21673.1309861593 
 709 , 21684.3963921546 
 710 , 21684.5704626939 
 711 , 21681.8871817521 
 712 , 21694.2703107012 
 713 , 21726.1987397543 
 714 , 21757.3571440855 
 715 , 21767.7960411566 
 716 , 21760.9951445682 
 717 , 21751.3043333954 
 718 , 21746.9692948877 
 719 , 21745.7923537789 
 720 , 21745.4546553824 
 721 , 21749.8656553771 
 722 , 21765.4916858689 
 723 , 21792.5417092031 
 724 , 21821.5436077224 
 725 , 21844.2481846134 
 726 , 21865.2075131125 
 727 , 21893.6819645946 
 728 , 21928.9228267083 
 729 , 21956.237483953 
 730 , 21963.3456348147 
 731 , 21956.8594987016 
 732 , 21949.7161362546 
 733 , 21950.6503425673 
 734 , 21963.1844934374 
 735 , 21989.3156657856 
 736 , 22025.3210051102 
 737 , 22065.6949528143 
 738 , 22102.71607373 
 739 , 22126.2494940813 
 740 , 22129.9498514184 
 741 , 22123.4182344275 
 742 , 22119.91020891 
 743 , 22124.1552076913 
 744 , 22132.8176213038 
 745 , 22144.0799683511 
 746 , 22162.4404134395 
 747 , 22193.0958711298 
 748 , 22230.5677807254 
 749 , 22260.7286430483 
 750 , 22274.5249369985 
 751 , 22278.1913619645 
 752 , 22280.4716396529 
 753 , 22287.3505323654 
 754 , 22302.9069503411 
 755 , 22326.5170651542 
 756 , 22346.4828839491 
 757 , 22351.4653239794 
 758 , 22349.5179224316 
 759 , 22359.6375668619 
 760 , 22388.8605579317 
 761 , 22420.7043998455 
 762 , 22438.8053694219 
 763 , 22448.5944178247 
 764 , 22465.4524031659 
 765 , 22493.1463998696 
 766 , 22516.9768862705 
 767 , 22523.4565582537 
 768 , 22516.2084007244 
 769 , 22505.0751493216 
 770 , 22494.4941646995 
 771 , 22481.9906772842 
 772 , 22466.3784004891 
 773 , 22454.5717516002 
 774 , 22455.4338685859 
 775 , 22468.0880401653 
 776 , 22481.7324258709 
 777 , 22489.5200558105 
 778 , 22500.3317018362 
 779 , 22525.5161971567 
 780 , 22559.7525899053 
 781 , 22584.3396317508 
 782 , 22588.4088283226 
 783 , 22583.3848953958 
 784 , 22583.2308838137 
 785 , 22588.495545933 
 786 , 22591.3948687426 
 787 , 22588.2125584952 
 788 , 22583.8565304136 
 789 , 22584.8273723725 
 790 , 22601.813420728 
 791 , 22647.2248647567 
 792 , 22717.7174747926 
 793 , 22785.4550690211 
 794 , 22825.9119624876 
 795 , 22845.1887042486 
 796 , 22859.8010908682 
 797 , 22876.2449698597 
 798 , 22889.3005057164 
 799 , 22894.8017625322 
 800 , 22895.5259260295 
 801 , 22896.0026367227 
 802 , 22900.7252548946 
 803 , 22914.1511430453 
 804 , 22936.3814544162 
 805 , 22955.0154493305 
 806 , 22957.122408149 
 807 , 22949.1957856998 
 808 , 22950.0410115909 
 809 , 22969.3040726467 
 810 , 22997.5342505651 
 811 , 23024.0288428667 
 812 , 23046.1936448707 
 813 , 23065.1056528659 
 814 , 23080.6261240509 
 815 , 23090.8206445609 
 816 , 23093.9126319157 
 817 , 23089.6414478207 
 818 , 23078.4365084037 
 819 , 23065.8909478059 
 820 , 23062.9360791387 
 821 , 23075.6275697126 
 822 , 23092.5897751108 
 823 , 23099.7682041349 
 824 , 23097.1952664553 
 825 , 23095.1152314306 
 826 , 23099.3328362641 
 827 , 23104.9766444404 
 828 , 23106.6187819597 
 829 , 23106.606528461 
 830 , 23111.1177807122 
 831 , 23123.6511455639 
 832 , 23143.5095092719 
 833 , 23167.7425236855 
 834 , 23183.3596008682 
 835 , 23174.7306775489 
 836 , 23143.3354737436 
 837 , 23108.6613138985 
 838 , 23086.431880906 
 839 , 23076.7263669417 
 840 , 23076.0563253217 
 841 , 23077.5027680857 
 842 , 23071.7637533015 
 843 , 23057.4150088118 
 844 , 23050.2347480267 
 845 , 23065.591309595 
 846 , 23098.4515768973 
 847 , 23134.4403821297 
 848 , 23163.3339685124 
 849 , 23180.8317016887 
 850 , 23184.8080586319 
 851 , 23181.1631970706 
 852 , 23177.8457271967 
 853 , 23177.2890747296 
 854 , 23176.8678295059 
 855 , 23174.971320663 
 856 , 23173.390272205 
 857 , 23174.4905388001 
 858 , 23180.40976571 
 859 , 23193.0988884106 
 860 , 23210.0006293162 
 861 , 23220.6659664901 
 862 , 23217.3003597423 
 863 , 23212.2441755519 
 864 , 23224.4388888269 
 865 , 23254.2021179471 
 866 , 23281.3799540116 
 867 , 23291.8070670324 
 868 , 23295.2863272022 
 869 , 23306.256163618 
 870 , 23333.3223214346 
 871 , 23381.069504811 
 872 , 23449.6047371889 
 873 , 23530.1766330449 
 874 , 23613.8967429262 
 875 , 23698.0884714536 
 876 , 23782.5006688428 
 877 , 23862.5072128998 
 878 , 23928.1500979701 
 879 , 23974.4258771958 
 880 , 24016.1617859641 
 881 , 24070.9176605452 
 882 , 24129.3869735446 
 883 , 24162.6332231912 
 884 , 24159.2362082364 
 885 , 24146.1169718657 
 886 , 24148.7952358108 
 887 , 24148.2798924 
 888 , 24107.3059273976 
 889 , 24017.8468490135 
 890 , 23908.3788130754 
 891 , 23805.682014264 
 892 , 23721.4354462161 
 893 , 23663.0294739208 
 894 , 23628.0545015523 
 895 , 23606.9622715386 
 896 , 23590.1918349683 
 897 , 23568.4923028265 
 898 , 23534.5705736391 
 899 , 23494.0052333612 
 900 , 23457.5297886799 
 901 , 23431.5382308748 
 902 , 23417.2912707831 
 903 , 23413.9641604532 
 904 , 23414.4712269675 
 905 , 23411.2417381272 
 906 , 23407.4543047824 
 907 , 23413.3997179082 
 908 , 23432.8953200212 
 909 , 23457.4185345718 
 910 , 23477.9155369748 
 911 , 23490.1188495775 
 912 , 23491.6286169919 
 913 , 23483.3989975158 
 914 , 23469.8421203185 
 915 , 23456.1636995039 
 916 , 23449.4451824175 
 917 , 23455.6861896064 
 918 , 23466.9928779678 
 919 , 23467.8545388725 
 920 , 23455.5924884114 
 921 , 23447.5727100192 
 922 , 23456.7613352738 
 923 , 23467.6759064408 
 924 , 23458.1293245197 
 925 , 23432.1948520636 
 926 , 23415.8280157344 
 927 , 23422.1771127674 
 928 , 23433.3348549715 
 929 , 23430.6102997188 
 930 , 23420.9357314921 
 931 , 23421.9669105525 
 932 , 23436.538215806 
 933 , 23449.7099229563 
 934 , 23450.6734868314 
 935 , 23446.1877081556 
 936 , 23445.8604421674 
 937 , 23449.5913937529 
 938 , 23451.2623523992 
 939 , 23447.2776595097 
 940 , 23438.4127411415 
 941 , 23427.0901998862 
 942 , 23421.776271726 
 943 , 23432.3364604283 
 944 , 23460.6736755112 
 945 , 23501.870087655 
 946 , 23547.6869378903 
 947 , 23582.7528333597 
 948 , 23593.7129298442 
 949 , 23588.1431100845 
 950 , 23582.1472789777 
 951 , 23581.6796748746 
 952 , 23581.1325230429 
 953 , 23576.3918887357 
 954 , 23569.9432303273 
 955 , 23565.4561696096 
 956 , 23565.6631716817 
 957 , 23572.690621412 
 958 , 23584.5039253136 
 959 , 23592.9598059856 
 960 , 23591.858531163 
 961 , 23585.0392653931 
 962 , 23578.0946552532 
 963 , 23565.3512960661 
 964 , 23533.2099531548 
 965 , 23483.4668480366 
 966 , 23446.8840088198 
 967 , 23448.9017920028 
 968 , 23469.8840972719 
 969 , 23477.0650069935 
 970 , 23471.0885798273 
 971 , 23482.1078303228 
 972 , 23522.6947289738 
 973 , 23562.6048586621 
 974 , 23571.6192316103 
 975 , 23559.7134047877 
 976 , 23552.6583484303 
 977 , 23559.6424463765 
 978 , 23572.1944415986 
 979 , 23583.1673085553 
 980 , 23591.4706869596 
 981 , 23597.5876811838 
 982 , 23606.3155503539 
 983 , 23624.3563379618 
 984 , 23651.4404034773 
 985 , 23678.6389697887 
 986 , 23698.8386715033 
 987 , 23712.6322956895 
 988 , 23722.3305475297 
 989 , 23731.6390066696 
 990 , 23744.9587558434 
 991 , 23762.5137679325 
 992 , 23778.6312299911 
 993 , 23789.3320520607 
 994 , 23798.6392928744 
 995 , 23812.3785854345 
 996 , 23835.5943290922 
 997 , 23872.8355199818 
 998 , 23928.4021646619 
 999 , 24006.2181468178 
 1000 , 24110.8000969011 
 1001 , 24249.2603789894 
 1002 , 24427.9389534873 
 1003 , 24634.9870148259 
 1004 , 24846.0809565311 
 1005 , 25032.9723450361 
 1006 , 25161.2325682413 
 1007 , 25198.6073980358 
 1008 , 25125.1737882569 
 1009 , 24928.4400225181 
 1010 , 24650.1924990152 
 1011 , 24371.0463875992 
 1012 , 24145.8051994132 
 1013 , 23982.436682334 
 1014 , 23880.2603270192 
 1015 , 23820.47903467 
 1016 , 23779.730909529 
 1017 , 23744.3788139337 
 1018 , 23708.0589754345 
 1019 , 23671.4710454754 
 1020 , 23647.6289641215 
 1021 , 23645.9602660041 
 1022 , 23653.1248975748 
 1023 , 23650.6606606122 
 1024 , 23641.7362362148 
 1025 , 23645.3654728612 
 1026 , 23668.9587649626 
 1027 , 23698.7726077494 
 1028 , 23723.0253870212 
 1029 , 23748.7971304912 
 1030 , 23787.4342898219 
 1031 , 23835.1044639932 
 1032 , 23877.2174779372 
 1033 , 23909.118522721 
 1034 , 23943.421262898 
 1035 , 23987.6470415951 
 1036 , 24019.9912488717 
 1037 , 24013.7021182229 
 1038 , 23979.2428875273 
 1039 , 23951.9029074279 
 1040 , 23943.0966886185 
 1041 , 23925.6024117176 
 1042 , 23879.274213203 
 1043 , 23825.7397653571 
 1044 , 23794.9571392823 
 1045 , 23794.2024096801 
 1046 , 23816.5847107233 
 1047 , 23851.7092188147 
 1048 , 23884.4314266767 
 1049 , 23902.6371405724 
 1050 , 23906.2393489574 
 1051 , 23897.8078065733 
 1052 , 23879.9016523073 
 1053 , 23855.2306474219 
 1054 , 23832.3691148122 
 1055 , 23827.3804141027 
 1056 , 23848.6443288355 
 1057 , 23879.5806253837 
 1058 , 23900.7085597264 
 1059 , 23907.3053281076 
 1060 , 23901.8063998407 
 1061 , 23889.1154330618 
 1062 , 23876.7970451744 
 1063 , 23868.0237093824 
 1064 , 23854.3422999391 
 1065 , 23827.8884541082 
 1066 , 23796.6267589784 
 1067 , 23774.1303358336 
 1068 , 23759.2141308109 
 1069 , 23737.0826152748 
 1070 , 23702.9597489711 
 1071 , 23674.2384092805 
 1072 , 23665.7834324344 
 1073 , 23664.7770495902 
 1074 , 23650.9518731119 
 1075 , 23625.9863325697 
 1076 , 23608.0225056274 
 1077 , 23606.0009460968 
 1078 , 23612.6469865635 
 1079 , 23621.4541686761 
 1080 , 23635.3001363178 
 1081 , 23659.0331391167 
 1082 , 23693.3768709181 
 1083 , 23736.2902033073 
 1084 , 23773.675180997 
 1085 , 23775.5301538311 
 1086 , 23727.8242149277 
 1087 , 23668.3958964883 
 1088 , 23640.2510338522 
 1089 , 23651.2062694003 
 1090 , 23692.4479778001 
 1091 , 23742.4307364676 
 1092 , 23766.8608983932 
 1093 , 23749.7105188015 
 1094 , 23717.3095672866 
 1095 , 23695.3814301254 
 1096 , 23675.2196608503 
 1097 , 23637.7169053886 
 1098 , 23580.478774435 
 1099 , 23513.7882497459 
 1100 , 23449.4567158968 
 1101 , 23401.286085743 
 1102 , 23377.3326621574 
 1103 , 23363.311870384 
 1104 , 23341.3701533199 
 1105 , 23309.4772046073 
 1106 , 23274.1896257775 
 1107 , 23240.4892521554 
 1108 , 23211.4059557679 
 1109 , 23190.4187234487 
 1110 , 23182.4520109099 
 1111 , 23189.4485651638 
 1112 , 23193.7734156635 
 1113 , 23172.0896995578 
 1114 , 23128.8578321417 
 1115 , 23091.2563041169 
 1116 , 23070.9990155161 
 1117 , 23051.5657118655 
 1118 , 23021.2880638846 
 1119 , 22998.9288380037 
 1120 , 23006.9799072385 
 1121 , 23031.4966795196 
 1122 , 23039.0172422858 
 1123 , 23021.466499139 
 1124 , 23000.8361889466 
 1125 , 22991.4638116502 
 1126 , 22984.0700783331 
 1127 , 22968.4420890998 
 1128 , 22950.1901541786 
 1129 , 22939.9719466222 
 1130 , 22938.7293424199 
 1131 , 22939.8827829902 
 1132 , 22936.5493265159 
 1133 , 22921.67318743 
 1134 , 22891.926013058 
 1135 , 22857.1058765118 
 1136 , 22828.554934395 
 1137 , 22806.7130339604 
 1138 , 22786.848189591 
 1139 , 22768.0322590744 
 1140 , 22753.2215549958 
 1141 , 22743.2100853929 
 1142 , 22733.8764075929 
 1143 , 22722.0978570804 
 1144 , 22712.3044001271 
 1145 , 22710.3681548389 
 1146 , 22713.7181887338 
 1147 , 22714.5926987768 
 1148 , 22708.5386890054 
 1149 , 22695.4109314769 
 1150 , 22675.6942145675 
 1151 , 22650.8042124388 
 1152 , 22623.1910468315 
 1153 , 22600.499065025 
 1154 , 22591.6926177445 
 1155 , 22597.3401131435 
 1156 , 22611.683115625 
 1157 , 22630.9345682803 
 1158 , 22654.5421508711 
 1159 , 22679.9691766112 
 1160 , 22697.5030036536 
 1161 , 22697.0583289573 
 1162 , 22675.9857101342 
 1163 , 22635.4621474274 
 1164 , 22587.9838477958 
 1165 , 22555.7578210712 
 1166 , 22547.9300937569 
 1167 , 22550.4055116148 
 1168 , 22549.4844405062 
 1169 , 22541.344878343 
 1170 , 22525.7624988186 
 1171 , 22513.4132058556 
 1172 , 22519.290194287 
 1173 , 22538.2457433005 
 1174 , 22545.9011862593 
 1175 , 22529.7483140119 
 1176 , 22501.1860235986 
 1177 , 22472.363579372 
 1178 , 22447.9160067748 
 1179 , 22430.1097921181 
 1180 , 22416.7227700262 
 1181 , 22403.3591084509 
 1182 , 22388.6412439104 
 1183 , 22374.2030501279 
 1184 , 22356.8804103933 
 1185 , 22323.842226588 
 1186 , 22270.5467729943 
 1187 , 22230.5414906418 
 1188 , 22240.0045287459 
 1189 , 22273.5019674337 
 1190 , 22275.6253157423 
 1191 , 22237.7706696825 
 1192 , 22198.4264553424 
 1193 , 22177.9897787896 
 1194 , 22157.8513268229 
 1195 , 22122.3452719871 
 1196 , 22084.9490493266 
 1197 , 22064.0759493503 
 1198 , 22059.3684866916 
 1199 , 22061.3983876475 
 1200 , 22067.4510576315 
 1201 , 22081.2065331246 
 1202 , 22097.0957972439 
 1203 , 22092.2600259595 
 1204 , 22052.364024572 
 1205 , 22000.6350481275 
 1206 , 21965.1131961289 
 1207 , 21945.7883083584 
 1208 , 21930.3752083969 
 1209 , 21916.9255287975 
 1210 , 21912.3964767917 
 1211 , 21913.442034124 
 1212 , 21899.4451820428 
 1213 , 21856.3164008258 
 1214 , 21795.704548939 
 1215 , 21733.8394194485 
 1216 , 21683.652042223 
 1217 , 21656.4100976647 
 1218 , 21658.2835958797 
 1219 , 21691.108599868 
 1220 , 21734.426860083 
 1221 , 21736.9027074801 
 1222 , 21671.2107761788 
 1223 , 21579.4236728747 
 1224 , 21509.0173918878 
 1225 , 21476.4199475888 
 1226 , 21485.6226942491 
 1227 , 21515.3323195708 
 1228 , 21529.2842851105 
 1229 , 21514.5257366023 
 1230 , 21484.9076422903 
 1231 , 21450.8005045684 
 1232 , 21412.2072219728 
 1233 , 21369.0760186496 
 1234 , 21326.4390754376 
 1235 , 21289.9435196257 
 1236 , 21259.7193922832 
 1237 , 21233.3822428829 
 1238 , 21211.9233612315 
 1239 , 21199.3003805076 
 1240 , 21195.8785028748 
 1241 , 21196.0960912758 
 1242 , 21194.9615443716 
 1243 , 21190.7786615672 
 1244 , 21182.9839982063 
 1245 , 21174.0347487418 
 1246 , 21167.0754478716 
 1247 , 21160.4283335593 
 1248 , 21149.3450009587 
 1249 , 21132.9850971495 
 1250 , 21115.1519875223 
 1251 , 21095.6999415062 
 1252 , 21065.5706533222 
 1253 , 21021.6091044277 
 1254 , 20988.5973712991 
 1255 , 20991.8204928267 
 1256 , 21006.9454563017 
 1257 , 20989.1700338024 
 1258 , 20937.4398086623 
 1259 , 20886.7259772016 
 1260 , 20856.0888962535 
 1261 , 20839.9237052895 
 1262 , 20832.7655006141 
 1263 , 20834.5507415675 
 1264 , 20844.3539452422 
 1265 , 20852.8230956917 
 1266 , 20849.3007590728 
 1267 , 20835.0738901205 
 1268 , 20817.7068974053 
 1269 , 20797.8669313897 
 1270 , 20769.6405205262 
 1271 , 20735.6927685387 
 1272 , 20713.4099400687 
 1273 , 20711.6863274545 
 1274 , 20710.0300484487 
 1275 , 20687.3320094406 
 1276 , 20649.0310787283 
 1277 , 20609.1470099254 
 1278 , 20576.2086195974 
 1279 , 20555.499275611 
 1280 , 20554.5823446357 
 1281 , 20583.239402507 
 1282 , 20633.6740010893 
 1283 , 20666.6969824161 
 1284 , 20657.0055101499 
 1285 , 20632.9820340557 
 1286 , 20625.9786121002 
 1287 , 20624.1995491117 
 1288 , 20602.9441870198 
 1289 , 20564.3014205232 
 1290 , 20526.3928926644 
 1291 , 20493.3880586238 
 1292 , 20454.7467876284 
 1293 , 20408.2672349319 
 1294 , 20367.6149102626 
 1295 , 20341.1597216895 
 1296 , 20316.1883330251 
 1297 , 20280.4967525134 
 1298 , 20246.6298503007 
 1299 , 20233.0327647748 
 1300 , 20232.2404925015 
 1301 , 20222.4391900906 
 1302 , 20200.3876853918 
 1303 , 20181.0081415694 
 1304 , 20170.3249871706 
 1305 , 20158.7660834277 
 1306 , 20138.534429035 
 1307 , 20110.5934983527 
 1308 , 20076.9831106064 
 1309 , 20037.7557576966 
 1310 , 19993.0818964915 
 1311 , 19949.3649828776 
 1312 , 19915.9343129872 
 1313 , 19897.1798565524 
 1314 , 19893.1146100789 
 1315 , 19896.4118227674 
 1316 , 19889.8230670287 
 1317 , 19863.7467557434 
 1318 , 19827.7154547676 
 1319 , 19793.8991330769 
 1320 , 19774.3809156041 
 1321 , 19777.6247102706 
 1322 , 19787.5305014752 
 1323 , 19780.0906540791 
 1324 , 19761.1207183447 
 1325 , 19755.9584915359 
 1326 , 19763.2043845982 
 1327 , 19751.8070153682 
 1328 , 19713.4031401413 
 1329 , 19682.6140299584 
 1330 , 19683.3458040509 
 1331 , 19695.1453645636 
 1332 , 19694.0032264816 
 1333 , 19678.4617350079 
 1334 , 19653.9175019823 
 1335 , 19624.467423172 
 1336 , 19593.5417688617 
 1337 , 19564.5953701017 
 1338 , 19540.9645672502 
 1339 , 19520.4811060244 
 1340 , 19493.908754455 
 1341 , 19459.0839366623 
 1342 , 19429.3778182349 
 1343 , 19414.4906210862 
 1344 , 19405.2760984168 
 1345 , 19391.4815524384 
 1346 , 19379.0209703642 
 1347 , 19378.0974418503 
 1348 , 19385.4881117027 
 1349 , 19390.3757055407 
 1350 , 19381.6082416586 
 1351 , 19348.1536379973 
 1352 , 19293.8779466934 
 1353 , 19242.9851373592 
 1354 , 19209.6506793623 
 1355 , 19183.3523575464 
 1356 , 19153.606918204 
 1357 , 19121.133736204 
 1358 , 19088.4143337997 
 1359 , 19054.1804231285 
 1360 , 19016.1454988502 
 1361 , 18974.9423732131 
 1362 , 18932.8066609666 
 1363 , 18891.5305747088 
 1364 , 18852.5452811382 
 1365 , 18818.6318194545 
 1366 , 18794.3159007459 
 1367 , 18779.193741544 
 1368 , 18762.7149529814 
 1369 , 18735.0397082052 
 1370 , 18692.4181915915 
 1371 , 18636.1651503006 
 1372 , 18587.203725401 
 1373 , 18568.8584652034 
 1374 , 18572.8636397943 
 1375 , 18576.1398299882 
 1376 , 18567.5125744098 
 1377 , 18545.0424390847 
 1378 , 18512.4838050169 
 1379 , 18479.6817499547 
 1380 , 18450.5533921515 
 1381 , 18418.4271392549 
 1382 , 18378.6566973249 
 1383 , 18334.4814537746 
 1384 , 18290.3454570896 
 1385 , 18250.4794397993 
 1386 , 18218.4476396086 
 1387 , 18193.9049432835 
 1388 , 18174.3220485294 
 1389 , 18150.4131158258 
 1390 , 18109.792503821 
 1391 , 18056.8918378899 
 1392 , 18010.7667208976 
 1393 , 17982.6318935727 
 1394 , 17972.8492507121 
 1395 , 17973.3413005821 
 1396 , 17961.2885833603 
 1397 , 17924.3353264448 
 1398 , 17884.9963273837 
 1399 , 17866.0030697851 
 1400 , 17863.554787769 
 1401 , 17865.5280005634 
 1402 , 17852.9113221446 
 1403 , 17807.0381052943 
 1404 , 17744.5959106326 
 1405 , 17702.9279604367 
 1406 , 17697.1147882583 
 1407 , 17721.6262396371 
 1408 , 17755.442331714 
 1409 , 17758.7410496896 
 1410 , 17717.0658773998 
 1411 , 17665.6679533589 
 1412 , 17633.8691365783 
 1413 , 17619.738329757 
 1414 , 17616.6001585239 
 1415 , 17620.1509417995 
 1416 , 17625.9963640734 
 1417 , 17625.3938480403 
 1418 , 17608.6851667951 
 1419 , 17573.4082715475 
 1420 , 17521.7617027769 
 1421 , 17466.1785300952 
 1422 , 17426.6088357468 
 1423 , 17406.6587213317 
 1424 , 17391.4454336354 
 1425 , 17371.4013316208 
 1426 , 17346.9428614586 
 1427 , 17318.3864809648 
 1428 , 17283.8198018733 
 1429 , 17247.4217553034 
 1430 , 17234.3765454091 
 1431 , 17261.9825625868 
 1432 , 17288.843889831 
 1433 , 17265.1276054416 
 1434 , 17206.5609533993 
 1435 , 17154.6951628153 
 1436 , 17122.7698821402 
 1437 , 17106.2671300246 
 1438 , 17094.4724438687 
 1439 , 17072.1168719977 
 1440 , 17039.8280345323 
 1441 , 17016.9233073765 
 1442 , 17009.8410745159 
 1443 , 17002.347469507 
 1444 , 16985.519577114 
 1445 , 16971.7615229888 
 1446 , 16970.7944255287 
 1447 , 16974.2643468132 
 1448 , 16971.9268623665 
 1449 , 16961.4876237368 
 1450 , 16943.8692683694 
 1451 , 16926.1747733198 
 1452 , 16917.3418489254 
 1453 , 16919.8531366008 
 1454 , 16932.5593288405 
 1455 , 16954.1517882404 
 1456 , 16982.859875306 
 1457 , 17007.8613479064 
 1458 , 17009.2677967482 
 1459 , 16979.6751925649 
 1460 , 16929.6890523734 
 1461 , 16873.2423996959 
 1462 , 16828.0031694569 
 1463 , 16798.9313477574 
 1464 , 16757.1141952479 
 1465 , 16682.3237777542 
 1466 , 16604.6081220999 
 1467 , 16556.5614874587 
 1468 , 16527.6883229411 
 1469 , 16496.4990919331 
 1470 , 16457.9070557506 
 1471 , 16413.7863644638 
 1472 , 16365.9915677867 
 1473 , 16316.4685020893 
 1474 , 16268.8793011245 
 1475 , 16228.0140892 
 1476 , 16194.6273238951 
 1477 , 16165.446520826 
 1478 , 16138.9469866875 
 1479 , 16116.149574177 
 1480 , 16099.0824731613 
 1481 , 16091.2010007274 
 1482 , 16091.0451193617 
 1483 , 16085.5122682407 
 1484 , 16066.0802740571 
 1485 , 16043.3740312934 
 1486 , 16028.6252230733 
 1487 , 16020.3063611544 
 1488 , 16013.2251961431 
 1489 , 16000.2228521174 
 1490 , 15974.8621704102 
 1491 , 15941.4558853977 
 1492 , 15909.3488448873 
 1493 , 15888.6881492042 
 1494 , 15888.4572427965 
 1495 , 15892.898059205 
 1496 , 15868.5745853543 
 1497 , 15817.0578377142 
 1498 , 15774.7846153667 
 1499 , 15760.2082099629 
 1500 , 15766.7556992111 
 1501 , 15775.1997759195 
 1502 , 15748.4762152877 
 1503 , 15675.4980332646 
 1504 , 15603.0818678382 
 1505 , 15566.8344206571 
 1506 , 15552.1897747861 
 1507 , 15540.6813083145 
 1508 , 15529.8132065531 
 1509 , 15519.7112282792 
 1510 , 15506.3409026929 
 1511 , 15485.1166270426 
 1512 , 15455.3487791303 
 1513 , 15418.5489261791 
 1514 , 15382.174641282 
 1515 , 15355.5717417633 
 1516 , 15338.1180571816 
 1517 , 15323.3090657981 
 1518 , 15306.4092942606 
 1519 , 15284.1592764353 
 1520 , 15254.9825565425 
 1521 , 15219.0034205983 
 1522 , 15181.1226860511 
 1523 , 15151.5835719856 
 1524 , 15133.4982353165 
 1525 , 15119.2766303163 
 1526 , 15103.6409527034 
 1527 , 15086.9486574761 
 1528 , 15069.5006271909 
 1529 , 15050.1660281073 
 1530 , 15028.0612877717 
 1531 , 15003.5321048036 
 1532 , 14977.9594312856 
 1533 , 14955.6047737646 
 1534 , 14939.3673118815 
 1535 , 14923.3769253156 
 1536 , 14902.5179750712 
 1537 , 14889.1797756919 
 1538 , 14897.0394837241 
 1539 , 14906.8485067894 
 1540 , 14889.1903920624 
 1541 , 14848.5456388384 
 1542 , 14806.1418354309 
 1543 , 14772.4856988561 
 1544 , 14750.8860233948 
 1545 , 14740.0455238352 
 1546 , 14735.3008759952 
 1547 , 14733.4398211158 
 1548 , 14732.750233981 
 1549 , 14733.8962284397 
 1550 , 14739.8916396535 
 1551 , 14745.4173211496 
 1552 , 14734.2103364704 
 1553 , 14702.1990061494 
 1554 , 14665.6578192764 
 1555 , 14638.6522169236 
 1556 , 14627.700777107 
 1557 , 14633.0520598497 
 1558 , 14642.7097965194 
 1559 , 14645.2209692353 
 1560 , 14635.1264008285 
 1561 , 14610.9316641557 
 1562 , 14580.7632861066 
 1563 , 14552.1115564838 
 1564 , 14522.3671418793 
 1565 , 14489.1066706677 
 1566 , 14462.3403211782 
 1567 , 14452.2021241082 
 1568 , 14449.0443944216 
 1569 , 14439.478918005 
 1570 , 14431.5066073545 
 1571 , 14438.9935276498 
 1572 , 14451.5702046032 
 1573 , 14448.843200626 
 1574 , 14427.8155437967 
 1575 , 14395.4239484389 
 1576 , 14358.785656059 
 1577 , 14325.0963028406 
 1578 , 14302.0642108193 
 1579 , 14296.9596070222 
 1580 , 14301.8215464026 
 1581 , 14295.9765491925 
 1582 , 14273.8895453519 
 1583 , 14245.6189101841 
 1584 , 14218.4672051094 
 1585 , 14195.7630213386 
 1586 , 14180.6307580601 
 1587 , 14176.0947690793 
 1588 , 14178.4962298175 
 1589 , 14174.2587734359 
 1590 , 14158.1997431801 
 1591 , 14140.8397036314 
 1592 , 14126.9912262877 
 1593 , 14107.385504607 
 1594 , 14077.4382919882 
 1595 , 14046.5278743472 
 1596 , 14023.089487728 
 1597 , 14008.4628737856 
 1598 , 13999.3917187731 
 1599 , 13982.6106509608 
 1600 , 13951.3288041874 
 1601 , 13925.6003099369 
 1602 , 13923.4280253243 
 1603 , 13935.1397466745 
 1604 , 13947.1961385381 
 1605 , 13956.5683965158 
 1606 , 13962.7823875833 
 1607 , 13964.4668598552 
 1608 , 13959.3078884706 
 1609 , 13941.3852755121 
 1610 , 13906.3177587435 
 1611 , 13866.0659590708 
 1612 , 13834.8764941159 
 1613 , 13801.7194966318 
 1614 , 13749.4951574564 
 1615 , 13693.8624265448 
 1616 , 13661.316268763 
 1617 , 13643.4707935179 
 1618 , 13616.1377031181 
 1619 , 13572.0408288771 
 1620 , 13514.7209779361 
 1621 , 13462.668414598 
 1622 , 13440.5986889437 
 1623 , 13440.2808501014 
 1624 , 13433.3745887005 
 1625 , 13414.1513767374 
 1626 , 13392.7390269124 
 1627 , 13370.1036768981 
 1628 , 13340.306599954 
 1629 , 13305.5248020392 
 1630 , 13274.6752400015 
 1631 , 13252.538886522 
 1632 , 13239.904906562 
 1633 , 13236.0227528729 
 1634 , 13238.4728284223 
 1635 , 13237.0651763158 
 1636 , 13214.3048728955 
 1637 , 13171.8701035697 
 1638 , 13132.6686065174 
 1639 , 13107.0266366861 
 1640 , 13089.0263715254 
 1641 , 13069.698624807 
 1642 , 13037.7915526504 
 1643 , 12997.3051175332 
 1644 , 12972.3863980577 
 1645 , 12971.4378717355 
 1646 , 12978.7700349247 
 1647 , 12979.9402034433 
 1648 , 12965.165529414 
 1649 , 12932.1351532204 
 1650 , 12889.6954477816 
 1651 , 12851.883581793 
 1652 , 12839.3983791865 
 1653 , 12851.8626612846 
 1654 , 12851.855499014 
 1655 , 12822.8230613475 
 1656 , 12792.1028547549 
 1657 , 12774.8085625994 
 1658 , 12754.7098935145 
 1659 , 12725.0012647809 
 1660 , 12703.8053589526 
 1661 , 12697.1983993717 
 1662 , 12681.265873437 
 1663 , 12645.2374793854 
 1664 , 12613.2262843054 
 1665 , 12601.3201378907 
 1666 , 12598.9559801379 
 1667 , 12595.2730617938 
 1668 , 12586.4072803178 
 1669 , 12569.6566790677 
 1670 , 12542.8483337435 
 1671 , 12508.8615571888 
 1672 , 12482.1198097642 
 1673 , 12470.1202258648 
 1674 , 12460.068612429 
 1675 , 12441.4843083529 
 1676 , 12416.5723170039 
 1677 , 12390.5403452285 
 1678 , 12371.3412190345 
 1679 , 12361.0183960357 
 1680 , 12345.9674751313 
 1681 , 12317.881809855 
 1682 , 12287.6484596389 
 1683 , 12264.5350100597 
 1684 , 12246.3099901791 
 1685 , 12229.3370299918 
 1686 , 12210.9298118747 
 1687 , 12190.0762938273 
 1688 , 12169.6195931136 
 1689 , 12152.2581833824 
 1690 , 12138.8110046779 
 1691 , 12128.0459186336 
 1692 , 12114.324516858 
 1693 , 12093.7178742597 
 1694 , 12068.2382688145 
 1695 , 12040.1822578532 
 1696 , 12010.3147204998 
 1697 , 11980.2549518931 
 1698 , 11954.2561082325 
 1699 , 11936.2429655547 
 1700 , 11928.4012119268 
 1701 , 11927.6897091635 
 1702 , 11919.4498041753 
 1703 , 11896.2924320304 
 1704 , 11871.28295245 
 1705 , 11854.8966751914 
 1706 , 11845.4192317543 
 1707 , 11837.8611030932 
 1708 , 11823.7416366265 
 1709 , 11800.8161739313 
 1710 , 11780.9359646833 
 1711 , 11769.4722310517 
 1712 , 11754.9376168863 
 1713 , 11732.2861269832 
 1714 , 11713.1970955636 
 1715 , 11702.7307049839 
 1716 , 11689.6756591088 
 1717 , 11666.9144921306 
 1718 , 11638.1808392938 
 1719 , 11610.9769857281 
 1720 , 11597.1962720674 
 1721 , 11595.1176857634 
 1722 , 11579.8316061305 
 1723 , 11548.7022249337 
 1724 , 11537.6866918375 
 1725 , 11554.5782181726 
 1726 , 11559.560827993 
 1727 , 11533.8603286133 
 1728 , 11494.8066646201 
 1729 , 11460.4101870741 
 1730 , 11445.3729434254 
 1731 , 11449.0916121467 
 1732 , 11451.7972634821 
 1733 , 11442.9860274234 
 1734 , 11424.9608073968 
 1735 , 11399.9284681245 
 1736 , 11369.0884706094 
 1737 , 11333.3006841836 
 1738 , 11293.5280207037 
 1739 , 11260.1862002738 
 1740 , 11251.9475980839 
 1741 , 11262.3214563463 
 1742 , 11262.0836313851 
 1743 , 11243.4772846416 
 1744 , 11218.094935708 
 1745 , 11195.3151091032 
 1746 , 11181.5180751909 
 1747 , 11173.300884005 
 1748 , 11160.9289399352 
 1749 , 11146.6444058082 
 1750 , 11139.3857895259 
 1751 , 11128.7768794132 
 1752 , 11095.1372713755 
 1753 , 11050.0193692473 
 1754 , 11020.1375723687 
 1755 , 11003.6621388633 
 1756 , 10985.4554280458 
 1757 , 10966.616219684 
 1758 , 10955.3377319072 
 1759 , 10953.7427485213 
 1760 , 10959.8665641081 
 1761 , 10962.7306028955 
 1762 , 10950.6930804582 
 1763 , 10928.7979760067 
 1764 , 10907.2345714271 
 1765 , 10892.0939589495 
 1766 , 10886.5340121521 
 1767 , 10886.3321970484 
 1768 , 10885.8400621459 
 1769 , 10882.0988947372 
 1770 , 10871.8108390241 
 1771 , 10848.0645710598 
 1772 , 10812.5183441302 
 1773 , 10796.2612245865 
 1774 , 10814.9719616322 
 1775 , 10825.7053337513 
 1776 , 10801.2060727003 
 1777 , 10777.0482590642 
 1778 , 10774.9712951818 
 1779 , 10766.8079568347 
 1780 , 10736.9342416937 
 1781 , 10705.6701414687 
 1782 , 10685.4864974838 
 1783 , 10669.1436523099 
 1784 , 10653.5737770184 
 1785 , 10644.4354210174 
 1786 , 10641.711935836 
 1787 , 10637.305064408 
 1788 , 10627.2978837858 
 1789 , 10613.2535390455 
 1790 , 10599.831399875 
 1791 , 10593.9832685501 
 1792 , 10593.8755201796 
 1793 , 10590.5513494026 
 1794 , 10583.5028790461 
 1795 , 10578.1873838447 
 1796 , 10572.9984723354 
 1797 , 10562.3298425604 
 1798 , 10547.6712950544 
 1799 , 10533.8607770911 
 1800 , 10519.9986445607 
 1801 , 10503.6080827373 
 1802 , 10490.5362847318 
 1803 , 10486.838819559 
 1804 , 10480.1811272567 
 1805 , 10455.9697256137 
 1806 , 10419.5515944997 
 1807 , 10382.5976539247 
 1808 , 10358.4448673285 
 1809 , 10354.3202802688 
 1810 , 10355.8694235079 
 1811 , 10352.1713683309 
 1812 , 10354.1028856082 
 1813 , 10367.3076656516 
 1814 , 10376.7323932576 
 1815 , 10373.5710994602 
 1816 , 10366.7445810828 
 1817 , 10361.2024516748 
 1818 , 10352.1377934646 
 1819 , 10336.1949842684 
 1820 , 10313.3721393959 
 1821 , 10287.6987256142 
 1822 , 10267.2846877882 
 1823 , 10254.0713187352 
 1824 , 10244.0048017987 
 1825 , 10236.1065008963 
 1826 , 10232.045712869 
 1827 , 10232.9847133935 
 1828 , 10238.5353039779 
 1829 , 10237.1550233794 
 1830 , 10214.4224297185 
 1831 , 10181.4074037903 
 1832 , 10157.9846963177 
 1833 , 10146.1466010632 
 1834 , 10141.1573342644 
 1835 , 10138.3029453477 
 1836 , 10133.1233412651 
 1837 , 10122.1082095738 
 1838 , 10104.8441489586 
 1839 , 10089.8352535546 
 1840 , 10081.0404468215 
 1841 , 10066.761522142 
 1842 , 10041.8902959635 
 1843 , 10019.4101381187 
 1844 , 10007.6736077409 
 1845 , 10003.8212004772 
 1846 , 10001.3908169114 
 1847 , 9991.11682603224 
 1848 , 9979.60295301343 
 1849 , 9988.91921495936 
 1850 , 10007.6116114905 
 1851 , 9997.60389026756 
 1852 , 9964.69717655327 
 1853 , 9943.14312053322 
 1854 , 9936.46803926556 
 1855 , 9931.13430733105 
 1856 , 9918.56726804411 
 1857 , 9894.91242384338 
 1858 , 9869.98805390041 
 1859 , 9854.6823780242 
 1860 , 9843.3170575497 
 1861 , 9829.05421897073 
 1862 , 9816.62495516549 
 1863 , 9811.3242838489 
 1864 , 9813.41211590566 
 1865 , 9816.98064700672 
 1866 , 9805.33302034755 
 1867 , 9775.66046861083 
 1868 , 9749.42415817263 
 1869 , 9737.13969781762 
 1870 , 9732.57237828998 
 1871 , 9729.12246958505 
 1872 , 9721.28124037653 
 1873 , 9709.26259254414 
 1874 , 9697.6598780099 
 1875 , 9689.92743940559 
 1876 , 9687.59410483591 
 1877 , 9683.03574334608 
 1878 , 9667.65460658538 
 1879 , 9652.92768382526 
 1880 , 9652.46532446964 
 1881 , 9656.77765847201 
 1882 , 9653.74590917615 
 1883 , 9643.71006263026 
 1884 , 9631.19817837492 
 1885 , 9624.66863802148 
 1886 , 9622.96430063703 
 1887 , 9605.93198427223 
 1888 , 9572.17467998831 
 1889 , 9549.80357922038 
 1890 , 9544.65298266105 
 1891 , 9535.99425449818 
 1892 , 9518.5936965979 
 1893 , 9501.12069757384 
 1894 , 9485.42472146095 
 1895 , 9469.36698587074 
 1896 , 9457.24093584905 
 1897 , 9453.80693824851 
 1898 , 9447.38313389043 
 1899 , 9424.56725979455 
 1900 , 9390.87054506589 
 1901 , 9359.06109504442 
 1902 , 9348.56768695701 
 1903 , 9363.60851624441 
 1904 , 9370.25495955522 
 1905 , 9353.9468272166 
 1906 , 9342.39029086864 
 1907 , 9343.98202453463 
 1908 , 9337.57326060644 
 1909 , 9320.60686428887 
 1910 , 9309.34408352017 
 1911 , 9304.1751686767 
 1912 , 9295.38864306884 
 1913 , 9291.85590395346 
 1914 , 9306.29809743419 
 1915 , 9310.99456710652 
 1916 , 9275.61019441226 
 1917 , 9230.41665011639 
 1918 , 9208.10435659793 
 1919 , 9193.85001289846 
 1920 , 9174.60173628185 
 1921 , 9163.33984922104 
 1922 , 9165.04743167611 
 1923 , 9165.30039920999 
 1924 , 9155.17180884734 
 1925 , 9135.12728288855 
 1926 , 9112.24916868868 
 1927 , 9097.97561625298 
 1928 , 9090.38123624524 
 1929 , 9080.23147571004 
 1930 , 9071.42240855395 
 1931 , 9072.26500104573 
 1932 , 9080.5218812145 
 1933 , 9087.43779598084 
 1934 , 9073.22380090006 
 1935 , 9032.08197148867 
 1936 , 9001.73398023701 
 1937 , 9001.6839726244 
 1938 , 9004.64371547872 
 1939 , 8998.12271130474 
 1940 , 8995.65393615759 
 1941 , 8998.09131097323 
 1942 , 8993.56684674184 
 1943 , 8986.15808935926 
 1944 , 8988.12725138183 
 1945 , 8985.33456816937 
 1946 , 8957.7241911604 
 1947 , 8924.37360583058 
 1948 , 8908.42318846611 
 1949 , 8898.40540400167 
 1950 , 8882.04071277866 
 1951 , 8865.39779179348 
 1952 , 8854.23181152586 
 1953 , 8848.60380206822 
 1954 , 8845.79428710579 
 1955 , 8840.72398604026 
 1956 , 8835.21679539372 
 1957 , 8835.86905653499 
 1958 , 8833.56400098455 
 1959 , 8813.24035553374 
 1960 , 8786.99439382439 
 1961 , 8772.95054934742 
 1962 , 8763.25974674187 
 1963 , 8749.23108881147 
 1964 , 8742.57412686216 
 1965 , 8748.5532672196 
 1966 , 8751.05605172453 
 1967 , 8738.42157464527 
 1968 , 8709.80051161841 
 1969 , 8679.15679357612 
 1970 , 8671.92139448514 
 1971 , 8682.83657630876 
 1972 , 8687.73128952431 
 1973 , 8682.33876680123 
 1974 , 8671.22517889646 
 1975 , 8655.45109207306 
 1976 , 8636.65373952771 
 1977 , 8621.95843527906 
 1978 , 8613.42186585062 
 1979 , 8599.98056316459 
 1980 , 8582.88241658611 
 1981 , 8582.49859399628 
 1982 , 8588.54409323932 
 1983 , 8563.06424276827 
 1984 , 8523.25190084613 
 1985 , 8516.90255837362 
 1986 , 8533.76199180933 
 1987 , 8541.42649591941 
 1988 , 8529.29662940289 
 1989 , 8499.05548937191 
 1990 , 8469.90791176855 
 1991 , 8456.78524515224 
 1992 , 8459.32087144191 
 1993 , 8468.77339135304 
 1994 , 8468.90471673602 
 1995 , 8466.2380742119 
 1996 , 8483.78411808896 
 1997 , 8499.75600733554 
 1998 , 8475.57634298902 
 1999 , 8437.54935208791 
 2000 , 8424.72296138184 
 2001 , 8426.26548806808 
 2002 , 8423.53911718792 
 2003 , 8409.35669206122 
 2004 , 8387.44016140737 
 2005 , 8375.65832040953 
 2006 , 8373.56979780968 
 2007 , 8361.3483054008 
 2008 , 8341.18820147703 
 2009 , 8329.151447851 
 2010 , 8322.56286541787 
 2011 , 8313.0192491508 
 2012 , 8306.38463638559 
 2013 , 8308.25764591078 
 2014 , 8311.49871088009 
 2015 , 8310.10870701432 
 2016 , 8304.40849776332 
 2017 , 8296.82293182612 
 2018 , 8291.0207521547 
 2019 , 8283.8430312527 
 2020 , 8268.10974685471 
 2021 , 8247.74155849591 
 2022 , 8231.33928233201 
 2023 , 8222.95940335042 
 2024 , 8220.92964043248 
 2025 , 8210.67360785861 
 2026 , 8190.98582689782 
 2027 , 8189.47927866324 
 2028 , 8201.10404883666 
 2029 , 8181.28150620348 
 2030 , 8141.87905732115 
 2031 , 8132.80168728507 
 2032 , 8140.93819422192 
 2033 , 8131.31817849485 
 2034 , 8115.82158863937 
 2035 , 8108.87670807991 
 2036 , 8091.3523290311 
 2037 , 8059.65854406718 
 2038 , 8047.62152293322 
 2039 , 8058.19229604333 
 2040 , 8057.31454183903 
 2041 , 8039.91043823324 
 2042 , 8022.15912468 
 2043 , 8013.69797578471 
 2044 , 8017.48049877372 
 2045 , 8021.2802554124 
 2046 , 8015.30851580933 
 2047 , 8006.04549910122 
 2048 , 7995.5224425585 
 2049 , 7975.5357297343 
 2050 , 7950.24839267941 
 2051 , 7935.21941197064 
 2052 , 7930.64334221144 
 2053 , 7927.87707645258 
 2054 , 7922.61513014674 
 2055 , 7911.72091116242 
 2056 , 7890.52993100559 
 2057 , 7861.86110963734 
 2058 , 7843.90060042709 
 2059 , 7840.58587512412 
 2060 , 7836.83526457564 
 2061 , 7831.18226905343 
 2062 , 7831.52763415476 
 2063 , 7830.52028642178 
 2064 , 7818.31566868003 
 2065 , 7805.59187709847 
 2066 , 7798.25008011157 
 2067 , 7776.65176084314 
 2068 , 7742.13268719095 
 2069 , 7731.43252539364 
 2070 , 7744.80579763438 
 2071 , 7749.49319617042 
 2072 , 7741.25269057734 
 2073 , 7730.03443791125 
 2074 , 7713.91604137189 
 2075 , 7692.47273146912 
 2076 , 7680.90160877487 
 2077 , 7682.21729940994 
 2078 , 7674.50421568233 
 2079 , 7654.03524932906 
 2080 , 7637.17619042353 
 2081 , 7627.84021460613 
 2082 , 7620.6731492937 
 2083 , 7604.58896165396 
 2084 , 7572.61913660333 
 2085 , 7537.53509931908 
 2086 , 7512.65282994008 
 2087 , 7504.80214233138 
 2088 , 7516.02234884062 
 2089 , 7542.19432949074 
 2090 , 7559.37964565055 
 2091 , 7539.89012821374 
 2092 , 7510.43276216501 
 2093 , 7503.05863323591 
 2094 , 7499.59547036516 
 2095 , 7483.28070588431 
 2096 , 7459.86524344478 
 2097 , 7444.80168725507 
 2098 , 7457.97507630957 
 2099 , 7478.56995279779 
 2100 , 7469.58626294622 
 2101 , 7455.09554501514 
 2102 , 7461.92133461672 
 2103 , 7453.4841048377 
 2104 , 7415.52692933189 
 2105 , 7395.07290319966 
 2106 , 7401.14763413638 
 2107 , 7399.2497939846 
 2108 , 7383.81074768793 
 2109 , 7367.46653715571 
 2110 , 7359.85326609041 
 2111 , 7360.13138929273 
 2112 , 7340.58395308424 
 2113 , 7297.86320490861 
 2114 , 7274.53417139252 
 2115 , 7283.55812794004 
 2116 , 7305.08307315054 
 2117 , 7308.01376251695 
 2118 , 7270.29778063694 
 2119 , 7236.82085576605 
 2120 , 7242.43015176721 
 2121 , 7249.08391504681 
 2122 , 7233.72936427517 
 2123 , 7209.61538128818 
 2124 , 7192.28724410153 
 2125 , 7192.70933207971 
 2126 , 7190.69744765709 
 2127 , 7166.84690875126 
 2128 , 7155.97550605052 
 2129 , 7172.96023298313 
 2130 , 7168.74437853327 
 2131 , 7134.17295694608 
 2132 , 7109.91878089863 
 2133 , 7098.14788563347 
 2134 , 7079.56183118254 
 2135 , 7059.77882790923 
 2136 , 7048.93265632108 
 2137 , 7045.3943392119 
 2138 , 7045.31725510631 
 2139 , 7044.39689393597 
 2140 , 7034.04365786225 
 2141 , 7006.09581225671 
 2142 , 6984.29904793547 
 2143 , 6993.71568023958 
 2144 , 7005.45629226262 
 2145 , 6997.12887520708 
 2146 , 6986.23423726123 
 2147 , 6975.65091253036 
 2148 , 6948.85541833955 
 2149 , 6916.26844046836 
 2150 , 6899.74004371947 
 2151 , 6890.23799260375 
 2152 , 6876.44578966788 
 2153 , 6867.85451252912 
 2154 , 6869.18128779971 
 2155 , 6873.32698320726 
 2156 , 6869.67038712425 
 2157 , 6849.73916043766 
 2158 , 6833.35909824609 
 2159 , 6841.14754815779 
 2160 , 6857.19124012171 
 2161 , 6863.51622727884 
 2162 , 6852.37653186127 
 2163 , 6828.14221864706 
 2164 , 6804.65610498515 
 2165 , 6788.06517797885 
 2166 , 6778.66240398076 
 2167 , 6769.45415516872 
 2168 , 6757.13921194586 
 2169 , 6749.42083220748 
 2170 , 6745.83437878814 
 2171 , 6736.83193206022 
 2172 , 6725.79064457686 
 2173 , 6720.0595251977 
 2174 , 6708.8384577146 
 2175 , 6687.96157560169 
 2176 , 6680.73993510403 
 2177 , 6688.89378452994 
 2178 , 6685.5607120418 
 2179 , 6674.54193326547 
 2180 , 6673.63777692703 
 2181 , 6662.88233013626 
 2182 , 6631.92334562238 
 2183 , 6626.61610162179 
 2184 , 6650.00815617998 
 2185 , 6641.70033023574 
 2186 , 6608.57800159544 
 2187 , 6597.80263289153 
 2188 , 6599.53537367862 
 2189 , 6591.58734753715 
 2190 , 6574.52164925786 
 2191 , 6555.7900116879 
 2192 , 6545.87931427291 
 2193 , 6539.45536428744 
 2194 , 6523.57778089019 
 2195 , 6509.37013560781 
 2196 , 6507.17151338177 
 2197 , 6500.49875784847 
 2198 , 6485.59368790089 
 2199 , 6481.51229276819 
 2200 , 6485.5679746793 
 2201 , 6481.31531313133 
 2202 , 6471.87355291798 
 2203 , 6461.16543120233 
 2204 , 6435.8782081351 
 2205 , 6403.33812550344 
 2206 , 6399.55899072768 
 2207 , 6413.63564425888 
 2208 , 6407.05761117986 
 2209 , 6379.98420741277 
 2210 , 6347.38789622974 
 2211 , 6326.82789395316 
 2212 , 6321.04900878412 
 2213 , 6314.45427778118 
 2214 , 6306.69619538035 
 2215 , 6305.27824816534 
 2216 , 6302.53411824316 
 2217 , 6291.32193293021 
 2218 , 6277.27487588133 
 2219 , 6265.63138579758 
 2220 , 6257.98172626535 
 2221 , 6245.44294435833 
 2222 , 6220.11360895461 
 2223 , 6205.61283449262 
 2224 , 6214.14262319771 
 2225 , 6216.76243609242 
 2226 , 6207.49949168082 
 2227 , 6205.38672866778 
 2228 , 6195.2170734717 
 2229 , 6159.07466412447 
 2230 , 6137.1151442398 
 2231 , 6146.68466081675 
 2232 , 6142.73201963387 
 2233 , 6119.8240165912 
 2234 , 6107.4718609529 
 2235 , 6098.01433480886 
 2236 , 6076.24922972147 
 2237 , 6054.05364597852 
 2238 , 6043.09027078431 
 2239 , 6045.71407797572 
 2240 , 6045.08973816642 
 2241 , 6020.53006965357 
 2242 , 6002.34993825818 
 2243 , 6011.44898131417 
 2244 , 6005.20480209631 
 2245 , 5976.44879636132 
 2246 , 5964.94954962717 
 2247 , 5960.46431761542 
 2248 , 5935.5633164469 
 2249 , 5914.39425158773 
 2250 , 5912.86078466318 
 2251 , 5907.98187296737 
 2252 , 5897.34740020716 
 2253 , 5896.17443810719 
 2254 , 5887.68412070798 
 2255 , 5857.65437268386 
 2256 , 5840.64019546246 
 2257 , 5851.85441201998 
 2258 , 5867.59905362981 
 2259 , 5869.93862348553 
 2260 , 5851.46766126642 
 2261 , 5827.95250788373 
 2262 , 5814.64109059431 
 2263 , 5810.34573940481 
 2264 , 5803.91611698016 
 2265 , 5779.71354283514 
 2266 , 5748.98128557189 
 2267 , 5731.49872500489 
 2268 , 5732.40727674928 
 2269 , 5739.14122096787 
 2270 , 5720.6900218024 
 2271 , 5690.56241398031 
 2272 , 5685.51975488689 
 2273 , 5694.82471185345 
 2274 , 5697.11307353149 
 2275 , 5682.22517875363 
 2276 , 5660.87981194995 
 2277 , 5657.86852897056 
 2278 , 5653.44799637533 
 2279 , 5624.90172821887 
 2280 , 5608.59948167748 
 2281 , 5617.98397420954 
 2282 , 5618.37064626022 
 2283 , 5600.97136971936 
 2284 , 5577.01096767178 
 2285 , 5557.81549138844 
 2286 , 5548.05001228578 
 2287 , 5539.54865028449 
 2288 , 5532.8920243421 
 2289 , 5534.67430874204 
 2290 , 5527.05097959918 
 2291 , 5497.32395945634 
 2292 , 5475.97827098738 
 2293 , 5470.38806493843 
 2294 , 5453.11892002067 
 2295 , 5433.60107932039 
 2296 , 5434.08647226922 
 2297 , 5438.75841589911 
 2298 , 5432.21479489506 
 2299 , 5415.86586508511 
 2300 , 5397.46957968334 
 2301 , 5386.48962147541 
 2302 , 5382.07476524011 
 2303 , 5375.08614883163 
 2304 , 5347.27922926287 
 2305 , 5313.93062091662 
 2306 , 5315.33415909934 
 2307 , 5324.68163367915 
 2308 , 5308.57360333741 
 2309 , 5300.38233584627 
 2310 , 5305.70550599789 
 2311 , 5286.28820824526 
 2312 , 5261.42318382235 
 2313 , 5266.21245847478 
 2314 , 5268.3976861707 
 2315 , 5252.19406199013 
 2316 , 5249.16289068341 
 2317 , 5251.48409101201 
 2318 , 5231.24530281779 
 2319 , 5209.62416889414 
 2320 , 5204.48897006128 
 2321 , 5199.63911305309 
 2322 , 5187.57138354257 
 2323 , 5171.31633939773 
 2324 , 5152.87150669884 
 2325 , 5137.17018367301 
 2326 , 5136.33431991626 
 2327 , 5143.13627010835 
 2328 , 5134.03797810519 
 2329 , 5116.89972819153 
 2330 , 5106.969807549 
 2331 , 5100.58007705468 
 2332 , 5093.80270943506 
 2333 , 5085.71657544738 
 2334 , 5070.2625019552 
 2335 , 5045.51753256902 
 2336 , 5031.69240525611 
 2337 , 5030.19314536226 
 2338 , 5014.4515990016 
 2339 , 4997.2335391762 
