11-20-2017,19:20:38
Wavenumber(cm-1),Intensity
 250 , 10 
 251 , 10 
 252 , 10 
 253 , 10 
 254 , 10 
 255 , 61.767578125 
 256 , 12.265625 
 257 ,-30.369140625 
 258 ,-38.54296875 
 259 ,-19.048828125 
 260 , 6.724609375 
 261 , 17.7265625 
 262 , 19.54296875 
 263 , 10.4765625 
 264 ,-2.416015625 
 265 ,-8.271484375 
 266 , 0.775390625 
 267 , 18.47265625 
 268 , 33.521484375 
 269 , 37.60546875 
 270 , 33.201171875 
 271 , 27.18359375 
 272 , 24.314453125 
 273 , 21.984375 
 274 , 16.177734375 
 275 , 12.908203125 
 276 , 24.48828125 
 277 , 57.876953125 
 278 , 95.060546875 
 279 , 110.916015625 
 280 , 95.578125 
 281 , 68.7109375 
 282 , 52.66796875 
 283 , 56.35546875 
 284 , 76.8203125 
 285 , 110.05078125 
 286 , 146.1875 
 287 , 172.7734375 
 288 , 181.650390625 
 289 , 178.61328125 
 290 , 171.8984375 
 291 , 163.802734375 
 292 , 148.51171875 
 293 , 121.236328125 
 294 , 91.58984375 
 295 , 76.76953125 
 296 , 86.802734375 
 297 , 105.6640625 
 298 , 112.1796875 
 299 , 99.828125 
 300 , 83.296875 
 301 , 78.095703125 
 302 , 78.41015625 
 303 , 69.759765625 
 304 , 43.091796875 
 305 , 13.1484375 
 306 , 0.248046875 
 307 , 9.806640625 
 308 , 24.71875 
 309 , 27.453125 
 310 , 20.66796875 
 311 , 20.7265625 
 312 , 38.51953125 
 313 , 66.533203125 
 314 , 88.568359375 
 315 , 97.263671875 
 316 , 100.333984375 
 317 , 106.693359375 
 318 , 119.044921875 
 319 , 134.9453125 
 320 , 150.5625 
 321 , 155.158203125 
 322 , 135.765625 
 323 , 93.5 
 324 , 59.763671875 
 325 , 68.1640625 
 326 , 118.099609375 
 327 , 176.716796875 
 328 , 214.58984375 
 329 , 232.6015625 
 330 , 243.787109375 
 331 , 256.234375 
 332 , 265.8671875 
 333 , 267.203125 
 334 , 265.626953125 
 335 , 277.755859375 
 336 , 316.287109375 
 337 , 361.880859375 
 338 , 381.232421875 
 339 , 356.36328125 
 340 , 310.380859375 
 341 , 272.5390625 
 342 , 255.302734375 
 343 , 252.85546875 
 344 , 258.62109375 
 345 , 267.17578125 
 346 , 273.5859375 
 347 , 273.15234375 
 348 , 262.03515625 
 349 , 236.796875 
 350 , 200.26171875 
 351 , 162.080078125 
 352 , 131.48046875 
 353 , 112.1171875 
 354 , 105.103515625 
 355 , 108.802734375 
 356 , 114.1484375 
 357 , 111.21875 
 358 , 99.56640625 
 359 , 89.087890625 
 360 , 88.7109375 
 361 , 96.794921875 
 362 , 106.97265625 
 363 , 114.8046875 
 364 , 121.228515625 
 365 , 128.0390625 
 366 , 135.208984375 
 367 , 140.630859375 
 368 , 142.51953125 
 369 , 142.26953125 
 370 , 142.662109375 
 371 , 144.587890625 
 372 , 144.091796875 
 373 , 136.80078125 
 374 , 125.90234375 
 375 , 122.013671875 
 376 , 134.060546875 
 377 , 158.59765625 
 378 , 187.4609375 
 379 , 212.9765625 
 380 , 228.830078125 
 381 , 229.310546875 
 382 , 214.63671875 
 383 , 189.970703125 
 384 , 161.177734375 
 385 , 137.6484375 
 386 , 130.0703125 
 387 , 142.9609375 
 388 , 168.302734375 
 389 , 196.73828125 
 390 , 221.87890625 
 391 , 240.064453125 
 392 , 247.970703125 
 393 , 242.6953125 
 394 , 221.26953125 
 395 , 185.37890625 
 396 , 144.599609375 
 397 , 108.73046875 
 398 , 81.216796875 
 399 , 61.556640625 
 400 , 48.36328125 
 401 , 37.689453125 
 402 , 25.36328125 
 403 , 14.4296875 
 404 , 16.884765625 
 405 , 43.2734375 
 406 , 87.0078125 
 407 , 132.421875 
 408 , 166.498046875 
 409 , 184.576171875 
 410 , 184.15234375 
 411 , 174.359375 
 412 , 176.908203125 
 413 , 208.634765625 
 414 , 250.458984375 
 415 , 268.880859375 
 416 , 247.375 
 417 , 206.6640625 
 418 , 171.28125 
 419 , 150.55859375 
 420 , 142.40234375 
 421 , 145.05859375 
 422 , 157.56640625 
 423 , 178.07421875 
 424 , 200.595703125 
 425 , 213.01171875 
 426 , 204.232421875 
 427 , 178.865234375 
 428 , 151.244140625 
 429 , 132.28515625 
 430 , 122.076171875 
 431 , 119.24609375 
 432 , 123.578125 
 433 , 135.48828125 
 434 , 154.462890625 
 435 , 172.814453125 
 436 , 178.5390625 
 437 , 167.642578125 
 438 , 156.078125 
 439 , 161.80859375 
 440 , 184.95703125 
 441 , 210.9296875 
 442 , 227.484375 
 443 , 235.30859375 
 444 , 238.734375 
 445 , 239.328125 
 446 , 234.197265625 
 447 , 220.2109375 
 448 , 195.703125 
 449 , 159.89453125 
 450 , 115.7109375 
 451 , 79.208984375 
 452 , 69.15234375 
 453 , 85.017578125 
 454 , 103.47265625 
 455 , 104.0703125 
 456 , 94.412109375 
 457 , 92.916015625 
 458 , 106.7890625 
 459 , 119.66015625 
 460 , 113.900390625 
 461 , 96.578125 
 462 , 93.65625 
 463 , 122.15234375 
 464 , 160.931640625 
 465 , 179.673828125 
 466 , 168.2421875 
 467 , 143.603515625 
 468 , 122.5625 
 469 , 106.130859375 
 470 , 86.095703125 
 471 , 59.296875 
 472 , 31.77734375 
 473 , 11.333984375 
 474 , 5.4453125 
 475 , 21.58984375 
 476 , 62.5703125 
 477 , 107.787109375 
 478 , 129.609375 
 479 , 121.005859375 
 480 , 104.826171875 
 481 , 104.40625 
 482 , 113.037109375 
 483 , 108.861328125 
 484 , 83.017578125 
 485 , 62.234375 
 486 , 78.08203125 
 487 , 125.15234375 
 488 , 166.33984375 
 489 , 173.1484375 
 490 , 159.685546875 
 491 , 150.880859375 
 492 , 157.634765625 
 493 , 171.572265625 
 494 , 184.470703125 
 495 , 196.171875 
 496 , 207.81640625 
 497 , 218.88671875 
 498 , 228.892578125 
 499 , 239.99609375 
 500 , 255.5078125 
 501 , 275.9453125 
 502 , 298.650390625 
 503 , 315.337890625 
 504 , 319.65625 
 505 , 312.470703125 
 506 , 301.439453125 
 507 , 292.224609375 
 508 , 283.044921875 
 509 , 270.693359375 
 510 , 254.998046875 
 511 , 240.02734375 
 512 , 228.791015625 
 513 , 222.513671875 
 514 , 222.2265625 
 515 , 228.630859375 
 516 , 239.943359375 
 517 , 253.59375 
 518 , 263.75390625 
 519 , 261.544921875 
 520 , 240.822265625 
 521 , 210.275390625 
 522 , 183.68359375 
 523 , 168.689453125 
 524 , 162.19921875 
 525 , 160.455078125 
 526 , 164.46484375 
 527 , 176.86328125 
 528 , 198.255859375 
 529 , 225.029296875 
 530 , 253.271484375 
 531 , 277.552734375 
 532 , 291.02734375 
 533 , 288.779296875 
 534 , 275.177734375 
 535 , 258.318359375 
 536 , 245.376953125 
 537 , 240.7421875 
 538 , 246.33203125 
 539 , 256.47265625 
 540 , 264.158203125 
 541 , 266.03125 
 542 , 264.064453125 
 543 , 259.75390625 
 544 , 253.458984375 
 545 , 244.1015625 
 546 , 231.71875 
 547 , 221.56640625 
 548 , 221.283203125 
 549 , 231.34765625 
 550 , 243.69921875 
 551 , 251.177734375 
 552 , 257.765625 
 553 , 272.36328125 
 554 , 294.671875 
 555 , 312.041015625 
 556 , 314.064453125 
 557 , 310.439453125 
 558 , 316.685546875 
 559 , 335.201171875 
 560 , 348.0234375 
 561 , 340.333984375 
 562 , 322.19921875 
 563 , 313.341796875 
 564 , 319.978515625 
 565 , 320.326171875 
 566 , 293.6015625 
 567 , 252.373046875 
 568 , 233.79296875 
 569 , 261.728515625 
 570 , 312.216796875 
 571 , 350.501953125 
 572 , 363.375 
 573 , 363.263671875 
 574 , 364.65234375 
 575 , 372.96875 
 576 , 386.00390625 
 577 , 396.994140625 
 578 , 396.771484375 
 579 , 380.412109375 
 580 , 356.013671875 
 581 , 336.54296875 
 582 , 327.83984375 
 583 , 323.146484375 
 584 , 315.58984375 
 585 , 305.255859375 
 586 , 295.541015625 
 587 , 287.818359375 
 588 , 278.51953125 
 589 , 262.06640625 
 590 , 239.962890625 
 591 , 220.59375 
 592 , 209.46875 
 593 , 198.79296875 
 594 , 179.751953125 
 595 , 155.26953125 
 596 , 137.654296875 
 597 , 133.92578125 
 598 , 133.85546875 
 599 , 125.1796875 
 600 , 105.353515625 
 601 , 81.4765625 
 602 , 59.4296875 
 603 , 43.93359375 
 604 , 40.55078125 
 605 , 50.65625 
 606 , 66.55859375 
 607 , 77.744140625 
 608 , 82.197265625 
 609 , 84.890625 
 610 , 91.310546875 
 611 , 105.423828125 
 612 , 131.73828125 
 613 , 165.353515625 
 614 , 193.81640625 
 615 , 209.474609375 
 616 , 219.669921875 
 617 , 234.42578125 
 618 , 257.431640625 
 619 , 284.31640625 
 620 , 308.296875 
 621 , 327.15625 
 622 , 346.216796875 
 623 , 374.5 
 624 , 419.978515625 
 625 , 478.755859375 
 626 , 517.400390625 
 627 , 500.044921875 
 628 , 431.205078125 
 629 , 351.90625 
 630 , 296.146484375 
 631 , 264.66015625 
 632 , 248.333984375 
 633 , 241.716796875 
 634 , 246.091796875 
 635 , 264.447265625 
 636 , 290.470703125 
 637 , 310.064453125 
 638 , 311.44140625 
 639 , 291.4921875 
 640 , 255.52734375 
 641 , 222.419921875 
 642 , 211.302734375 
 643 , 224.521484375 
 644 , 245.515625 
 645 , 260.48046875 
 646 , 266.908203125 
 647 , 264.853515625 
 648 , 255.3828125 
 649 , 243.095703125 
 650 , 232.8125 
 651 , 223.716796875 
 652 , 213.798828125 
 653 , 203.107421875 
 654 , 193.15625 
 655 , 184.30859375 
 656 , 177.859375 
 657 , 174.986328125 
 658 , 174.00390625 
 659 , 169.388671875 
 660 , 158.158203125 
 661 , 151.251953125 
 662 , 165.296875 
 663 , 201.9765625 
 664 , 236.06640625 
 665 , 243.337890625 
 666 , 227.412109375 
 667 , 206.94921875 
 668 , 194.029296875 
 669 , 185.470703125 
 670 , 174.912109375 
 671 , 158.857421875 
 672 , 137.6171875 
 673 , 116.333984375 
 674 , 104.6328125 
 675 , 107.099609375 
 676 , 114.45703125 
 677 , 113.78125 
 678 , 105.28515625 
 679 , 107.53125 
 680 , 133.244140625 
 681 , 167.224609375 
 682 , 182.37109375 
 683 , 169.650390625 
 684 , 150.314453125 
 685 , 143.765625 
 686 , 153.693359375 
 687 , 177.576171875 
 688 , 210.193359375 
 689 , 233.19140625 
 690 , 225.494140625 
 691 , 187.939453125 
 692 , 136.349609375 
 693 , 88.404296875 
 694 , 60.96875 
 695 , 67.720703125 
 696 , 101.935546875 
 697 , 147.068359375 
 698 , 192.830078125 
 699 , 236.697265625 
 700 , 273.150390625 
 701 , 298.63671875 
 702 , 312.703125 
 703 , 316.208984375 
 704 , 309.705078125 
 705 , 294.646484375 
 706 , 278.712890625 
 707 , 271.7421875 
 708 , 273.72265625 
 709 , 269.1015625 
 710 , 248.0390625 
 711 , 224.71484375 
 712 , 220.541015625 
 713 , 236.123046875 
 714 , 244.791015625 
 715 , 227.552734375 
 716 , 194.603515625 
 717 , 164.34765625 
 718 , 142.421875 
 719 , 122.921875 
 720 , 103.61328125 
 721 , 90.673828125 
 722 , 91.35546875 
 723 , 103.373046875 
 724 , 113.98828125 
 725 , 115.140625 
 726 , 114.236328125 
 727 , 122.576171875 
 728 , 138.60546875 
 729 , 145.287109375 
 730 , 129.306640625 
 731 , 98.673828125 
 732 , 68.642578125 
 733 , 50.111328125 
 734 , 47.71484375 
 735 , 62.15234375 
 736 , 87.169921875 
 737 , 116.759765625 
 738 , 145.07421875 
 739 , 162.607421875 
 740 , 158.8984375 
 741 , 139.853515625 
 742 , 120.142578125 
 743 , 110.013671875 
 744 , 109.359375 
 745 , 113.08984375 
 746 , 121.640625 
 747 , 140.5546875 
 748 , 167.73828125 
 749 , 189.986328125 
 750 , 193.43359375 
 751 , 179.96875 
 752 , 159.8515625 
 753 , 144.958984375 
 754 , 143.36328125 
 755 , 152.5625 
 756 , 157.197265625 
 757 , 145.916015625 
 758 , 131.158203125 
 759 , 135.57421875 
 760 , 164.1875 
 761 , 195.91015625 
 762 , 212.724609375 
 763 , 222.228515625 
 764 , 241.3203125 
 765 , 270.6953125 
 766 , 290.919921875 
 767 , 288.197265625 
 768 , 269.671875 
 769 , 246.99609375 
 770 , 221.748046875 
 771 , 188.384765625 
 772 , 148.8359375 
 773 , 116.384765625 
 774 , 102.205078125 
 775 , 100.54296875 
 776 , 95.66796875 
 777 , 83.623046875 
 778 , 79.98046875 
 779 , 98.060546875 
 780 , 127.048828125 
 781 , 142.49609375 
 782 , 133.982421875 
 783 , 116.64453125 
 784 , 105.546875 
 785 , 98.43359375 
 786 , 84.837890625 
 787 , 61.857421875 
 788 , 36.546875 
 789 , 16.806640625 
 790 , 14.34765625 
 791 , 42.435546875 
 792 , 96.7265625 
 793 , 146.80859375 
 794 , 169.001953125 
 795 , 174.38671875 
 796 , 182.001953125 
 797 , 193.3203125 
 798 , 197.23828125 
 799 , 190.6015625 
 800 , 180.966796875 
 801 , 173.95703125 
 802 , 168.833984375 
 803 , 165.69140625 
 804 , 168.474609375 
 805 , 170.873046875 
 806 , 161.345703125 
 807 , 143.166015625 
 808 , 133.130859375 
 809 , 141.703125 
 810 , 160.029296875 
 811 , 177.671875 
 812 , 192.60546875 
 813 , 206.3515625 
 814 , 218.048828125 
 815 , 224.794921875 
 816 , 224.9609375 
 817 , 219.2890625 
 818 , 208.09765625 
 819 , 194.49609375 
 820 , 187.31640625 
 821 , 193.9296875 
 822 , 205.115234375 
 823 , 207.67578125 
 824 , 201.357421875 
 825 , 196.75 
 826 , 200.904296875 
 827 , 209.9609375 
 828 , 217.875 
 829 , 224.931640625 
 830 , 235.810546875 
 831 , 254.19140625 
 832 , 279.6875 
 833 , 308.03125 
 834 , 323.05078125 
 835 , 307.10546875 
 836 , 264.375 
 837 , 218.4296875 
 838 , 186.228515625 
 839 , 166.64453125 
 840 , 155.900390625 
 841 , 148.685546875 
 842 , 136.89453125 
 843 , 117.431640625 
 844 , 104.1328125 
 845 , 112.673828125 
 846 , 140.107421875 
 847 , 173.197265625 
 848 , 200.31640625 
 849 , 215.4296875 
 850 , 215.8984375 
 851 , 208.513671875 
 852 , 201.791015625 
 853 , 197.185546875 
 854 , 190.818359375 
 855 , 181.767578125 
 856 , 173.748046875 
 857 , 170.046875 
 858 , 171.91015625 
 859 , 180.359375 
 860 , 192.611328125 
 861 , 197.953125 
 862 , 188.470703125 
 863 , 177.369140625 
 864 , 184.603515625 
 865 , 210.052734375 
 866 , 231.982421875 
 867 , 234.13671875 
 868 , 224.80078125 
 869 , 218.65625 
 870 , 227.8515625 
 871 , 260.31640625 
 872 , 315.599609375 
 873 , 382.3046875 
 874 , 451.234375 
 875 , 522.98828125 
 876 , 599.66015625 
 877 , 672.7109375 
 878 , 726.6015625 
 879 , 756.609375 
 880 , 783.703125 
 881 , 829.72265625 
 882 , 882.98046875 
 883 , 910.8046875 
 884 , 901.650390625 
 885 , 885.24609375 
 886 , 888.5625 
 887 , 890.416015625 
 888 , 850.736328125 
 889 , 760.955078125 
 890 , 650.650390625 
 891 , 546.888671875 
 892 , 460.404296875 
 893 , 397.828125 
 894 , 356.6796875 
 895 , 327.33984375 
 896 , 300.728515625 
 897 , 268.404296875 
 898 , 223.517578125 
 899 , 171.740234375 
 900 , 124.029296875 
 901 , 87.05859375 
 902 , 62.291015625 
 903 , 49.431640625 
 904 , 42.125 
 905 , 33.33984375 
 906 , 26.498046875 
 907 , 32.23046875 
 908 , 54.630859375 
 909 , 85.16015625 
 910 , 113.673828125 
 911 , 133.162109375 
 912 , 138.966796875 
 913 , 133.080078125 
 914 , 121.98828125 
 915 , 111.08203125 
 916 , 105.9140625 
 917 , 111.75390625 
 918 , 122.080078125 
 919 , 122.669921875 
 920 , 109.845703125 
 921 , 99.16796875 
 922 , 103.62890625 
 923 , 109.904296875 
 924 , 97.287109375 
 925 , 68.80078125 
 926 , 49.111328125 
 927 , 51.927734375 
 928 , 60.87109375 
 929 , 57.369140625 
 930 , 45.74609375 
 931 , 41.455078125 
 932 , 49.1875 
 933 , 57.181640625 
 934 , 55.224609375 
 935 , 47.904296875 
 936 , 43.404296875 
 937 , 43.73828125 
 938 , 43.63671875 
 939 , 38.74609375 
 940 , 28.583984375 
 941 , 14.14453125 
 942 , 3.18359375 
 943 , 5.216796875 
 944 , 24.115234375 
 945 , 57.53125 
 946 , 97.716796875 
 947 , 127.857421875 
 948 , 133.37890625 
 949 , 125.072265625 
 950 , 121.77734375 
 951 , 127.80078125 
 952 , 134.630859375 
 953 , 136.140625 
 954 , 134.126953125 
 955 , 131.875 
 956 , 132.8515625 
 957 , 139.998046875 
 958 , 151.001953125 
 959 , 156.6875 
 960 , 150.693359375 
 961 , 139.015625 
 962 , 127.767578125 
 963 , 112.87890625 
 964 , 81.994140625 
 965 , 36.025390625 
 966 , 3.494140625 
 967 , 8.59375 
 968 , 32.888671875 
 969 , 44.482421875 
 970 , 42.21875 
 971 , 53.71875 
 972 , 90.517578125 
 973 , 125.1328125 
 974 , 128.2421875 
 975 , 109.61328125 
 976 , 95.021484375 
 977 , 94.912109375 
 978 , 102.6484375 
 979 , 111.345703125 
 980 , 118.25 
 981 , 122.1796875 
 982 , 126.689453125 
 983 , 137.412109375 
 984 , 153.31640625 
 985 , 164.91796875 
 986 , 165.96875 
 987 , 160.291015625 
 988 , 152.900390625 
 989 , 146.666015625 
 990 , 144.28125 
 991 , 146.287109375 
 992 , 148.8671875 
 993 , 148.779296875 
 994 , 148.46875 
 995 , 152.357421875 
 996 , 166.59765625 
 997 , 197.671875 
 998 , 250.765625 
 999 , 329.806640625 
 1000 , 439.009765625 
 1001 , 584.5703125 
 1002 , 771.943359375 
 1003 , 989.1328125 
 1004 , 1211.865234375 
 1005 , 1409.638671875 
 1006 , 1543.400390625 
 1007 , 1578.6640625 
 1008 , 1499.900390625 
 1009 , 1299.37890625 
 1010 , 1018.46484375 
 1011 , 735.314453125 
 1012 , 505.810546875 
 1013 , 342.66796875 
 1014 , 247.5 
 1015 , 196.748046875 
 1016 , 161.78515625 
 1017 , 128.640625 
 1018 , 92.93359375 
 1019 , 56.408203125 
 1020 , 32.03125 
 1021 , 29.53125 
 1022 , 37.037109375 
 1023 , 37.615234375 
 1024 , 34.73046875 
 1025 , 47.056640625 
 1026 , 79.72265625 
 1027 , 114.3046875 
 1028 , 136.203125 
 1029 , 155.7265625 
 1030 , 188.169921875 
 1031 , 230.142578125 
 1032 , 265.826171875 
 1033 , 291.0625 
 1034 , 321.08203125 
 1035 , 365.119140625 
 1036 , 400.091796875 
 1037 , 397.55859375 
 1038 , 367.638671875 
 1039 , 345.923828125 
 1040 , 343.955078125 
 1041 , 334.376953125 
 1042 , 296.517578125 
 1043 , 250.40234375 
 1044 , 224.61328125 
 1045 , 227.783203125 
 1046 , 255.576171875 
 1047 , 297.837890625 
 1048 , 337.1015625 
 1049 , 359.404296875 
 1050 , 364.48828125 
 1051 , 355.142578125 
 1052 , 334.826171875 
 1053 , 307.40234375 
 1054 , 281.779296875 
 1055 , 273.48828125 
 1056 , 291.041015625 
 1057 , 319.65234375 
 1058 , 341.6171875 
 1059 , 352.1015625 
 1060 , 352.763671875 
 1061 , 348.87890625 
 1062 , 349.46484375 
 1063 , 357.931640625 
 1064 , 363.376953125 
 1065 , 355.220703125 
 1066 , 339.23828125 
 1067 , 327.115234375 
 1068 , 317.384765625 
 1069 , 296.2109375 
 1070 , 259.875 
 1071 , 226.919921875 
 1072 , 213.484375 
 1073 , 208.66796875 
 1074 , 194.12890625 
 1075 , 171.16015625 
 1076 , 155.982421875 
 1077 , 157.173828125 
 1078 , 169.56640625 
 1079 , 187.625 
 1080 , 210.322265625 
 1081 , 238.20703125 
 1082 , 274.4765625 
 1083 , 323.205078125 
 1084 , 372.51953125 
 1085 , 389.673828125 
 1086 , 357.796875 
 1087 , 312.80078125 
 1088 , 296.67578125 
 1089 , 321.091796875 
 1090 , 382.8203125 
 1091 , 456.791015625 
 1092 , 496.029296875 
 1093 , 479.716796875 
 1094 , 447.9921875 
 1095 , 439.021484375 
 1096 , 436.35546875 
 1097 , 407.51171875 
 1098 , 352.943359375 
 1099 , 297.94140625 
 1100 , 259.830078125 
 1101 , 241.765625 
 1102 , 242.126953125 
 1103 , 246.2421875 
 1104 , 238.025390625 
 1105 , 216.658203125 
 1106 , 189.59765625 
 1107 , 163.017578125 
 1108 , 141.46875 
 1109 , 129.619140625 
 1110 , 131.900390625 
 1111 , 149.599609375 
 1112 , 164.376953125 
 1113 , 152.15625 
 1114 , 118.421875 
 1115 , 87.86328125 
 1116 , 72.4609375 
 1117 , 54.22265625 
 1118 , 20.916015625 
 1119 ,-3.650390625 
 1120 , 8.462890625 
 1121 , 40.14453125 
 1122 , 49.16796875 
 1123 , 28.029296875 
 1124 , 11.94921875 
 1125 , 21.16796875 
 1126 , 36.3359375 
 1127 , 32.890625 
 1128 , 21.701171875 
 1129 , 26.369140625 
 1130 , 48.34765625 
 1131 , 70.45703125 
 1132 , 80.51171875 
 1133 , 77.751953125 
 1134 , 64.625 
 1135 , 48.630859375 
 1136 , 36.9375 
 1137 , 28.87109375 
 1138 , 20.453125 
 1139 , 12.751953125 
 1140 , 12.23046875 
 1141 , 21.0625 
 1142 , 30.6328125 
 1143 , 33.353515625 
 1144 , 35.16015625 
 1145 , 45.353515625 
 1146 , 60.3359375 
 1147 , 67.8828125 
 1148 , 64.111328125 
 1149 , 57.814453125 
 1150 , 55.341796875 
 1151 , 50.50390625 
 1152 , 36.984375 
 1153 , 28.064453125 
 1154 , 44.705078125 
 1155 , 85.546875 
 1156 , 128.9140625 
 1157 , 162.537109375 
 1158 , 194.0078125 
 1159 , 228.76171875 
 1160 , 255.259765625 
 1161 , 259.2890625 
 1162 , 238.640625 
 1163 , 197.69921875 
 1164 , 154.556640625 
 1165 , 139.66796875 
 1166 , 164.751953125 
 1167 , 204.1484375 
 1168 , 232.947265625 
 1169 , 249.568359375 
 1170 , 260.296875 
 1171 , 279.05078125 
 1172 , 321.69921875 
 1173 , 380.103515625 
 1174 , 421.78125 
 1175 , 428.75390625 
 1176 , 415.3125 
 1177 , 397.525390625 
 1178 , 381.73046875 
 1179 , 371.2109375 
 1180 , 366.7265625 
 1181 , 368.296875 
 1182 , 374.48046875 
 1183 , 380.068359375 
 1184 , 376.740234375 
 1185 , 353.482421875 
 1186 , 308.9921875 
 1187 , 279.560546875 
 1188 , 303.30078125 
 1189 , 352.515625 
 1190 , 367.052734375 
 1191 , 338.8828125 
 1192 , 314.203125 
 1193 , 317.484375 
 1194 , 322.376953125 
 1195 , 305.16796875 
 1196 , 282.740234375 
 1197 , 280.666015625 
 1198 , 295.7890625 
 1199 , 308.38671875 
 1200 , 314.798828125 
 1201 , 332.0625 
 1202 , 363.556640625 
 1203 , 379.15234375 
 1204 , 355.892578125 
 1205 , 317.673828125 
 1206 , 296.166015625 
 1207 , 291.14453125 
 1208 , 287.658203125 
 1209 , 280.97265625 
 1210 , 274.806640625 
 1211 , 267.22265625 
 1212 , 252.62890625 
 1213 , 230.412109375 
 1214 , 202.462890625 
 1215 , 167.94921875 
 1216 , 136.71484375 
 1217 , 126.369140625 
 1218 , 144.671875 
 1219 , 188.83984375 
 1220 , 236.654296875 
 1221 , 244.447265625 
 1222 , 192.875 
 1223 , 122.275390625 
 1224 , 74.994140625 
 1225 , 63.80078125 
 1226 , 90.3203125 
 1227 , 131.5546875 
 1228 , 150.927734375 
 1229 , 138.892578125 
 1230 , 118.623046875 
 1231 , 107.142578125 
 1232 , 97.75 
 1233 , 79.333984375 
 1234 , 54.2109375 
 1235 , 28.498046875 
 1236 , 7.751953125 
 1237 ,-0.384765625 
 1238 , 7.681640625 
 1239 , 26.388671875 
 1240 , 50.458984375 
 1241 , 84.59765625 
 1242 , 133.1328125 
 1243 , 180.25 
 1244 , 206.044921875 
 1245 , 215.03515625 
 1246 , 228.41015625 
 1247 , 250.509765625 
 1248 , 267.037109375 
 1249 , 270.857421875 
 1250 , 268.568359375 
 1251 , 263.328125 
 1252 , 246.978515625 
 1253 , 216.828125 
 1254 , 196.486328125 
 1255 , 208.392578125 
 1256 , 226.640625 
 1257 , 208.185546875 
 1258 , 155.53515625 
 1259 , 106.66015625 
 1260 , 81.787109375 
 1261 , 73.990234375 
 1262 , 76.515625 
 1263 , 88.830078125 
 1264 , 109.859375 
 1265 , 132.33984375 
 1266 , 149.26953125 
 1267 , 159.5859375 
 1268 , 161.255859375 
 1269 , 151.64453125 
 1270 , 135.240234375 
 1271 , 121.9453125 
 1272 , 117.8125 
 1273 , 118.78515625 
 1274 , 113.033203125 
 1275 , 96.697265625 
 1276 , 75.228515625 
 1277 , 49.38671875 
 1278 , 25.21484375 
 1279 , 19.703125 
 1280 , 47.400390625 
 1281 , 112.453125 
 1282 , 199.248046875 
 1283 , 262.64453125 
 1284 , 274.38671875 
 1285 , 268.740234375 
 1286 , 284.525390625 
 1287 , 308.337890625 
 1288 , 308.9140625 
 1289 , 288.015625 
 1290 , 269.83984375 
 1291 , 260.54296875 
 1292 , 243.1796875 
 1293 , 210.419921875 
 1294 , 177.84765625 
 1295 , 156.85546875 
 1296 , 137.798828125 
 1297 , 112.259765625 
 1298 , 93.03125 
 1299 , 94.744140625 
 1300 , 108.087890625 
 1301 , 114.23046875 
 1302 , 111.7890625 
 1303 , 111.599609375 
 1304 , 116.228515625 
 1305 , 121.208984375 
 1306 , 125.197265625 
 1307 , 127.2265625 
 1308 , 123.751953125 
 1309 , 111.716796875 
 1310 , 90.203125 
 1311 , 66.04296875 
 1312 , 50.181640625 
 1313 , 48.1015625 
 1314 , 60.400390625 
 1315 , 80.185546875 
 1316 , 92.009765625 
 1317 , 88.525390625 
 1318 , 77.78515625 
 1319 , 68.943359375 
 1320 , 74.87890625 
 1321 , 106.595703125 
 1322 , 144.439453125 
 1323 , 156.919921875 
 1324 , 150.33203125 
 1325 , 159.740234375 
 1326 , 187.7421875 
 1327 , 196.01953125 
 1328 , 171.970703125 
 1329 , 157.306640625 
 1330 , 182.759765625 
 1331 , 225.87109375 
 1332 , 258.67578125 
 1333 , 277.830078125 
 1334 , 286.974609375 
 1335 , 288.775390625 
 1336 , 285.814453125 
 1337 , 281.39453125 
 1338 , 279.98828125 
 1339 , 280.232421875 
 1340 , 273.708984375 
 1341 , 260.201171875 
 1342 , 256.4921875 
 1343 , 274.490234375 
 1344 , 300.845703125 
 1345 , 319.056640625 
 1346 , 334.5078125 
 1347 , 360.474609375 
 1348 , 395.23828125 
 1349 , 428.9140625 
 1350 , 449.419921875 
 1351 , 440.673828125 
 1352 , 405.21484375 
 1353 , 376.00390625 
 1354 , 374.44140625 
 1355 , 384.40625 
 1356 , 387.06640625 
 1357 , 383.0625 
 1358 , 378.75390625 
 1359 , 372.322265625 
 1360 , 357.25390625 
 1361 , 334.298828125 
 1362 , 311.736328125 
 1363 , 294.134765625 
 1364 , 277.533203125 
 1365 , 260.775390625 
 1366 , 252.986328125 
 1367 , 258.240234375 
 1368 , 262.544921875 
 1369 , 251.095703125 
 1370 , 221.7734375 
 1371 , 181.294921875 
 1372 , 154.736328125 
 1373 , 165.771484375 
 1374 , 200.8125 
 1375 , 229.1640625 
 1376 , 237.818359375 
 1377 , 231.7421875 
 1378 , 220.95703125 
 1379 , 214.619140625 
 1380 , 213.84375 
 1381 , 210.005859375 
 1382 , 197.42578125 
 1383 , 176.810546875 
 1384 , 149.212890625 
 1385 , 120.4765625 
 1386 , 99.283203125 
 1387 , 89.423828125 
 1388 , 91.748046875 
 1389 , 96.740234375 
 1390 , 87.59765625 
 1391 , 66.263671875 
 1392 , 49.318359375 
 1393 , 45.576171875 
 1394 , 58.69140625 
 1395 , 83.296875 
 1396 , 90.861328125 
 1397 , 64.431640625 
 1398 , 34.783203125 
 1399 , 35.296875 
 1400 , 62.41796875 
 1401 , 91.505859375 
 1402 , 98.33984375 
 1403 , 65.384765625 
 1404 , 14.8359375 
 1405 ,-11.16796875 
 1406 , 3.279296875 
 1407 , 54.603515625 
 1408 , 119.6953125 
 1409 , 147.3515625 
 1410 , 117.55859375 
 1411 , 76.091796875 
 1412 , 68.41015625 
 1413 , 87.50390625 
 1414 , 115.443359375 
 1415 , 148.173828125 
 1416 , 189.2109375 
 1417 , 228.498046875 
 1418 , 244.841796875 
 1419 , 232.58203125 
 1420 , 203.369140625 
 1421 , 176.52734375 
 1422 , 166.64453125 
 1423 , 170.3046875 
 1424 , 175.767578125 
 1425 , 178.837890625 
 1426 , 176.60546875 
 1427 , 163.708984375 
 1428 , 141.306640625 
 1429 , 121.91796875 
 1430 , 137.412109375 
 1431 , 205.240234375 
 1432 , 272.03125 
 1433 , 276.744140625 
 1434 , 238.666015625 
 1435 , 206.375 
 1436 , 194.521484375 
 1437 , 198.97265625 
 1438 , 208.26171875 
 1439 , 205.55859375 
 1440 , 193.49609375 
 1441 , 195.359375 
 1442 , 217.662109375 
 1443 , 240.056640625 
 1444 , 252.068359375 
 1445 , 269.056640625 
 1446 , 302.240234375 
 1447 , 339.537109375 
 1448 , 366.509765625 
 1449 , 381.728515625 
 1450 , 390.29296875 
 1451 , 400.341796875 
 1452 , 416.29296875 
 1453 , 439.796875 
 1454 , 477.9375 
 1455 , 534.134765625 
 1456 , 600.90625 
 1457 , 660.544921875 
 1458 , 693.625 
 1459 , 696.05078125 
 1460 , 673.576171875 
 1461 , 634.2421875 
 1462 , 602.607421875 
 1463 , 590.619140625 
 1464 , 560.486328125 
 1465 , 483.25 
 1466 , 400.939453125 
 1467 , 362.298828125 
 1468 , 354.697265625 
 1469 , 346.345703125 
 1470 , 327.75390625 
 1471 , 299.857421875 
 1472 , 265.17578125 
 1473 , 228.97265625 
 1474 , 197.423828125 
 1475 , 174.3203125 
 1476 , 158.595703125 
 1477 , 147.185546875 
 1478 , 139.3046875 
 1479 , 134.564453125 
 1480 , 133.537109375 
 1481 , 141.423828125 
 1482 , 157.865234375 
 1483 , 166.9296875 
 1484 , 158.740234375 
 1485 , 148.509765625 
 1486 , 151.873046875 
 1487 , 166.583984375 
 1488 , 184.79296875 
 1489 , 196.3984375 
 1490 , 192.669921875 
 1491 , 178.451171875 
 1492 , 164.068359375 
 1493 , 162.697265625 
 1494 , 189.37109375 
 1495 , 224.548828125 
 1496 , 220.888671875 
 1497 , 178.630859375 
 1498 , 148.126953125 
 1499 , 156.013671875 
 1500 , 194.990234375 
 1501 , 239.9296875 
 1502 , 237.9375 
 1503 , 170.638671875 
 1504 , 102.59375 
 1505 , 84.619140625 
 1506 , 93.99609375 
 1507 , 100.072265625 
 1508 , 100.806640625 
 1509 , 102.697265625 
 1510 , 102.265625 
 1511 , 91.16015625 
 1512 , 69.2421875 
 1513 , 43 
 1514 , 23.861328125 
 1515 , 20.72265625 
 1516 , 29.61328125 
 1517 , 40.810546875 
 1518 , 48.056640625 
 1519 , 48.64453125 
 1520 , 42.01171875 
 1521 , 27.931640625 
 1522 , 12.455078125 
 1523 , 9.271484375 
 1524 , 22.224609375 
 1525 , 40.1875 
 1526 , 54.8515625 
 1527 , 63.615234375 
 1528 , 63.87109375 
 1529 , 58.462890625 
 1530 , 53.861328125 
 1531 , 49.9765625 
 1532 , 43.689453125 
 1533 , 41.939453125 
 1534 , 54.1484375 
 1535 , 71.1328125 
 1536 , 78.88671875 
 1537 , 90.984375 
 1538 , 126.349609375 
 1539 , 158.63671875 
 1540 , 146.64453125 
 1541 , 98.84375 
 1542 , 50.283203125 
 1543 , 18.166015625 
 1544 , 4.6328125 
 1545 , 5.86328125 
 1546 , 16.5390625 
 1547 , 32.6171875 
 1548 , 47.990234375 
 1549 , 61.306640625 
 1550 , 82.0703125 
 1551 , 109.67578125 
 1552 , 121.064453125 
 1553 , 107.673828125 
 1554 , 89.818359375 
 1555 , 84.802734375 
 1556 , 101.01171875 
 1557 , 138.498046875 
 1558 , 179.27734375 
 1559 , 206.22265625 
 1560 , 213.853515625 
 1561 , 203.96875 
 1562 , 187.81640625 
 1563 , 172.84375 
 1564 , 155.744140625 
 1565 , 136.513671875 
 1566 , 129.017578125 
 1567 , 143.3203125 
 1568 , 163.826171875 
 1569 , 173.06640625 
 1570 , 183.23828125 
 1571 , 213.0546875 
 1572 , 247.6484375 
 1573 , 260.2578125 
 1574 , 248.48828125 
 1575 , 222.345703125 
 1576 , 191.330078125 
 1577 , 163.892578125 
 1578 , 150.470703125 
 1579 , 164.345703125 
 1580 , 195.939453125 
 1581 , 213.666015625 
 1582 , 208.2734375 
 1583 , 196.455078125 
 1584 , 190.517578125 
 1585 , 192.671875 
 1586 , 204.634765625 
 1587 , 231.93359375 
 1588 , 270.677734375 
 1589 , 298.28515625 
 1590 , 304.18359375 
 1591 , 307.73828125 
 1592 , 321.494140625 
 1593 , 329.552734375 
 1594 , 320.1953125 
 1595 , 308.3671875 
 1596 , 310.037109375 
 1597 , 324.732421875 
 1598 , 342.115234375 
 1599 , 341.396484375 
 1600 , 314.359375 
 1601 , 293.40625 
 1602 , 308.125 
 1603 , 344.697265625 
 1604 , 381.955078125 
 1605 , 416.5234375 
 1606 , 450.658203125 
 1607 , 482 
 1608 , 503.552734375 
 1609 , 505.1015625 
 1610 , 481.30078125 
 1611 , 450.173828125 
 1612 , 431.673828125 
 1613 , 408.71875 
 1614 , 356.51171875 
 1615 , 299.17578125 
 1616 , 276.48046875 
 1617 , 276.8359375 
 1618 , 266.875 
 1619 , 235.630859375 
 1620 , 182.66796875 
 1621 , 133 
 1622 , 127.521484375 
 1623 , 155.96484375 
 1624 , 173.53515625 
 1625 , 170.787109375 
 1626 , 165.859375 
 1627 , 161.228515625 
 1628 , 143.333984375 
 1629 , 112.44140625 
 1630 , 85.345703125 
 1631 , 72.7109375 
 1632 , 76.6328125 
 1633 , 96.845703125 
 1634 , 132.03515625 
 1635 , 167.27734375 
 1636 , 169.51171875 
 1637 , 136.224609375 
 1638 , 107.287109375 
 1639 , 103.51953125 
 1640 , 112.845703125 
 1641 , 117.6171875 
 1642 , 101.68359375 
 1643 , 72.66796875 
 1644 , 63.87890625 
 1645 , 84.1796875 
 1646 , 112.6328125 
 1647 , 132.080078125 
 1648 , 130.126953125 
 1649 , 104.857421875 
 1650 , 69.888671875 
 1651 , 46.2109375 
 1652 , 64.5234375 
 1653 , 122.072265625 
 1654 , 156.3203125 
 1655 , 137.79296875 
 1656 , 113.1171875 
 1657 , 111.548828125 
 1658 , 106.291015625 
 1659 , 83.263671875 
 1660 , 72.326171875 
 1661 , 85.80078125 
 1662 , 84.69921875 
 1663 , 49.48828125 
 1664 , 19.4453125 
 1665 , 22.787109375 
 1666 , 44.98828125 
 1667 , 70.357421875 
 1668 , 90.91796875 
 1669 , 99.251953125 
 1670 , 91.810546875 
 1671 , 74.435546875 
 1672 , 69.908203125 
 1673 , 89.30859375 
 1674 , 111.58984375 
 1675 , 119.578125 
 1676 , 117.458984375 
 1677 , 114.578125 
 1678 , 122.615234375 
 1679 , 142.837890625 
 1680 , 153.1953125 
 1681 , 141.09375 
 1682 , 124.5234375 
 1683 , 118.568359375 
 1684 , 118.650390625 
 1685 , 117.69921875 
 1686 , 113.603515625 
 1687 , 108.17578125 
 1688 , 103.642578125 
 1689 , 99.671875 
 1690 , 100.57421875 
 1691 , 110.517578125 
 1692 , 118 
 1693 , 110.7109375 
 1694 , 94.671875 
 1695 , 80.05859375 
 1696 , 66.322265625 
 1697 , 50.513671875 
 1698 , 38.005859375 
 1699 , 35.626953125 
 1700 , 46.408203125 
 1701 , 64.501953125 
 1702 , 66.81640625 
 1703 , 43.279296875 
 1704 , 18.27734375 
 1705 , 11.775390625 
 1706 , 19.740234375 
 1707 , 31.345703125 
 1708 , 33.390625 
 1709 , 24.07421875 
 1710 , 21.7265625 
 1711 , 32.85546875 
 1712 , 38.00390625 
 1713 , 29.130859375 
 1714 , 25.33984375 
 1715 , 34.8125 
 1716 , 40.6484375 
 1717 , 33.232421875 
 1718 , 19.34765625 
 1719 , 11.20703125 
 1720 , 26.76953125 
 1721 , 60.82421875 
 1722 , 69.986328125 
 1723 , 48.896484375 
 1724 , 59.560546875 
 1725 , 117.234375 
 1726 , 155.6640625 
 1727 , 142.99609375 
 1728 , 105.982421875 
 1729 , 73.0859375 
 1730 , 71.25390625 
 1731 , 101.6328125 
 1732 , 128.123046875 
 1733 , 131.296875 
 1734 , 122.98828125 
 1735 , 110.09765625 
 1736 , 90.17578125 
 1737 , 59.166015625 
 1738 , 21.53515625 
 1739 ,-1.87109375 
 1740 , 19.513671875 
 1741 , 73.3203125 
 1742 , 108.705078125 
 1743 , 112.091796875 
 1744 , 104.5 
 1745 , 100.791015625 
 1746 , 110.736328125 
 1747 , 125.876953125 
 1748 , 133.59765625 
 1749 , 140.3671875 
 1750 , 159.71484375 
 1751 , 172.2890625 
 1752 , 143.9609375 
 1753 , 95.0546875 
 1754 , 72.41796875 
 1755 , 72.841796875 
 1756 , 69.103515625 
 1757 , 64.064453125 
 1758 , 75.52734375 
 1759 , 107.171875 
 1760 , 150.904296875 
 1761 , 184.755859375 
 1762 , 188.06640625 
 1763 , 169.533203125 
 1764 , 147.005859375 
 1765 , 132.861328125 
 1766 , 135.806640625 
 1767 , 150.8046875 
 1768 , 169.431640625 
 1769 , 185.36328125 
 1770 , 189.849609375 
 1771 , 169.33984375 
 1772 , 126.53515625 
 1773 , 117.24609375 
 1774 , 170.640625 
 1775 , 209.896484375 
 1776 , 184.84375 
 1777 , 160.0703125 
 1778 , 176.8046875 
 1779 , 182.6640625 
 1780 , 146.302734375 
 1781 , 106.611328125 
 1782 , 90.03515625 
 1783 , 83.3828125 
 1784 , 79.439453125 
 1785 , 86.693359375 
 1786 , 103.74609375 
 1787 , 115.169921875 
 1788 , 112.763671875 
 1789 , 97.302734375 
 1790 , 77.142578125 
 1791 , 70.63671875 
 1792 , 79.810546875 
 1793 , 90.1171875 
 1794 , 100.611328125 
 1795 , 119.2734375 
 1796 , 141.79296875 
 1797 , 157.48828125 
 1798 , 166.974609375 
 1799 , 174.6484375 
 1800 , 177.490234375 
 1801 , 173.341796875 
 1802 , 172.26953125 
 1803 , 182.4375 
 1804 , 181 
 1805 , 146.90234375 
 1806 , 91.435546875 
 1807 , 35.033203125 
 1808 , 2.982421875 
 1809 , 10.390625 
 1810 , 29.90234375 
 1811 , 38.53515625 
 1812 , 58.119140625 
 1813 , 102.873046875 
 1814 , 142.046875 
 1815 , 156.486328125 
 1816 , 164.0546875 
 1817 , 176.9921875 
 1818 , 182.86328125 
 1819 , 171.484375 
 1820 , 144.923828125 
 1821 , 113.28125 
 1822 , 92.462890625 
 1823 , 86.43359375 
 1824 , 87.029296875 
 1825 , 92.564453125 
 1826 , 108.384765625 
 1827 , 136.708984375 
 1828 , 172.810546875 
 1829 , 193.427734375 
 1830 , 173.02734375 
 1831 , 132.728515625 
 1832 , 109.8828125 
 1833 , 108.572265625 
 1834 , 119.9375 
 1835 , 136.142578125 
 1836 , 150.47265625 
 1837 , 156.4921875 
 1838 , 152.466796875 
 1839 , 152.76953125 
 1840 , 163.470703125 
 1841 , 162.224609375 
 1842 , 138.8203125 
 1843 , 116.244140625 
 1844 , 109.494140625 
 1845 , 114.90234375 
 1846 , 122.7421875 
 1847 , 118.310546875 
 1848 , 114.591796875 
 1849 , 149.134765625 
 1850 , 199.376953125 
 1851 , 198.103515625 
 1852 , 155.98046875 
 1853 , 130.74609375 
 1854 , 128.375 
 1855 , 130.2109375 
 1856 , 123.12890625 
 1857 , 98.458984375 
 1858 , 74.376953125 
 1859 , 72.40234375 
 1860 , 80.21484375 
 1861 , 81.41015625 
 1862 , 84.45703125 
 1863 , 100.521484375 
 1864 , 129.640625 
 1865 , 160.0625 
 1866 , 162.30078125 
 1867 , 132.171875 
 1868 , 105.978515625 
 1869 , 101.1640625 
 1870 , 111.5078125 
 1871 , 127.4375 
 1872 , 131.986328125 
 1873 , 123.001953125 
 1874 , 116.189453125 
 1875 , 120.072265625 
 1876 , 131.4375 
 1877 , 135.458984375 
 1878 , 121.6796875 
 1879 , 110.83203125 
 1880 , 122.72265625 
 1881 , 140.5625 
 1882 , 146.650390625 
 1883 , 143.583984375 
 1884 , 140.044921875 
 1885 , 150.822265625 
 1886 , 172.291015625 
 1887 , 165.279296875 
 1888 , 125.861328125 
 1889 , 106.10546875 
 1890 , 117.5859375 
 1891 , 124.6484375 
 1892 , 119.041015625 
 1893 , 114.92578125 
 1894 , 114.5234375 
 1895 , 114.21484375 
 1896 , 120.900390625 
 1897 , 140.6875 
 1898 , 151.158203125 
 1899 , 128.650390625 
 1900 , 84.35546875 
 1901 , 42.654296875 
 1902 , 40.68359375 
 1903 , 86.96484375 
 1904 , 118.3359375 
 1905 , 108.494140625 
 1906 , 111.1953125 
 1907 , 142.302734375 
 1908 , 157.845703125 
 1909 , 150.966796875 
 1910 , 155.69140625 
 1911 , 172.26171875 
 1912 , 175.583984375 
 1913 , 182.779296875 
 1914 , 226.044921875 
 1915 , 253.873046875 
 1916 , 204.439453125 
 1917 , 136.568359375 
 1918 , 116.193359375 
 1919 , 113.890625 
 1920 , 101.755859375 
 1921 , 102.728515625 
 1922 , 125.658203125 
 1923 , 145.37109375 
 1924 , 146.67578125 
 1925 , 129.27734375 
 1926 , 105.990234375 
 1927 , 99.5390625 
 1928 , 104.623046875 
 1929 , 98.869140625 
 1930 , 90.861328125 
 1931 , 102.927734375 
 1932 , 132.6640625 
 1933 , 162.033203125 
 1934 , 152.658203125 
 1935 , 93.3671875 
 1936 , 55.708984375 
 1937 , 75.84765625 
 1938 , 99.83203125 
 1939 , 103.798828125 
 1940 , 118.1953125 
 1941 , 146.517578125 
 1942 , 161.81640625 
 1943 , 169.19921875 
 1944 , 192.140625 
 1945 , 203.259765625 
 1946 , 163.94921875 
 1947 , 113.1796875 
 1948 , 98.5625 
 1949 , 97.408203125 
 1950 , 84.3203125 
 1951 , 71.34375 
 1952 , 69.515625 
 1953 , 75.365234375 
 1954 , 82.732421875 
 1955 , 88.869140625 
 1956 , 100.525390625 
 1957 , 125.60546875 
 1958 , 143.240234375 
 1959 , 123.822265625 
 1960 , 90.478515625 
 1961 , 77.951171875 
 1962 , 71.283203125 
 1963 , 54.671875 
 1964 , 53.958984375 
 1965 , 81.763671875 
 1966 , 103.724609375 
 1967 , 95.10546875 
 1968 , 58.25390625 
 1969 , 21.333984375 
 1970 , 28.052734375 
 1971 , 68.49609375 
 1972 , 103.677734375 
 1973 , 123.048828125 
 1974 , 125.4453125 
 1975 , 115.58984375 
 1976 , 104.75 
 1977 , 102.513671875 
 1978 , 106.412109375 
 1979 , 98.80078125 
 1980 , 86.69921875 
 1981 , 109.189453125 
 1982 , 144.43359375 
 1983 , 116.533203125 
 1984 , 59.26953125 
 1985 , 67.98046875 
 1986 , 122.923828125 
 1987 , 159.9375 
 1988 , 157.103515625 
 1989 , 116.826171875 
 1990 , 78.716796875 
 1991 , 73.2421875 
 1992 , 95.181640625 
 1993 , 124.591796875 
 1994 , 133.603515625 
 1995 , 138.1328125 
 1996 , 183.416015625 
 1997 , 226.2734375 
 1998 , 190.927734375 
 1999 , 130.46484375 
 2000 , 123.017578125 
 2001 , 145.052734375 
 2002 , 157.451171875 
 2003 , 148.529296875 
 2004 , 127.537109375 
 2005 , 126.51953125 
 2006 , 142.44140625 
 2007 , 137.3515625 
 2008 , 115.978515625 
 2009 , 109.08984375 
 2010 , 110.822265625 
 2011 , 104.55859375 
 2012 , 103.140625 
 2013 , 119.271484375 
 2014 , 139.814453125 
 2015 , 152.75390625 
 2016 , 155.66796875 
 2017 , 151.8017578125 
 2018 , 150.5888671875 
 2019 , 146.7978515625 
 2020 , 125.5576171875 
 2021 , 95.7646484375 
 2022 , 76.787109375 
 2023 , 77.2900390625 
 2024 , 93.142578125 
 2025 , 91.646484375 
 2026 , 68.5322265625 
 2027 , 84.814453125 
 2028 , 132.7666015625 
 2029 , 116.611328125 
 2030 , 58.990234375 
 2031 , 65.79296875 
 2032 , 106.599609375 
 2033 , 101.2109375 
 2034 , 79.48828125 
 2035 , 80.87109375 
 2036 , 63.4951171875 
 2037 , 16.287109375 
 2038 , 12.8291015625 
 2039 , 60.0283203125 
 2040 , 80.205078125 
 2041 , 61.263671875 
 2042 , 42.2421875 
 2043 , 44.083984375 
 2044 , 71.3212890625 
 2045 , 101.064453125 
 2046 , 115.3115234375 
 2047 , 124.109375 
 2048 , 128.515625 
 2049 , 111.2802734375 
 2050 , 81.19140625 
 2051 , 71.0849609375 
 2052 , 81.685546875 
 2053 , 94.98828125 
 2054 , 103.1494140625 
 2055 , 101.103515625 
 2056 , 79.1396484375 
 2057 , 42.4580078125 
 2058 , 28.1513671875 
 2059 , 44.396484375 
 2060 , 60.4033203125 
 2061 , 73.240234375 
 2062 , 99.259765625 
 2063 , 123.04296875 
 2064 , 123.8603515625 
 2065 , 124.7763671875 
 2066 , 138.724609375 
 2067 , 122.255859375 
 2068 , 75.9716796875 
 2069 , 77.3798828125 
 2070 , 128.0068359375 
 2071 , 159.48046875 
 2072 , 164.0068359375 
 2073 , 164.16015625 
 2074 , 154.5810546875 
 2075 , 132.353515625 
 2076 , 130.55859375 
 2077 , 156.404296875 
 2078 , 162.1865234375 
 2079 , 138.55078125 
 2080 , 119.626953125 
 2081 , 117.9375 
 2082 , 124.685546875 
 2083 , 114.1376953125 
 2084 , 68.01171875 
 2085 , 18.9931640625 
 2086 ,-2.4052734375 
 2087 , 6.544921875 
 2088 , 47.3583984375 
 2089 , 122.28515625 
 2090 , 181.775390625 
 2091 , 160.5009765625 
 2092 , 118.232421875 
 2093 , 131.763671875 
 2094 , 154.0322265625 
 2095 , 141.943359375 
 2096 , 113.1748046875 
 2097 , 101.916015625 
 2098 , 144.7294921875 
 2099 , 201.2197265625 
 2100 , 203 
 2101 , 201.509765625 
 2102 , 249.787109375 
 2103 , 265.1669921875 
 2104 , 213.8935546875 
 2105 , 197.8544921875 
 2106 , 236.1103515625 
 2107 , 251.3779296875 
 2108 , 233.7724609375 
 2109 , 215.66015625 
 2110 , 215.8818359375 
 2111 , 229.521484375 
 2112 , 199.357421875 
 2113 , 119.671875 
 2114 , 80.0869140625 
 2115 , 109.173828125 
 2116 , 167.6484375 
 2117 , 188.896484375 
 2118 , 123.9775390625 
 2119 , 70.525390625 
 2120 , 104.7822265625 
 2121 , 143.146484375 
 2122 , 135.2900390625 
 2123 , 112.0009765625 
 2124 , 106.34765625 
 2125 , 139.1123046875 
 2126 , 165.017578125 
 2127 , 140.97265625 
 2128 , 142.2158203125 
 2129 , 201.474609375 
 2130 , 212.8466796875 
 2131 , 157.0673828125 
 2132 , 123.572265625 
 2133 , 116.8076171875 
 2134 , 93.6142578125 
 2135 , 66.2685546875 
 2136 , 57.8076171875 
 2137 , 66.8876953125 
 2138 , 87.05078125 
 2139 , 109.8876953125 
 2140 , 115.4482421875 
 2141 , 82.7392578125 
 2142 , 60.6708984375 
 2143 , 102.2998046875 
 2144 , 146.2998046875 
 2145 , 146.3310546875 
 2146 , 143.4111328125 
 2147 , 144.15625 
 2148 , 109.8193359375 
 2149 , 61.931640625 
 2150 , 47.6162109375 
 2151 , 43.3701171875 
 2152 , 22.2783203125 
 2153 , 10.330078125 
 2154 , 21.609375 
 2155 , 40.6435546875 
 2156 , 46.2490234375 
 2157 , 22.818359375 
 2158 , 10.3525390625 
 2159 , 49.646484375 
 2160 , 106.7861328125 
 2161 , 144.0244140625 
 2162 , 145.2998046875 
 2163 , 119.298828125 
 2164 , 94.04296875 
 2165 , 81.28125 
 2166 , 80.84375 
 2167 , 78.939453125 
 2168 , 70.9443359375 
 2169 , 77.203125 
 2170 , 96.6201171875 
 2171 , 104.5341796875 
 2172 , 107.4521484375 
 2173 , 121.8427734375 
 2174 , 121.9443359375 
 2175 , 97.35546875 
 2176 , 101.4990234375 
 2177 , 138.6259765625 
 2178 , 147.630859375 
 2179 , 136.40234375 
 2180 , 145.0146484375 
 2181 , 131.8876953125 
 2182 , 76.4033203125 
 2183 , 80.0126953125 
 2184 , 150.2314453125 
 2185 , 155.2666015625 
 2186 , 109.0771484375 
 2187 , 112.896484375 
 2188 , 141.494140625 
 2189 , 144.3974609375 
 2190 , 127.3076171875 
 2191 , 108.0947265625 
 2192 , 106.8095703125 
 2193 , 114.1494140625 
 2194 , 106.1171875 
 2195 , 103.017578125 
 2196 , 123.015625 
 2197 , 130.7841796875 
 2198 , 118.2197265625 
 2199 , 125.73828125 
 2200 , 147.1220703125 
 2201 , 147.21875 
 2202 , 136.8359375 
 2203 , 127.5791015625 
 2204 , 88.609375 
 2205 , 36.236328125 
 2206 , 52.6142578125 
 2207 , 112.966796875 
 2208 , 129.591796875 
 2209 , 102.794921875 
 2210 , 65.0771484375 
 2211 , 51.697265625 
 2212 , 66.9873046875 
 2213 , 76.8115234375 
 2214 , 80.5341796875 
 2215 , 95.29296875 
 2216 , 106.416015625 
 2217 , 99.693359375 
 2218 , 87.099609375 
 2219 , 79.36328125 
 2220 , 79.2216796875 
 2221 , 68.1865234375 
 2222 , 30.1669921875 
 2223 , 16.8642578125 
 2224 , 55.796875 
 2225 , 85.158203125 
 2226 , 90.8984375 
 2227 , 112.51953125 
 2228 , 116.630859375 
 2229 , 63.9970703125 
 2230 , 42.80078125 
 2231 , 90.9931640625 
 2232 , 107.498046875 
 2233 , 81.8720703125 
 2234 , 83.2666015625 
 2235 , 93.9326171875 
 2236 , 78.15234375 
 2237 , 62.3623046875 
 2238 , 70.4130859375 
 2239 , 103.0458984375 
 2240 , 124.36328125 
 2241 , 92.15234375 
 2242 , 75.044921875 
 2243 , 119.8642578125 
 2244 , 129.35546875 
 2245 , 86.76171875 
 2246 , 82.681640625 
 2247 , 92.9189453125 
 2248 , 55.025390625 
 2249 , 29.708984375 
 2250 , 54.3056640625 
 2251 , 69.3232421875 
 2252 , 68.076171875 
 2253 , 87.978515625 
 2254 , 88.3017578125 
 2255 , 35.357421875 
 2256 , 13.99609375 
 2257 , 62.703125 
 2258 , 126.970703125 
 2259 , 163.1640625 
 2260 , 151.0244140625 
 2261 , 124.9404296875 
 2262 , 119.8427734375 
 2263 , 134.3798828125 
 2264 , 142.787109375 
 2265 , 107.95703125 
 2266 , 56.7607421875 
 2267 , 35.9521484375 
 2268 , 56.6826171875 
 2269 , 90.615234375 
 2270 , 68.0068359375 
 2271 , 20.4619140625 
 2272 , 33.5908203125 
 2273 , 83.6455078125 
 2274 , 118.4658203125 
 2275 , 107.078125 
 2276 , 75.7421875 
 2277 , 88.8115234375 
 2278 , 98.7138671875 
 2279 , 51.216796875 
 2280 , 37.650390625 
 2281 , 89.87109375 
 2282 , 119.8837890625 
 2283 , 105.0322265625 
 2284 , 72.33984375 
 2285 , 49.123046875 
 2286 , 47.1201171875 
 2287 , 48.2607421875 
 2288 , 53.8349609375 
 2289 , 79.29296875 
 2290 , 85.298828125 
 2291 , 38.6318359375 
 2292 , 11.759765625 
 2293 , 23.03515625 
 2294 , 9.203125 
 2295 ,-8.263671875 
 2296 , 21.5322265625 
 2297 , 60.63671875 
 2298 , 72.6591796875 
 2299 , 61.9921875 
 2300 , 49.0224609375 
 2301 , 45.083984375 
 2302 , 57.2890625 
 2303 , 64.74609375 
 2304 , 20.8828125 
 2305 ,-34.4169921875 
 2306 , 0.5712890625 
 2307 , 57.349609375 
 2308 , 50.3330078125 
 2309 , 61.55078125 
 2310 , 103.56640625 
 2311 , 75.662109375 
 2312 , 35.140625 
 2313 , 68.794921875 
 2314 , 93.9287109375 
 2315 , 71.0986328125 
 2316 , 79.8193359375 
 2317 , 101.1787109375 
 2318 , 65.822265625 
 2319 , 28.708984375 
 2320 , 35.107421875 
 2321 , 44.1279296875 
 2322 , 36.0625 
 2323 , 17.404296875 
 2324 ,-4.375 
 2325 ,-17.3720703125 
 2326 , 4.0361328125 
 2327 , 43.5107421875 
 2328 , 45.876953125 
 2329 , 25.8955078125 
 2330 , 10 
 2331 , 10 
 2332 , 10 
 2333 , 10 
 2334 , 10 
 2335 , 10 
 2336 , 10 
 2337 , 10 
 2338 , 10 
 2339 , 10 
