11-20-2017,19:25:08
Wavenumber(cm-1),Intensity
 250 , 11813.0159618418 
 251 , 11812.4504958292 
 252 , 11819.5234490083 
 253 , 11837.1109785229 
 254 , 11852.5753699975 
 255 , 11852.9822904602 
 256 , 11840.5831942783 
 257 , 11828.9246936905 
 258 , 11829.2057808267 
 259 , 11838.4876521798 
 260 , 11849.0886823729 
 261 , 11856.0291544227 
 262 , 11860.5569793714 
 263 , 11864.8283961094 
 264 , 11871.8959892125 
 265 , 11885.7596106397 
 266 , 11909.5913163504 
 267 , 11939.4518093373 
 268 , 11967.9379767154 
 269 , 11989.9272811517 
 270 , 12007.9382827019 
 271 , 12026.0223604644 
 272 , 12045.7157615289 
 273 , 12064.8907579744 
 274 , 12081.4990196657 
 275 , 12098.0161733824 
 276 , 12119.9536816796 
 277 , 12150.5450287979 
 278 , 12182.1251702915 
 279 , 12203.8979506144 
 280 , 12210.9907506564 
 281 , 12210.148758491 
 282 , 12209.3388182448 
 283 , 12214.1121241489 
 284 , 12227.876020017 
 285 , 12252.9107244578 
 286 , 12284.7775238978 
 287 , 12316.4005734586 
 288 , 12342.5388142436 
 289 , 12362.7076289784 
 290 , 12377.2413823122 
 291 , 12388.2606034795 
 292 , 12399.9128007389 
 293 , 12415.7841719398 
 294 , 12433.7404131298 
 295 , 12448.7515320159 
 296 , 12457.4555656013 
 297 , 12462.1075899803 
 298 , 12466.0844374487 
 299 , 12470.7262315768 
 300 , 12474.5044764372 
 301 , 12476.0420153 
 302 , 12478.0606736277 
 303 , 12485.8481756503 
 304 , 12502.792488874 
 305 , 12524.2375663503 
 306 , 12543.4969795822 
 307 , 12558.1814511576 
 308 , 12573.2030031534 
 309 , 12593.7258411359 
 310 , 12618.3797273553 
 311 , 12640.9168302051 
 312 , 12656.9218828621 
 313 , 12671.7346212997 
 314 , 12693.6960764172 
 315 , 12725.3633575416 
 316 , 12757.7715191116 
 317 , 12781.0267941824 
 318 , 12793.0002860687 
 319 , 12798.2472517725 
 320 , 12801.5454470946 
 321 , 12807.6973869292 
 322 , 12821.5056734049 
 323 , 12845.754160998 
 324 , 12878.652378321 
 325 , 12917.6833788105 
 326 , 12958.2595639018 
 327 , 12993.8022668688 
 328 , 13018.7355636227 
 329 , 13034.6056811438 
 330 , 13045.831954236 
 331 , 13055.6616643351 
 332 , 13064.3943970692 
 333 , 13071.9336777008 
 334 , 13079.5849303158 
 335 , 13090.1130836681 
 336 , 13105.8252676313 
 337 , 13125.2686019517 
 338 , 13145.3545563426 
 339 , 13163.6138020679 
 340 , 13179.2448184879 
 341 , 13191.7289555568 
 342 , 13200.767918914 
 343 , 13206.3042110939 
 344 , 13208.3372812087 
 345 , 13207.2016411041 
 346 , 13203.3854876096 
 347 , 13198.5818842718 
 348 , 13197.7922853129 
 349 , 13206.3931044184 
 350 , 13224.4763152412 
 351 , 13246.2576884717 
 352 , 13266.1280660259 
 353 , 13282.1216492905 
 354 , 13293.9397226805 
 355 , 13302.7631588255 
 356 , 13313.8001185797 
 357 , 13332.7852817658 
 358 , 13361.1756608874 
 359 , 13395.7356789861 
 360 , 13432.9758472597 
 361 , 13469.3022740567 
 362 , 13501.0786655344 
 363 , 13526.8152063395 
 364 , 13550.6812680808 
 365 , 13577.5258639372 
 366 , 13606.1193928713 
 367 , 13628.8542754526 
 368 , 13639.6780783594 
 369 , 13645.2841916783 
 370 , 13657.7010041109 
 371 , 13683.5295904028 
 372 , 13716.0034557396 
 373 , 13746.5320526134 
 374 , 13770.6824496866 
 375 , 13788.0674134786 
 376 , 13799.3774099593 
 377 , 13810.9398392512 
 378 , 13831.2085345479 
 379 , 13862.8148340384 
 380 , 13895.4968049639 
 381 , 13917.8685512454 
 382 , 13929.5934337756 
 383 , 13940.002363971 
 384 , 13956.922112524 
 385 , 13978.3005735375 
 386 , 13998.7893954999 
 387 , 14015.6191143236 
 388 , 14031.0124877324 
 389 , 14047.8115806329 
 390 , 14069.5761733934 
 391 , 14100.4132072711 
 392 , 14142.0021729798 
 393 , 14184.9166092078 
 394 , 14216.6872340589 
 395 , 14232.8520359551 
 396 , 14242.0934979294 
 397 , 14253.8401520975 
 398 , 14272.0266749128 
 399 , 14297.0558988877 
 400 , 14327.8448640411 
 401 , 14358.0190918945 
 402 , 14380.1422584341 
 403 , 14393.79584735 
 404 , 14408.0681619131 
 405 , 14431.9015092134 
 406 , 14466.9390649436 
 407 , 14511.0018606811 
 408 , 14559.0882184088 
 409 , 14598.0383583242 
 410 , 14613.8642290532 
 411 , 14610.1812927885 
 412 , 14609.7407166907 
 413 , 14632.3490370113 
 414 , 14671.7243361619 
 415 , 14710.9283084234 
 416 , 14739.2385055217 
 417 , 14759.9838678323 
 418 , 14778.1523539467 
 419 , 14794.2294742362 
 420 , 14804.8883872682 
 421 , 14808.428854117 
 422 , 14811.736391335 
 423 , 14824.2417250816 
 424 , 14848.6005558321 
 425 , 14876.0043439543 
 426 , 14897.4193668442 
 427 , 14913.9085961315 
 428 , 14932.9716296143 
 429 , 14959.0872841484 
 430 , 14985.7413687391 
 431 , 15004.2492663064 
 432 , 15014.6415419878 
 433 , 15027.8062426952 
 434 , 15053.0514601052 
 435 , 15082.4449663758 
 436 , 15100.1423210353 
 437 , 15099.9236925094 
 438 , 15099.3163216121 
 439 , 15118.4242043182 
 440 , 15158.3248180845 
 441 , 15203.0832974535 
 442 , 15238.5611817508 
 443 , 15262.7715601364 
 444 , 15277.5896838596 
 445 , 15286.3316570171 
 446 , 15294.7489751944 
 447 , 15308.1841321818 
 448 , 15324.8787649315 
 449 , 15338.6725561126 
 450 , 15346.6594367473 
 451 , 15356.9131571163 
 452 , 15379.3578594935 
 453 , 15411.4676749872 
 454 , 15436.4230755173 
 455 , 15440.3701255229 
 456 , 15434.5207702232 
 457 , 15440.2906008412 
 458 , 15468.0164167832 
 459 , 15504.4550921222 
 460 , 15534.2177445204 
 461 , 15554.6042576714 
 462 , 15572.5491826342 
 463 , 15594.0216315162 
 464 , 15620.0779672335 
 465 , 15650.4469734067 
 466 , 15681.5774086491 
 467 , 15705.4709065105 
 468 , 15715.2082203249 
 469 , 15715.057165851 
 470 , 15714.6527460906 
 471 , 15720.5800474971 
 472 , 15731.8816933527 
 473 , 15746.4879719517 
 474 , 15762.66705475 
 475 , 15778.975020769 
 476 , 15794.5699909502 
 477 , 15811.3133096211 
 478 , 15831.8074666984 
 479 , 15857.139637688 
 480 , 15886.1667039308 
 481 , 15917.235606123 
 482 , 15945.814034498 
 483 , 15965.8962676568 
 484 , 15974.7467429492 
 485 , 15978.0822083095 
 486 , 15982.8143475113 
 487 , 15993.148517265 
 488 , 16010.9128896156 
 489 , 16037.6677009767 
 490 , 16074.1067058352 
 491 , 16120.5457679463 
 492 , 16170.6930843692 
 493 , 16208.565044914 
 494 , 16220.0698060266 
 495 , 16213.6828301216 
 496 , 16209.2232060596 
 497 , 16220.3623053379 
 498 , 16245.3553296142 
 499 , 16279.8125607227 
 500 , 16314.2223054974 
 501 , 16334.810176666 
 502 , 16332.5087922774 
 503 , 16318.9010761177 
 504 , 16310.9078654955 
 505 , 16318.2425423676 
 506 , 16340.9436302446 
 507 , 16376.9107975423 
 508 , 16413.1885226581 
 509 , 16431.9885310148 
 510 , 16426.4396239623 
 511 , 16413.4103690683 
 512 , 16411.7341188031 
 513 , 16424.5719571762 
 514 , 16443.7329028068 
 515 , 16462.1340573556 
 516 , 16477.5608983379 
 517 , 16489.0241272929 
 518 , 16499.5240948957 
 519 , 16516.5693414558 
 520 , 16545.3969182831 
 521 , 16576.3460884374 
 522 , 16594.4247108299 
 523 , 16596.2875948799 
 524 , 16598.9739211561 
 525 , 16619.5604436366 
 526 , 16654.86070509 
 527 , 16689.995943236 
 528 , 16714.8560918567 
 529 , 16732.749149713 
 530 , 16749.0224108177 
 531 , 16764.7791932111 
 532 , 16777.406859028 
 533 , 16785.4343738155 
 534 , 16792.8661944822 
 535 , 16805.0878183635 
 536 , 16823.6679814204 
 537 , 16845.2034123873 
 538 , 16866.2820010589 
 539 , 16885.7095557396 
 540 , 16903.2381364461 
 541 , 16920.9330336919 
 542 , 16945.320360722 
 543 , 16982.4602850054 
 544 , 17027.6342129577 
 545 , 17069.4273300435 
 546 , 17099.729478558 
 547 , 17120.2473930862 
 548 , 17134.5983551302 
 549 , 17149.302934363 
 550 , 17173.4874922164 
 551 , 17212.9623693062 
 552 , 17258.7862366724 
 553 , 17298.2592921602 
 554 , 17327.2984409363 
 555 , 17352.7998321411 
 556 , 17380.9683509283 
 557 , 17408.9327928851 
 558 , 17430.2554913465 
 559 , 17442.5192018133 
 560 , 17450.5490631582 
 561 , 17459.5067267832 
 562 , 17470.4539888489 
 563 , 17482.1368775464 
 564 , 17493.9840860006 
 565 , 17507.2234572069 
 566 , 17523.1718654291 
 567 , 17540.2076211508 
 568 , 17554.4138457454 
 569 , 17563.1375343718 
 570 , 17568.4874118062 
 571 , 17573.6271289181 
 572 , 17581.3508612506 
 573 , 17594.0617144366 
 574 , 17613.4238116402 
 575 , 17637.4581874049 
 576 , 17663.0451346193 
 577 , 17687.4700669142 
 578 , 17708.5930704101 
 579 , 17724.547030502 
 580 , 17735.0875687298 
 581 , 17740.6922430745 
 582 , 17744.1804905099 
 583 , 17752.7798608533 
 584 , 17772.819126605 
 585 , 17796.7916432797 
 586 , 17809.2658338646 
 587 , 17803.301668737 
 588 , 17793.4113052532 
 589 , 17796.3702307584 
 590 , 17814.1883058664 
 591 , 17837.8449339095 
 592 , 17859.9138980594 
 593 , 17879.1112890609 
 594 , 17895.4896887016 
 595 , 17910.5820648162 
 596 , 17927.3339250229 
 597 , 17947.0300265452 
 598 , 17963.510983025 
 599 , 17968.8497371817 
 600 , 17963.3023751345 
 601 , 17956.9593319593 
 602 , 17959.0232672557 
 603 , 17970.4290637808 
 604 , 17989.215524197 
 605 , 18012.9197870571 
 606 , 18038.3324658378 
 607 , 18062.6374225736 
 608 , 18086.3068957312 
 609 , 18111.2726685942 
 610 , 18140.7780620093 
 611 , 18180.478647232 
 612 , 18234.8664886419 
 613 , 18295.2155715597 
 614 , 18345.660515161 
 615 , 18377.3502746011 
 616 , 18397.467223237 
 617 , 18415.2529926405 
 618 , 18438.2182794758 
 619 , 18472.7333727241 
 620 , 18522.0477764474 
 621 , 18580.8891667483 
 622 , 18642.5282697279 
 623 , 18700.1459867807 
 624 , 18746.853314581 
 625 , 18776.7821828795 
 626 , 18787.446238141 
 627 , 18777.4180645368 
 628 , 18752.380780516 
 629 , 18724.5227805314 
 630 , 18704.2396364945 
 631 , 18693.9348113021 
 632 , 18693.9912051581 
 633 , 18703.3544427732 
 634 , 18719.4501671233 
 635 , 18739.9405381212 
 636 , 18763.9146239857 
 637 , 18790.8131664693 
 638 , 18818.1111564443 
 639 , 18840.9112601963 
 640 , 18855.4632282304 
 641 , 18864.8879057197 
 642 , 18874.5069605736 
 643 , 18886.1824757391 
 644 , 18897.0690967202 
 645 , 18904.2986014234 
 646 , 18906.9128927637 
 647 , 18904.7244412091 
 648 , 18900.4861452048 
 649 , 18901.401141613 
 650 , 18913.6437467091 
 651 , 18933.7986929197 
 652 , 18954.4847129765 
 653 , 18972.2497042936 
 654 , 18990.2060282866 
 655 , 19011.4475473634 
 656 , 19034.1987619209 
 657 , 19054.4607767615 
 658 , 19069.7207979616 
 659 , 19080.1739841658 
 660 , 19086.5508032838 
 661 , 19091.6710670981 
 662 , 19099.3709443862 
 663 , 19110.8642313333 
 664 , 19122.268387742 
 665 , 19130.0401706891 
 666 , 19138.9467322965 
 667 , 19158.1090109145 
 668 , 19190.0948139012 
 669 , 19223.9554091752 
 670 , 19248.3949077342 
 671 , 19264.6478505193 
 672 , 19280.8841251568 
 673 , 19300.3154720007 
 674 , 19315.3843723234 
 675 , 19318.7145659759 
 676 , 19318.6284962885 
 677 , 19332.4386793953 
 678 , 19368.380350946 
 679 , 19414.4527335221 
 680 , 19456.8983395238 
 681 , 19491.6418686785 
 682 , 19520.3066122675 
 683 , 19545.6309952913 
 684 , 19572.6847888907 
 685 , 19606.1294868697 
 686 , 19643.0992533622 
 687 , 19676.2635376411 
 688 , 19697.6247621145 
 689 , 19697.8224114937 
 690 , 19669.5977516023 
 691 , 19629.279957359 
 692 , 19607.0339229315 
 693 , 19618.993975595 
 694 , 19649.8691401047 
 695 , 19681.4465399382 
 696 , 19708.469551231 
 697 , 19733.1785838635 
 698 , 19758.3413571837 
 699 , 19787.6646802133 
 700 , 19823.6246282703 
 701 , 19855.633856172 
 702 , 19865.8684900865 
 703 , 19848.5087115696 
 704 , 19822.7336813837 
 705 , 19808.6825040807 
 706 , 19807.0061860248 
 707 , 19807.979728461 
 708 , 19807.3282129238 
 709 , 19811.6549617861 
 710 , 19827.8154937822 
 711 , 19854.0918280191 
 712 , 19884.4520261325 
 713 , 19913.1051431237 
 714 , 19934.7624631812 
 715 , 19945.4923669416 
 716 , 19951.4729374309 
 717 , 19963.4685182966 
 718 , 19981.5665136076 
 719 , 19987.7261166649 
 720 , 19966.9828481409 
 721 , 19938.2019868472 
 722 , 19934.3543432367 
 723 , 19967.3572288736 
 724 , 20016.5230602918 
 725 , 20061.0428847015 
 726 , 20096.7674790736 
 727 , 20125.9074122686 
 728 , 20148.2471516856 
 729 , 20160.1760584287 
 730 , 20159.474113015 
 731 , 20152.9279375785 
 732 , 20150.2548498367 
 733 , 20156.2076533558 
 734 , 20169.3860501204 
 735 , 20187.8213491541 
 736 , 20208.6594421567 
 737 , 20228.8810549545 
 738 , 20248.1116514784 
 739 , 20268.8576430736 
 740 , 20293.0427158692 
 741 , 20319.6219450062 
 742 , 20346.7377086339 
 743 , 20371.3591828803 
 744 , 20389.345925335 
 745 , 20398.0189177423 
 746 , 20399.8797374196 
 747 , 20398.6066439719 
 748 , 20398.8950976397 
 749 , 20406.2629418786 
 750 , 20424.0529559191 
 751 , 20449.293059733 
 752 , 20477.6794918848 
 753 , 20502.3197811548 
 754 , 20514.5692131583 
 755 , 20511.6541216736 
 756 , 20504.8171725522 
 757 , 20506.2948687675 
 758 , 20518.0636008217 
 759 , 20536.2646093385 
 760 , 20557.8490504062 
 761 , 20581.4755884423 
 762 , 20605.6095870528 
 763 , 20625.7101311571 
 764 , 20635.9087815428 
 765 , 20634.7913920842 
 766 , 20628.0045728969 
 767 , 20620.9444899197 
 768 , 20613.7461117884 
 769 , 20604.7325924805 
 770 , 20597.6517601555 
 771 , 20603.1787769416 
 772 , 20627.6532448694 
 773 , 20655.108987165 
 774 , 20663.8424271221 
 775 , 20650.1283895047 
 776 , 20628.5627183016 
 777 , 20614.181912376 
 778 , 20620.653137121 
 779 , 20659.7206366679 
 780 , 20717.2997526733 
 781 , 20758.5772819102 
 782 , 20763.0994411114 
 783 , 20750.9898777904 
 784 , 20747.5134262941 
 785 , 20759.3000597337 
 786 , 20781.3601787923 
 787 , 20807.7724549137 
 788 , 20831.0617970144 
 789 , 20845.0499029668 
 790 , 20855.2783874428 
 791 , 20872.7406296444 
 792 , 20902.5443291496 
 793 , 20940.6025556109 
 794 , 20981.2350172699 
 795 , 21014.2437743139 
 796 , 21028.2719954777 
 797 , 21025.1264697693 
 798 , 21021.989591555 
 799 , 21031.6105308609 
 800 , 21045.2946868803 
 801 , 21049.629609548 
 802 , 21043.8928707825 
 803 , 21038.3958993713 
 804 , 21042.4434141637 
 805 , 21061.3944700368 
 806 , 21098.6644558136 
 807 , 21143.4946559028 
 808 , 21176.1657275766 
 809 , 21187.0791332544 
 810 , 21187.5847293586 
 811 , 21189.8542811078 
 812 , 21193.0100911113 
 813 , 21190.3954752196 
 814 , 21183.8844787498 
 815 , 21187.8034555094 
 816 , 21212.2162809016 
 817 , 21240.6286921737 
 818 , 21249.0454261747 
 819 , 21235.1596983478 
 820 , 21219.09231987 
 821 , 21216.9168422284 
 822 , 21227.4113839423 
 823 , 21245.5496532224 
 824 , 21264.541692651 
 825 , 21276.3292384148 
 826 , 21275.8341300257 
 827 , 21264.8574620084 
 828 , 21246.960428122 
 829 , 21232.4256589537 
 830 , 21234.7114516239 
 831 , 21256.8175999174 
 832 , 21285.4998631474 
 833 , 21307.8662753816 
 834 , 21320.3043436045 
 835 , 21322.331575632 
 836 , 21315.0947550452 
 837 , 21301.4534315355 
 838 , 21285.5171473159 
 839 , 21275.3518703184 
 840 , 21278.8036726274 
 841 , 21289.7673143042 
 842 , 21292.3267945801 
 843 , 21280.1686425109 
 844 , 21268.2642586039 
 845 , 21272.0101337504 
 846 , 21288.6997152348 
 847 , 21307.3646081263 
 848 , 21322.0250735864 
 849 , 21333.796456387 
 850 , 21343.4178115273 
 851 , 21347.4000492842 
 852 , 21341.3964822739 
 853 , 21328.3515014052 
 854 , 21317.8970417289 
 855 , 21318.2694342111 
 856 , 21333.0552599475 
 857 , 21363.8628306284 
 858 , 21400.3817175002 
 859 , 21425.4020451121 
 860 , 21430.0507593624 
 861 , 21420.2102973981 
 862 , 21403.814479157 
 863 , 21392.0694110354 
 864 , 21396.9013834692 
 865 , 21417.5418650691 
 866 , 21439.2739703316 
 867 , 21453.2265054522 
 868 , 21472.8720219831 
 869 , 21514.8900312094 
 870 , 21576.4801466949 
 871 , 21641.5556004716 
 872 , 21698.847861211 
 873 , 21747.3088783579 
 874 , 21788.1577049311 
 875 , 21829.5981849981 
 876 , 21882.5645324535 
 877 , 21953.1770060385 
 878 , 22041.6886735159 
 879 , 22144.6469448004 
 880 , 22246.0051323509 
 881 , 22327.4485448918 
 882 , 22380.2921736179 
 883 , 22402.9472950549 
 884 , 22398.0659097907 
 885 , 22376.9986643607 
 886 , 22350.2315773661 
 887 , 22314.30643233 
 888 , 22260.080730014 
 889 , 22189.0070423887 
 890 , 22115.7607922788 
 891 , 22051.6416225337 
 892 , 21992.009997862 
 893 , 21929.2800625 
 894 , 21867.3161420254 
 895 , 21818.2785207145 
 896 , 21787.3025137649 
 897 , 21764.5166605799 
 898 , 21739.3481974055 
 899 , 21709.0754662802 
 900 , 21674.3554953979 
 901 , 21640.5914198341 
 902 , 21618.767345915 
 903 , 21615.455407663 
 904 , 21620.6794679767 
 905 , 21621.7032499833 
 906 , 21616.2000099249 
 907 , 21608.7876633808 
 908 , 21603.8695792875 
 909 , 21605.2115431501 
 910 , 21615.6031361115 
 911 , 21632.5494546201 
 912 , 21651.5852705287 
 913 , 21666.7734977744 
 914 , 21670.6640408267 
 915 , 21659.0532563354 
 916 , 21637.5373861406 
 917 , 21613.5778514673 
 918 , 21595.2552969181 
 919 , 21590.8770783491 
 920 , 21601.3955044821 
 921 , 21616.3458314274 
 922 , 21626.6321240987 
 923 , 21634.0811415417 
 924 , 21643.3500495331 
 925 , 21653.3625163023 
 926 , 21658.2691074014 
 927 , 21656.157863107 
 928 , 21654.5263805658 
 929 , 21660.5065779331 
 930 , 21669.1432188319 
 931 , 21670.4024730568 
 932 , 21660.5908954707 
 933 , 21643.6214319469 
 934 , 21624.6545175069 
 935 , 21611.5670335589 
 936 , 21611.895532174 
 937 , 21623.0054301443 
 938 , 21635.9741996922 
 939 , 21645.7823539944 
 940 , 21654.096890534 
 941 , 21662.9730749898 
 942 , 21673.2491813308 
 943 , 21685.2330412964 
 944 , 21696.4549992551 
 945 , 21702.0860952087 
 946 , 21700.9390821965 
 947 , 21700.3769725443 
 948 , 21707.7323548585 
 949 , 21721.8151724261 
 950 , 21737.8491947359 
 951 , 21751.8638497425 
 952 , 21760.8192189649 
 953 , 21763.5510934447 
 954 , 21764.5790760632 
 955 , 21769.2802425421 
 956 , 21780.6495116926 
 957 , 21800.2373854432 
 958 , 21824.0420859062 
 959 , 21839.920986427 
 960 , 21838.7359947612 
 961 , 21826.4381992473 
 962 , 21812.4147541195 
 963 , 21799.901612595 
 964 , 21787.7302661683 
 965 , 21775.125832058 
 966 , 21762.2243813157 
 967 , 21749.838715296 
 968 , 21741.8518440128 
 969 , 21742.7677465244 
 970 , 21749.718629102 
 971 , 21753.3304859198 
 972 , 21748.9719519895 
 973 , 21743.4461493114 
 974 , 21744.2996781275 
 975 , 21753.3479982829 
 976 , 21769.8914427238 
 977 , 21788.8388608991 
 978 , 21800.4513798942 
 979 , 21801.1937874023 
 980 , 21805.4088535935 
 981 , 21827.6563747713 
 982 , 21859.1255895434 
 983 , 21880.0518038141 
 984 , 21886.1520199095 
 985 , 21892.4284935687 
 986 , 21910.4446965547 
 987 , 21936.5798105101 
 988 , 21964.1904749204 
 989 , 21987.4051102781 
 990 , 22000.9378186985 
 991 , 22006.6284649484 
 992 , 22016.3484256258 
 993 , 22038.4141628608 
 994 , 22065.0075148413 
 995 , 22085.8184711588 
 996 , 22104.9500722729 
 997 , 22135.5833311389 
 998 , 22191.7320900861 
 999 , 22288.4883407946 
 1000 , 22433.9818610516 
 1001 , 22607.0550755569 
 1002 , 22781.2162157688 
 1003 , 22958.4528671787 
 1004 , 23159.7326065235 
 1005 , 23370.7238118404 
 1006 , 23517.251948473 
 1007 , 23534.6153026841 
 1008 , 23425.8623421347 
 1009 , 23214.1346475134 
 1010 , 22939.054711482 
 1011 , 22652.0571909451 
 1012 , 22398.7052364864 
 1013 , 22213.79236768 
 1014 , 22118.3583593108 
 1015 , 22074.6528255188 
 1016 , 22031.0367881485 
 1017 , 21980.4777576621 
 1018 , 21948.7715257673 
 1019 , 21945.5718090424 
 1020 , 21950.3135251274 
 1021 , 21945.2767066971 
 1022 , 21940.721985233 
 1023 , 21953.2695131869 
 1024 , 21973.8648325047 
 1025 , 21974.7338303265 
 1026 , 21949.5723447514 
 1027 , 21930.7790510636 
 1028 , 21946.0902222909 
 1029 , 21983.8232774164 
 1030 , 22022.757325723 
 1031 , 22065.0068763919 
 1032 , 22129.1559826564 
 1033 , 22213.1358265057 
 1034 , 22279.1996660168 
 1035 , 22297.6792880313 
 1036 , 22288.9124296039 
 1037 , 22284.277468918 
 1038 , 22284.0745744208 
 1039 , 22267.7821660113 
 1040 , 22229.0992723243 
 1041 , 22184.9192954749 
 1042 , 22150.790616715 
 1043 , 22128.7263265973 
 1044 , 22117.4832997828 
 1045 , 22117.0072912567 
 1046 , 22127.8969656006 
 1047 , 22146.4660747843 
 1048 , 22162.8295925528 
 1049 , 22170.8118832804 
 1050 , 22179.0657254736 
 1051 , 22197.730872708 
 1052 , 22219.8863391314 
 1053 , 22229.4403488154 
 1054 , 22220.8388671977 
 1055 , 22202.1203644015 
 1056 , 22180.6143538164 
 1057 , 22158.7785951403 
 1058 , 22138.7310094753 
 1059 , 22127.2769666285 
 1060 , 22132.9720554086 
 1061 , 22150.718771449 
 1062 , 22160.3775115972 
 1063 , 22149.8890306642 
 1064 , 22129.9226890073 
 1065 , 22112.9307715972 
 1066 , 22099.5477453968 
 1067 , 22085.6158223403 
 1068 , 22065.8441107556 
 1069 , 22033.968696313 
 1070 , 21994.2223280348 
 1071 , 21973.0092367775 
 1072 , 21990.564835703 
 1073 , 22020.5348867951 
 1074 , 22023.9128464579 
 1075 , 21996.9579916596 
 1076 , 21962.498642232 
 1077 , 21937.1625958109 
 1078 , 21926.0064671556 
 1079 , 21931.3169727062 
 1080 , 21948.7103138325 
 1081 , 21972.4528870829 
 1082 , 22000.2789814686 
 1083 , 22031.89838118 
 1084 , 22062.9973967741 
 1085 , 22083.9015047287 
 1086 , 22087.1601581221 
 1087 , 22073.2030954261 
 1088 , 22044.8013271396 
 1089 , 22011.1522789468 
 1090 , 21984.0606005971 
 1091 , 21967.5052984619 
 1092 , 21957.5144350682 
 1093 , 21950.8007755257 
 1094 , 21946.4148914448 
 1095 , 21943.2043604836 
 1096 , 21937.2029971305 
 1097 , 21923.6013095071 
 1098 , 21899.0535018315 
 1099 , 21861.3966475887 
 1100 , 21813.690149769 
 1101 , 21767.5059542265 
 1102 , 21732.0315079427 
 1103 , 21704.4989735649 
 1104 , 21679.761072758 
 1105 , 21656.7446629153 
 1106 , 21636.5529669969 
 1107 , 21618.7999794944 
 1108 , 21601.325725422 
 1109 , 21582.950436563 
 1110 , 21565.2826335468 
 1111 , 21549.7899169781 
 1112 , 21534.3793120713 
 1113 , 21515.8827293667 
 1114 , 21495.5546154346 
 1115 , 21478.2447008397 
 1116 , 21464.6913044293 
 1117 , 21448.253865636 
 1118 , 21425.0071835646 
 1119 , 21404.7003423668 
 1120 , 21398.578409905 
 1121 , 21399.7856824052 
 1122 , 21391.7972739707 
 1123 , 21371.5324765227 
 1124 , 21351.8246343318 
 1125 , 21341.4469491594 
 1126 , 21336.6502477138 
 1127 , 21331.9825098632 
 1128 , 21323.3738171874 
 1129 , 21307.7876026005 
 1130 , 21290.2661106393 
 1131 , 21281.9553512023 
 1132 , 21284.6887896778 
 1133 , 21285.10197353 
 1134 , 21274.0229676963 
 1135 , 21261.783996137 
 1136 , 21261.4648517779 
 1137 , 21273.6564822796 
 1138 , 21292.6173435744 
 1139 , 21307.3183708359 
 1140 , 21301.4604350016 
 1141 , 21267.6476486263 
 1142 , 21217.7153134896 
 1143 , 21166.863260615 
 1144 , 21134.6443346417 
 1145 , 21138.9138249921 
 1146 , 21164.456432395 
 1147 , 21175.9398038758 
 1148 , 21158.9325095606 
 1149 , 21125.9621520912 
 1150 , 21090.6634002368 
 1151 , 21064.9889621623 
 1152 , 21057.7208722641 
 1153 , 21060.5922131898 
 1154 , 21059.8655078608 
 1155 , 21052.7316099082 
 1156 , 21044.6200981625 
 1157 , 21038.361916749 
 1158 , 21032.5280460346 
 1159 , 21028.8221846345 
 1160 , 21040.0511520286 
 1161 , 21077.1344156888 
 1162 , 21122.0604538013 
 1163 , 21145.5540666746 
 1164 , 21140.3579655713 
 1165 , 21118.4399712915 
 1166 , 21088.9386062241 
 1167 , 21054.9590956396 
 1168 , 21020.0010893644 
 1169 , 20991.1894644721 
 1170 , 20975.3888638931 
 1171 , 20970.7289396339 
 1172 , 20971.1342457157 
 1173 , 20970.753570582 
 1174 , 20964.0069107028 
 1175 , 20948.6226379151 
 1176 , 20928.5635024829 
 1177 , 20908.5031886415 
 1178 , 20893.1866974519 
 1179 , 20886.1926947401 
 1180 , 20880.830845793 
 1181 , 20865.6935613608 
 1182 , 20842.2050122717 
 1183 , 20824.6578968366 
 1184 , 20819.8333618035 
 1185 , 20818.6774789462 
 1186 , 20813.1555748168 
 1187 , 20806.802647563 
 1188 , 20804.733884788 
 1189 , 20800.222190029 
 1190 , 20781.0211026575 
 1191 , 20749.4847037599 
 1192 , 20722.5850503172 
 1193 , 20706.9348693574 
 1194 , 20687.8576734181 
 1195 , 20654.4114503436 
 1196 , 20619.93569252 
 1197 , 20601.6782417622 
 1198 , 20599.5321161107 
 1199 , 20605.002687771 
 1200 , 20615.7791096915 
 1201 , 20635.4229710997 
 1202 , 20657.2692516675 
 1203 , 20655.6231144066 
 1204 , 20612.1232171044 
 1205 , 20542.3219777674 
 1206 , 20469.5974306186 
 1207 , 20418.3741356947 
 1208 , 20411.7313613029 
 1209 , 20439.6338461107 
 1210 , 20463.4654190362 
 1211 , 20461.412518564 
 1212 , 20440.5965718142 
 1213 , 20407.1881482611 
 1214 , 20355.9057088726 
 1215 , 20284.0088051359 
 1216 , 20219.8589170602 
 1217 , 20201.3150136492 
 1218 , 20224.3178555787 
 1219 , 20253.3731722001 
 1220 , 20263.9458724818 
 1221 , 20247.8679394605 
 1222 , 20203.8772673293 
 1223 , 20145.7358646967 
 1224 , 20088.6662085952 
 1225 , 20042.6964258086 
 1226 , 20015.4507925672 
 1227 , 20006.7323314783 
 1228 , 20011.3189216287 
 1229 , 20019.6063390322 
 1230 , 20017.1259745712 
 1231 , 19996.3160895852 
 1232 , 19964.6703375953 
 1233 , 19932.1974179188 
 1234 , 19911.4137384447 
 1235 , 19912.5995061924 
 1236 , 19922.5668274458 
 1237 , 19917.7535391955 
 1238 , 19895.0138286163 
 1239 , 19869.3325158909 
 1240 , 19848.4077324313 
 1241 , 19827.2359759573 
 1242 , 19800.549912856 
 1243 , 19765.7081899766 
 1244 , 19723.7672483047 
 1245 , 19694.4180561648 
 1246 , 19701.2453434773 
 1247 , 19733.9063920878 
 1248 , 19759.9331582158 
 1249 , 19757.9036309062 
 1250 , 19719.964399217 
 1251 , 19653.9003914756 
 1252 , 19598.9137785613 
 1253 , 19585.6059591544 
 1254 , 19594.574745965 
 1255 , 19596.8325466476 
 1256 , 19585.1814613295 
 1257 , 19562.6562691984 
 1258 , 19533.9291804028 
 1259 , 19504.9323255824 
 1260 , 19479.0930315949 
 1261 , 19456.1506320939 
 1262 , 19436.6981044523 
 1263 , 19424.3032548429 
 1264 , 19421.6909837948 
 1265 , 19425.1511267587 
 1266 , 19429.2151428612 
 1267 , 19430.3024626524 
 1268 , 19425.9812202151 
 1269 , 19416.0841355274 
 1270 , 19402.5785884116 
 1271 , 19385.0970862392 
 1272 , 19359.2437103734 
 1273 , 19324.8971218847 
 1274 , 19295.7771379434 
 1275 , 19284.7663783213 
 1276 , 19286.0289484233 
 1277 , 19287.8784656286 
 1278 , 19284.6421118109 
 1279 , 19274.5246601015 
 1280 , 19261.2458095141 
 1281 , 19254.1051764658 
 1282 , 19254.3110719725 
 1283 , 19248.2451650324 
 1284 , 19228.7936890351 
 1285 , 19214.0291537491 
 1286 , 19221.2810741383 
 1287 , 19235.3961191663 
 1288 , 19231.7393472736 
 1289 , 19208.4145632577 
 1290 , 19177.4202436046 
 1291 , 19146.0531448618 
 1292 , 19116.4694442957 
 1293 , 19089.1700227634 
 1294 , 19062.1699148028 
 1295 , 19034.456421843 
 1296 , 19008.7553323485 
 1297 , 18987.9033148918 
 1298 , 18971.4505110138 
 1299 , 18957.4538229312 
 1300 , 18940.1387682138 
 1301 , 18912.0233350631 
 1302 , 18877.4628358174 
 1303 , 18852.2051314911 
 1304 , 18840.1600103333 
 1305 , 18825.3492667096 
 1306 , 18797.3250754581 
 1307 , 18765.7729216433 
 1308 , 18741.4276104809 
 1309 , 18723.5939410245 
 1310 , 18708.1469575598 
 1311 , 18691.0336013237 
 1312 , 18668.4915950545 
 1313 , 18641.1735953986 
 1314 , 18613.4633292168 
 1315 , 18589.0939215195 
 1316 , 18570.7370806004 
 1317 , 18561.4623562065 
 1318 , 18565.4260071049 
 1319 , 18581.3147112252 
 1320 , 18585.8459842158 
 1321 , 18556.2972730701 
 1322 , 18510.4088731152 
 1323 , 18480.7501968039 
 1324 , 18473.6196989095 
 1325 , 18477.2402630016 
 1326 , 18479.6303953511 
 1327 , 18469.0695173417 
 1328 , 18442.3365524549 
 1329 , 18411.2755377683 
 1330 , 18386.0203318019 
 1331 , 18367.1539404426 
 1332 , 18353.2419401252 
 1333 , 18341.4739174754 
 1334 , 18328.9814052231 
 1335 , 18316.0991808646 
 1336 , 18304.7072069245 
 1337 , 18295.0570264158 
 1338 , 18286.0713103094 
 1339 , 18277.3155993333 
 1340 , 18269.2243396951 
 1341 , 18260.2228083618 
 1342 , 18244.4792640965 
 1343 , 18219.3686379523 
 1344 , 18194.8561629868 
 1345 , 18180.108438364 
 1346 , 18164.8128549005 
 1347 , 18134.9908872219 
 1348 , 18107.4913633351 
 1349 , 18114.4728462112 
 1350 , 18149.4333445351 
 1351 , 18171.954776012 
 1352 , 18157.506522512 
 1353 , 18104.9893430729 
 1354 , 18027.9596607507 
 1355 , 17967.8203831175 
 1356 , 17951.4606662785 
 1357 , 17943.049900381 
 1358 , 17902.5247410606 
 1359 , 17842.8113934799 
 1360 , 17792.8761053352 
 1361 , 17756.2958263799 
 1362 , 17722.969966948 
 1363 , 17691.3769824114 
 1364 , 17667.3273094178 
 1365 , 17650.5348259217 
 1366 , 17632.4429102996 
 1367 , 17606.2965589073 
 1368 , 17570.0860350382 
 1369 , 17525.5755449126 
 1370 , 17484.6701999992 
 1371 , 17458.1658711674 
 1372 , 17441.0761991998 
 1373 , 17424.5872231327 
 1374 , 17409.5767264569 
 1375 , 17401.4758733109 
 1376 , 17402.179334118 
 1377 , 17410.403904719 
 1378 , 17410.6593846452 
 1379 , 17371.8717534912 
 1380 , 17290.1883051465 
 1381 , 17209.2511941474 
 1382 , 17160.3199304838 
 1383 , 17130.7540162573 
 1384 , 17103.784076181 
 1385 , 17074.2419151345 
 1386 , 17041.809491424 
 1387 , 17018.4255200021 
 1388 , 17017.9099975296 
 1389 , 17023.4880265421 
 1390 , 17002.0980281403 
 1391 , 16955.6117276574 
 1392 , 16916.2446768629 
 1393 , 16894.23999544 
 1394 , 16870.1897044347 
 1395 , 16834.4267161533 
 1396 , 16799.6514031457 
 1397 , 16775.287012845 
 1398 , 16754.0876356638 
 1399 , 16728.9493687435 
 1400 , 16706.5350201377 
 1401 , 16696.1858808781 
 1402 , 16699.6106018297 
 1403 , 16714.1516069283 
 1404 , 16724.2638891477 
 1405 , 16707.7567860957 
 1406 , 16667.1821841699 
 1407 , 16626.9923002912 
 1408 , 16598.6247794576 
 1409 , 16575.7627182286 
 1410 , 16555.4998405374 
 1411 , 16543.4893345388 
 1412 , 16541.2612086177 
 1413 , 16536.438857747 
 1414 , 16518.9715152112 
 1415 , 16498.1208446866 
 1416 , 16486.0908723994 
 1417 , 16482.5212377729 
 1418 , 16481.4243558502 
 1419 , 16468.9950781178 
 1420 , 16428.7027394514 
 1421 , 16369.4775499545 
 1422 , 16319.8257472941 
 1423 , 16289.0911305117 
 1424 , 16264.6213545587 
 1425 , 16240.901535945 
 1426 , 16225.5697813181 
 1427 , 16222.4910146234 
 1428 , 16224.3495341075 
 1429 , 16224.1860929222 
 1430 , 16221.2590243843 
 1431 , 16213.483710815 
 1432 , 16186.1748081388 
 1433 , 16127.2850319995 
 1434 , 16070.5287073593 
 1435 , 16063.4994633644 
 1436 , 16089.0563457011 
 1437 , 16092.6155764385 
 1438 , 16058.8313233204 
 1439 , 16006.3418653458 
 1440 , 15956.8242519559 
 1441 , 15933.9548189135 
 1442 , 15940.9838334319 
 1443 , 15947.7906733225 
 1444 , 15938.0041579916 
 1445 , 15933.4296400157 
 1446 , 15948.7972137366 
 1447 , 15959.180826451 
 1448 , 15940.7217909729 
 1449 , 15910.9426584596 
 1450 , 15894.8862933538 
 1451 , 15888.9366353776 
 1452 , 15879.9520866625 
 1453 , 15874.8853822187 
 1454 , 15890.6863429625 
 1455 , 15925.3247600316 
 1456 , 15962.3739445995 
 1457 , 15990.1645542993 
 1458 , 16002.4031661428 
 1459 , 15996.6525380918 
 1460 , 15975.4942915913 
 1461 , 15940.4574768412 
 1462 , 15890.3868233425 
 1463 , 15826.1074580062 
 1464 , 15754.3251591102 
 1465 , 15682.7540104997 
 1466 , 15619.366734554 
 1467 , 15569.3530059025 
 1468 , 15523.7908499629 
 1469 , 15471.1997752906 
 1470 , 15412.7126346769 
 1471 , 15354.7145686 
 1472 , 15302.5869600412 
 1473 , 15260.918829234 
 1474 , 15231.2503812578 
 1475 , 15212.7667015182 
 1476 , 15203.5865563611 
 1477 , 15200.7686640513 
 1478 , 15199.331565424 
 1479 , 15191.6988183029 
 1480 , 15172.899545611 
 1481 , 15142.8103690229 
 1482 , 15105.5949028636 
 1483 , 15074.1710788312 
 1484 , 15058.0372966287 
 1485 , 15052.3705353304 
 1486 , 15050.0116320268 
 1487 , 15045.5217602091 
 1488 , 15035.2088891637 
 1489 , 15022.6758051452 
 1490 , 15012.8421648439 
 1491 , 15001.2641189019 
 1492 , 14980.1043489712 
 1493 , 14951.3243829301 
 1494 , 14922.3927378758 
 1495 , 14894.7118166126 
 1496 , 14865.1371297675 
 1497 , 14835.6581993054 
 1498 , 14813.2793859887 
 1499 , 14796.793868513 
 1500 , 14774.3433871725 
 1501 , 14740.3769357258 
 1502 , 14700.7711641041 
 1503 , 14662.6657894351 
 1504 , 14633.636753886 
 1505 , 14617.9565580234 
 1506 , 14610.78877738 
 1507 , 14605.617476247 
 1508 , 14595.395705141 
 1509 , 14575.3077348101 
 1510 , 14551.3635443231 
 1511 , 14531.0997545614 
 1512 , 14512.4719832037 
 1513 , 14489.8852308097 
 1514 , 14457.8908908574 
 1515 , 14412.5701448664 
 1516 , 14365.4459602445 
 1517 , 14336.0211476025 
 1518 , 14324.8674133719 
 1519 , 14318.4392112484 
 1520 , 14308.0103502999 
 1521 , 14289.8984185819 
 1522 , 14266.445922026 
 1523 , 14246.635527904 
 1524 , 14232.0513210833 
 1525 , 14213.1048942929 
 1526 , 14184.48289164 
 1527 , 14150.1009591392 
 1528 , 14116.3597695244 
 1529 , 14093.0589395429 
 1530 , 14086.6239896095 
 1531 , 14092.7903286546 
 1532 , 14103.9396357865 
 1533 , 14107.1829216306 
 1534 , 14092.8401740842 
 1535 , 14070.4295065859 
 1536 , 14051.8953106799 
 1537 , 14033.4042519294 
 1538 , 14008.1195652684 
 1539 , 13986.04705379 
 1540 , 13981.4725247191 
 1541 , 13983.1909113132 
 1542 , 13968.4408043477 
 1543 , 13934.2332071562 
 1544 , 13890.5842883945 
 1545 , 13853.5718728146 
 1546 , 13842.7100793874 
 1547 , 13856.6955747446 
 1548 , 13875.1112033148 
 1549 , 13880.9155854262 
 1550 , 13862.0026291268 
 1551 , 13823.512739015 
 1552 , 13792.727692017 
 1553 , 13781.4480437656 
 1554 , 13774.7851524379 
 1555 , 13764.2594084677 
 1556 , 13757.8380833283 
 1557 , 13758.4376931792 
 1558 , 13753.5131615671 
 1559 , 13736.4169757715 
 1560 , 13722.1496274487 
 1561 , 13720.8168819243 
 1562 , 13714.8741252751 
 1563 , 13687.698299027 
 1564 , 13648.1499000256 
 1565 , 13610.3808540019 
 1566 , 13584.184349296 
 1567 , 13575.7081911168 
 1568 , 13577.7782914171 
 1569 , 13579.8509074648 
 1570 , 13580.043147491 
 1571 , 13579.3426680918 
 1572 , 13572.9458601102 
 1573 , 13554.5900142759 
 1574 , 13531.400197199 
 1575 , 13516.7020644602 
 1576 , 13506.9310056636 
 1577 , 13488.5312139892 
 1578 , 13465.6371579356 
 1579 , 13455.0103899979 
 1580 , 13455.0518916956 
 1581 , 13448.3023264114 
 1582 , 13429.8431628704 
 1583 , 13407.8872038304 
 1584 , 13389.3040026559 
 1585 , 13378.5966773884 
 1586 , 13374.2184523835 
 1587 , 13366.947347463 
 1588 , 13354.0213468546 
 1589 , 13343.0603474771 
 1590 , 13333.5831256161 
 1591 , 13309.8884356062 
 1592 , 13267.8588692839 
 1593 , 13228.7968342523 
 1594 , 13207.9742250499 
 1595 , 13200.8205327057 
 1596 , 13200.6993695165 
 1597 , 13202.4715830228 
 1598 , 13199.3412654774 
 1599 , 13179.1080627191 
 1600 , 13139.4289660931 
 1601 , 13113.1453915897 
 1602 , 13125.9848377936 
 1603 , 13151.0710136933 
 1604 , 13159.3588065596 
 1605 , 13163.432548706 
 1606 , 13180.1435487155 
 1607 , 13195.1812576109 
 1608 , 13188.0746576354 
 1609 , 13154.4148829943 
 1610 , 13097.7805586354 
 1611 , 13037.7229355542 
 1612 , 12995.5585671697 
 1613 , 12964.757129299 
 1614 , 12929.8560455775 
 1615 , 12894.5398658284 
 1616 , 12869.4288321169 
 1617 , 12849.7904395889 
 1618 , 12823.8910359175 
 1619 , 12787.0589911886 
 1620 , 12739.7261892945 
 1621 , 12694.8083674234 
 1622 , 12670.2870079711 
 1623 , 12654.7387037794 
 1624 , 12620.4744547319 
 1625 , 12582.5840684173 
 1626 , 12583.3367638737 
 1627 , 12609.1300865439 
 1628 , 12605.6362999929 
 1629 , 12571.5614632406 
 1630 , 12548.9789497561 
 1631 , 12541.7748757197 
 1632 , 12519.4016501917 
 1633 , 12478.3337938183 
 1634 , 12441.8564129636 
 1635 , 12419.1481932635 
 1636 , 12403.6626321063 
 1637 , 12390.4124754734 
 1638 , 12376.9272349139 
 1639 , 12360.0791792235 
 1640 , 12335.9325999326 
 1641 , 12304.9653379706 
 1642 , 12273.2631294023 
 1643 , 12247.3561783711 
 1644 , 12233.756553302 
 1645 , 12232.5877666586 
 1646 , 12234.9799237971 
 1647 , 12231.7088047443 
 1648 , 12214.1659354314 
 1649 , 12182.236897215 
 1650 , 12148.9244345112 
 1651 , 12121.9665723318 
 1652 , 12098.6239929922 
 1653 , 12078.4726258103 
 1654 , 12066.6670768139 
 1655 , 12061.9985462378 
 1656 , 12050.9166311914 
 1657 , 12026.9540210393 
 1658 , 11999.2780274392 
 1659 , 11974.5331075999 
 1660 , 11951.1401883382 
 1661 , 11930.0557534458 
 1662 , 11919.2168153223 
 1663 , 11920.2156962386 
 1664 , 11919.6843833141 
 1665 , 11907.9413794896 
 1666 , 11887.2869638514 
 1667 , 11865.371555074 
 1668 , 11858.1779922161 
 1669 , 11866.0460798741 
 1670 , 11851.3436843565 
 1671 , 11797.7809465927 
 1672 , 11750.7815514461 
 1673 , 11741.5026826375 
 1674 , 11746.5439622601 
 1675 , 11740.9221542773 
 1676 , 11714.9493004812 
 1677 , 11671.5054479552 
 1678 , 11638.6694740181 
 1679 , 11631.2830946162 
 1680 , 11622.0434591891 
 1681 , 11594.085833668 
 1682 , 11572.6503011541 
 1683 , 11573.147253417 
 1684 , 11570.0025040054 
 1685 , 11546.9671473524 
 1686 , 11527.3164419142 
 1687 , 11524.948766776 
 1688 , 11514.5992185655 
 1689 , 11479.7756098166 
 1690 , 11441.4166909712 
 1691 , 11416.6972437846 
 1692 , 11398.8068139303 
 1693 , 11379.6880263459 
 1694 , 11357.3900712009 
 1695 , 11334.0636517096 
 1696 , 11319.6330405286 
 1697 , 11317.3745614749 
 1698 , 11311.5945984173 
 1699 , 11290.482029314 
 1700 , 11258.2585867283 
 1701 , 11225.9362709606 
 1702 , 11214.8772868827 
 1703 , 11229.9496169304 
 1704 , 11234.9018196522 
 1705 , 11208.852552966 
 1706 , 11178.0771142886 
 1707 , 11161.3073880281 
 1708 , 11146.960277213 
 1709 , 11126.9200043757 
 1710 , 11108.771501013 
 1711 , 11094.1588777218 
 1712 , 11068.5998480784 
 1713 , 11030.016395393 
 1714 , 11004.5977712837 
 1715 , 11005.9241518784 
 1716 , 11017.3261143411 
 1717 , 11024.6165587548 
 1718 , 11024.3473947098 
 1719 , 11014.4911305593 
 1720 , 10993.5786419175 
 1721 , 10965.7098266594 
 1722 , 10944.0614371154 
 1723 , 10932.0133024677 
 1724 , 10916.0357606149 
 1725 , 10888.9843466113 
 1726 , 10855.7917020779 
 1727 , 10825.260743355 
 1728 , 10809.9861423765 
 1729 , 10808.0974347427 
 1730 , 10798.0060141339 
 1731 , 10774.9360463743 
 1732 , 10757.2865530195 
 1733 , 10751.6879316139 
 1734 , 10748.6312211197 
 1735 , 10739.7353098274 
 1736 , 10719.3455953186 
 1737 , 10690.2386200895 
 1738 , 10663.8863860835 
 1739 , 10647.3858311426 
 1740 , 10642.6387079805 
 1741 , 10643.8703988989 
 1742 , 10638.7908763488 
 1743 , 10623.539458707 
 1744 , 10601.749085558 
 1745 , 10575.8110413996 
 1746 , 10547.1957228014 
 1747 , 10521.5096610608 
 1748 , 10506.5664932868 
 1749 , 10498.5008076424 
 1750 , 10486.5488134395 
 1751 , 10473.8210065292 
 1752 , 10470.3900495872 
 1753 , 10466.4586352547 
 1754 , 10443.2229395543 
 1755 , 10405.9300267672 
 1756 , 10371.555675773 
 1757 , 10347.7744917699 
 1758 , 10336.5137319381 
 1759 , 10331.1489148992 
 1760 , 10323.1733930006 
 1761 , 10316.0686910967 
 1762 , 10316.1145169653 
 1763 , 10318.3315935499 
 1764 , 10314.9981287356 
 1765 , 10304.8965052749 
 1766 , 10289.5719899572 
 1767 , 10273.6982435792 
 1768 , 10261.4320155923 
 1769 , 10251.2758780703 
 1770 , 10241.4032513248 
 1771 , 10233.8809144405 
 1772 , 10230.2391841205 
 1773 , 10227.6025857533 
 1774 , 10223.8732164403 
 1775 , 10221.487418282 
 1776 , 10218.9995835613 
 1777 , 10203.6420903257 
 1778 , 10173.3664376858 
 1779 , 10152.6894860243 
 1780 , 10149.7991764174 
 1781 , 10135.7003077178 
 1782 , 10103.5515316878 
 1783 , 10089.8640885572 
 1784 , 10102.979952819 
 1785 , 10104.4613931745 
 1786 , 10080.0206410157 
 1787 , 10051.0775393493 
 1788 , 10030.6697636827 
 1789 , 10019.4427178776 
 1790 , 10013.1226906797 
 1791 , 10003.6523229 
 1792 , 9990.82610637816 
 1793 , 9981.21294824894 
 1794 , 9978.82725454903 
 1795 , 9984.60040583706 
 1796 , 9987.78394226525 
 1797 , 9972.29361651319 
 1798 , 9944.23707713523 
 1799 , 9920.91573596067 
 1800 , 9908.12844126228 
 1801 , 9905.57505951467 
 1802 , 9909.93018894204 
 1803 , 9916.01086733567 
 1804 , 9915.12718985223 
 1805 , 9900.12109030005 
 1806 , 9876.92851178877 
 1807 , 9854.2071544539 
 1808 , 9836.04029030834 
 1809 , 9822.76249514828 
 1810 , 9806.06098951998 
 1811 , 9782.98568333839 
 1812 , 9770.32056751631 
 1813 , 9777.54103981219 
 1814 , 9789.41339774854 
 1815 , 9793.42952550631 
 1816 , 9789.17398402196 
 1817 , 9779.18666173205 
 1818 , 9768.51613893865 
 1819 , 9760.22235341667 
 1820 , 9754.15059062352 
 1821 , 9744.94047166514 
 1822 , 9722.32114015695 
 1823 , 9693.77868083223 
 1824 , 9682.58098690751 
 1825 , 9685.21532425946 
 1826 , 9677.97806445095 
 1827 , 9662.13559218541 
 1828 , 9653.98527520762 
 1829 , 9648.43555952819 
 1830 , 9631.1868718585 
 1831 , 9610.17092306056 
 1832 , 9600.41008933993 
 1833 , 9597.55577017945 
 1834 , 9590.84769318991 
 1835 , 9573.78505666067 
 1836 , 9547.13613852678 
 1837 , 9534.91808829256 
 1838 , 9550.19041597288 
 1839 , 9554.27719241741 
 1840 , 9521.85440733961 
 1841 , 9486.09187821308 
 1842 , 9472.84520759198 
 1843 , 9475.00501844609 
 1844 , 9482.47640219125 
 1845 , 9486.94155603817 
 1846 , 9487.07639690843 
 1847 , 9490.20967094159 
 1848 , 9492.97105281082 
 1849 , 9480.79651697098 
 1850 , 9456.91105795352 
 1851 , 9439.16702401243 
 1852 , 9427.02173000896 
 1853 , 9408.23962328919 
 1854 , 9386.56713281797 
 1855 , 9372.97810993525 
 1856 , 9363.90315989659 
 1857 , 9350.85523445859 
 1858 , 9334.84549710686 
 1859 , 9321.19735421225 
 1860 , 9319.37913063676 
 1861 , 9332.35768343665 
 1862 , 9337.11698233439 
 1863 , 9315.48218866669 
 1864 , 9276.63025637962 
 1865 , 9235.28317452418 
 1866 , 9208.24912988784 
 1867 , 9202.15427640736 
 1868 , 9206.75987967424 
 1869 , 9211.33695391839 
 1870 , 9206.94827523823 
 1871 , 9195.41175486593 
 1872 , 9188.42908118051 
 1873 , 9185.32351084237 
 1874 , 9176.14092027107 
 1875 , 9160.17951544727 
 1876 , 9142.72517596259 
 1877 , 9129.96417706691 
 1878 , 9126.93239739982 
 1879 , 9129.56749694337 
 1880 , 9130.49481026917 
 1881 , 9122.42145674596 
 1882 , 9102.53580587427 
 1883 , 9082.78712881116 
 1884 , 9073.95187514891 
 1885 , 9076.22151111342 
 1886 , 9084.85157565547 
 1887 , 9088.91256742736 
 1888 , 9082.10074924358 
 1889 , 9065.84956610751 
 1890 , 9042.22140692339 
 1891 , 9013.70416448538 
 1892 , 8989.89879345971 
 1893 , 8984.74328512361 
 1894 , 8991.52859309506 
 1895 , 8991.12309172389 
 1896 , 8974.32902065802 
 1897 , 8941.1907215903 
 1898 , 8916.87942100921 
 1899 , 8923.78180337449 
 1900 , 8932.01033547458 
 1901 , 8911.49538039729 
 1902 , 8876.44670494085 
 1903 , 8846.83268986671 
 1904 , 8835.52647431213 
 1905 , 8840.72494214436 
 1906 , 8837.48075403435 
 1907 , 8818.23877639444 
 1908 , 8800.3680238687 
 1909 , 8789.48040816619 
 1910 , 8778.57270101326 
 1911 , 8766.38609122662 
 1912 , 8756.61277648745 
 1913 , 8756.55097755716 
 1914 , 8772.0012630629 
 1915 , 8787.07403473202 
 1916 , 8781.90202139687 
 1917 , 8757.38911981424 
 1918 , 8724.86772515129 
 1919 , 8710.21559231619 
 1920 , 8721.44060109117 
 1921 , 8718.88257106748 
 1922 , 8687.83999831567 
 1923 , 8665.92035828366 
 1924 , 8662.27205230261 
 1925 , 8646.49035524601 
 1926 , 8619.69914678905 
 1927 , 8610.84783048868 
 1928 , 8613.77375052995 
 1929 , 8602.73289363713 
 1930 , 8586.59686557081 
 1931 , 8585.96908157797 
 1932 , 8594.1377805332 
 1933 , 8597.33301948067 
 1934 , 8590.25556870314 
 1935 , 8571.80704943306 
 1936 , 8546.72545520558 
 1937 , 8524.98728769039 
 1938 , 8524.02536444786 
 1939 , 8539.08290480426 
 1940 , 8536.15550829729 
 1941 , 8513.41556337566 
 1942 , 8500.05041150752 
 1943 , 8500.19222440839 
 1944 , 8500.74101015164 
 1945 , 8496.71810631114 
 1946 , 8488.20205051661 
 1947 , 8480.19733491478 
 1948 , 8475.34106808936 
 1949 , 8461.27945687451 
 1950 , 8431.1353191059 
 1951 , 8400.76230055986 
 1952 , 8385.65067040507 
 1953 , 8393.88011613665 
 1954 , 8415.93857571147 
 1955 , 8422.472064309 
 1956 , 8404.16904134057 
 1957 , 8371.10596091302 
 1958 , 8340.61548584431 
 1959 , 8329.98748787637 
 1960 , 8327.64535471334 
 1961 , 8315.43236753649 
 1962 , 8301.81877116319 
 1963 , 8299.32708039724 
 1964 , 8309.25410320142 
 1965 , 8323.87612689748 
 1966 , 8321.56271702334 
 1967 , 8297.47869756451 
 1968 , 8272.68819951774 
 1969 , 8255.49126039628 
 1970 , 8240.43212229415 
 1971 , 8233.41908118829 
 1972 , 8245.0594591294 
 1973 , 8258.42836523899 
 1974 , 8250.46098367296 
 1975 , 8232.40452282492 
 1976 , 8219.43043274631 
 1977 , 8204.43099231498 
 1978 , 8179.71947211735 
 1979 , 8146.34112311388 
 1980 , 8114.13344953511 
 1981 , 8103.07389552737 
 1982 , 8109.63734713649 
 1983 , 8107.85234865934 
 1984 , 8094.16839190171 
 1985 , 8079.93079037097 
 1986 , 8068.86996056638 
 1987 , 8061.46107852211 
 1988 , 8059.82457601728 
 1989 , 8063.24790043303 
 1990 , 8060.93015267566 
 1991 , 8046.78582283456 
 1992 , 8028.00039395913 
 1993 , 8015.92909831249 
 1994 , 8024.1639591902 
 1995 , 8043.45548050669 
 1996 , 8046.95201719249 
 1997 , 8038.30782501508 
 1998 , 8035.48924174464 
 1999 , 8029.60845045665 
 2000 , 8009.55574012783 
 2001 , 7997.02835136057 
 2002 , 8002.70089432735 
 2003 , 7989.87226677248 
 2004 , 7949.01508559242 
 2005 , 7925.2313110074 
 2006 , 7929.63714083263 
 2007 , 7933.10177114377 
 2008 , 7927.76910020896 
 2009 , 7921.046175091 
 2010 , 7910.7383619061 
 2011 , 7893.02768945231 
 2012 , 7877.88604815765 
 2013 , 7875.10747896626 
 2014 , 7882.32256930501 
 2015 , 7888.84613138269 
 2016 , 7873.6681718705 
 2017 , 7844.13113578459 
 2018 , 7839.52735575973 
 2019 , 7853.81189553803 
 2020 , 7849.59062340013 
 2021 , 7833.22816171699 
 2022 , 7826.57660918416 
 2023 , 7817.83654319738 
 2024 , 7795.70715431522 
 2025 , 7782.05896608665 
 2026 , 7784.27402804282 
 2027 , 7771.49669072239 
 2028 , 7742.30183839454 
 2029 , 7733.35057133595 
 2030 , 7742.9599437615 
 2031 , 7740.52462825543 
 2032 , 7717.12670771695 
 2033 , 7680.72210228673 
 2034 , 7667.32974095488 
 2035 , 7696.05047925919 
 2036 , 7712.82280479397 
 2037 , 7685.20681456489 
 2038 , 7642.79898912413 
 2039 , 7614.9209044769 
 2040 , 7620.63982948222 
 2041 , 7642.73500461619 
 2042 , 7644.24859799322 
 2043 , 7630.92545366486 
 2044 , 7622.91978783922 
 2045 , 7619.97041901607 
 2046 , 7613.62772731972 
 2047 , 7588.89036197263 
 2048 , 7550.96823106621 
 2049 , 7536.18139453341 
 2050 , 7542.90232999999 
 2051 , 7533.93009187288 
 2052 , 7512.51651850433 
 2053 , 7502.51423550894 
 2054 , 7499.80425934931 
 2055 , 7492.21717122848 
 2056 , 7475.46572597225 
 2057 , 7454.21073779581 
 2058 , 7447.26212988564 
 2059 , 7455.10601701314 
 2060 , 7454.87262403493 
 2061 , 7445.11908110496 
 2062 , 7439.2423832811 
 2063 , 7429.81182936823 
 2064 , 7405.75404128903 
 2065 , 7383.10633092379 
 2066 , 7375.93114187614 
 2067 , 7374.91811339892 
 2068 , 7372.23953396381 
 2069 , 7367.70868872594 
 2070 , 7361.80483201751 
 2071 , 7354.83030207112 
 2072 , 7345.06594491625 
 2073 , 7331.50520101029 
 2074 , 7322.62844433828 
 2075 , 7324.04084489092 
 2076 , 7323.97964241353 
 2077 , 7312.84086637145 
 2078 , 7290.4067918635 
 2079 , 7263.42734182319 
 2080 , 7243.92760700388 
 2081 , 7233.55197562268 
 2082 , 7228.16298410867 
 2083 , 7228.23342896857 
 2084 , 7229.70688767914 
 2085 , 7208.72758494779 
 2086 , 7163.45894264949 
 2087 , 7138.71258449992 
 2088 , 7145.27090360091 
 2089 , 7152.68513549847 
 2090 , 7147.95343320703 
 2091 , 7133.23891685827 
 2092 , 7125.47227569064 
 2093 , 7133.78940083116 
 2094 , 7123.57774129634 
 2095 , 7082.87004405846 
 2096 , 7057.97606901172 
 2097 , 7064.64657474283 
 2098 , 7078.96357080128 
 2099 , 7087.83080584765 
 2100 , 7087.57209756969 
 2101 , 7081.09228323965 
 2102 , 7070.80985975905 
 2103 , 7050.08456383629 
 2104 , 7020.46271173708 
 2105 , 7000.85340858823 
 2106 , 6996.00512021518 
 2107 , 6994.06849443792 
 2108 , 6983.62200684357 
 2109 , 6959.70641666486 
 2110 , 6948.49866616283 
 2111 , 6965.91815060294 
 2112 , 6967.90199364639 
 2113 , 6936.71332582269 
 2114 , 6913.30953548405 
 2115 , 6906.96872204585 
 2116 , 6895.39749213686 
 2117 , 6883.87460265424 
 2118 , 6886.70460023652 
 2119 , 6888.60107887993 
 2120 , 6875.28123683681 
 2121 , 6856.39506194182 
 2122 , 6841.09525578457 
 2123 , 6832.66152158658 
 2124 , 6832.41742191393 
 2125 , 6838.22453549049 
 2126 , 6831.5487829177 
 2127 , 6799.06660045535 
 2128 , 6773.89878753507 
 2129 , 6775.16333107635 
 2130 , 6772.89684294356 
 2131 , 6757.54363014508 
 2132 , 6747.44678949763 
 2133 , 6743.77720192283 
 2134 , 6736.85761363924 
 2135 , 6722.15938091962 
 2136 , 6700.62561591173 
 2137 , 6683.47530540171 
 2138 , 6677.8871972054 
 2139 , 6681.57138737097 
 2140 , 6683.53881407022 
 2141 , 6668.94969832954 
 2142 , 6645.87761867783 
 2143 , 6629.83350549678 
 2144 , 6622.74318887711 
 2145 , 6621.28918447179 
 2146 , 6618.49687151944 
 2147 , 6613.23907339718 
 2148 , 6610.39236163505 
 2149 , 6603.3185723401 
 2150 , 6581.62115731271 
 2151 , 6553.61555010216 
 2152 , 6531.52344247278 
 2153 , 6521.48755793155 
 2154 , 6523.12398694387 
 2155 , 6528.210712789 
 2156 , 6528.14548828238 
 2157 , 6516.71193266744 
 2158 , 6502.69566220984 
 2159 , 6498.43886984111 
 2160 , 6507.2750978079 
 2161 , 6518.39118323352 
 2162 , 6501.73127221039 
 2163 , 6466.78508829241 
 2164 , 6455.60608561702 
 2165 , 6457.68674055988 
 2166 , 6444.86935930563 
 2167 , 6427.13171515333 
 2168 , 6414.85329872373 
 2169 , 6399.72971219317 
 2170 , 6383.85656615721 
 2171 , 6381.25240495213 
 2172 , 6386.78432924642 
 2173 , 6386.44991394939 
 2174 , 6378.83843107624 
 2175 , 6365.87910076105 
 2176 , 6348.62492707146 
 2177 , 6332.55280879641 
 2178 , 6327.82870773482 
 2179 , 6334.38125517535 
 2180 , 6343.71367460969 
 2181 , 6339.00644432014 
 2182 , 6312.4851993304 
 2183 , 6286.47448142977 
 2184 , 6275.56925944972 
 2185 , 6277.38172361373 
 2186 , 6284.58705723981 
 2187 , 6287.22279767671 
 2188 , 6275.34907833091 
 2189 , 6249.96519015442 
 2190 , 6241.29143794567 
 2191 , 6251.3128017457 
 2192 , 6239.37487079609 
 2193 , 6212.08502434627 
 2194 , 6204.63597879946 
 2195 , 6204.34194979535 
 2196 , 6190.51393493717 
 2197 , 6170.01157250414 
 2198 , 6151.99317024711 
 2199 , 6141.62977754393 
 2200 , 6137.40744632821 
 2201 , 6132.8355973687 
 2202 , 6119.54471157661 
 2203 , 6098.56823947668 
 2204 , 6097.83421911495 
 2205 , 6115.14899689943 
 2206 , 6104.95963149214 
 2207 , 6075.92334696386 
 2208 , 6067.63688493523 
 2209 , 6066.80152199542 
 2210 , 6055.19614831435 
 2211 , 6049.69320592472 
 2212 , 6047.51604402634 
 2213 , 6017.65240316249 
 2214 , 5980.91172820302 
 2215 , 5979.81668272313 
 2216 , 5987.55300037238 
 2217 , 5972.69979153652 
 2218 , 5945.73253517441 
 2219 , 5922.77213603126 
 2220 , 5917.36042865657 
 2221 , 5921.58964272754 
 2222 , 5919.88317820748 
 2223 , 5918.754959009 
 2224 , 5922.6907408434 
 2225 , 5919.46014025973 
 2226 , 5907.58988516406 
 2227 , 5898.05664760357 
 2228 , 5895.00439780451 
 2229 , 5894.6240528717 
 2230 , 5877.56142862547 
 2231 , 5839.08024292037 
 2232 , 5805.92805061646 
 2233 , 5790.46894248309 
 2234 , 5788.33550442215 
 2235 , 5786.02335147752 
 2236 , 5773.24900012397 
 2237 , 5760.67510783334 
 2238 , 5749.9579414476 
 2239 , 5726.05860912077 
 2240 , 5704.00393280664 
 2241 , 5710.92274592497 
 2242 , 5717.337134667 
 2243 , 5696.66531685444 
 2244 , 5675.56744735392 
 2245 , 5667.63504011523 
 2246 , 5662.90243232377 
 2247 , 5659.02298552526 
 2248 , 5656.43546395638 
 2249 , 5646.35096285756 
 2250 , 5629.37878578919 
 2251 , 5626.54678079138 
 2252 , 5632.18035381712 
 2253 , 5619.26671046557 
 2254 , 5592.68292882038 
 2255 , 5568.10107642292 
 2256 , 5551.7498140242 
 2257 , 5545.14060318218 
 2258 , 5545.25959758184 
 2259 , 5543.61947814698 
 2260 , 5531.8549950918 
 2261 , 5518.87408954885 
 2262 , 5513.65337890628 
 2263 , 5513.77800311723 
 2264 , 5509.01369833363 
 2265 , 5486.49994350362 
 2266 , 5463.07778219229 
 2267 , 5458.46834786418 
 2268 , 5455.27218317337 
 2269 , 5442.82360062917 
 2270 , 5431.52531838524 
 2271 , 5426.74913031145 
 2272 , 5426.6111611941 
 2273 , 5416.61493396986 
 2274 , 5391.0308133275 
 2275 , 5371.44223840364 
 2276 , 5365.26686264558 
 2277 , 5362.53198009546 
 2278 , 5359.03937006742 
 2279 , 5352.19291245521 
 2280 , 5334.75203318301 
 2281 , 5310.37309143711 
 2282 , 5298.14239677293 
 2283 , 5297.34092854664 
 2284 , 5294.7864317112 
 2285 , 5285.37350524342 
 2286 , 5268.528028069 
 2287 , 5248.1588939039 
 2288 , 5234.99682211677 
 2289 , 5241.16312722054 
 2290 , 5248.19278898265 
 2291 , 5236.09577353809 
 2292 , 5217.09921371501 
 2293 , 5205.72563692318 
 2294 , 5209.88935813077 
 2295 , 5213.62632301638 
 2296 , 5196.47462816657 
 2297 , 5173.3214622813 
 2298 , 5157.58112467979 
 2299 , 5145.38610471055 
 2300 , 5128.58406501565 
 2301 , 5101.78226790792 
 2302 , 5085.08655705318 
 2303 , 5089.42664820084 
 2304 , 5087.63606437693 
 2305 , 5071.03390571244 
 2306 , 5054.16081807638 
 2307 , 5051.07257473788 
 2308 , 5064.08789085592 
 2309 , 5064.30702854788 
 2310 , 5046.04544889674 
 2311 , 5036.23181869066 
 2312 , 5028.30326408983 
 2313 , 5005.65244066759 
 2314 , 4988.64730674667 
 2315 , 4986.06138345878 
 2316 , 4976.55298217338 
 2317 , 4958.62983358758 
 2318 , 4943.50306330916 
 2319 , 4928.02792219373 
 2320 , 4914.438689428 
 2321 , 4921.71579098707 
 2322 , 4935.39167630127 
 2323 , 4919.40687981531 
 2324 , 4887.8697321805 
 2325 , 4868.10286662929 
 2326 , 4873.44202305192 
 2327 , 4886.25943563659 
 2328 , 4867.66092954316 
 2329 , 4837.20555933509 
 2330 , 4825.45225009341 
 2331 , 4820.67440871459 
 2332 , 4813.96439681039 
 2333 , 4808.24880982618 
 2334 , 4804.47062443253 
 2335 , 4802.35791714428 
 2336 , 4802.04878720213 
 2337 , 4797.60914086268 
 2338 , 4777.47476572058 
 2339 , 4758.54169860594 
