11-20-2017,19:29:32
Wavenumber(cm-1),Intensity
 250 , 12191.5576864251 
 251 , 12194.5675997783 
 252 , 12205.0784037857 
 253 , 12225.1630384492 
 254 , 12246.4361362599 
 255 , 12260.1164124968 
 256 , 12264.873889352 
 257 , 12264.9208560111 
 258 , 12263.940476628 
 259 , 12262.0443275248 
 260 , 12258.150219781 
 261 , 12252.9378435734 
 262 , 12251.1445766595 
 263 , 12257.9446770938 
 264 , 12275.1514217256 
 265 , 12301.0261677335 
 266 , 12333.2001265746 
 267 , 12365.5589910345 
 268 , 12390.1644668798 
 269 , 12402.176220107 
 270 , 12407.0695718035 
 271 , 12412.4005252823 
 272 , 12422.9085552886 
 273 , 12439.2300953561 
 274 , 12461.6183981645 
 275 , 12489.5999105048 
 276 , 12522.2133505354 
 277 , 12558.0122794764 
 278 , 12593.3270483415 
 279 , 12623.8531794934 
 280 , 12646.9825090584 
 281 , 12663.4337859196 
 282 , 12674.3619901002 
 283 , 12681.8479143069 
 284 , 12688.7939951087 
 285 , 12697.5960720841 
 286 , 12707.234587803 
 287 , 12715.3517988121 
 288 , 12721.5963744439 
 289 , 12730.8088196716 
 290 , 12748.4332412627 
 291 , 12773.3799348685 
 292 , 12797.1444829645 
 293 , 12811.9724093513 
 294 , 12819.9209566392 
 295 , 12828.014132208 
 296 , 12841.0331648234 
 297 , 12856.1790884147 
 298 , 12869.1253995496 
 299 , 12877.6495121282 
 300 , 12882.4921200744 
 301 , 12884.8960545657 
 302 , 12889.219568404 
 303 , 12901.7711196207 
 304 , 12926.1233727522 
 305 , 12954.3760578361 
 306 , 12975.7400222322 
 307 , 12986.0996313163 
 308 , 12992.6782398107 
 309 , 13003.4161298963 
 310 , 13020.7541899454 
 311 , 13043.0283206272 
 312 , 13068.6193912532 
 313 , 13096.6258274045 
 314 , 13126.3636823316 
 315 , 13156.3065556475 
 316 , 13183.2499543105 
 317 , 13203.9433881175 
 318 , 13217.8575248568 
 319 , 13226.805458863 
 320 , 13233.1795041358 
 321 , 13242.305230488 
 322 , 13260.5489673304 
 323 , 13289.7040959365 
 324 , 13321.198818501 
 325 , 13345.5346596217 
 326 , 13363.9577427109 
 327 , 13388.0458300022 
 328 , 13426.9059724669 
 329 , 13470.6528570927 
 330 , 13501.7539957301 
 331 , 13511.2382097577 
 332 , 13511.5729438631 
 333 , 13518.1214136866 
 334 , 13536.4276015808 
 335 , 13561.8127715589 
 336 , 13589.2394367475 
 337 , 13614.5180674053 
 338 , 13633.832187438 
 339 , 13645.5749799559 
 340 , 13654.0232014788 
 341 , 13664.2428401932 
 342 , 13676.4155091677 
 343 , 13685.3853491936 
 344 , 13686.8048472115 
 345 , 13684.4110432273 
 346 , 13685.602481409 
 347 , 13694.3487880755 
 348 , 13705.1482632268 
 349 , 13711.1236646109 
 350 , 13712.0465011559 
 351 , 13715.0815743893 
 352 , 13726.7419422733 
 353 , 13745.6959760346 
 354 , 13767.0289499158 
 355 , 13786.9662699263 
 356 , 13804.9052052054 
 357 , 13820.8636201773 
 358 , 13837.1194360759 
 359 , 13858.4298503334 
 360 , 13888.7418386222 
 361 , 13925.1276736314 
 362 , 13961.6001652679 
 363 , 13993.5364188733 
 364 , 14019.9471522398 
 365 , 14040.5281378256 
 366 , 14057.3187971902 
 367 , 14074.8176227932 
 368 , 14096.9065186996 
 369 , 14122.436531833 
 370 , 14148.1484496026 
 371 , 14171.3875642664 
 372 , 14191.0008635379 
 373 , 14206.1917609202 
 374 , 14219.0160571799 
 375 , 14234.3051573164 
 376 , 14255.9138681308 
 377 , 14280.9385370672 
 378 , 14303.9039200208 
 379 , 14321.8055725594 
 380 , 14337.1177816111 
 381 , 14353.0362052741 
 382 , 14372.5199663599 
 383 , 14398.321231063 
 384 , 14431.8163783601 
 385 , 14466.9939877902 
 386 , 14495.4137034741 
 387 , 14514.8686306737 
 388 , 14535.2107181262 
 389 , 14566.7641645856 
 390 , 14606.4907432294 
 391 , 14641.1651864803 
 392 , 14660.9111448481 
 393 , 14672.2539623851 
 394 , 14686.2932931436 
 395 , 14707.9747970963 
 396 , 14732.1416675701 
 397 , 14753.1837201723 
 398 , 14771.1016112842 
 399 , 14789.5030128249 
 400 , 14811.2197323922 
 401 , 14835.9868422929 
 402 , 14862.8061066215 
 403 , 14889.9979451851 
 404 , 14914.9597805403 
 405 , 14935.5741244935 
 406 , 14954.6126890728 
 407 , 14977.4043304726 
 408 , 15007.6571278944 
 409 , 15044.2731412277 
 410 , 15085.2289695289 
 411 , 15127.1195285976 
 412 , 15165.0377907121 
 413 , 15194.7262447176 
 414 , 15216.7687438762 
 415 , 15233.7343291618 
 416 , 15248.7156614587 
 417 , 15265.9695382098 
 418 , 15289.3715074096 
 419 , 15313.426884914 
 420 , 15324.7069427745 
 421 , 15315.2863926613 
 422 , 15305.5186785842 
 423 , 15324.1652418666 
 424 , 15379.5880152144 
 425 , 15445.6299312914 
 426 , 15494.7807735984 
 427 , 15522.2089851052 
 428 , 15537.5409967669 
 429 , 15549.0782146743 
 430 , 15559.6396080112 
 431 , 15570.7958635305 
 432 , 15582.5842254854 
 433 , 15593.1315565017 
 434 , 15600.7953620152 
 435 , 15606.6054924253 
 436 , 15612.8200387906 
 437 , 15620.8239391264 
 438 , 15629.8411026801 
 439 , 15639.0100301676 
 440 , 15652.0266843206 
 441 , 15676.6620301666 
 442 , 15717.3383804879 
 443 , 15760.7647611326 
 444 , 15788.2182005123 
 445 , 15794.1018668673 
 446 , 15795.0321952649 
 447 , 15807.9332592809 
 448 , 15829.4629359575 
 449 , 15843.7152777308 
 450 , 15842.0710948343 
 451 , 15840.6304092942 
 452 , 15859.9738239289 
 453 , 15902.0651144786 
 454 , 15947.4943745338 
 455 , 15978.2808879671 
 456 , 15993.8524312998 
 457 , 16000.7677519265 
 458 , 16005.4748718067 
 459 , 16014.1411097749 
 460 , 16032.7446899536 
 461 , 16065.0175165221 
 462 , 16112.9858474685 
 463 , 16174.2259923656 
 464 , 16228.3558680169 
 465 , 16250.8995874545 
 466 , 16237.9428414473 
 467 , 16213.449132719 
 468 , 16200.9520657503 
 469 , 16204.6276524658 
 470 , 16219.3542011066 
 471 , 16241.7521429196 
 472 , 16272.8470538739 
 473 , 16314.0141002596 
 474 , 16361.1732919086 
 475 , 16405.5963430452 
 476 , 16439.640362278 
 477 , 16461.2895231196 
 478 , 16470.211149715 
 479 , 16470.2722577588 
 480 , 16471.5207181509 
 481 , 16483.1779014639 
 482 , 16502.9798320993 
 483 , 16522.7620826058 
 484 , 16537.0242290722 
 485 , 16547.2510269517 
 486 , 16556.0539378494 
 487 , 16566.3699807984 
 488 , 16581.4221380978 
 489 , 16604.4639628639 
 490 , 16638.8455514474 
 491 , 16687.7262450379 
 492 , 16742.9078459726 
 493 , 16779.5333979097 
 494 , 16775.8150814342 
 495 , 16747.2088682203 
 496 , 16727.8840649699 
 497 , 16739.1821454504 
 498 , 16770.3704445252 
 499 , 16806.2770146524 
 500 , 16839.0227752026 
 501 , 16866.7980349522 
 502 , 16889.0036960463 
 503 , 16909.4199026349 
 504 , 16932.8562287622 
 505 , 16958.297006175 
 506 , 16976.9071509432 
 507 , 16981.1649673626 
 508 , 16977.3948541272 
 509 , 16978.1249260562 
 510 , 16989.3427754072 
 511 , 17002.7785955421 
 512 , 17009.0710044538 
 513 , 17009.4801006861 
 514 , 17012.9594746992 
 515 , 17025.9938078818 
 516 , 17045.6266208033 
 517 , 17066.8784553267 
 518 , 17087.2616995907 
 519 , 17107.1044568934 
 520 , 17126.8740190471 
 521 , 17146.9671346062 
 522 , 17167.7583515628 
 523 , 17189.9365714698 
 524 , 17214.740549252 
 525 , 17243.1012361964 
 526 , 17272.3021623547 
 527 , 17297.5241061342 
 528 , 17316.069938123 
 529 , 17331.1110632887 
 530 , 17346.6482734717 
 531 , 17363.6813173604 
 532 , 17380.5822793744 
 533 , 17395.8911142704 
 534 , 17409.2568264343 
 535 , 17420.6419580708 
 536 , 17430.5586536887 
 537 , 17440.2350015441 
 538 , 17451.1013481482 
 539 , 17465.640913469 
 540 , 17486.764861438 
 541 , 17515.9635367207 
 542 , 17551.9808470673 
 543 , 17593.1916252397 
 544 , 17637.3545214126 
 545 , 17681.8442697623 
 546 , 17723.0912191293 
 547 , 17754.8199208922 
 548 , 17770.9029498503 
 549 , 17777.2816780132 
 550 , 17790.7295996101 
 551 , 17823.5332872231 
 552 , 17866.89655725 
 553 , 17906.5685741201 
 554 , 17937.5178008121 
 555 , 17966.459785092 
 556 , 17999.3717696596 
 557 , 18032.5285887784 
 558 , 18058.3959566287 
 559 , 18074.0582318092 
 560 , 18084.9184696813 
 561 , 18096.7540667708 
 562 , 18110.5142241369 
 563 , 18124.4191995587 
 564 , 18136.7581948006 
 565 , 18146.0738547685 
 566 , 18151.0888093607 
 567 , 18152.6728750154 
 568 , 18153.3730010873 
 569 , 18156.1642433428 
 570 , 18165.4001637564 
 571 , 18185.4461155648 
 572 , 18213.0636253871 
 573 , 18236.9659752847 
 574 , 18248.9928649256 
 575 , 18258.7555086126 
 576 , 18281.1794910423 
 577 , 18317.2841245756 
 578 , 18348.3805598992 
 579 , 18357.6074745622 
 580 , 18351.6379877488 
 581 , 18347.237804116 
 582 , 18354.0567291541 
 583 , 18368.2588558788 
 584 , 18384.9182782866 
 585 , 18403.1330842973 
 586 , 18424.307631855 
 587 , 18447.876159707 
 588 , 18468.2818738309 
 589 , 18479.5588918591 
 590 , 18480.8578639998 
 591 , 18475.152126369 
 592 , 18466.9285442816 
 593 , 18465.3703898269 
 594 , 18479.9903679925 
 595 , 18506.7750540896 
 596 , 18528.8047978402 
 597 , 18534.0882143985 
 598 , 18534.2316430245 
 599 , 18546.8848087687 
 600 , 18578.2054855982 
 601 , 18620.5405589621 
 602 , 18664.9823277884 
 603 , 18700.1720021951 
 604 , 18714.1070885246 
 605 , 18706.3973709549 
 606 , 18694.0383731207 
 607 , 18693.7397846338 
 608 , 18709.8256970157 
 609 , 18741.1457858167 
 610 , 18783.9435168006 
 611 , 18829.6894673009 
 612 , 18870.2698732696 
 613 , 18906.216681374 
 614 , 18942.7356816702 
 615 , 18981.3747778053 
 616 , 19015.2993302413 
 617 , 19037.5131546292 
 618 , 19052.8135233009 
 619 , 19073.7308862205 
 620 , 19108.391247939 
 621 , 19152.4456552248 
 622 , 19199.812856246 
 623 , 19250.4014229671 
 624 , 19308.7948578593 
 625 , 19373.8980080391 
 626 , 19425.4297274068 
 627 , 19440.2495624369 
 628 , 19416.8945693263 
 629 , 19373.7340961192 
 630 , 19329.2306961137 
 631 , 19299.3407336989 
 632 , 19298.9090792535 
 633 , 19330.14741249 
 634 , 19381.9072611097 
 635 , 19441.4265655151 
 636 , 19491.4590550865 
 637 , 19513.9713868383 
 638 , 19507.647027862 
 639 , 19491.3435260359 
 640 , 19482.6788274725 
 641 , 19486.2431587158 
 642 , 19502.2317367504 
 643 , 19527.8000068311 
 644 , 19555.9729021563 
 645 , 19580.3609434922 
 646 , 19599.9357305816 
 647 , 19615.7207529004 
 648 , 19630.7437979967 
 649 , 19651.061915979 
 650 , 19680.1962194141 
 651 , 19702.5629435831 
 652 , 19694.8709374788 
 653 , 19655.8800606712 
 654 , 19621.1082425612 
 655 , 19624.0505109309 
 656 , 19656.3251125661 
 657 , 19690.4350370481 
 658 , 19712.2378994284 
 659 , 19731.9176564477 
 660 , 19760.3948247327 
 661 , 19793.3996847894 
 662 , 19819.1608885047 
 663 , 19831.4841050777 
 664 , 19835.0883902694 
 665 , 19835.5732766909 
 666 , 19835.2076150723 
 667 , 19834.5107817258 
 668 , 19835.9548576587 
 669 , 19846.0480315102 
 670 , 19870.8349355015 
 671 , 19907.1927841448 
 672 , 19946.9164177058 
 673 , 19983.9470376071 
 674 , 20016.9355758893 
 675 , 20045.3122272067 
 676 , 20070.2277986492 
 677 , 20093.8246786483 
 678 , 20118.5019124985 
 679 , 20147.1978031217 
 680 , 20181.838169508 
 681 , 20213.2002499785 
 682 , 20225.5590440599 
 683 , 20214.650117964 
 684 , 20202.032293553 
 685 , 20210.360158781 
 686 , 20237.26949693 
 687 , 20265.5964468611 
 688 , 20284.5593241192 
 689 , 20298.1061559928 
 690 , 20311.714424435 
 691 , 20325.9898520733 
 692 , 20338.6708038521 
 693 , 20348.401134437 
 694 , 20355.9091077236 
 695 , 20362.333042483 
 696 , 20370.1284111727 
 697 , 20382.5147832228 
 698 , 20403.1166616207 
 699 , 20436.4106320671 
 700 , 20485.2618937804 
 701 , 20535.9053441455 
 702 , 20565.3434502361 
 703 , 20562.7836779322 
 704 , 20542.8935913103 
 705 , 20522.5432423895 
 706 , 20509.9203745822 
 707 , 20508.5347870734 
 708 , 20517.406218484 
 709 , 20526.8370607189 
 710 , 20527.8581102556 
 711 , 20526.2532361596 
 712 , 20535.1456733972 
 713 , 20558.9120507893 
 714 , 20585.7845781171 
 715 , 20603.9933483956 
 716 , 20615.1598547968 
 717 , 20627.11780028 
 718 , 20644.1471818434 
 719 , 20664.4492495361 
 720 , 20685.5569612166 
 721 , 20704.4421730528 
 722 , 20717.907539037 
 723 , 20726.9542572482 
 724 , 20739.0703020901 
 725 , 20760.2281729449 
 726 , 20783.4801921336 
 727 , 20797.0720732432 
 728 , 20796.8618416206 
 729 , 20789.3160038102 
 730 , 20781.4911103051 
 731 , 20779.375483366 
 732 , 20788.4863579281 
 733 , 20810.604674463 
 734 , 20842.8833757927 
 735 , 20881.6414771528 
 736 , 20920.5969568053 
 737 , 20952.8495358543 
 738 , 20975.6798603504 
 739 , 20990.9229759762 
 740 , 21000.5818902845 
 741 , 21006.4071811218 
 742 , 21010.1620917974 
 743 , 21015.2152982884 
 744 , 21026.4538704887 
 745 , 21046.4891152771 
 746 , 21069.8933108527 
 747 , 21089.9658008561 
 748 , 21107.3833542363 
 749 , 21128.7993402753 
 750 , 21157.006364785 
 751 , 21183.2143150407 
 752 , 21197.3992940632 
 753 , 21200.0496910777 
 754 , 21198.8482985692 
 755 , 21200.1611191309 
 756 , 21206.8960833252 
 757 , 21220.8702284458 
 758 , 21238.0896203706 
 759 , 21251.2902657401 
 760 , 21257.900240284 
 761 , 21264.5508295196 
 762 , 21277.5802652877 
 763 , 21292.8970303069 
 764 , 21301.6437549728 
 765 , 21300.2435961173 
 766 , 21293.5181783808 
 767 , 21286.772014975 
 768 , 21283.7461103709 
 769 , 21287.5211432587 
 770 , 21298.2344314578 
 771 , 21312.2681222389 
 772 , 21326.017320625 
 773 , 21337.076171985 
 774 , 21343.5084898042 
 775 , 21346.2494039509 
 776 , 21349.159901663 
 777 , 21355.7928403087 
 778 , 21368.1298052569 
 779 , 21387.5112269674 
 780 , 21410.6407475207 
 781 , 21430.5020181121 
 782 , 21443.4134809154 
 783 , 21455.0332213851 
 784 , 21471.68203021 
 785 , 21489.6140064727 
 786 , 21498.839239746 
 787 , 21493.8115810085 
 788 , 21478.3172465608 
 789 , 21458.4996956904 
 790 , 21450.0261237989 
 791 , 21472.780904163 
 792 , 21529.0097490461 
 793 , 21593.5158763587 
 794 , 21642.2102086686 
 795 , 21670.6287818862 
 796 , 21681.3665979155 
 797 , 21682.5152008337 
 798 , 21688.576805305 
 799 , 21709.0878294849 
 800 , 21732.040118997 
 801 , 21741.0322717685 
 802 , 21738.6921817614 
 803 , 21744.1885332242 
 804 , 21770.27862256 
 805 , 21809.7320156387 
 806 , 21851.8758131559 
 807 , 21887.4292071597 
 808 , 21908.0304171059 
 809 , 21909.999009677 
 810 , 21899.1776782491 
 811 , 21882.6558960174 
 812 , 21868.1690053962 
 813 , 21863.6373046598 
 814 , 21871.4194519667 
 815 , 21885.7822692372 
 816 , 21901.0266792464 
 817 , 21914.8552546983 
 818 , 21926.029084437 
 819 , 21932.9210525602 
 820 , 21933.502537057 
 821 , 21928.0150273592 
 822 , 21924.4888513023 
 823 , 21931.669281116 
 824 , 21945.3886232324 
 825 , 21952.1322236684 
 826 , 21945.7540804514 
 827 , 21937.4373461691 
 828 , 21939.1557185659 
 829 , 21949.3197142907 
 830 , 21959.6538280933 
 831 , 21966.3289566458 
 832 , 21972.4827203891 
 833 , 21980.7582416346 
 834 , 21987.9969169136 
 835 , 21989.3357152063 
 836 , 21985.2715075322 
 837 , 21981.9430021992 
 838 , 21984.9706173858 
 839 , 21997.3109522281 
 840 , 22020.28117253 
 841 , 22040.9862498801 
 842 , 22036.5751574729 
 843 , 22001.1375723466 
 844 , 21965.9775650937 
 845 , 21962.958772209 
 846 , 21990.8868811453 
 847 , 22033.312883925 
 848 , 22075.0063696703 
 849 , 22102.5709757536 
 850 , 22106.4520701025 
 851 , 22094.2874456437 
 852 , 22078.4236127741 
 853 , 22065.7372811131 
 854 , 22058.0844021829 
 855 , 22055.4616083963 
 856 , 22053.1306959144 
 857 , 22046.6421850397 
 858 , 22043.0408832425 
 859 , 22056.023133858 
 860 , 22091.0567806049 
 861 , 22139.0494282919 
 862 , 22189.1388466558 
 863 , 22228.7178708354 
 864 , 22244.9572417375 
 865 , 22236.2373164298 
 866 , 22213.2551875339 
 867 , 22188.0566654261 
 868 , 22175.1331159762 
 869 , 22188.3285416865 
 870 , 22226.7746601699 
 871 , 22279.5662189413 
 872 , 22339.1096417822 
 873 , 22404.8714719306 
 874 , 22476.4919631201 
 875 , 22549.0931641253 
 876 , 22616.16537307 
 877 , 22678.8426422884 
 878 , 22747.5648870123 
 879 , 22827.3777521931 
 880 , 22900.9413081767 
 881 , 22947.4164096926 
 882 , 22970.5060525233 
 883 , 22991.8754409498 
 884 , 23022.4947236417 
 885 , 23049.6292671696 
 886 , 23057.9321463309 
 887 , 23035.1044060904 
 888 , 22970.6868888799 
 889 , 22873.0633767683 
 890 , 22774.0768526133 
 891 , 22698.4208516745 
 892 , 22638.1115980245 
 893 , 22578.4317088345 
 894 , 22518.5769787888 
 895 , 22467.8552866217 
 896 , 22432.0086330904 
 897 , 22408.8834389158 
 898 , 22394.9970542557 
 899 , 22384.558135169 
 900 , 22370.8699966276 
 901 , 22348.6215716586 
 902 , 22314.138677125 
 903 , 22270.751145176 
 904 , 22245.9505927313 
 905 , 22268.7069579625 
 906 , 22321.7132707576 
 907 , 22357.0147284546 
 908 , 22351.4359500682 
 909 , 22329.1536283146 
 910 , 22315.8520251615 
 911 , 22315.7527198947 
 912 , 22325.2482409212 
 913 , 22338.9720095646 
 914 , 22349.7562769055 
 915 , 22353.5745637983 
 916 , 22355.9285571274 
 917 , 22362.8600561111 
 918 , 22368.612422921 
 919 , 22360.9495589444 
 920 , 22337.8611608306 
 921 , 22313.3175879492 
 922 , 22300.3913969405 
 923 , 22301.5943750265 
 924 , 22315.9891824719 
 925 , 22336.0867635482 
 926 , 22348.96118081 
 927 , 22350.3214561414 
 928 , 22356.1561759137 
 929 , 22381.2722784177 
 930 , 22411.6052497167 
 931 , 22421.1126295821 
 932 , 22403.8611566694 
 933 , 22378.0205035267 
 934 , 22358.8018431095 
 935 , 22346.5664289466 
 936 , 22338.8329825596 
 937 , 22336.5059637146 
 938 , 22342.5476742479 
 939 , 22356.0015518333 
 940 , 22369.3054258726 
 941 , 22375.7084031843 
 942 , 22375.5266999236 
 943 , 22371.6271558379 
 944 , 22373.6743787483 
 945 , 22397.086728965 
 946 , 22443.4239388553 
 947 , 22481.9463317402 
 948 , 22483.429536339 
 949 , 22460.5645903109 
 950 , 22443.2183020318 
 951 , 22443.7920500885 
 952 , 22454.7797535671 
 953 , 22468.2410162121 
 954 , 22478.2368931028 
 955 , 22479.9313089515 
 956 , 22475.4169029669 
 957 , 22470.6107245787 
 958 , 22467.8940884799 
 959 , 22464.3866214091 
 960 , 22457.1319602587 
 961 , 22444.5969853418 
 962 , 22426.090658222 
 963 , 22407.3192052481 
 964 , 22398.508671874 
 965 , 22403.1462814391 
 966 , 22411.9978932552 
 967 , 22416.7753934657 
 968 , 22421.5910716176 
 969 , 22434.1395547218 
 970 , 22452.3718725415 
 971 , 22465.6327176232 
 972 , 22468.2558520346 
 973 , 22466.7437582725 
 974 , 22468.3978079855 
 975 , 22474.4713742739 
 976 , 22483.7007452057 
 977 , 22493.7104752702 
 978 , 22500.9555083123 
 979 , 22504.2306599344 
 980 , 22508.9954713215 
 981 , 22520.8350574947 
 982 , 22536.9864938012 
 983 , 22550.8178979693 
 984 , 22562.764560264 
 985 , 22582.0551351974 
 986 , 22613.8279703444 
 987 , 22648.0412715039 
 988 , 22672.7177678674 
 989 , 22687.2013653488 
 990 , 22697.1726648326 
 991 , 22706.9123733802 
 992 , 22718.6290490823 
 993 , 22734.6577409471 
 994 , 22758.3909759164 
 995 , 22793.5884048301 
 996 , 22845.3548114948 
 997 , 22919.4877147007 
 998 , 23012.4559539903 
 999 , 23106.1696930203 
 1000 , 23189.0351172178 
 1001 , 23281.6596872147 
 1002 , 23411.5979178928 
 1003 , 23588.7050831395 
 1004 , 23810.3623436059 
 1005 , 24045.0053149766 
 1006 , 24212.9085113276 
 1007 , 24245.1424490484 
 1008 , 24141.450646497 
 1009 , 23922.5353140993 
 1010 , 23633.8458628881 
 1011 , 23338.5141987908 
 1012 , 23086.1551380805 
 1013 , 22901.9593990079 
 1014 , 22800.0502874029 
 1015 , 22754.6578220798 
 1016 , 22729.7167646781 
 1017 , 22707.140694012 
 1018 , 22682.2172493206 
 1019 , 22656.6629796678 
 1020 , 22643.1188486216 
 1021 , 22651.1198037331 
 1022 , 22670.35694981 
 1023 , 22685.49395157 
 1024 , 22692.1217326515 
 1025 , 22693.917079594 
 1026 , 22695.8192400263 
 1027 , 22704.6632782364 
 1028 , 22725.3295486073 
 1029 , 22752.8677842539 
 1030 , 22780.0679319559 
 1031 , 22807.1437345552 
 1032 , 22839.5654021724 
 1033 , 22877.5521420765 
 1034 , 22912.212401749 
 1035 , 22937.4349214411 
 1036 , 22962.9862738219 
 1037 , 23000.6643306379 
 1038 , 23034.0724680267 
 1039 , 23028.15252589 
 1040 , 22975.3329358177 
 1041 , 22912.2251768987 
 1042 , 22870.8195101162 
 1043 , 22849.1353804077 
 1044 , 22837.5144909615 
 1045 , 22834.753411943 
 1046 , 22844.8289761546 
 1047 , 22868.0119219824 
 1048 , 22899.1110026897 
 1049 , 22931.2793733059 
 1050 , 22953.3192051294 
 1051 , 22954.5860660551 
 1052 , 22938.874840875 
 1053 , 22917.9605471141 
 1054 , 22902.8856657304 
 1055 , 22903.6439302114 
 1056 , 22923.1776558371 
 1057 , 22943.0999124092 
 1058 , 22943.0781212782 
 1059 , 22919.6465424309 
 1060 , 22877.6747712358 
 1061 , 22829.1052019801 
 1062 , 22793.601224147 
 1063 , 22783.3542209788 
 1064 , 22790.3558382981 
 1065 , 22803.3529829686 
 1066 , 22810.7716411157 
 1067 , 22801.47429229 
 1068 , 22775.6744080731 
 1069 , 22744.0777045105 
 1070 , 22715.5697172892 
 1071 , 22694.372922862 
 1072 , 22683.8762642013 
 1073 , 22686.2020142965 
 1074 , 22702.3049992857 
 1075 , 22722.1118782551 
 1076 , 22727.3794806387 
 1077 , 22712.2378943876 
 1078 , 22692.0400568477 
 1079 , 22680.1720258434 
 1080 , 22673.8645902514 
 1081 , 22667.5033203855 
 1082 , 22668.3307757198 
 1083 , 22690.8533273549 
 1084 , 22732.2185450852 
 1085 , 22766.4654745935 
 1086 , 22773.3799427011 
 1087 , 22755.0442983492 
 1088 , 22718.9195661583 
 1089 , 22681.2259921252 
 1090 , 22661.4786933868 
 1091 , 22662.4156743833 
 1092 , 22669.744827852 
 1093 , 22671.4342615692 
 1094 , 22662.2443040579 
 1095 , 22639.3292868289 
 1096 , 22607.7480955555 
 1097 , 22575.0080374266 
 1098 , 22545.6629036783 
 1099 , 22521.9614615366 
 1100 , 22501.375317711 
 1101 , 22473.6388531399 
 1102 , 22432.4464451567 
 1103 , 22389.1125788821 
 1104 , 22357.9866592996 
 1105 , 22342.9975553934 
 1106 , 22342.0286108232 
 1107 , 22341.7576791172 
 1108 , 22315.8046208328 
 1109 , 22255.6690318534 
 1110 , 22200.8660236419 
 1111 , 22189.8535100625 
 1112 , 22208.1236339192 
 1113 , 22222.5185769163 
 1114 , 22221.5522553863 
 1115 , 22211.5991224498 
 1116 , 22197.8112764146 
 1117 , 22182.2715927831 
 1118 , 22166.1935231284 
 1119 , 22148.5768312349 
 1120 , 22127.8971297119 
 1121 , 22102.8489196263 
 1122 , 22072.4780164177 
 1123 , 22043.0153495803 
 1124 , 22029.1118604726 
 1125 , 22037.48844238 
 1126 , 22053.6730952205 
 1127 , 22061.7137688719 
 1128 , 22056.1311639517 
 1129 , 22035.6569896378 
 1130 , 22005.7069557393 
 1131 , 21976.8189747105 
 1132 , 21956.815540469 
 1133 , 21948.9477505424 
 1134 , 21951.3962654459 
 1135 , 21946.0043065898 
 1136 , 21914.9715167305 
 1137 , 21872.7171386733 
 1138 , 21848.4228061973 
 1139 , 21847.691682862 
 1140 , 21852.1276009689 
 1141 , 21849.9921265771 
 1142 , 21845.81317679 
 1143 , 21845.2884856057 
 1144 , 21849.9843453971 
 1145 , 21859.4806650269 
 1146 , 21864.6196036977 
 1147 , 21851.1529589427 
 1148 , 21818.6735247384 
 1149 , 21784.4606629639 
 1150 , 21763.3253449495 
 1151 , 21760.5170646886 
 1152 , 21776.6886321777 
 1153 , 21794.6370990574 
 1154 , 21792.0607975921 
 1155 , 21767.3209025248 
 1156 , 21734.4366130724 
 1157 , 21707.4290045882 
 1158 , 21699.729047324 
 1159 , 21718.8884499836 
 1160 , 21753.9083005586 
 1161 , 21790.4476734499 
 1162 , 21816.5657877516 
 1163 , 21822.0554357545 
 1164 , 21809.4491630269 
 1165 , 21792.3391038675 
 1166 , 21779.6951228836 
 1167 , 21771.8173105062 
 1168 , 21766.6589039014 
 1169 , 21756.7861572438 
 1170 , 21734.8465092106 
 1171 , 21704.0057268397 
 1172 , 21672.4787149833 
 1173 , 21647.9013187901 
 1174 , 21637.2411876584 
 1175 , 21638.4959484808 
 1176 , 21632.7548018156 
 1177 , 21604.8154142276 
 1178 , 21561.4982733586 
 1179 , 21515.0639528578 
 1180 , 21477.9032740012 
 1181 , 21461.9338885206 
 1182 , 21466.5515736725 
 1183 , 21478.5979454585 
 1184 , 21487.474474875 
 1185 , 21488.6811397478 
 1186 , 21480.2281675562 
 1187 , 21467.4165419943 
 1188 , 21456.5398700974 
 1189 , 21446.4014935845 
 1190 , 21432.0655373899 
 1191 , 21412.081992819 
 1192 , 21388.5250179101 
 1193 , 21362.5944280809 
 1194 , 21333.4991044179 
 1195 , 21301.8396781037 
 1196 , 21274.5907790749 
 1197 , 21259.5274318001 
 1198 , 21257.9730412694 
 1199 , 21267.6899660581 
 1200 , 21279.3103417018 
 1201 , 21276.7695607143 
 1202 , 21253.9058204252 
 1203 , 21223.0585392913 
 1204 , 21195.6513411653 
 1205 , 21172.6774277317 
 1206 , 21152.8283159709 
 1207 , 21135.2703645825 
 1208 , 21119.3818711269 
 1209 , 21104.4413685309 
 1210 , 21089.5923351063 
 1211 , 21070.7266720738 
 1212 , 21038.4480389077 
 1213 , 20990.3631041033 
 1214 , 20947.8313404926 
 1215 , 20932.4015896883 
 1216 , 20936.4463185863 
 1217 , 20941.4581784448 
 1218 , 20939.58882582 
 1219 , 20931.0072659952 
 1220 , 20913.4429608408 
 1221 , 20880.9559150973 
 1222 , 20830.7736706361 
 1223 , 20769.2000423371 
 1224 , 20705.8312466906 
 1225 , 20659.7888586457 
 1226 , 20650.6586055748 
 1227 , 20668.5448272174 
 1228 , 20685.6439274673 
 1229 , 20688.1836320396 
 1230 , 20678.6860534633 
 1231 , 20658.7266722496 
 1232 , 20626.0328967257 
 1233 , 20581.5742009179 
 1234 , 20541.4544560729 
 1235 , 20521.9036942779 
 1236 , 20508.8034646732 
 1237 , 20475.0440184227 
 1238 , 20427.9111825532 
 1239 , 20404.9727610578 
 1240 , 20416.0082378374 
 1241 , 20424.5442505228 
 1242 , 20403.9070241526 
 1243 , 20369.1207924884 
 1244 , 20339.4885399694 
 1245 , 20314.1624016241 
 1246 , 20286.6730742221 
 1247 , 20270.225823919 
 1248 , 20289.8853400163 
 1249 , 20333.6482962844 
 1250 , 20345.7854862033 
 1251 , 20300.6576014994 
 1252 , 20241.5461886768 
 1253 , 20208.8338370439 
 1254 , 20196.6153070474 
 1255 , 20188.7350608769 
 1256 , 20178.5809189592 
 1257 , 20164.1525776348 
 1258 , 20146.3497915741 
 1259 , 20128.4137996038 
 1260 , 20111.5630262407 
 1261 , 20093.9811249066 
 1262 , 20075.2922347881 
 1263 , 20059.4892218556 
 1264 , 20050.947376197 
 1265 , 20052.4870477617 
 1266 , 20065.1587636779 
 1267 , 20077.6930918723 
 1268 , 20072.6803537015 
 1269 , 20046.9994672101 
 1270 , 20011.3526860046 
 1271 , 19977.7423266466 
 1272 , 19959.3967293632 
 1273 , 19960.8974910803 
 1274 , 19960.7744804541 
 1275 , 19938.6613748239 
 1276 , 19906.8234694624 
 1277 , 19886.8157425168 
 1278 , 19879.958321249 
 1279 , 19875.4601662763 
 1280 , 19866.9100572405 
 1281 , 19852.658523972 
 1282 , 19834.2791960337 
 1283 , 19818.6762476018 
 1284 , 19812.7566219482 
 1285 , 19821.7175185622 
 1286 , 19846.8647731785 
 1287 , 19869.1229014422 
 1288 , 19864.5573215198 
 1289 , 19835.4974188166 
 1290 , 19799.9240143849 
 1291 , 19760.6244411919 
 1292 , 19704.4916809098 
 1293 , 19635.7780632211 
 1294 , 19590.5547587724 
 1295 , 19591.1674653235 
 1296 , 19608.1997343489 
 1297 , 19607.5379443315 
 1298 , 19583.2550054674 
 1299 , 19540.1181530619 
 1300 , 19494.1104827728 
 1301 , 19466.9563159331 
 1302 , 19462.1401293142 
 1303 , 19465.3281788314 
 1304 , 19465.2877713037 
 1305 , 19456.9948582647 
 1306 , 19435.6563988528 
 1307 , 19395.5644108303 
 1308 , 19336.7329498118 
 1309 , 19287.4952152778 
 1310 , 19279.0073857113 
 1311 , 19292.8294514804 
 1312 , 19286.8639997795 
 1313 , 19251.7652147722 
 1314 , 19206.10607362 
 1315 , 19166.2768078262 
 1316 , 19144.3852452681 
 1317 , 19143.1100217865 
 1318 , 19144.2991582962 
 1319 , 19133.3089882338 
 1320 , 19120.5259133838 
 1321 , 19119.3105037773 
 1322 , 19121.5831626042 
 1323 , 19111.7272682071 
 1324 , 19092.10876586 
 1325 , 19077.0860636479 
 1326 , 19070.823314244 
 1327 , 19066.0014866713 
 1328 , 19056.8786126378 
 1329 , 19041.564859346 
 1330 , 19020.3597969202 
 1331 , 18998.8215611619 
 1332 , 18982.3186602864 
 1333 , 18970.5032867468 
 1334 , 18960.8548481613 
 1335 , 18947.4055777973 
 1336 , 18923.1573074126 
 1337 , 18893.2890163423 
 1338 , 18872.6025562888 
 1339 , 18861.7181450679 
 1340 , 18842.6070825379 
 1341 , 18806.3721766672 
 1342 , 18765.4759094387 
 1343 , 18733.8427783579 
 1344 , 18721.4485239471 
 1345 , 18733.1530259376 
 1346 , 18749.6385377147 
 1347 , 18746.0921061595 
 1348 , 18726.7457014459 
 1349 , 18711.3216029997 
 1350 , 18702.877793996 
 1351 , 18689.7221766701 
 1352 , 18665.1535735773 
 1353 , 18630.017170751 
 1354 , 18588.4942551566 
 1355 , 18550.7616088266 
 1356 , 18523.3845259372 
 1357 , 18497.7399830092 
 1358 , 18464.1073593872 
 1359 , 18425.1857409845 
 1360 , 18387.4308366896 
 1361 , 18351.3202529679 
 1362 , 18313.9981916655 
 1363 , 18272.6277926813 
 1364 , 18224.6670967488 
 1365 , 18177.339126423 
 1366 , 18150.5230426097 
 1367 , 18150.1950726119 
 1368 , 18152.666109847 
 1369 , 18138.7820836411 
 1370 , 18114.9680253266 
 1371 , 18090.4712015467 
 1372 , 18063.2553888333 
 1373 , 18029.1489913227 
 1374 , 17995.9016511939 
 1375 , 17975.8845703057 
 1376 , 17962.9562876316 
 1377 , 17937.5548580423 
 1378 , 17895.542776955 
 1379 , 17850.471359452 
 1380 , 17809.8037883941 
 1381 , 17769.0945172029 
 1382 , 17726.8856243329 
 1383 , 17692.423568752 
 1384 , 17672.3786556568 
 1385 , 17656.1168582381 
 1386 , 17630.8403294653 
 1387 , 17597.8262883141 
 1388 , 17563.521124893 
 1389 , 17530.6046536601 
 1390 , 17499.3381307617 
 1391 , 17466.7818458223 
 1392 , 17427.4056875864 
 1393 , 17383.2452960502 
 1394 , 17346.1848213689 
 1395 , 17323.0678922223 
 1396 , 17309.8564784531 
 1397 , 17300.7465164248 
 1398 , 17288.3780483226 
 1399 , 17268.5404381144 
 1400 , 17252.1440683406 
 1401 , 17250.2692862143 
 1402 , 17246.6698719711 
 1403 , 17216.9024910528 
 1404 , 17171.9091977483 
 1405 , 17143.1057649667 
 1406 , 17135.4845177079 
 1407 , 17130.3803358583 
 1408 , 17119.4961849417 
 1409 , 17108.9597156362 
 1410 , 17101.9121918044 
 1411 , 17094.1353473263 
 1412 , 17082.7496218163 
 1413 , 17070.7690630402 
 1414 , 17061.2007860044 
 1415 , 17052.8947335931 
 1416 , 17044.2846319688 
 1417 , 17037.8566033641 
 1418 , 17036.357286477 
 1419 , 17030.1377475781 
 1420 , 17003.4419885929 
 1421 , 16953.0179706658 
 1422 , 16885.876343404 
 1423 , 16816.9795382244 
 1424 , 16769.6234681384 
 1425 , 16749.7828942131 
 1426 , 16735.3008193563 
 1427 , 16712.9985037646 
 1428 , 16695.6658391562 
 1429 , 16694.5272302782 
 1430 , 16703.9442508916 
 1431 , 16713.5847416013 
 1432 , 16707.1540097663 
 1433 , 16671.2080790247 
 1434 , 16625.3687890145 
 1435 , 16600.6555837221 
 1436 , 16596.1646785338 
 1437 , 16591.9499798201 
 1438 , 16577.4901974558 
 1439 , 16550.7402513258 
 1440 , 16516.347633183 
 1441 , 16486.4431066017 
 1442 , 16468.1380064595 
 1443 , 16459.6664582142 
 1444 , 16456.9673906603 
 1445 , 16452.6186253032 
 1446 , 16441.0673151804 
 1447 , 16424.2562822772 
 1448 , 16406.3093176294 
 1449 , 16394.4660560323 
 1450 , 16394.9270384816 
 1451 , 16401.1489488444 
 1452 , 16402.7220551025 
 1453 , 16401.7438948963 
 1454 , 16406.731362221 
 1455 , 16417.3521318601 
 1456 , 16426.7547330184 
 1457 , 16435.379431981 
 1458 , 16451.0647811434 
 1459 , 16467.6816889733 
 1460 , 16459.3039707879 
 1461 , 16415.5022533363 
 1462 , 16357.8604447617 
 1463 , 16304.7804805905 
 1464 , 16257.2854570644 
 1465 , 16210.8412734085 
 1466 , 16150.9434075943 
 1467 , 16067.9526957807 
 1468 , 15987.4525363504 
 1469 , 15940.2697840397 
 1470 , 15917.8075480189 
 1471 , 15895.7262150354 
 1472 , 15859.4996146658 
 1473 , 15801.8561517272 
 1474 , 15739.196892302 
 1475 , 15704.3495455306 
 1476 , 15695.7455127141 
 1477 , 15677.5950762428 
 1478 , 15639.879683802 
 1479 , 15608.33078518 
 1480 , 15595.3628629031 
 1481 , 15586.06516884 
 1482 , 15571.2114411823 
 1483 , 15560.9412568614 
 1484 , 15561.4588834512 
 1485 , 15558.4728457003 
 1486 , 15540.4248226905 
 1487 , 15523.4734836898 
 1488 , 15524.7724927053 
 1489 , 15526.656131347 
 1490 , 15503.6681589694 
 1491 , 15463.5496357978 
 1492 , 15427.833671525 
 1493 , 15401.9575981666 
 1494 , 15381.6864277737 
 1495 , 15363.6437746554 
 1496 , 15345.1824184071 
 1497 , 15322.7187535576 
 1498 , 15291.8848866368 
 1499 , 15254.5691348406 
 1500 , 15220.6092686473 
 1501 , 15195.1217895101 
 1502 , 15174.6684931999 
 1503 , 15154.3656442145 
 1504 , 15127.9599599823 
 1505 , 15095.1892371013 
 1506 , 15072.5079790472 
 1507 , 15070.1776739274 
 1508 , 15066.6760503965 
 1509 , 15040.1851189381 
 1510 , 14999.8536383162 
 1511 , 14963.0328696096 
 1512 , 14942.7694829029 
 1513 , 14946.3386103159 
 1514 , 14947.9679482867 
 1515 , 14910.7707456168 
 1516 , 14846.7496816566 
 1517 , 14795.677725201 
 1518 , 14772.8803061954 
 1519 , 14774.4160505188 
 1520 , 14784.9711184845 
 1521 , 14779.6021383573 
 1522 , 14751.8159681355 
 1523 , 14716.9185810102 
 1524 , 14684.2800235181 
 1525 , 14652.9532342834 
 1526 , 14624.1610316659 
 1527 , 14604.4331065856 
 1528 , 14596.0960810972 
 1529 , 14590.8755176395 
 1530 , 14582.1482928622 
 1531 , 14571.8922959153 
 1532 , 14563.6122196215 
 1533 , 14560.9515097771 
 1534 , 14563.874320591 
 1535 , 14556.0172988933 
 1536 , 14522.2994826813 
 1537 , 14479.5557531092 
 1538 , 14452.2804856966 
 1539 , 14441.931798565 
 1540 , 14439.6657429867 
 1541 , 14432.192695513 
 1542 , 14405.6201724035 
 1543 , 14365.3049833842 
 1544 , 14328.4593956054 
 1545 , 14307.1032845705 
 1546 , 14308.1956740658 
 1547 , 14319.9751702091 
 1548 , 14314.5209991433 
 1549 , 14290.0726919271 
 1550 , 14273.8381833006 
 1551 , 14271.8413858642 
 1552 , 14260.4626524966 
 1553 , 14230.6446372386 
 1554 , 14199.4262779602 
 1555 , 14182.5874142534 
 1556 , 14189.1629372555 
 1557 , 14214.0549161459 
 1558 , 14222.0334500949 
 1559 , 14193.5641756908 
 1560 , 14162.6563367033 
 1561 , 14155.8211757722 
 1562 , 14146.1463185911 
 1563 , 14108.4954280573 
 1564 , 14066.9516202826 
 1565 , 14049.0492136467 
 1566 , 14042.1627041211 
 1567 , 14026.3311203436 
 1568 , 14006.4843079446 
 1569 , 13994.9675662578 
 1570 , 13995.4978350961 
 1571 , 14006.6384258544 
 1572 , 14014.0915703204 
 1573 , 13999.8364432307 
 1574 , 13970.6600376929 
 1575 , 13945.9000337793 
 1576 , 13926.268738948 
 1577 , 13901.1347815796 
 1578 , 13875.2024164905 
 1579 , 13863.9547500935 
 1580 , 13863.2107997721 
 1581 , 13852.2017541964 
 1582 , 13831.4627301561 
 1583 , 13822.9015276207 
 1584 , 13828.6580574858 
 1585 , 13827.3500909646 
 1586 , 13811.6958264195 
 1587 , 13794.5566597663 
 1588 , 13781.1884264793 
 1589 , 13763.4437343558 
 1590 , 13739.2656063602 
 1591 , 13718.8424848843 
 1592 , 13705.4801067067 
 1593 , 13686.7869625528 
 1594 , 13657.3973386759 
 1595 , 13631.4978103336 
 1596 , 13619.6241023135 
 1597 , 13616.5097995194 
 1598 , 13612.773505315 
 1599 , 13594.2646265295 
 1600 , 13556.8139208131 
 1601 , 13531.4725458817 
 1602 , 13542.3027713454 
 1603 , 13561.1975393569 
 1604 , 13558.9785923268 
 1605 , 13552.2648001925 
 1606 , 13561.7383084318 
 1607 , 13570.8229806286 
 1608 , 13557.1016824216 
 1609 , 13525.4675493243 
 1610 , 13489.5586992034 
 1611 , 13461.2506758287 
 1612 , 13448.1542516495 
 1613 , 13433.6187908148 
 1614 , 13394.8606816072 
 1615 , 13338.1922126631 
 1616 , 13282.0409266308 
 1617 , 13234.938444309 
 1618 , 13199.8304176076 
 1619 , 13174.200862895 
 1620 , 13152.6466394388 
 1621 , 13130.924264683 
 1622 , 13105.6781571778 
 1623 , 13075.5653662693 
 1624 , 13041.1568570709 
 1625 , 13011.0328281223 
 1626 , 12998.2821809577 
 1627 , 12997.6964552003 
 1628 , 12990.5738088458 
 1629 , 12971.6436957093 
 1630 , 12947.0337844772 
 1631 , 12919.8469799952 
 1632 , 12890.1406381317 
 1633 , 12858.0276388811 
 1634 , 12823.8838829329 
 1635 , 12790.6276938902 
 1636 , 12763.6622909541 
 1637 , 12744.4236042272 
 1638 , 12729.8697615474 
 1639 , 12718.4571285086 
 1640 , 12710.5493197696 
 1641 , 12701.5872205513 
 1642 , 12680.9367771592 
 1643 , 12647.8365155888 
 1644 , 12615.06819817 
 1645 , 12590.5655613327 
 1646 , 12574.0844843356 
 1647 , 12563.3866558013 
 1648 , 12554.1686197077 
 1649 , 12541.0776718394 
 1650 , 12517.5077027127 
 1651 , 12485.5846301872 
 1652 , 12461.829079319 
 1653 , 12454.1477322352 
 1654 , 12453.3531314062 
 1655 , 12450.1369729535 
 1656 , 12438.0433492189 
 1657 , 12415.4554012254 
 1658 , 12389.2424194248 
 1659 , 12365.0820929436 
 1660 , 12344.5075889298 
 1661 , 12326.7270779478 
 1662 , 12307.2492772554 
 1663 , 12285.878075556 
 1664 , 12272.2609332095 
 1665 , 12268.6876565062 
 1666 , 12259.0113555634 
 1667 , 12235.0714459496 
 1668 , 12211.6521644365 
 1669 , 12198.6100814613 
 1670 , 12187.636379556 
 1671 , 12172.1256283146 
 1672 , 12155.2538254162 
 1673 , 12139.6509475817 
 1674 , 12123.3654342028 
 1675 , 12103.9665773623 
 1676 , 12079.4742414053 
 1677 , 12049.4465951078 
 1678 , 12017.0534749564 
 1679 , 11988.5320557416 
 1680 , 11976.3422009297 
 1681 , 11980.6377908385 
 1682 , 11968.4771033197 
 1683 , 11921.2876973628 
 1684 , 11869.4322187778 
 1685 , 11839.7642736307 
 1686 , 11831.1502046238 
 1687 , 11836.6272899355 
 1688 , 11845.4893633735 
 1689 , 11846.2830418973 
 1690 , 11827.1638771688 
 1691 , 11786.1308972003 
 1692 , 11745.9957265695 
 1693 , 11724.5396139906 
 1694 , 11717.5067443995 
 1695 , 11715.469048022 
 1696 , 11704.5761110944 
 1697 , 11676.3475022252 
 1698 , 11636.965542986 
 1699 , 11595.3872260569 
 1700 , 11561.9826478324 
 1701 , 11546.1968397558 
 1702 , 11554.7639586237 
 1703 , 11579.8705562793 
 1704 , 11581.3530461786 
 1705 , 11540.4791578794 
 1706 , 11496.4715103221 
 1707 , 11477.2828520975 
 1708 , 11469.2272263679 
 1709 , 11457.5569088449 
 1710 , 11436.9051899002 
 1711 , 11410.8534266191 
 1712 , 11398.7332173116 
 1713 , 11405.8628474223 
 1714 , 11406.2169421467 
 1715 , 11387.4362469788 
 1716 , 11370.0299271169 
 1717 , 11364.5130245354 
 1718 , 11356.4968886127 
 1719 , 11338.1654245344 
 1720 , 11317.8354372879 
 1721 , 11302.3112457754 
 1722 , 11293.0530555956 
 1723 , 11285.9763249628 
 1724 , 11269.1569544557 
 1725 , 11242.014342772 
 1726 , 11221.9276999599 
 1727 , 11209.4512388684 
 1728 , 11179.2371293156 
 1729 , 11128.9435151803 
 1730 , 11089.9817804504 
 1731 , 11077.7596970187 
 1732 , 11083.6939553436 
 1733 , 11092.2192534748 
 1734 , 11081.9078241727 
 1735 , 11052.0578026676 
 1736 , 11025.5767208891 
 1737 , 11012.3392631762 
 1738 , 11006.678188948 
 1739 , 10998.8768442064 
 1740 , 10976.7495842387 
 1741 , 10945.1035662781 
 1742 , 10923.7200756447 
 1743 , 10913.3272863034 
 1744 , 10898.4648216733 
 1745 , 10878.7257567209 
 1746 , 10865.6516142519 
 1747 , 10861.0314515396 
 1748 , 10859.2342483508 
 1749 , 10856.4989479597 
 1750 , 10850.1645842547 
 1751 , 10833.9493038372 
 1752 , 10800.8280107829 
 1753 , 10759.7930542532 
 1754 , 10727.6100198617 
 1755 , 10706.7258557907 
 1756 , 10692.8827746175 
 1757 , 10689.7412353293 
 1758 , 10702.2006374084 
 1759 , 10716.1442856304 
 1760 , 10712.5776331858 
 1761 , 10694.9617744503 
 1762 , 10674.0477235128 
 1763 , 10651.2480134408 
 1764 , 10626.2051749187 
 1765 , 10606.5590080565 
 1766 , 10600.1305424039 
 1767 , 10603.9846810069 
 1768 , 10610.5775089369 
 1769 , 10606.0981675343 
 1770 , 10579.8610016831 
 1771 , 10537.9237922429 
 1772 , 10495.2328965348 
 1773 , 10482.9347055937 
 1774 , 10513.2906308929 
 1775 , 10537.5005050869 
 1776 , 10524.7776633689 
 1777 , 10513.8294109182 
 1778 , 10523.7907257368 
 1779 , 10509.524409225 
 1780 , 10452.6136533358 
 1781 , 10400.8476315006 
 1782 , 10383.7121581175 
 1783 , 10387.7256210648 
 1784 , 10394.3588948509 
 1785 , 10384.1498092562 
 1786 , 10356.335116139 
 1787 , 10333.9049874951 
 1788 , 10325.8917877878 
 1789 , 10323.7867696977 
 1790 , 10320.3223229891 
 1791 , 10310.8353408846 
 1792 , 10298.4896785483 
 1793 , 10292.5503986892 
 1794 , 10293.7084338707 
 1795 , 10295.9008953419 
 1796 , 10291.585330861 
 1797 , 10274.0733361412 
 1798 , 10253.4493602021 
 1799 , 10246.7186426919 
 1800 , 10250.0854060718 
 1801 , 10250.485116259 
 1802 , 10240.8011812804 
 1803 , 10217.5341354562 
 1804 , 10183.5501572511 
 1805 , 10146.2545718155 
 1806 , 10123.9772738566 
 1807 , 10129.4775881734 
 1808 , 10140.6181699535 
 1809 , 10135.5474374865 
 1810 , 10121.9795056476 
 1811 , 10110.2592256834 
 1812 , 10101.1090909171 
 1813 , 10093.6416207117 
 1814 , 10087.0589149018 
 1815 , 10080.3683375168 
 1816 , 10072.225723506 
 1817 , 10064.7939303388 
 1818 , 10065.7967778737 
 1819 , 10073.2448265244 
 1820 , 10071.4386698413 
 1821 , 10053.815012629 
 1822 , 10025.7843300338 
 1823 , 9999.3552213314 
 1824 , 9990.87530132339 
 1825 , 9994.04224217461 
 1826 , 9985.95295164249 
 1827 , 9967.0164697741 
 1828 , 9952.07669453514 
 1829 , 9940.30426276842 
 1830 , 9924.10807696813 
 1831 , 9912.35192596112 
 1832 , 9916.4534318591 
 1833 , 9917.13734550177 
 1834 , 9891.84283958049 
 1835 , 9858.07941048525 
 1836 , 9839.04851400906 
 1837 , 9832.7646304472 
 1838 , 9832.47497434088 
 1839 , 9835.67065656745 
 1840 , 9839.21898567446 
 1841 , 9836.38692076965 
 1842 , 9823.63275779813 
 1843 , 9804.96440247418 
 1844 , 9783.88736669321 
 1845 , 9761.61555875974 
 1846 , 9739.93295169505 
 1847 , 9721.8582606754 
 1848 , 9715.63675063246 
 1849 , 9733.31492194403 
 1850 , 9755.24696888377 
 1851 , 9738.28257691453 
 1852 , 9696.47685902453 
 1853 , 9679.09449870079 
 1854 , 9679.51846717742 
 1855 , 9665.13462240723 
 1856 , 9648.29111791846 
 1857 , 9653.38280276658 
 1858 , 9657.33849744783 
 1859 , 9632.37595956875 
 1860 , 9604.04841329026 
 1861 , 9599.21721654715 
 1862 , 9599.24967821809 
 1863 , 9584.81257915801 
 1864 , 9560.23996380852 
 1865 , 9534.320816101 
 1866 , 9516.99401957335 
 1867 , 9512.77094261546 
 1868 , 9517.01857254417 
 1869 , 9519.37929817108 
 1870 , 9504.10893520363 
 1871 , 9474.89958791685 
 1872 , 9454.08514710482 
 1873 , 9445.03940766133 
 1874 , 9436.49346514174 
 1875 , 9427.93626609727 
 1876 , 9425.06799068076 
 1877 , 9428.13173828134 
 1878 , 9433.59895012963 
 1879 , 9431.35500421401 
 1880 , 9414.24723550573 
 1881 , 9398.85346370667 
 1882 , 9400.11442131967 
 1883 , 9405.82453391967 
 1884 , 9404.483910313 
 1885 , 9400.3391262754 
 1886 , 9395.48540324306 
 1887 , 9383.46793757886 
 1888 , 9363.22573497739 
 1889 , 9342.6427288836 
 1890 , 9322.03784968786 
 1891 , 9293.48080184697 
 1892 , 9266.27397118432 
 1893 , 9262.00551621856 
 1894 , 9268.37881066718 
 1895 , 9255.04344692701 
 1896 , 9228.24201901857 
 1897 , 9209.24534369648 
 1898 , 9199.83986634936 
 1899 , 9194.74993677727 
 1900 , 9189.47976036019 
 1901 , 9179.95385228955 
 1902 , 9162.77118517869 
 1903 , 9140.73657043219 
 1904 , 9130.60230847166 
 1905 , 9136.15472514628 
 1906 , 9135.73361882692 
 1907 , 9121.05639932454 
 1908 , 9104.02827682902 
 1909 , 9088.28683074702 
 1910 , 9068.96308542912 
 1911 , 9052.60644350922 
 1912 , 9052.1719468046 
 1913 , 9060.68962844193 
 1914 , 9062.86086263585 
 1915 , 9059.48780081867 
 1916 , 9054.23148320523 
 1917 , 9034.74925941703 
 1918 , 8995.66276688247 
 1919 , 8968.56524135826 
 1920 , 8969.38715843543 
 1921 , 8961.06692332627 
 1922 , 8930.63320118687 
 1923 , 8917.10770240094 
 1924 , 8927.01560962336 
 1925 , 8922.55497133846 
 1926 , 8900.49973247982 
 1927 , 8888.72784930613 
 1928 , 8883.06685476799 
 1929 , 8862.20715827365 
 1930 , 8843.39434731525 
 1931 , 8852.59737459527 
 1932 , 8861.89371031586 
 1933 , 8839.36073957919 
 1934 , 8807.16559333748 
 1935 , 8792.1997323155 
 1936 , 8799.99515706444 
 1937 , 8820.46555304166 
 1938 , 8821.57451071927 
 1939 , 8799.22582291143 
 1940 , 8788.30533484827 
 1941 , 8790.05341662076 
 1942 , 8773.73284327808 
 1943 , 8747.8400514939 
 1944 , 8744.63137440494 
 1945 , 8760.99666308203 
 1946 , 8776.01743000912 
 1947 , 8767.67796189254 
 1948 , 8726.60801138645 
 1949 , 8691.64041296024 
 1950 , 8689.59602167257 
 1951 , 8688.52309162078 
 1952 , 8667.49185202939 
 1953 , 8641.13909823204 
 1954 , 8620.93466276054 
 1955 , 8609.7406714565 
 1956 , 8607.51013655367 
 1957 , 8611.57352437853 
 1958 , 8613.37187854938 
 1959 , 8602.57167291237 
 1960 , 8581.5409533323 
 1961 , 8559.04171574358 
 1962 , 8548.21091784287 
 1963 , 8554.75061764979 
 1964 , 8557.74897140976 
 1965 , 8545.84261856649 
 1966 , 8537.68047843754 
 1967 , 8534.40727727496 
 1968 , 8508.50118034451 
 1969 , 8470.39043046581 
 1970 , 8466.31303796672 
 1971 , 8490.9437946831 
 1972 , 8505.73556975912 
 1973 , 8498.13834734155 
 1974 , 8472.46160370388 
 1975 , 8454.71098045048 
 1976 , 8462.64387886003 
 1977 , 8465.08169389554 
 1978 , 8440.55694431333 
 1979 , 8410.0483789508 
 1980 , 8391.07248036532 
 1981 , 8387.43537637473 
 1982 , 8389.75521559893 
 1983 , 8378.35702938641 
 1984 , 8355.74685539328 
 1985 , 8338.36450293135 
 1986 , 8331.71465164846 
 1987 , 8333.96197159488 
 1988 , 8332.65661342545 
 1989 , 8317.46369113344 
 1990 , 8294.07593387391 
 1991 , 8271.43279038326 
 1992 , 8258.684610166 
 1993 , 8256.98392852325 
 1994 , 8257.22941878872 
 1995 , 8257.48656343315 
 1996 , 8261.76037669905 
 1997 , 8262.6957959209 
 1998 , 8249.27634353598 
 1999 , 8230.93646113544 
 2000 , 8221.82657880375 
 2001 , 8223.16048988199 
 2002 , 8230.93248522479 
 2003 , 8236.11346157724 
 2004 , 8231.46702667746 
 2005 , 8214.17446992229 
 2006 , 8188.08790625518 
 2007 , 8163.72263601795 
 2008 , 8150.77147628048 
 2009 , 8155.36560363853 
 2010 , 8162.66995147191 
 2011 , 8153.44631379797 
 2012 , 8132.89257141141 
 2013 , 8112.94234905108 
 2014 , 8104.30384712156 
 2015 , 8105.99455954717 
 2016 , 8096.69678766438 
 2017 , 8075.01075825104 
 2018 , 8064.31715820901 
 2019 , 8066.38542717065 
 2020 , 8066.35517500956 
 2021 , 8059.71840402624 
 2022 , 8048.05026415831 
 2023 , 8036.4135207548 
 2024 , 8029.28990483223 
 2025 , 8026.11734374701 
 2026 , 8021.60082992884 
 2027 , 8003.75604895544 
 2028 , 7975.1705330599 
 2029 , 7955.67449715476 
 2030 , 7946.48874287037 
 2031 , 7935.28909537945 
 2032 , 7923.85618293465 
 2033 , 7919.81616445908 
 2034 , 7924.59410793554 
 2035 , 7933.4069310908 
 2036 , 7929.10947457874 
 2037 , 7907.80485067074 
 2038 , 7892.47235233451 
 2039 , 7885.53463484976 
 2040 , 7865.28753791377 
 2041 , 7839.27435845008 
 2042 , 7832.39134369625 
 2043 , 7836.62371190986 
 2044 , 7834.89087910813 
 2045 , 7834.59250048671 
 2046 , 7839.31186228233 
 2047 , 7826.84682935522 
 2048 , 7795.4606415928 
 2049 , 7779.71410757743 
 2050 , 7779.73271124951 
 2051 , 7762.90759433364 
 2052 , 7735.66787140014 
 2053 , 7723.7372416572 
 2054 , 7722.62528617403 
 2055 , 7721.12379320893 
 2056 , 7723.11375692265 
 2057 , 7725.65986367987 
 2058 , 7706.34993476461 
 2059 , 7670.65511876584 
 2060 , 7658.85789601056 
 2061 , 7672.36334043152 
 2062 , 7682.88915150454 
 2063 , 7675.85393997066 
 2064 , 7649.47137674849 
 2065 , 7628.23739641413 
 2066 , 7627.42099147624 
 2067 , 7621.64925201953 
 2068 , 7600.5286576201 
 2069 , 7584.56127971008 
 2070 , 7576.94537831398 
 2071 , 7564.5456320168 
 2072 , 7551.38652738673 
 2073 , 7547.41562421471 
 2074 , 7542.23776875591 
 2075 , 7526.89669047769 
 2076 , 7515.81538762287 
 2077 , 7510.08121486073 
 2078 , 7482.323932812 
 2079 , 7444.18302936342 
 2080 , 7444.68108714392 
 2081 , 7471.14949401824 
 2082 , 7477.94343634545 
 2083 , 7455.85556643325 
 2084 , 7416.11840677527 
 2085 , 7392.70404896739 
 2086 , 7401.03716702806 
 2087 , 7414.1850014317 
 2088 , 7411.42411565141 
 2089 , 7385.51198522885 
 2090 , 7349.09902691674 
 2091 , 7324.38114842962 
 2092 , 7315.528287785 
 2093 , 7317.95842070158 
 2094 , 7320.79849705564 
 2095 , 7317.31839873145 
 2096 , 7310.89358961844 
 2097 , 7302.44610620334 
 2098 , 7289.83410294105 
 2099 , 7280.82876839521 
 2100 , 7285.55116094043 
 2101 , 7289.40404131577 
 2102 , 7278.69746823786 
 2103 , 7271.75768318429 
 2104 , 7274.11505345823 
 2105 , 7257.94131163756 
 2106 , 7222.43904379242 
 2107 , 7196.69261388604 
 2108 , 7189.52236204295 
 2109 , 7195.4684967696 
 2110 , 7202.76189365907 
 2111 , 7199.60083128283 
 2112 , 7180.26285532099 
 2113 , 7149.78096234231 
 2114 , 7127.94853895773 
 2115 , 7116.5907939546 
 2116 , 7102.36953690457 
 2117 , 7098.12070087896 
 2118 , 7119.06563902207 
 2119 , 7124.98428266323 
 2120 , 7087.93808807872 
 2121 , 7050.21728965852 
 2122 , 7039.80936070214 
 2123 , 7048.95452128739 
 2124 , 7052.67573079592 
 2125 , 7022.30090615613 
 2126 , 6986.20455962151 
 2127 , 6981.94671473371 
 2128 , 6986.74565393327 
 2129 , 6982.23291050102 
 2130 , 6986.48877262788 
 2131 , 6996.96537876216 
 2132 , 6986.21549151538 
 2133 , 6961.52024840237 
 2134 , 6948.37680055903 
 2135 , 6947.20909533979 
 2136 , 6947.18560799178 
 2137 , 6930.49299778471 
 2138 , 6896.62280950986 
 2139 , 6872.31062782083 
 2140 , 6863.31224408971 
 2141 , 6856.51479609909 
 2142 , 6847.6093249016 
 2143 , 6837.86701850613 
 2144 , 6832.96773469366 
 2145 , 6835.0801936608 
 2146 , 6837.07888131138 
 2147 , 6834.13315403454 
 2148 , 6825.62040236211 
 2149 , 6814.88159186556 
 2150 , 6804.85999243065 
 2151 , 6784.28527194555 
 2152 , 6748.63226068653 
 2153 , 6723.29923705334 
 2154 , 6719.6952242028 
 2155 , 6722.62598484302 
 2156 , 6718.7669530069 
 2157 , 6701.68224767874 
 2158 , 6691.10246487153 
 2159 , 6702.19053514095 
 2160 , 6699.11223610412 
 2161 , 6668.3494008263 
 2162 , 6651.59502349514 
 2163 , 6654.83198421031 
 2164 , 6649.85426100371 
 2165 , 6645.30721574899 
 2166 , 6656.95071005007 
 2167 , 6651.7053337629 
 2168 , 6615.00746504192 
 2169 , 6594.13632903871 
 2170 , 6598.78100322687 
 2171 , 6593.22284298878 
 2172 , 6579.79949433876 
 2173 , 6578.2514997484 
 2174 , 6579.23282268688 
 2175 , 6570.2652637831 
 2176 , 6552.14263448277 
 2177 , 6534.93070799199 
 2178 , 6535.76032789344 
 2179 , 6548.87961734746 
 2180 , 6555.67995367806 
 2181 , 6549.94790885341 
 2182 , 6530.67705121633 
 2183 , 6499.83012291372 
 2184 , 6473.49400181203 
 2185 , 6481.96397818901 
 2186 , 6504.94674031663 
 2187 , 6496.48435816969 
 2188 , 6470.63012011154 
 2189 , 6452.30800613695 
 2190 , 6437.20206402604 
 2191 , 6423.22176592569 
 2192 , 6417.31379627379 
 2193 , 6413.30161464456 
 2194 , 6398.94114802901 
 2195 , 6385.45156331849 
 2196 , 6383.55871392991 
 2197 , 6378.4886806925 
 2198 , 6361.47677683136 
 2199 , 6338.94221759614 
 2200 , 6324.63589521993 
 2201 , 6331.22476693892 
 2202 , 6338.5360397033 
 2203 , 6327.36859131639 
 2204 , 6313.86456390838 
 2205 , 6305.5214339905 
 2206 , 6291.59465197533 
 2207 , 6285.50675231447 
 2208 , 6306.21079095591 
 2209 , 6303.30370347942 
 2210 , 6242.96351592957 
 2211 , 6196.16157417343 
 2212 , 6195.44929793158 
 2213 , 6203.46105778813 
 2214 , 6198.26668557969 
 2215 , 6175.84795408337 
 2216 , 6156.23367504428 
 2217 , 6152.91019569367 
 2218 , 6146.4900219864 
 2219 , 6132.92236575131 
 2220 , 6129.45278281109 
 2221 , 6129.85428338155 
 2222 , 6118.58065470653 
 2223 , 6103.7638464548 
 2224 , 6092.7378181973 
 2225 , 6077.64309244474 
 2226 , 6059.13385763345 
 2227 , 6046.77072478955 
 2228 , 6034.35767774679 
 2229 , 6013.52182670158 
 2230 , 5998.90468507778 
 2231 , 5998.03790482061 
 2232 , 5996.65929981394 
 2233 , 5987.68593614637 
 2234 , 5972.98985197862 
 2235 , 5959.41367924637 
 2236 , 5952.7759196897 
 2237 , 5949.52623133921 
 2238 , 5940.64231569081 
 2239 , 5914.07799627308 
 2240 , 5888.86412478509 
 2241 , 5895.40083367843 
 2242 , 5903.75082350501 
 2243 , 5883.1449796265 
 2244 , 5850.52458064934 
 2245 , 5822.9652778153 
 2246 , 5807.99328872573 
 2247 , 5798.76909007446 
 2248 , 5785.72171387486 
 2249 , 5780.09210871136 
 2250 , 5785.42495057695 
 2251 , 5782.09290173482 
 2252 , 5769.9598565458 
 2253 , 5764.56894660418 
 2254 , 5753.30738001547 
 2255 , 5726.95134196069 
 2256 , 5722.28807777523 
 2257 , 5744.46777679717 
 2258 , 5745.99558231368 
 2259 , 5716.2940989003 
 2260 , 5675.41212757988 
 2261 , 5659.71476186511 
 2262 , 5682.60389343588 
 2263 , 5699.51126591516 
 2264 , 5691.42094381686 
 2265 , 5671.62853706488 
 2266 , 5646.26191294913 
 2267 , 5619.84304792271 
 2268 , 5604.86452956055 
 2269 , 5603.00554331449 
 2270 , 5598.45728330778 
 2271 , 5589.33667185223 
 2272 , 5582.00218617946 
 2273 , 5569.48030151064 
 2274 , 5548.81967154045 
 2275 , 5534.82613647232 
 2276 , 5530.45888855172 
 2277 , 5525.54498861795 
 2278 , 5520.41457614442 
 2279 , 5516.19417198288 
 2280 , 5499.94706566694 
 2281 , 5476.0582548625 
 2282 , 5474.2727163838 
 2283 , 5479.1617054854 
 2284 , 5455.76816256087 
 2285 , 5427.23200101308 
 2286 , 5416.66200305605 
 2287 , 5412.33268523443 
 2288 , 5409.09707988562 
 2289 , 5410.13549233182 
 2290 , 5406.98202968103 
 2291 , 5393.74483701041 
 2292 , 5385.59544305133 
 2293 , 5382.9493983946 
 2294 , 5365.83606296234 
 2295 , 5341.87456304174 
 2296 , 5327.50348853872 
 2297 , 5308.60153396127 
 2298 , 5282.88941817948 
 2299 , 5278.05263191766 
 2300 , 5286.49988749285 
 2301 , 5279.35851084563 
 2302 , 5269.80771007601 
 2303 , 5269.30396331106 
 2304 , 5255.34789148836 
 2305 , 5232.69188059102 
 2306 , 5231.19732577267 
 2307 , 5235.28826746722 
 2308 , 5222.82951363878 
 2309 , 5211.46444581463 
 2310 , 5205.36316072563 
 2311 , 5185.48843303242 
 2312 , 5158.10105523718 
 2313 , 5140.24599193588 
 2314 , 5132.92658722365 
 2315 , 5134.83454169188 
 2316 , 5145.76846151897 
 2317 , 5150.14840780432 
 2318 , 5129.69152855403 
 2319 , 5104.53266066835 
 2320 , 5092.23979863389 
 2321 , 5083.75237818583 
 2322 , 5073.97012070166 
 2323 , 5063.380847402 
 2324 , 5050.32402234016 
 2325 , 5036.67833069067 
 2326 , 5033.89672620982 
 2327 , 5037.88823147671 
 2328 , 5030.29546211451 
 2329 , 5013.55693229544 
 2330 , 4997.01741557412 
 2331 , 4982.7902639615 
 2332 , 4968.98847991034 
 2333 , 4951.9749406514 
 2334 , 4941.13030852711 
 2335 , 4944.36308779846 
 2336 , 4942.74960909727 
 2337 , 4928.1833656806 
 2338 , 4913.86918665915 
 2339 , 4903.5070502249 
