11-20-2017,19:32:48
Wavenumber(cm-1),Intensity
 250 , 14835.3672406033 
 251 , 14853.2093929432 
 252 , 14865.7473596278 
 253 , 14869.0578789654 
 254 , 14865.0222269979 
 255 , 14856.0707430656 
 256 , 14845.1799480021 
 257 , 14835.7326113305 
 258 , 14830.948473702 
 259 , 14833.1140834249 
 260 , 14844.1944283023 
 261 , 14864.2471165478 
 262 , 14888.939751256 
 263 , 14913.4894143503 
 264 , 14937.3130730555 
 265 , 14964.2661767857 
 266 , 14997.3372741564 
 267 , 15030.7223684043 
 268 , 15054.3352063936 
 269 , 15063.0457094235 
 270 , 15068.2573252268 
 271 , 15084.6073492794 
 272 , 15117.0637466679 
 273 , 15156.5084683922 
 274 , 15193.1237282004 
 275 , 15222.1521889901 
 276 , 15242.2323666382 
 277 , 15253.2343337409 
 278 , 15260.4854329712 
 279 , 15270.8823966506 
 280 , 15288.5481604261 
 281 , 15312.1654003797 
 282 , 15339.7345629431 
 283 , 15368.3246122973 
 284 , 15394.1778371127 
 285 , 15414.1896604421 
 286 , 15429.6072945522 
 287 , 15443.3895704517 
 288 , 15458.9522961875 
 289 , 15480.8813357331 
 290 , 15513.5763547991 
 291 , 15550.5495478502 
 292 , 15572.9577664953 
 293 , 15564.9067200986 
 294 , 15541.3413071353 
 295 , 15532.8167359216 
 296 , 15559.2567273315 
 297 , 15604.857242387 
 298 , 15646.6516845802 
 299 , 15673.3362664014 
 300 , 15690.0337815545 
 301 , 15702.7296335958 
 302 , 15713.2383335243 
 303 , 15720.7634788079 
 304 , 15724.6235417616 
 305 , 15724.7797014549 
 306 , 15721.3944992439 
 307 , 15717.3368882298 
 308 , 15720.074287728 
 309 , 15736.9828857881 
 310 , 15767.7497518372 
 311 , 15806.3224613711 
 312 , 15846.7033061089 
 313 , 15883.8570274299 
 314 , 15913.0805429228 
 315 , 15933.8878822968 
 316 , 15954.1922459197 
 317 , 15982.3650049352 
 318 , 16017.2179225472 
 319 , 16049.3336626281 
 320 , 16070.9405602315 
 321 , 16085.4365837602 
 322 , 16100.2434095878 
 323 , 16119.1584904756 
 324 , 16137.754569228 
 325 , 16150.8405313569 
 326 , 16161.1386205978 
 327 , 16178.9802953668 
 328 , 16212.4979607665 
 329 , 16253.3420250025 
 330 , 16286.5251504863 
 331 , 16303.9786154495 
 332 , 16314.9619944258 
 333 , 16330.9981053433 
 334 , 16353.7585527432 
 335 , 16374.6589286249 
 336 , 16386.6334643588 
 337 , 16396.8968413247 
 338 , 16418.8656608585 
 339 , 16457.8472321907 
 340 , 16497.4735391455 
 341 , 16518.4110080132 
 342 , 16517.7466517999 
 343 , 16510.5113195715 
 344 , 16510.784405594 
 345 , 16518.6964062367 
 346 , 16528.0545378648 
 347 , 16534.5393118013 
 348 , 16539.0647107425 
 349 , 16543.4058827967 
 350 , 16548.5018150659 
 351 , 16554.3616985425 
 352 , 16561.7522242775 
 353 , 16577.5317606168 
 354 , 16611.3303807116 
 355 , 16664.6364150112 
 356 , 16716.6090041815 
 357 , 16743.4749642082 
 358 , 16744.8216419643 
 359 , 16745.8628234285 
 360 , 16769.5020609234 
 361 , 16812.0853092999 
 362 , 16858.1387462226 
 363 , 16897.041896102 
 364 , 16931.1118146738 
 365 , 16964.6104482781 
 366 , 16997.7289126494 
 367 , 17026.3870095798 
 368 , 17047.2871727396 
 369 , 17063.8911011487 
 370 , 17082.4908449601 
 371 , 17106.8884483178 
 372 , 17134.7497983743 
 373 , 17162.8352471055 
 374 , 17188.3187110898 
 375 , 17208.7765388181 
 376 , 17222.64857916 
 377 , 17233.6186153883 
 378 , 17247.361283655 
 379 , 17266.7227250531 
 380 , 17288.2814341435 
 381 , 17307.9113138143 
 382 , 17323.9636940084 
 383 , 17336.9575301742 
 384 , 17348.15002802 
 385 , 17362.3881641949 
 386 , 17385.7050513623 
 387 , 17421.8084674115 
 388 , 17469.9073503055 
 389 , 17528.2348710116 
 390 , 17588.2182835906 
 391 , 17636.0962517157 
 392 , 17662.3109483341 
 393 , 17677.0217972923 
 394 , 17695.846896627 
 395 , 17724.1676720888 
 396 , 17750.5611567723 
 397 , 17763.4637356671 
 398 , 17767.7423600407 
 399 , 17778.8265740374 
 400 , 17806.573767505 
 401 , 17839.5397917282 
 402 , 17861.6787319821 
 403 , 17871.1927746862 
 404 , 17885.5855936595 
 405 , 17921.2519476585 
 406 , 17972.55434607 
 407 , 18022.3301999853 
 408 , 18058.6339016932 
 409 , 18085.073899717 
 410 , 18108.0448025297 
 411 , 18132.7996521209 
 412 , 18163.3505632446 
 413 , 18202.2547188764 
 414 , 18242.7711966718 
 415 , 18274.3796794929 
 416 , 18292.8677916701 
 417 , 18308.2350180188 
 418 , 18331.7846260054 
 419 , 18363.7755245638 
 420 , 18395.1150480789 
 421 , 18418.396645059 
 422 , 18435.9514213316 
 423 , 18453.06287097 
 424 , 18472.3860275119 
 425 , 18492.1273459418 
 426 , 18510.1113149014 
 427 , 18524.7105900156 
 428 , 18534.6474982629 
 429 , 18541.5857130137 
 430 , 18557.517191893 
 431 , 18596.2161606812 
 432 , 18654.1599944639 
 433 , 18706.2774378469 
 434 , 18729.7229338668 
 435 , 18728.927740766 
 436 , 18720.8727888147 
 437 , 18718.062251486 
 438 , 18721.8387159737 
 439 , 18731.8896208413 
 440 , 18748.4282346483 
 441 , 18772.1379908032 
 442 , 18802.7741442275 
 443 , 18835.2999969186 
 444 , 18863.2122945815 
 445 , 18883.786179945 
 446 , 18900.6908840661 
 447 , 18917.9390513306 
 448 , 18936.5182822851 
 449 , 18955.5406865717 
 450 , 18974.5284153989 
 451 , 18994.4523424322 
 452 , 19016.5614286756 
 453 , 19041.4768885187 
 454 , 19069.0992304787 
 455 , 19098.8589023956 
 456 , 19127.3118592173 
 457 , 19149.8620939298 
 458 , 19166.2841008851 
 459 , 19185.6360703389 
 460 , 19217.2275049639 
 461 , 19256.6725553868 
 462 , 19289.1863971806 
 463 , 19303.9781985902 
 464 , 19307.5876460245 
 465 , 19310.8266747861 
 466 , 19318.4539506055 
 467 , 19327.0209902967 
 468 , 19333.3316374543 
 469 , 19340.8965216551 
 470 , 19356.4400868547 
 471 , 19383.5588612907 
 472 , 19418.1496209878 
 473 , 19455.0472133548 
 474 , 19490.7211050289 
 475 , 19523.0336087436 
 476 , 19550.4190391387 
 477 , 19573.7168258913 
 478 , 19594.47823441 
 479 , 19615.6527104243 
 480 , 19642.2474416794 
 481 , 19678.1927361125 
 482 , 19716.6276605153 
 483 , 19745.151711723 
 484 , 19755.8051161204 
 485 , 19752.1809382513 
 486 , 19740.0530688373 
 487 , 19731.5758310176 
 488 , 19744.5079947512 
 489 , 19790.4575789995 
 490 , 19851.6640760805 
 491 , 19902.133475702 
 492 , 19929.5035899516 
 493 , 19941.4080620238 
 494 , 19946.8590806879 
 495 , 19953.0443305131 
 496 , 19966.2236103109 
 497 , 19989.3161306665 
 498 , 20016.9975976831 
 499 , 20042.9405120289 
 500 , 20065.0164446305 
 501 , 20084.5915855873 
 502 , 20102.2440279117 
 503 , 20114.7327495536 
 504 , 20117.9509394054 
 505 , 20114.2113617037 
 506 , 20114.4439858326 
 507 , 20128.1365873287 
 508 , 20149.5568041067 
 509 , 20166.1503546086 
 510 , 20172.0717057721 
 511 , 20176.1042398046 
 512 , 20188.2319137893 
 513 , 20208.6421106139 
 514 , 20230.4262241519 
 515 , 20248.8632137941 
 516 , 20267.6196411614 
 517 , 20292.034372473 
 518 , 20321.6133150209 
 519 , 20349.271299018 
 520 , 20368.9933578769 
 521 , 20383.2043478042 
 522 , 20397.4206172738 
 523 , 20416.6198509054 
 524 , 20444.8293730292 
 525 , 20484.8077552283 
 526 , 20527.5363111848 
 527 , 20557.2071632054 
 528 , 20565.1595003212 
 529 , 20562.487664475 
 530 , 20563.2223335087 
 531 , 20573.9358202868 
 532 , 20594.6700153616 
 533 , 20624.3123462719 
 534 , 20657.7152972518 
 535 , 20688.7011276189 
 536 , 20713.4148194051 
 537 , 20731.0271159815 
 538 , 20741.7988462706 
 539 , 20752.0470135395 
 540 , 20770.580108443 
 541 , 20801.581860848 
 542 , 20840.2892452314 
 543 , 20881.0026666647 
 544 , 20918.9532231281 
 545 , 20949.9523776517 
 546 , 20971.7366508636 
 547 , 20987.5668932896 
 548 , 21001.7442284727 
 549 , 21019.5385299947 
 550 , 21047.0891548367 
 551 , 21088.2386786154 
 552 , 21136.7558717987 
 553 , 21183.7786338626 
 554 , 21223.9370242495 
 555 , 21256.3107695928 
 556 , 21281.321395802 
 557 , 21306.1981369248 
 558 , 21340.7738788596 
 559 , 21385.2324786958 
 560 , 21422.403412014 
 561 , 21435.4387020581 
 562 , 21428.3471324004 
 563 , 21416.9145433556 
 564 , 21411.9228810013 
 565 , 21411.1158720903 
 566 , 21410.598184037 
 567 , 21412.5682557647 
 568 , 21423.9840848076 
 569 , 21448.4237952576 
 570 , 21476.8632368051 
 571 , 21497.8611742246 
 572 , 21510.5256804633 
 573 , 21525.1307080124 
 574 , 21549.4456072849 
 575 , 21575.8558006494 
 576 , 21592.1089039104 
 577 , 21596.2073433776 
 578 , 21600.6871910457 
 579 , 21617.0009916525 
 580 , 21641.1165239083 
 581 , 21662.375550729 
 582 , 21676.3815379251 
 583 , 21690.5880424198 
 584 , 21712.5711516448 
 585 , 21738.0387022476 
 586 , 21755.8958579541 
 587 , 21760.621866598 
 588 , 21760.8254332964 
 589 , 21766.6299388982 
 590 , 21778.775895079 
 591 , 21790.9946362968 
 592 , 21798.7886171663 
 593 , 21804.0672954091 
 594 , 21809.9372563528 
 595 , 21816.8799764266 
 596 , 21822.8721322063 
 597 , 21826.850741358 
 598 , 21832.3494095172 
 599 , 21844.0441704264 
 600 , 21863.2309227614 
 601 , 21887.1433731538 
 602 , 21913.0983684995 
 603 , 21940.2337130839 
 604 , 21968.3099457395 
 605 , 21996.3705245709 
 606 , 22022.3843953962 
 607 , 22045.1100245894 
 608 , 22069.6561292732 
 609 , 22103.8530000272 
 610 , 22148.1923563732 
 611 , 22189.581316977 
 612 , 22215.5623442849 
 613 , 22233.2022663243 
 614 , 22260.1241833339 
 615 , 22306.0216978256 
 616 , 22362.4073747205 
 617 , 22418.7045051917 
 618 , 22469.224137546 
 619 , 22511.4872197063 
 620 , 22544.6134131742 
 621 , 22571.9620623456 
 622 , 22597.5666430223 
 623 , 22624.7302113341 
 624 , 22656.1853104528 
 625 , 22693.3332780803 
 626 , 22733.2240614261 
 627 , 22771.9332148815 
 628 , 22804.0332486809 
 629 , 22822.7215704628 
 630 , 22823.8584379348 
 631 , 22813.9742798734 
 632 , 22802.0959448055 
 633 , 22794.0397756105 
 634 , 22792.2268649405 
 635 , 22798.5186117651 
 636 , 22812.9468862782 
 637 , 22834.8562415966 
 638 , 22858.2787858149 
 639 , 22870.8355983101 
 640 , 22863.8601474221 
 641 , 22850.5203309176 
 642 , 22850.9138842499 
 643 , 22871.3903537899 
 644 , 22899.5938359777 
 645 , 22924.253235624 
 646 , 22948.8408339339 
 647 , 22982.1793784839 
 648 , 23022.11973326 
 649 , 23049.8846923384 
 650 , 23049.2179798633 
 651 , 23030.6279895362 
 652 , 23015.6872916958 
 653 , 23014.6362795965 
 654 , 23018.7847780573 
 655 , 23019.3489895375 
 656 , 23020.468571526 
 657 , 23032.1680549954 
 658 , 23059.0048736465 
 659 , 23095.5963244918 
 660 , 23135.280376684 
 661 , 23169.4432903628 
 662 , 23188.5638232799 
 663 , 23190.6001942482 
 664 , 23188.0182989766 
 665 , 23193.7325666255 
 666 , 23209.7316271558 
 667 , 23232.23443321 
 668 , 23259.2985818217 
 669 , 23292.8590088341 
 670 , 23334.0162115003 
 671 , 23371.3417673236 
 672 , 23386.5245935666 
 673 , 23375.3656879053 
 674 , 23364.0227257387 
 675 , 23379.4121832958 
 676 , 23416.8971887953 
 677 , 23453.7347612604 
 678 , 23478.0847172921 
 679 , 23502.6055683547 
 680 , 23541.2965284049 
 681 , 23588.3537021174 
 682 , 23626.3642210754 
 683 , 23645.5936866187 
 684 , 23653.8167181333 
 685 , 23660.6300031832 
 686 , 23669.8758938877 
 687 , 23681.9817166283 
 688 , 23696.4476416485 
 689 , 23710.7974270296 
 690 , 23722.2271752092 
 691 , 23727.323889689 
 692 , 23722.3462615165 
 693 , 23709.8152683411 
 694 , 23706.1112230252 
 695 , 23727.2907838954 
 696 , 23767.46898712 
 697 , 23808.1102115778 
 698 , 23838.0757010892 
 699 , 23862.4893277178 
 700 , 23887.7612439247 
 701 , 23912.3230427031 
 702 , 23930.1583144612 
 703 , 23938.2394789026 
 704 , 23939.823519285 
 705 , 23938.6965185302 
 706 , 23936.3686794206 
 707 , 23933.1316391715 
 708 , 23929.0589473642 
 709 , 23923.8190838732 
 710 , 23917.4428861538 
 711 , 23913.4296612521 
 712 , 23916.9814086065 
 713 , 23928.9816080901 
 714 , 23942.3694691147 
 715 , 23950.7826227045 
 716 , 23959.8739122349 
 717 , 23980.7665365871 
 718 , 24013.4116938406 
 719 , 24038.7853713003 
 720 , 24039.5877013128 
 721 , 24023.4525232463 
 722 , 24008.5978590852 
 723 , 24008.8955837768 
 724 , 24031.4422039044 
 725 , 24079.4051341898 
 726 , 24135.0574451167 
 727 , 24172.9559386718 
 728 , 24182.564472324 
 729 , 24174.1163491435 
 730 , 24159.8252556203 
 731 , 24154.3403933739 
 732 , 24172.6789777177 
 733 , 24213.6490415655 
 734 , 24255.9784076391 
 735 , 24281.5936237589 
 736 , 24293.5937314099 
 737 , 24301.2123362983 
 738 , 24309.3674532618 
 739 , 24318.2750167756 
 740 , 24327.4402105118 
 741 , 24334.4380910529 
 742 , 24336.7234925357 
 743 , 24339.5002103442 
 744 , 24355.301621096 
 745 , 24392.3709565945 
 746 , 24443.1930752415 
 747 , 24496.6293709149 
 748 , 24537.7308908222 
 749 , 24548.4726997425 
 750 , 24523.4934101347 
 751 , 24494.0560116891 
 752 , 24495.3093419361 
 753 , 24528.9686506742 
 754 , 24573.8629067985 
 755 , 24611.5846456187 
 756 , 24631.3438990611 
 757 , 24625.3814100246 
 758 , 24604.9300707007 
 759 , 24591.9493445309 
 760 , 24597.8063538723 
 761 , 24613.0165337237 
 762 , 24627.0236047559 
 763 , 24639.519058865 
 764 , 24654.8855805222 
 765 , 24672.8567357217 
 766 , 24685.7675079113 
 767 , 24687.7125038692 
 768 , 24687.3011728704 
 769 , 24698.1360205564 
 770 , 24718.6494849349 
 771 , 24727.9019151923 
 772 , 24710.8503357217 
 773 , 24685.8064332654 
 774 , 24679.844261923 
 775 , 24697.5097924249 
 776 , 24720.3916150459 
 777 , 24733.8533495459 
 778 , 24740.4378586037 
 779 , 24746.0617341649 
 780 , 24749.2604178667 
 781 , 24742.6501257906 
 782 , 24725.7565906744 
 783 , 24717.3195758074 
 784 , 24736.6357503004 
 785 , 24773.3427765259 
 786 , 24798.691873885 
 787 , 24798.5242082262 
 788 , 24789.2554696786 
 789 , 24790.0617504078 
 790 , 24812.2341840237 
 791 , 24863.090172374 
 792 , 24935.4441145854 
 793 , 24999.6155981154 
 794 , 25030.9095291584 
 795 , 25043.7413492252 
 796 , 25065.5570113195 
 797 , 25102.6464183179 
 798 , 25136.5743450059 
 799 , 25151.8956188131 
 800 , 25150.9144898397 
 801 , 25140.618454566 
 802 , 25131.5830583287 
 803 , 25137.4959941187 
 804 , 25164.2927084494 
 805 , 25195.3565647413 
 806 , 25211.684904977 
 807 , 25212.9692138387 
 808 , 25210.7833000195 
 809 , 25212.7029898615 
 810 , 25217.7546529544 
 811 , 25224.2626424332 
 812 , 25233.1152897029 
 813 , 25246.3033214319 
 814 , 25262.4597609904 
 815 , 25275.3250589983 
 816 , 25279.6100097951 
 817 , 25276.8924572069 
 818 , 25270.9800060772 
 819 , 25267.1671837789 
 820 , 25272.2844855306 
 821 , 25288.9119751549 
 822 , 25304.9231904405 
 823 , 25306.4151199911 
 824 , 25298.0088477195 
 825 , 25297.7321023738 
 826 , 25312.5925530503 
 827 , 25323.7109695564 
 828 , 25312.3279996409 
 829 , 25290.8336831215 
 830 , 25286.8249283949 
 831 , 25308.793347473 
 832 , 25335.4495561142 
 833 , 25347.058758497 
 834 , 25345.7199423165 
 835 , 25340.5709355322 
 836 , 25336.3539962776 
 837 , 25333.1807007071 
 838 , 25330.4852499725 
 839 , 25326.1543455982 
 840 , 25317.9522066378 
 841 , 25306.3465795329 
 842 , 25293.7142069027 
 843 , 25282.0390106356 
 844 , 25272.3652468036 
 845 , 25265.7319048475 
 846 , 25264.0805667664 
 847 , 25269.7167768041 
 848 , 25282.4412228583 
 849 , 25298.520926884 
 850 , 25313.4863968582 
 851 , 25320.6849659844 
 852 , 25313.5404476504 
 853 , 25299.5191850027 
 854 , 25298.9606562537 
 855 , 25323.5725275241 
 856 , 25359.2893925484 
 857 , 25388.4107393131 
 858 , 25402.381062855 
 859 , 25398.115784667 
 860 , 25381.2745555091 
 861 , 25372.7100229911 
 862 , 25390.3029970496 
 863 , 25425.6459678171 
 864 , 25461.0713379768 
 865 , 25485.6348899461 
 866 , 25495.7941569031 
 867 , 25493.3780544595 
 868 , 25497.2198305928 
 869 , 25527.7728824145 
 870 , 25580.3274470119 
 871 , 25633.0281440378 
 872 , 25672.603103198 
 873 , 25703.7329175603 
 874 , 25734.184723442 
 875 , 25777.9843852188 
 876 , 25851.2081711003 
 877 , 25952.2697033635 
 878 , 26058.0856626117 
 879 , 26149.1160333492 
 880 , 26224.0184738571 
 881 , 26285.6189058759 
 882 , 26335.2656789162 
 883 , 26373.2124334441 
 884 , 26398.0405098241 
 885 , 26404.8170521786 
 886 , 26388.2892656401 
 887 , 26344.1298484392 
 888 , 26268.5724859512 
 889 , 26163.6555028245 
 890 , 26038.6439924796 
 891 , 25908.911641444 
 892 , 25811.2736446275 
 893 , 25783.3548610406 
 894 , 25803.883506216 
 895 , 25808.8745109227 
 896 , 25764.0151401214 
 897 , 25698.7404805803 
 898 , 25646.3204840067 
 899 , 25612.4138744518 
 900 , 25591.3111675541 
 901 , 25576.8255502175 
 902 , 25562.2492818975 
 903 , 25545.3466808913 
 904 , 25539.6239499011 
 905 , 25559.7694581308 
 906 , 25592.9886640659 
 907 , 25608.287947641 
 908 , 25589.605532623 
 909 , 25549.404385404 
 910 , 25502.8497562637 
 911 , 25462.6386379326 
 912 , 25440.1625759379 
 913 , 25436.7510619092 
 914 , 25443.3567382449 
 915 , 25452.4951557754 
 916 , 25462.7099892949 
 917 , 25473.5560858722 
 918 , 25483.643391761 
 919 , 25491.0481894146 
 920 , 25493.7788701529 
 921 , 25489.7477759148 
 922 , 25478.9453515285 
 923 , 25471.0504877084 
 924 , 25477.6319759428 
 925 , 25494.6366567476 
 926 , 25505.0029712176 
 927 , 25501.4782401145 
 928 , 25500.3295524018 
 929 , 25517.1994725742 
 930 , 25539.5933931058 
 931 , 25543.3901360897 
 932 , 25525.5848696165 
 933 , 25508.4776956628 
 934 , 25508.1994319899 
 935 , 25514.8937380543 
 936 , 25514.5801755381 
 937 , 25508.6439628059 
 938 , 25507.956929051 
 939 , 25516.554039603 
 940 , 25526.7964724639 
 941 , 25531.6523583578 
 942 , 25532.5210083764 
 943 , 25533.3693113434 
 944 , 25537.8996317371 
 945 , 25549.5794682301 
 946 , 25569.8817285829 
 947 , 25595.7093781899 
 948 , 25622.9979154764 
 949 , 25645.4097579033 
 950 , 25655.886360582 
 951 , 25654.4753012305 
 952 , 25649.2972095911 
 953 , 25646.7214597695 
 954 , 25646.3042779018 
 955 , 25646.0346974905 
 956 , 25641.5265425291 
 957 , 25627.2160410459 
 958 , 25605.7225364124 
 959 , 25591.717632511 
 960 , 25595.8403810157 
 961 , 25608.1061178743 
 962 , 25613.8605012395 
 963 , 25607.2161974331 
 964 , 25588.6105116959 
 965 , 25562.8283153179 
 966 , 25542.4870278194 
 967 , 25537.7565560573 
 968 , 25541.2559055183 
 969 , 25540.3443918962 
 970 , 25532.6398588793 
 971 , 25524.8273782363 
 972 , 25519.6180880107 
 973 , 25509.8545282757 
 974 , 25490.5520132141 
 975 , 25480.4401845774 
 976 , 25506.797720508 
 977 , 25567.3333534673 
 978 , 25628.3328960877 
 979 , 25662.4198633815 
 980 , 25664.0676410558 
 981 , 25634.3261426929 
 982 , 25597.149272001 
 983 , 25586.9687398083 
 984 , 25614.0140292582 
 985 , 25658.4212213683 
 986 , 25703.0493432474 
 987 , 25745.7997431988 
 988 , 25787.166988248 
 989 , 25822.9859347758 
 990 , 25846.5957494924 
 991 , 25857.1947704697 
 992 , 25862.2765901203 
 993 , 25869.6656192131 
 994 , 25886.086913535 
 995 , 25917.8598589779 
 996 , 25969.6357128086 
 997 , 26044.8426071606 
 998 , 26136.3113932487 
 999 , 26220.3831544526 
 1000 , 26285.4650846231 
 1001 , 26375.9812269262 
 1002 , 26545.9024198696 
 1003 , 26786.478914292 
 1004 , 27046.1359578892 
 1005 , 27274.1673973414 
 1006 , 27422.7150454719 
 1007 , 27452.4178374983 
 1008 , 27360.5968546375 
 1009 , 27156.6961421773 
 1010 , 26875.9834328097 
 1011 , 26572.2429200925 
 1012 , 26290.7107101533 
 1013 , 26060.8926139821 
 1014 , 25904.418638887 
 1015 , 25813.7533650898 
 1016 , 25772.6880846635 
 1017 , 25761.9774916117 
 1018 , 25760.2144125084 
 1019 , 25753.6591194057 
 1020 , 25742.3616182023 
 1021 , 25728.2693654643 
 1022 , 25715.5267848086 
 1023 , 25708.3923768702 
 1024 , 25703.6857710544 
 1025 , 25692.8459418566 
 1026 , 25677.3036202179 
 1027 , 25676.3634130989 
 1028 , 25706.0779687622 
 1029 , 25759.2674589377 
 1030 , 25822.1366550768 
 1031 , 25881.2426344068 
 1032 , 25923.5330936969 
 1033 , 25946.6465259906 
 1034 , 25966.3593143781 
 1035 , 25994.4189433826 
 1036 , 26017.4891428586 
 1037 , 26017.2274585495 
 1038 , 25997.4934645535 
 1039 , 25976.9698290301 
 1040 , 25960.8699450394 
 1041 , 25932.5855026175 
 1042 , 25882.393660596 
 1043 , 25835.6524469684 
 1044 , 25822.8800413366 
 1045 , 25835.2459000269 
 1046 , 25839.9118945179 
 1047 , 25826.3329798782 
 1048 , 25816.6630337624 
 1049 , 25828.2267242884 
 1050 , 25852.257567895 
 1051 , 25875.6957319108 
 1052 , 25899.5165825236 
 1053 , 25932.0571496367 
 1054 , 25966.1361224987 
 1055 , 25974.6450016892 
 1056 , 25942.3876476682 
 1057 , 25894.5209180946 
 1058 , 25860.5232812019 
 1059 , 25843.0781330124 
 1060 , 25832.187695579 
 1061 , 25822.0795443537 
 1062 , 25811.7279954647 
 1063 , 25800.9445182764 
 1064 , 25791.0622640435 
 1065 , 25783.3718475866 
 1066 , 25777.317127236 
 1067 , 25771.6392784837 
 1068 , 25765.8303598507 
 1069 , 25760.0725834773 
 1070 , 25753.4836741936 
 1071 , 25742.8860136266 
 1072 , 25725.4968893923 
 1073 , 25702.0912465894 
 1074 , 25674.8787169487 
 1075 , 25650.1964068024 
 1076 , 25637.4036729525 
 1077 , 25638.5538512132 
 1078 , 25643.243882386 
 1079 , 25643.2603671975 
 1080 , 25644.0424300902 
 1081 , 25653.782665629 
 1082 , 25673.4794789938 
 1083 , 25699.7044614873 
 1084 , 25724.0475362859 
 1085 , 25731.5868812265 
 1086 , 25715.213726939 
 1087 , 25692.9293542092 
 1088 , 25684.0322628812 
 1089 , 25681.6757077026 
 1090 , 25667.7381432326 
 1091 , 25640.1724469657 
 1092 , 25613.2787897521 
 1093 , 25596.5429643796 
 1094 , 25586.9829042155 
 1095 , 25579.2656427594 
 1096 , 25564.5612728922 
 1097 , 25533.5939278226 
 1098 , 25487.6946146271 
 1099 , 25436.1868297508 
 1100 , 25385.8755840248 
 1101 , 25339.1129270728 
 1102 , 25297.2498337517 
 1103 , 25259.420491732 
 1104 , 25224.3888598555 
 1105 , 25192.3383871161 
 1106 , 25164.1724241787 
 1107 , 25139.0724368806 
 1108 , 25114.1894543616 
 1109 , 25087.4867685068 
 1110 , 25059.3208363087 
 1111 , 25031.3128789604 
 1112 , 25010.4757701484 
 1113 , 25005.1529875104 
 1114 , 25012.0530217023 
 1115 , 25018.3578559024 
 1116 , 25016.0982723068 
 1117 , 25006.2829491793 
 1118 , 24990.2559203393 
 1119 , 24967.1090867911 
 1120 , 24936.3925898657 
 1121 , 24907.4133182127 
 1122 , 24894.578611018 
 1123 , 24901.5546845039 
 1124 , 24919.3124893192 
 1125 , 24936.3685167577 
 1126 , 24936.8843326084 
 1127 , 24909.1599708997 
 1128 , 24869.4239294634 
 1129 , 24842.3370881383 
 1130 , 24828.2337156526 
 1131 , 24808.8102194599 
 1132 , 24777.5416158551 
 1133 , 24747.5809840598 
 1134 , 24729.4759837989 
 1135 , 24718.4205803709 
 1136 , 24706.70330946 
 1137 , 24690.3652347393 
 1138 , 24667.5062986165 
 1139 , 24641.5062043716 
 1140 , 24621.0626153316 
 1141 , 24610.2758813968 
 1142 , 24603.071968393 
 1143 , 24593.6523062855 
 1144 , 24583.4977908003 
 1145 , 24576.0824445203 
 1146 , 24573.4696673486 
 1147 , 24576.6397168815 
 1148 , 24579.1403330306 
 1149 , 24565.1132697112 
 1150 , 24529.3132736833 
 1151 , 24496.2027513451 
 1152 , 24489.5339626646 
 1153 , 24500.2632561362 
 1154 , 24508.424225556 
 1155 , 24509.2355974859 
 1156 , 24509.363047883 
 1157 , 24511.5998732675 
 1158 , 24512.4218137678 
 1159 , 24510.617387135 
 1160 , 24514.0172996973 
 1161 , 24527.7195917904 
 1162 , 24524.8055515134 
 1163 , 24468.240513918 
 1164 , 24388.1752785128 
 1165 , 24372.6398826597 
 1166 , 24442.7681886072 
 1167 , 24500.1822396689 
 1168 , 24468.4772127637 
 1169 , 24394.5571510633 
 1170 , 24344.9909259902 
 1171 , 24318.9985344935 
 1172 , 24284.822028478 
 1173 , 24243.2726408019 
 1174 , 24226.3792882969 
 1175 , 24243.7991631185 
 1176 , 24260.5154296321 
 1177 , 24246.8509986346 
 1178 , 24213.7430053621 
 1179 , 24180.8712861479 
 1180 , 24156.9679924425 
 1181 , 24144.8102343621 
 1182 , 24139.3825646452 
 1183 , 24127.9526762092 
 1184 , 24105.5472531149 
 1185 , 24083.0704704758 
 1186 , 24070.0944374137 
 1187 , 24063.3358155199 
 1188 , 24056.6245355246 
 1189 , 24046.9984523832 
 1190 , 24033.1619092225 
 1191 , 24013.8332306204 
 1192 , 23987.7398451125 
 1193 , 23954.7242859161 
 1194 , 23916.7865964523 
 1195 , 23877.8064662619 
 1196 , 23848.0905685793 
 1197 , 23837.7211598626 
 1198 , 23841.6056055913 
 1199 , 23847.516863949 
 1200 , 23852.8852130186 
 1201 , 23864.3349285906 
 1202 , 23878.8164014515 
 1203 , 23875.013021606 
 1204 , 23836.9130331447 
 1205 , 23774.7664518985 
 1206 , 23705.7251440687 
 1207 , 23654.1311997719 
 1208 , 23645.486038711 
 1209 , 23666.5746032829 
 1210 , 23670.8735334936 
 1211 , 23639.7627846239 
 1212 , 23601.8997543251 
 1213 , 23577.3010149746 
 1214 , 23544.7933368657 
 1215 , 23481.5822968995 
 1216 , 23407.1021920504 
 1217 , 23356.4505043787 
 1218 , 23348.0778131267 
 1219 , 23387.1243877067 
 1220 , 23446.3344912156 
 1221 , 23453.8247041248 
 1222 , 23372.3717013433 
 1223 , 23264.9423291185 
 1224 , 23197.6815768417 
 1225 , 23167.6212223518 
 1226 , 23150.6347470191 
 1227 , 23138.8239900811 
 1228 , 23134.2723268364 
 1229 , 23134.7692323896 
 1230 , 23133.0262713153 
 1231 , 23119.8460692662 
 1232 , 23082.6036138826 
 1233 , 23016.8664935272 
 1234 , 22953.2240985501 
 1235 , 22926.1709397988 
 1236 , 22929.4914686328 
 1237 , 22937.8283641118 
 1238 , 22939.669263406 
 1239 , 22935.9210325046 
 1240 , 22925.9199132107 
 1241 , 22905.789094373 
 1242 , 22874.0582996426 
 1243 , 22837.3079233875 
 1244 , 22802.3826235936 
 1245 , 22768.974705167 
 1246 , 22734.7300707496 
 1247 , 22703.6613835867 
 1248 , 22683.8019534441 
 1249 , 22676.940999217 
 1250 , 22677.4178650197 
 1251 , 22677.6591699566 
 1252 , 22666.9512383018 
 1253 , 22638.0262484194 
 1254 , 22598.8832173993 
 1255 , 22560.4707969926 
 1256 , 22527.2629269623 
 1257 , 22500.7772231357 
 1258 , 22483.4575218312 
 1259 , 22478.4007988987 
 1260 , 22482.2475426986 
 1261 , 22482.2517621227 
 1262 , 22470.8465294727 
 1263 , 22455.8607027525 
 1264 , 22444.8652085569 
 1265 , 22432.1272789722 
 1266 , 22408.9495730498 
 1267 , 22376.9087089401 
 1268 , 22343.127232232 
 1269 , 22311.9324222933 
 1270 , 22284.9411368266 
 1271 , 22266.2908029621 
 1272 , 22264.4927544598 
 1273 , 22280.3971978562 
 1274 , 22290.8477468543 
 1275 , 22273.8786301344 
 1276 , 22238.5496824863 
 1277 , 22203.44133512 
 1278 , 22175.2741130679 
 1279 , 22153.9028096957 
 1280 , 22147.5391311951 
 1281 , 22172.9202898256 
 1282 , 22224.1558763641 
 1283 , 22254.4751135527 
 1284 , 22231.6412841894 
 1285 , 22182.1936628968 
 1286 , 22139.6585607047 
 1287 , 22111.7292569302 
 1288 , 22096.5128947573 
 1289 , 22087.6892575586 
 1290 , 22076.2117331267 
 1291 , 22053.2147788645 
 1292 , 22010.1899984709 
 1293 , 21949.5029914668 
 1294 , 21892.6032404027 
 1295 , 21856.0477262356 
 1296 , 21835.5446739493 
 1297 , 21822.8986703284 
 1298 , 21810.249218938 
 1299 , 21790.9336049048 
 1300 , 21769.3934899956 
 1301 , 21756.1612326136 
 1302 , 21752.5553797439 
 1303 , 21750.8198676956 
 1304 , 21742.4624607486 
 1305 , 21718.41718813 
 1306 , 21674.0086695103 
 1307 , 21616.7500594439 
 1308 , 21557.2313124836 
 1309 , 21510.8866484027 
 1310 , 21491.8496812979 
 1311 , 21490.2383016491 
 1312 , 21484.7441685728 
 1313 , 21470.4234474366 
 1314 , 21456.1288909926 
 1315 , 21442.8770764937 
 1316 , 21420.2775074534 
 1317 , 21385.2072287088 
 1318 , 21353.0592011843 
 1319 , 21335.9681665995 
 1320 , 21323.273902758 
 1321 , 21301.0157369607 
 1322 , 21270.7178970116 
 1323 , 21240.0305789141 
 1324 , 21212.265568235 
 1325 , 21187.7854908309 
 1326 , 21168.1428129242 
 1327 , 21156.2357415486 
 1328 , 21152.2781723595 
 1329 , 21151.5956779135 
 1330 , 21150.2408150484 
 1331 , 21147.8696463564 
 1332 , 21144.4772311961 
 1333 , 21138.4760320532 
 1334 , 21127.8812373868 
 1335 , 21111.5255143003 
 1336 , 21088.8641330843 
 1337 , 21062.7004432304 
 1338 , 21038.4193146633 
 1339 , 21015.2680265965 
 1340 , 20984.4996938109 
 1341 , 20943.7823675855 
 1342 , 20905.0907659062 
 1343 , 20877.859301274 
 1344 , 20857.0016413486 
 1345 , 20835.7574492695 
 1346 , 20815.1859148475 
 1347 , 20799.1783049721 
 1348 , 20792.5207305535 
 1349 , 20799.6251574229 
 1350 , 20808.6197809878 
 1351 , 20793.70443395 
 1352 , 20748.4492248198 
 1353 , 20693.5799649079 
 1354 , 20645.7789979874 
 1355 , 20608.8296577755 
 1356 , 20581.288087867 
 1357 , 20549.3963680381 
 1358 , 20501.1296763521 
 1359 , 20449.4313787115 
 1360 , 20413.6135892833 
 1361 , 20389.6009307355 
 1362 , 20360.6740374134 
 1363 , 20317.1279113582 
 1364 , 20255.7961165086 
 1365 , 20189.4359457716 
 1366 , 20151.203698151 
 1367 , 20154.0037986554 
 1368 , 20167.2607464557 
 1369 , 20163.7759228812 
 1370 , 20143.4976440895 
 1371 , 20111.4956339311 
 1372 , 20071.6560046684 
 1373 , 20027.8456229518 
 1374 , 19986.8821215367 
 1375 , 19956.5663107917 
 1376 , 19937.7920215173 
 1377 , 19926.0371776033 
 1378 , 19910.6223561104 
 1379 , 19874.2461707469 
 1380 , 19813.0039775704 
 1381 , 19746.2723863537 
 1382 , 19688.239015171 
 1383 , 19633.8500748405 
 1384 , 19578.4780810158 
 1385 , 19531.6141202955 
 1386 , 19503.7432180475 
 1387 , 19488.9433283836 
 1388 , 19475.323944591 
 1389 , 19455.9810568251 
 1390 , 19427.4200241419 
 1391 , 19394.2358183181 
 1392 , 19367.8599866628 
 1393 , 19350.5357490922 
 1394 , 19332.3690138989 
 1395 , 19307.9973416817 
 1396 , 19282.2526431378 
 1397 , 19256.9299988869 
 1398 , 19221.7884543009 
 1399 , 19171.4420992712 
 1400 , 19131.4129620442 
 1401 , 19128.9001669475 
 1402 , 19144.3329111884 
 1403 , 19141.6448554465 
 1404 , 19118.291905006 
 1405 , 19091.8963144175 
 1406 , 19069.3472860622 
 1407 , 19047.6833477409 
 1408 , 19024.9278319816 
 1409 , 19000.8190260472 
 1410 , 18974.6329685901 
 1411 , 18944.5765958738 
 1412 , 18913.3082748993 
 1413 , 18896.0409009125 
 1414 , 18902.2653300389 
 1415 , 18909.1323574471 
 1416 , 18891.2191535155 
 1417 , 18858.7507588927 
 1418 , 18833.0162577791 
 1419 , 18810.4471044468 
 1420 , 18774.8836468942 
 1421 , 18730.0248901609 
 1422 , 18694.9057636627 
 1423 , 18672.9672617015 
 1424 , 18649.8082794417 
 1425 , 18619.3518571707 
 1426 , 18590.2109522172 
 1427 , 18568.1921353727 
 1428 , 18549.8012508106 
 1429 , 18531.9909369621 
 1430 , 18517.3793742915 
 1431 , 18507.6727157501 
 1432 , 18494.5959198311 
 1433 , 18469.1748899736 
 1434 , 18438.8236492245 
 1435 , 18416.5856558711 
 1436 , 18399.4694775597 
 1437 , 18375.2145266723 
 1438 , 18341.4713095414 
 1439 , 18304.4412004717 
 1440 , 18270.123759731 
 1441 , 18243.9552741419 
 1442 , 18231.0963862165 
 1443 , 18236.2658344486 
 1444 , 18253.663300322 
 1445 , 18253.6972006651 
 1446 , 18218.9176887819 
 1447 , 18181.4300316803 
 1448 , 18173.357472897 
 1449 , 18181.3176067968 
 1450 , 18181.8553484548 
 1451 , 18171.1427372272 
 1452 , 18154.8694923963 
 1453 , 18153.9297661999 
 1454 , 18194.3869646124 
 1455 , 18252.865472678 
 1456 , 18270.3718747344 
 1457 , 18241.9354624981 
 1458 , 18218.5102948878 
 1459 , 18213.619787928 
 1460 , 18185.2633257723 
 1461 , 18116.1292670353 
 1462 , 18043.2502372798 
 1463 , 17993.1292576706 
 1464 , 17949.5308704447 
 1465 , 17894.8797247485 
 1466 , 17831.1094437413 
 1467 , 17763.5866807926 
 1468 , 17693.1032359267 
 1469 , 17619.9942418376 
 1470 , 17551.2747561108 
 1471 , 17495.7465151564 
 1472 , 17451.8152876818 
 1473 , 17412.5607386215 
 1474 , 17380.1470301588 
 1475 , 17363.0305791606 
 1476 , 17354.5325242955 
 1477 , 17333.2039095833 
 1478 , 17299.5461183912 
 1479 , 17283.5385872551 
 1480 , 17291.7029993452 
 1481 , 17286.4157479494 
 1482 , 17245.5261868927 
 1483 , 17192.6538193329 
 1484 , 17151.2191540362 
 1485 , 17124.2545430822 
 1486 , 17109.8149926918 
 1487 , 17101.5402955303 
 1488 , 17092.6501598565 
 1489 , 17080.4429448476 
 1490 , 17064.2292694055 
 1491 , 17047.8321102965 
 1492 , 17036.1644049664 
 1493 , 17023.6505892519 
 1494 , 16999.2135840255 
 1495 , 16964.1107556592 
 1496 , 16928.9385419071 
 1497 , 16897.3837505917 
 1498 , 16866.0119190566 
 1499 , 16831.7207896621 
 1500 , 16792.3051648909 
 1501 , 16751.1869802061 
 1502 , 16720.8339724952 
 1503 , 16707.0705876581 
 1504 , 16700.0433358843 
 1505 , 16690.3613931221 
 1506 , 16675.2412899572 
 1507 , 16654.5443588363 
 1508 , 16633.5553300444 
 1509 , 16615.7781047109 
 1510 , 16590.9906471552 
 1511 , 16548.5482591507 
 1512 , 16499.066655004 
 1513 , 16458.8516335433 
 1514 , 16426.5292779874 
 1515 , 16393.2922315912 
 1516 , 16360.8012101286 
 1517 , 16336.5090337917 
 1518 , 16320.1302676993 
 1519 , 16305.6108604028 
 1520 , 16289.4446245903 
 1521 , 16270.765538234 
 1522 , 16252.2828845202 
 1523 , 16240.5656300448 
 1524 , 16232.9765774962 
 1525 , 16213.3761083896 
 1526 , 16174.761365852 
 1527 , 16128.3946938568 
 1528 , 16088.451002815 
 1529 , 16071.3524036012 
 1530 , 16081.4237073058 
 1531 , 16088.4100802022 
 1532 , 16067.3903361215 
 1533 , 16033.052768395 
 1534 , 16004.5098948421 
 1535 , 15982.2136757848 
 1536 , 15961.9265341175 
 1537 , 15941.8590694225 
 1538 , 15921.2999958636 
 1539 , 15901.1876242194 
 1540 , 15883.1333004472 
 1541 , 15868.5004727568 
 1542 , 15857.8223353996 
 1543 , 15843.6860608559 
 1544 , 15814.8018732457 
 1545 , 15777.0330996411 
 1546 , 15748.8548518766 
 1547 , 15737.4323937274 
 1548 , 15739.0079304544 
 1549 , 15743.7299794343 
 1550 , 15735.8403186005 
 1551 , 15714.0650507337 
 1552 , 15696.3863465099 
 1553 , 15686.4768610301 
 1554 , 15663.5733120769 
 1555 , 15624.0076863701 
 1556 , 15600.2390741341 
 1557 , 15607.3173480031 
 1558 , 15612.0995303001 
 1559 , 15591.2362421925 
 1560 , 15565.649996338 
 1561 , 15555.812131458 
 1562 , 15556.6894807106 
 1563 , 15556.6517856741 
 1564 , 15538.4872426624 
 1565 , 15491.6139345894 
 1566 , 15442.9293895928 
 1567 , 15422.6244387862 
 1568 , 15417.6815137207 
 1569 , 15404.8218601071 
 1570 , 15393.3715450404 
 1571 , 15402.203173746 
 1572 , 15418.1545010577 
 1573 , 15415.2003055972 
 1574 , 15394.1423364368 
 1575 , 15369.766508938 
 1576 , 15341.2553902392 
 1577 , 15298.7460364272 
 1578 , 15252.3647599384 
 1579 , 15226.3012222154 
 1580 , 15220.7897792626 
 1581 , 15215.3850770225 
 1582 , 15205.0750832291 
 1583 , 15200.7343907759 
 1584 , 15202.1424730216 
 1585 , 15195.649002871 
 1586 , 15174.3186455754 
 1587 , 15141.1832773443 
 1588 , 15107.3287907385 
 1589 , 15094.6822764238 
 1590 , 15106.8929765755 
 1591 , 15114.8837153574 
 1592 , 15096.4517017067 
 1593 , 15049.0869932941 
 1594 , 14985.1737123587 
 1595 , 14945.0069676206 
 1596 , 14949.7261257052 
 1597 , 14962.8061804811 
 1598 , 14951.2099136016 
 1599 , 14917.463905255 
 1600 , 14874.6309214496 
 1601 , 14849.476021312 
 1602 , 14861.1679294402 
 1603 , 14890.5799406479 
 1604 , 14912.9053734012 
 1605 , 14916.507546082 
 1606 , 14897.3885128009 
 1607 , 14871.364359499 
 1608 , 14855.0508801195 
 1609 , 14838.2778666241 
 1610 , 14806.1271936292 
 1611 , 14768.3085276718 
 1612 , 14739.5727986348 
 1613 , 14707.29326029 
 1614 , 14652.5488969789 
 1615 , 14594.0280985385 
 1616 , 14562.9985043319 
 1617 , 14551.8649409017 
 1618 , 14534.6167629756 
 1619 , 14496.408644311 
 1620 , 14431.3559920211 
 1621 , 14362.4983651778 
 1622 , 14326.3106582581 
 1623 , 14311.2732261458 
 1624 , 14277.8529543654 
 1625 , 14237.2476053765 
 1626 , 14233.8035323638 
 1627 , 14257.82919817 
 1628 , 14259.4018510479 
 1629 , 14227.4890194485 
 1630 , 14184.2612638489 
 1631 , 14146.4816725461 
 1632 , 14124.2650025339 
 1633 , 14109.4299792981 
 1634 , 14077.374318173 
 1635 , 14030.0254833275 
 1636 , 13996.6877189304 
 1637 , 13982.8561965706 
 1638 , 13966.685513636 
 1639 , 13940.8225319307 
 1640 , 13916.5438356723 
 1641 , 13899.3303333605 
 1642 , 13886.0305822244 
 1643 , 13873.0050656172 
 1644 , 13856.7312881312 
 1645 , 13835.4756903171 
 1646 , 13810.0557387905 
 1647 , 13783.7211888638 
 1648 , 13762.9854261266 
 1649 , 13750.5440240736 
 1650 , 13742.6814423708 
 1651 , 13733.3367900854 
 1652 , 13713.6176989412 
 1653 , 13682.7927300724 
 1654 , 13654.5362958772 
 1655 , 13636.4590697879 
 1656 , 13622.7280011623 
 1657 , 13606.258166002 
 1658 , 13580.3051471554 
 1659 , 13545.6273870952 
 1660 , 13517.4419187039 
 1661 , 13502.7819586944 
 1662 , 13488.8484100875 
 1663 , 13466.6077781842 
 1664 , 13439.8662860219 
 1665 , 13415.3288702725 
 1666 , 13402.4457870385 
 1667 , 13403.4693173174 
 1668 , 13403.9548822264 
 1669 , 13394.1606707979 
 1670 , 13380.0925088894 
 1671 , 13364.633359649 
 1672 , 13338.37451311 
 1673 , 13295.954795446 
 1674 , 13245.7421078099 
 1675 , 13197.4663370511 
 1676 , 13159.3265896126 
 1677 , 13134.0820499614 
 1678 , 13111.7426354177 
 1679 , 13087.7778613121 
 1680 , 13075.9051253584 
 1681 , 13081.2844290456 
 1682 , 13080.7575579055 
 1683 , 13058.1817096356 
 1684 , 13026.0140477162 
 1685 , 12997.6920229273 
 1686 , 12977.9408781095 
 1687 , 12965.7136972312 
 1688 , 12948.8142625206 
 1689 , 12919.0071382778 
 1690 , 12882.4170877545 
 1691 , 12850.6962839953 
 1692 , 12843.7246670077 
 1693 , 12864.1977718548 
 1694 , 12868.9724529981 
 1695 , 12831.987593695 
 1696 , 12786.4199091767 
 1697 , 12759.1822925957 
 1698 , 12740.2706406053 
 1699 , 12718.5887217361 
 1700 , 12693.5476092163 
 1701 , 12665.1771622811 
 1702 , 12631.3875847301 
 1703 , 12596.4067465705 
 1704 , 12579.5686525977 
 1705 , 12585.952857816 
 1706 , 12584.1270527298 
 1707 , 12556.8748173869 
 1708 , 12528.6513449399 
 1709 , 12517.0011391051 
 1710 , 12513.2866836021 
 1711 , 12506.7042804097 
 1712 , 12488.8719633067 
 1713 , 12458.1933341056 
 1714 , 12425.8791058574 
 1715 , 12402.6225460638 
 1716 , 12395.1777713507 
 1717 , 12400.3960057804 
 1718 , 12397.9790648186 
 1719 , 12379.1982987116 
 1720 , 12358.6650286017 
 1721 , 12342.4041636964 
 1722 , 12318.2685409956 
 1723 , 12283.6104809654 
 1724 , 12253.6026001623 
 1725 , 12237.133953758 
 1726 , 12230.9980643739 
 1727 , 12225.6819743157 
 1728 , 12204.4104185124 
 1729 , 12166.6293159042 
 1730 , 12134.3498336717 
 1731 , 12115.8368168601 
 1732 , 12099.6584906923 
 1733 , 12078.9486792084 
 1734 , 12054.1337473853 
 1735 , 12030.244081888 
 1736 , 12016.570040872 
 1737 , 12009.2683322636 
 1738 , 11990.9221904214 
 1739 , 11961.8464217068 
 1740 , 11940.0510322668 
 1741 , 11927.678932711 
 1742 , 11912.1048686828 
 1743 , 11895.6774999343 
 1744 , 11892.9060348999 
 1745 , 11895.7554626639 
 1746 , 11879.5450772236 
 1747 , 11847.4305923011 
 1748 , 11822.2641573917 
 1749 , 11807.3953292024 
 1750 , 11792.9312183995 
 1751 , 11775.5507377951 
 1752 , 11755.9984465155 
 1753 , 11732.1298562029 
 1754 , 11701.3190788489 
 1755 , 11672.2123796391 
 1756 , 11657.2399873737 
 1757 , 11650.800800433 
 1758 , 11640.3675789824 
 1759 , 11626.678883601 
 1760 , 11615.5459518825 
 1761 , 11607.7632652259 
 1762 , 11601.1877843546 
 1763 , 11588.2848256305 
 1764 , 11563.3664112008 
 1765 , 11539.9920041531 
 1766 , 11532.1228109642 
 1767 , 11527.6871628568 
 1768 , 11513.7427769961 
 1769 , 11503.5854818811 
 1770 , 11509.2710196493 
 1771 , 11514.9351558797 
 1772 , 11506.0958524736 
 1773 , 11492.1278841353 
 1774 , 11481.8883566809 
 1775 , 11469.8502202327 
 1776 , 11450.617338566 
 1777 , 11425.1584940274 
 1778 , 11396.4142907364 
 1779 , 11369.4881514741 
 1780 , 11346.3923014785 
 1781 , 11322.79852589 
 1782 , 11298.0925992499 
 1783 , 11278.9747898545 
 1784 , 11268.8167080826 
 1785 , 11264.9451298903 
 1786 , 11259.4332711014 
 1787 , 11238.7854315457 
 1788 , 11206.6670928245 
 1789 , 11185.8529081428 
 1790 , 11182.0568962545 
 1791 , 11183.4744002272 
 1792 , 11186.1668952342 
 1793 , 11192.9592108709 
 1794 , 11196.3521649333 
 1795 , 11182.5194925285 
 1796 , 11157.1084378906 
 1797 , 11137.0508684096 
 1798 , 11123.8316889124 
 1799 , 11111.3925147471 
 1800 , 11104.3006580848 
 1801 , 11109.3076049537 
 1802 , 11112.7128744041 
 1803 , 11097.8165147451 
 1804 , 11078.9951427866 
 1805 , 11073.7889454478 
 1806 , 11062.9294945034 
 1807 , 11029.2123562404 
 1808 , 11006.8109406868 
 1809 , 11021.3001641266 
 1810 , 11027.6790384906 
 1811 , 10990.4439935418 
 1812 , 10940.6631578422 
 1813 , 10910.8244992458 
 1814 , 10910.1728035149 
 1815 , 10932.1993914171 
 1816 , 10946.4511365176 
 1817 , 10940.226459106 
 1818 , 10933.8516392678 
 1819 , 10930.7123142093 
 1820 , 10907.7102341949 
 1821 , 10868.8522169755 
 1822 , 10849.9565240367 
 1823 , 10851.5935964521 
 1824 , 10840.6289088063 
 1825 , 10817.7681982943 
 1826 , 10809.9092151169 
 1827 , 10815.1500830277 
 1828 , 10813.0322270683 
 1829 , 10796.5419014144 
 1830 , 10768.611147554 
 1831 , 10749.1415274494 
 1832 , 10757.8530619942 
 1833 , 10766.240810573 
 1834 , 10739.7853546322 
 1835 , 10702.7442379318 
 1836 , 10685.4966310972 
 1837 , 10672.8042863412 
 1838 , 10648.4607247888 
 1839 , 10627.8194987754 
 1840 , 10620.5764335443 
 1841 , 10607.0296157656 
 1842 , 10580.7349650686 
 1843 , 10570.8227735245 
 1844 , 10585.3019092766 
 1845 , 10591.1970741144 
 1846 , 10576.7252327046 
 1847 , 10562.7436314102 
 1848 , 10557.2272273439 
 1849 , 10552.0362952486 
 1850 , 10542.4728001341 
 1851 , 10527.6790789225 
 1852 , 10508.5906591926 
 1853 , 10487.8798447537 
 1854 , 10473.7244026647 
 1855 , 10473.912954802 
 1856 , 10470.3650056927 
 1857 , 10441.1075478136 
 1858 , 10408.3500314621 
 1859 , 10400.6824487906 
 1860 , 10405.8892697685 
 1861 , 10405.0986600822 
 1862 , 10395.0171498136 
 1863 , 10376.7017866102 
 1864 , 10353.9678531471 
 1865 , 10333.2934327764 
 1866 , 10325.5364384996 
 1867 , 10330.0227863491 
 1868 , 10326.9511092056 
 1869 , 10309.8813039294 
 1870 , 10291.1808072072 
 1871 , 10273.8213448054 
 1872 , 10250.9895426148 
 1873 , 10229.4010639439 
 1874 , 10224.3458526939 
 1875 , 10224.2220825666 
 1876 , 10205.7146431678 
 1877 , 10185.7952413018 
 1878 , 10192.55311724 
 1879 , 10205.2578775637 
 1880 , 10193.6197822924 
 1881 , 10164.284916405 
 1882 , 10134.1499032775 
 1883 , 10120.1962837291 
 1884 , 10126.7500969458 
 1885 , 10126.6480138393 
 1886 , 10105.6615193868 
 1887 , 10083.0562821192 
 1888 , 10069.1061542699 
 1889 , 10055.7223202057 
 1890 , 10037.9870148977 
 1891 , 10016.502304918 
 1892 , 9998.45215298975 
 1893 , 9994.94262700086 
 1894 , 9999.63309992011 
 1895 , 9996.48604449782 
 1896 , 9984.54881782045 
 1897 , 9968.8027368825 
 1898 , 9944.52301731574 
 1899 , 9908.7501676589 
 1900 , 9881.81666258646 
 1901 , 9878.72386821244 
 1902 , 9877.65860554019 
 1903 , 9861.11976238476 
 1904 , 9838.49938038115 
 1905 , 9819.68502886976 
 1906 , 9808.69732830166 
 1907 , 9804.1546932081 
 1908 , 9798.74580433746 
 1909 , 9791.78341472537 
 1910 , 9788.38318301908 
 1911 , 9779.67695059183 
 1912 , 9750.26236576932 
 1913 , 9719.94659944507 
 1914 , 9719.84802669694 
 1915 , 9731.18154385364 
 1916 , 9724.56198644658 
 1917 , 9712.07772714038 
 1918 , 9707.8083282402 
 1919 , 9694.40497743154 
 1920 , 9661.50944931048 
 1921 , 9629.43900282748 
 1922 , 9615.03892362245 
 1923 , 9621.6088024868 
 1924 , 9636.0556327311 
 1925 , 9628.0885537593 
 1926 , 9594.12478376715 
 1927 , 9555.8092340957 
 1928 , 9535.93126869376 
 1929 , 9551.57918319566 
 1930 , 9573.17069837868 
 1931 , 9559.77878578223 
 1932 , 9530.19764245034 
 1933 , 9512.95357650106 
 1934 , 9496.65256758387 
 1935 , 9471.13034387276 
 1936 , 9454.21128120594 
 1937 , 9454.70527562459 
 1938 , 9456.3746443311 
 1939 , 9452.97872106726 
 1940 , 9454.79149713752 
 1941 , 9461.21810432943 
 1942 , 9460.72319382018 
 1943 , 9450.00479359169 
 1944 , 9431.96631735957 
 1945 , 9411.12777289153 
 1946 , 9392.24660869613 
 1947 , 9377.36072415353 
 1948 , 9366.95822980617 
 1949 , 9359.20984568926 
 1950 , 9347.93753104159 
 1951 , 9317.50172561448 
 1952 , 9270.36075401355 
 1953 , 9242.84805298487 
 1954 , 9248.12731602451 
 1955 , 9266.15729918719 
 1956 , 9274.980637183 
 1957 , 9255.79015522272 
 1958 , 9222.80864378783 
 1959 , 9205.20192730271 
 1960 , 9194.12707488359 
 1961 , 9173.53994427685 
 1962 , 9169.63841836297 
 1963 , 9199.2288881497 
 1964 , 9212.99599275465 
 1965 , 9184.17281510633 
 1966 , 9158.4816991152 
 1967 , 9155.69354559502 
 1968 , 9146.55818479791 
 1969 , 9123.05513979304 
 1970 , 9101.53689694529 
 1971 , 9092.66631576863 
 1972 , 9100.06780353265 
 1973 , 9108.64103532326 
 1974 , 9099.32468547783 
 1975 , 9076.99621055435 
 1976 , 9055.25103358907 
 1977 , 9051.56854513169 
 1978 , 9065.40565394437 
 1979 , 9056.19837056919 
 1980 , 9014.1538178242 
 1981 , 8980.85199889611 
 1982 , 8971.60473766753 
 1983 , 8971.61020075964 
 1984 , 8967.88542202839 
 1985 , 8952.23156040771 
 1986 , 8936.47366745945 
 1987 , 8934.52014283567 
 1988 , 8926.97813674529 
 1989 , 8898.6739418184 
 1990 , 8877.31936789836 
 1991 , 8879.5916055573 
 1992 , 8884.28711231684 
 1993 , 8878.46411800419 
 1994 , 8866.19427284285 
 1995 , 8853.92031740253 
 1996 , 8848.65126243744 
 1997 , 8852.13890705098 
 1998 , 8861.2898056229 
 1999 , 8862.29494116467 
 2000 , 8843.68698953991 
 2001 , 8819.63149425166 
 2002 , 8805.99934133715 
 2003 , 8806.96850347276 
 2004 , 8816.96678621168 
 2005 , 8817.93737769164 
 2006 , 8802.81665940316 
 2007 , 8777.90467159612 
 2008 , 8753.97645027404 
 2009 , 8742.44227440797 
 2010 , 8738.85112983719 
 2011 , 8732.7434818001 
 2012 , 8719.83906403725 
 2013 , 8702.43998494367 
 2014 , 8696.47181718041 
 2015 , 8705.55171999563 
 2016 , 8706.85553770811 
 2017 , 8693.76999085336 
 2018 , 8681.34777834965 
 2019 , 8670.7453879152 
 2020 , 8652.86823198199 
 2021 , 8631.13667231352 
 2022 , 8613.01772975284 
 2023 , 8594.36622026812 
 2024 , 8573.22514749666 
 2025 , 8565.11982807044 
 2026 , 8574.34460737658 
 2027 , 8578.08158137271 
 2028 , 8563.02128313093 
 2029 , 8532.06656979407 
 2030 , 8504.99272727089 
 2031 , 8508.76752924683 
 2032 , 8527.80045265966 
 2033 , 8530.88351938551 
 2034 , 8513.17394763042 
 2035 , 8482.36817581028 
 2036 , 8459.18456908692 
 2037 , 8453.94277948187 
 2038 , 8454.32130254873 
 2039 , 8450.28032564847 
 2040 , 8437.4088419494 
 2041 , 8416.86055282506 
 2042 , 8394.06515733618 
 2043 , 8378.18169712724 
 2044 , 8373.65518670969 
 2045 , 8357.99910495619 
 2046 , 8321.27227227658 
 2047 , 8302.84077186753 
 2048 , 8314.70281260505 
 2049 , 8316.0262339641 
 2050 , 8296.37217203849 
 2051 , 8277.42961851857 
 2052 , 8262.42004785743 
 2053 , 8244.27326743825 
 2054 , 8225.78404539508 
 2055 , 8212.09756692372 
 2056 , 8203.86832906036 
 2057 , 8199.68000866204 
 2058 , 8195.93946997848 
 2059 , 8191.49049539985 
 2060 , 8188.50590640178 
 2061 , 8188.96400835775 
 2062 , 8192.93142827327 
 2063 , 8188.09975172483 
 2064 , 8162.92985561653 
 2065 , 8134.18295881542 
 2066 , 8118.13316154803 
 2067 , 8110.51783420958 
 2068 , 8103.47152653071 
 2069 , 8089.00011539264 
 2070 , 8069.41778989431 
 2071 , 8055.45283491658 
 2072 , 8048.13400459981 
 2073 , 8043.57779577142 
 2074 , 8041.19984810766 
 2075 , 8039.69864049652 
 2076 , 8032.54996376244 
 2077 , 8017.30497101994 
 2078 , 8000.02497018327 
 2079 , 7984.83809572675 
 2080 , 7972.55440590684 
 2081 , 7958.81933799343 
 2082 , 7938.31392609364 
 2083 , 7918.13163476157 
 2084 , 7905.92865644494 
 2085 , 7896.78372853362 
 2086 , 7888.39795053464 
 2087 , 7887.49722581628 
 2088 , 7888.09959219319 
 2089 , 7871.59953666353 
 2090 , 7846.86842360523 
 2091 , 7835.91840261281 
 2092 , 7829.31671853835 
 2093 , 7812.16555566257 
 2094 , 7791.00243623517 
 2095 , 7776.73403792284 
 2096 , 7779.46555446449 
 2097 , 7791.54092513673 
 2098 , 7788.54120246491 
 2099 , 7776.7833173809 
 2100 , 7776.83526159019 
 2101 , 7772.55688914872 
 2102 , 7746.53639375165 
 2103 , 7720.86576485309 
 2104 , 7711.56733794321 
 2105 , 7709.66731311256 
 2106 , 7708.29629812985 
 2107 , 7705.32791495216 
 2108 , 7696.86607021977 
 2109 , 7678.84868759657 
 2110 , 7652.86918125477 
 2111 , 7626.08166969493 
 2112 , 7615.97282887508 
 2113 , 7622.70374956712 
 2114 , 7616.57925474033 
 2115 , 7593.26426848782 
 2116 , 7572.71070006683 
 2117 , 7557.13445116833 
 2118 , 7541.13398026645 
 2119 , 7530.27961137983 
 2120 , 7527.45535093611 
 2121 , 7521.10962322411 
 2122 , 7509.07459566345 
 2123 , 7504.21204850428 
 2124 , 7503.64814570516 
 2125 , 7493.49249879746 
 2126 , 7476.64149290694 
 2127 , 7461.31808036424 
 2128 , 7447.34217112301 
 2129 , 7432.75143918067 
 2130 , 7416.14269802138 
 2131 , 7400.89351088099 
 2132 , 7394.68266613692 
 2133 , 7394.15195731259 
 2134 , 7388.77685030786 
 2135 , 7367.77984975453 
 2136 , 7331.24561537577 
 2137 , 7309.7900076077 
 2138 , 7310.89206625109 
 2139 , 7300.15376858669 
 2140 , 7276.32242652806 
 2141 , 7265.95336116122 
 2142 , 7266.67110940388 
 2143 , 7265.02159797178 
 2144 , 7259.43959518366 
 2145 , 7252.19357567937 
 2146 , 7247.16697487465 
 2147 , 7242.28661616427 
 2148 , 7230.0264295479 
 2149 , 7218.68545424149 
 2150 , 7220.98035434624 
 2151 , 7220.47970608696 
 2152 , 7198.94400795291 
 2153 , 7159.06431505131 
 2154 , 7120.47570008094 
 2155 , 7118.45661672773 
 2156 , 7136.18685343155 
 2157 , 7125.11202439675 
 2158 , 7101.71695133317 
 2159 , 7095.86185183476 
 2160 , 7090.87151654604 
 2161 , 7080.19994619648 
 2162 , 7089.70850722383 
 2163 , 7106.17796134426 
 2164 , 7084.76730513612 
 2165 , 7047.80168480377 
 2166 , 7038.08613142326 
 2167 , 7041.99742992705 
 2168 , 7036.08376166998 
 2169 , 7007.1991854033 
 2170 , 6968.46034683012 
 2171 , 6956.31478309862 
 2172 , 6967.84863110205 
 2173 , 6979.02515272623 
 2174 , 6977.82405609106 
 2175 , 6960.84845608125 
 2176 , 6936.4935970495 
 2177 , 6918.81378007948 
 2178 , 6923.99057475036 
 2179 , 6936.15031857456 
 2180 , 6926.31520140367 
 2181 , 6907.29631708473 
 2182 , 6897.61658464571 
 2183 , 6894.48940433299 
 2184 , 6891.27380601725 
 2185 , 6881.15264442291 
 2186 , 6862.91032684091 
 2187 , 6840.23686077171 
 2188 , 6822.37612473107 
 2189 , 6816.85619399898 
 2190 , 6820.99617344955 
 2191 , 6822.99293810267 
 2192 , 6803.30102598824 
 2193 , 6776.83223116461 
 2194 , 6774.49115417149 
 2195 , 6771.02092250685 
 2196 , 6741.50230598251 
 2197 , 6719.70310604954 
 2198 , 6723.72713386599 
 2199 , 6735.42833389812 
 2200 , 6737.24326681479 
 2201 , 6718.88618914976 
 2202 , 6698.65325428458 
 2203 , 6693.89853206611 
 2204 , 6691.08099166933 
 2205 , 6683.6107459767 
 2206 , 6680.29164392219 
 2207 , 6672.42254903878 
 2208 , 6644.38488463841 
 2209 , 6615.18774398768 
 2210 , 6603.07115952186 
 2211 , 6593.04618202853 
 2212 , 6577.25537594143 
 2213 , 6563.05747308952 
 2214 , 6547.61509566741 
 2215 , 6523.78315781205 
 2216 , 6500.02255721609 
 2217 , 6486.08630395052 
 2218 , 6482.76949536841 
 2219 , 6485.25587942532 
 2220 , 6483.96774655111 
 2221 , 6472.37464634944 
 2222 , 6450.45072445038 
 2223 , 6438.42020272752 
 2224 , 6443.58984618971 
 2225 , 6435.70052421438 
 2226 , 6409.23969090637 
 2227 , 6387.49105224129 
 2228 , 6380.3478032661 
 2229 , 6384.91724334144 
 2230 , 6378.64066692433 
 2231 , 6352.12203426719 
 2232 , 6326.78827035578 
 2233 , 6313.29123840457 
 2234 , 6309.11553272041 
 2235 , 6305.00788235772 
 2236 , 6293.34440295975 
 2237 , 6279.64068923692 
 2238 , 6263.81303365818 
 2239 , 6236.07640093129 
 2240 , 6214.91191811551 
 2241 , 6227.20899886056 
 2242 , 6232.37067639176 
 2243 , 6197.68974975122 
 2244 , 6164.45457686142 
 2245 , 6155.38658935687 
 2246 , 6158.28240972585 
 2247 , 6154.79071962461 
 2248 , 6132.50733499922 
 2249 , 6113.05189310898 
 2250 , 6109.69703348415 
 2251 , 6104.59911697123 
 2252 , 6090.22932781851 
 2253 , 6072.01831899997 
 2254 , 6060.11974405671 
 2255 , 6060.88814682592 
 2256 , 6063.89921547591 
 2257 , 6059.09830823973 
 2258 , 6042.2839323357 
 2259 , 6021.45370098647 
 2260 , 6009.24902774083 
 2261 , 6002.66423886306 
 2262 , 5994.40757329469 
 2263 , 5978.58364644489 
 2264 , 5956.52413627142 
 2265 , 5936.38665121144 
 2266 , 5924.22461798518 
 2267 , 5921.52767165789 
 2268 , 5918.59452390682 
 2269 , 5910.19334917552 
 2270 , 5900.84292234632 
 2271 , 5890.64171424196 
 2272 , 5877.77551776299 
 2273 , 5869.45657388372 
 2274 , 5865.82679035124 
 2275 , 5846.48272412385 
 2276 , 5821.34258566818 
 2277 , 5826.19673369379 
 2278 , 5835.66720434172 
 2279 , 5813.62229959054 
 2280 , 5784.58501400537 
 2281 , 5770.86370881529 
 2282 , 5772.71852258481 
 2283 , 5776.21343781523 
 2284 , 5764.84142408631 
 2285 , 5749.76379538454 
 2286 , 5738.27275597659 
 2287 , 5714.29362804464 
 2288 , 5683.40786403882 
 2289 , 5670.27541381438 
 2290 , 5674.3174224821 
 2291 , 5680.61972226051 
 2292 , 5665.6896012653 
 2293 , 5637.79511252537 
 2294 , 5640.29227484411 
 2295 , 5650.28915203081 
 2296 , 5624.18239458114 
 2297 , 5591.89451714187 
 2298 , 5578.22219002492 
 2299 , 5569.5465253787 
 2300 , 5558.5197969003 
 2301 , 5545.59852034053 
 2302 , 5532.37477218825 
 2303 , 5520.3381707483 
 2304 , 5510.1512630821 
 2305 , 5504.50025502763 
 2306 , 5506.33115201495 
 2307 , 5505.24022164028 
 2308 , 5491.20540009326 
 2309 , 5472.16565323423 
 2310 , 5452.89989463173 
 2311 , 5431.51544387291 
 2312 , 5418.94494547129 
 2313 , 5425.61634389109 
 2314 , 5432.37137854082 
 2315 , 5422.50052294273 
 2316 , 5395.45270807306 
 2317 , 5370.66386639795 
 2318 , 5370.54808716074 
 2319 , 5370.16929167436 
 2320 , 5350.94306408935 
 2321 , 5332.75751185855 
 2322 , 5322.47926692319 
 2323 , 5312.64066621857 
 2324 , 5298.66466870998 
 2325 , 5283.54176885107 
 2326 , 5283.97184798279 
 2327 , 5291.65553781582 
 2328 , 5277.38968168699 
 2329 , 5258.37154427192 
 2330 , 5257.28026615508 
 2331 , 5254.12204658317 
 2332 , 5236.44286942339 
 2333 , 5211.01658772268 
 2334 , 5197.67237250385 
 2335 , 5206.35102258678 
 2336 , 5195.13103789118 
 2337 , 5156.61902936066 
 2338 , 5140.02259248883 
 2339 , 5144.05582932588 
