11-20-2017,19:35:39
Wavenumber(cm-1),Intensity
 250 , 13679.1322701781 
 251 , 13671.3918768398 
 252 , 13669.5867005969 
 253 , 13678.4964164476 
 254 , 13691.1897677199 
 255 , 13700.2779810104 
 256 , 13706.5144777681 
 257 , 13716.7088274849 
 258 , 13735.8854480437 
 259 , 13758.6437583738 
 260 , 13776.098132054 
 261 , 13784.3583524027 
 262 , 13791.0390309719 
 263 , 13805.0249452412 
 264 , 13826.4726918904 
 265 , 13846.3148359292 
 266 , 13856.4919211145 
 267 , 13860.7539187704 
 268 , 13868.6031451286 
 269 , 13886.6254319842 
 270 , 13911.6054671885 
 271 , 13938.3265065821 
 272 , 13962.9958097892 
 273 , 13983.8950859104 
 274 , 13999.9159639192 
 275 , 14015.4244307499 
 276 , 14038.4600829799 
 277 , 14073.9651356363 
 278 , 14112.1022202154 
 279 , 14138.7899737797 
 280 , 14148.2471260066 
 281 , 14150.9713104084 
 282 , 14158.8883077199 
 283 , 14175.2284288426 
 284 , 14195.5048950981 
 285 , 14215.4759569496 
 286 , 14234.1734672209 
 287 , 14251.916587083 
 288 , 14269.2556030437 
 289 , 14287.3299824222 
 290 , 14307.2671484282 
 291 , 14327.0997468712 
 292 , 14341.3484018084 
 293 , 14345.4952459256 
 294 , 14344.8398373917 
 295 , 14349.6512958769 
 296 , 14367.4943696979 
 297 , 14396.8198240982 
 298 , 14434.0840387997 
 299 , 14470.8645469834 
 300 , 14491.8672294739 
 301 , 14483.5296032906 
 302 , 14457.3897418401 
 303 , 14440.6982743929 
 304 , 14453.4346466924 
 305 , 14484.4154237631 
 306 , 14514.4924571143 
 307 , 14533.4565051138 
 308 , 14546.2864546907 
 309 , 14559.2338976414 
 310 , 14575.6488647711 
 311 , 14596.7155350475 
 312 , 14623.0936254644 
 313 , 14653.0784316739 
 314 , 14684.2308514495 
 315 , 14714.5919234904 
 316 , 14743.1594886375 
 317 , 14769.0738908817 
 318 , 14791.9951304013 
 319 , 14812.0305376848 
 320 , 14829.5035539312 
 321 , 14845.9133200914 
 322 , 14863.1791660822 
 323 , 14882.078351998 
 324 , 14900.7989909085 
 325 , 14917.3461543608 
 326 , 14933.4480433048 
 327 , 14954.4128926161 
 328 , 14984.5701849459 
 329 , 15020.8621706702 
 330 , 15057.2517485227 
 331 , 15089.1778454417 
 332 , 15115.7871249215 
 333 , 15136.8242902829 
 334 , 15152.7428632749 
 335 , 15164.7343103446 
 336 , 15174.1638792024 
 337 , 15183.3928238229 
 338 , 15195.2140965281 
 339 , 15211.3710249609 
 340 , 15230.8054643282 
 341 , 15251.9619909092 
 342 , 15272.3145191496 
 343 , 15288.2762585939 
 344 , 15296.4504087882 
 345 , 15295.2666568882 
 346 , 15283.9880660431 
 347 , 15265.39009183 
 348 , 15251.8874482211 
 349 , 15257.047456703 
 350 , 15280.7286843203 
 351 , 15307.5458079479 
 352 , 15323.5600784085 
 353 , 15331.7840214579 
 354 , 15342.9710266878 
 355 , 15364.2511887092 
 356 , 15392.7258822601 
 357 , 15423.8403967292 
 358 , 15454.2621421168 
 359 , 15481.9991914232 
 360 , 15505.7865426637 
 361 , 15529.1909199084 
 362 , 15557.9248535186 
 363 , 15594.4037088727 
 364 , 15632.3247351259 
 365 , 15664.1757370174 
 366 , 15687.7283817688 
 367 , 15706.2984227283 
 368 , 15723.1564651654 
 369 , 15739.4620437379 
 370 , 15755.4871147915 
 371 , 15771.0530315037 
 372 , 15784.8825278785 
 373 , 15795.7276788555 
 374 , 15806.6093881024 
 375 , 15824.7024759857 
 376 , 15855.7752602478 
 377 , 15895.8223968609 
 378 , 15937.1117587236 
 379 , 15973.8692413533 
 380 , 16004.6699501349 
 381 , 16028.7750440422 
 382 , 16047.3321319273 
 383 , 16063.1393724984 
 384 , 16078.5715782987 
 385 , 16093.4180561553 
 386 , 16106.6146311215 
 387 , 16118.8701134249 
 388 , 16134.323446168 
 389 , 16157.2224300083 
 390 , 16187.6382792424 
 391 , 16222.4581264122 
 392 , 16258.3553987047 
 393 , 16291.3958492519 
 394 , 16317.5362482219 
 395 , 16337.2202639367 
 396 , 16358.2569402362 
 397 , 16388.1689932042 
 398 , 16423.2519232836 
 399 , 16452.5836699842 
 400 , 16468.6274023505 
 401 , 16476.8365143202 
 402 , 16485.6141470334 
 403 , 16500.8145867023 
 404 , 16524.8392600471 
 405 , 16559.4939124639 
 406 , 16603.4764296997 
 407 , 16653.8571816705 
 408 , 16706.3842801919 
 409 , 16752.9801179597 
 410 , 16785.2239941681 
 411 , 16804.1677170064 
 412 , 16821.1600809304 
 413 , 16846.1904564606 
 414 , 16876.7129116471 
 415 , 16905.0656126052 
 416 , 16927.5431445993 
 417 , 16949.3725598255 
 418 , 16976.5654827743 
 419 , 17007.586828351 
 420 , 17034.5114964071 
 421 , 17051.0989828612 
 422 , 17060.379489003 
 423 , 17068.1989483501 
 424 , 17078.2794881038 
 425 , 17090.7485750584 
 426 , 17105.3340866257 
 427 , 17121.1665596632 
 428 , 17136.9957247213 
 429 , 17151.7115442083 
 430 , 17164.7189575014 
 431 , 17175.6463021054 
 432 , 17188.0291638368 
 433 , 17210.2708267746 
 434 , 17248.4554447011 
 435 , 17288.6539783559 
 436 , 17307.7605213792 
 437 , 17296.5577123529 
 438 , 17280.0664997684 
 439 , 17287.0737885523 
 440 , 17319.8974773071 
 441 , 17357.1885067657 
 442 , 17381.2089644067 
 443 , 17396.7663364904 
 444 , 17415.7147270296 
 445 , 17443.4201965428 
 446 , 17474.2662500121 
 447 , 17502.0692817981 
 448 , 17526.0921299104 
 449 , 17548.9743959634 
 450 , 17572.7751812517 
 451 , 17597.4669701788 
 452 , 17622.5413594037 
 453 , 17645.9910719963 
 454 , 17664.0879981728 
 455 , 17673.7006203248 
 456 , 17676.3152022655 
 457 , 17675.3223411196 
 458 , 17676.2623692738 
 459 , 17689.226194071 
 460 , 17723.8297863413 
 461 , 17774.2086635821 
 462 , 17822.743928546 
 463 , 17854.9857163313 
 464 , 17870.5910340753 
 465 , 17872.8768507373 
 466 , 17868.0539910028 
 467 , 17866.2568276296 
 468 , 17876.3770742294 
 469 , 17895.1075249682 
 470 , 17913.2924053023 
 471 , 17926.4654188259 
 472 , 17941.7200148994 
 473 , 17967.3675637683 
 474 , 18002.670537263 
 475 , 18039.1809125508 
 476 , 18070.0061855225 
 477 , 18096.4711581649 
 478 , 18122.1958703585 
 479 , 18148.4096447361 
 480 , 18172.8229394344 
 481 , 18192.9111976759 
 482 , 18206.5568818038 
 483 , 18211.8605191897 
 484 , 18210.8732111173 
 485 , 18215.8146902129 
 486 , 18239.6466869499 
 487 , 18279.2706975345 
 488 , 18317.4812230719 
 489 , 18340.9495812214 
 490 , 18356.5235307013 
 491 , 18376.7401803548 
 492 , 18406.478068178 
 493 , 18439.3816047347 
 494 , 18468.6239418014 
 495 , 18490.9717662426 
 496 , 18505.0072112564 
 497 , 18511.5817822641 
 498 , 18517.1247718093 
 499 , 18528.5421554745 
 500 , 18546.4878399003 
 501 , 18566.4125322926 
 502 , 18584.6323981387 
 503 , 18601.835180301 
 504 , 18619.8514645641 
 505 , 18639.5235685147 
 506 , 18660.3672121203 
 507 , 18681.3209444327 
 508 , 18697.7239420389 
 509 , 18703.3144854042 
 510 , 18695.741568021 
 511 , 18681.1568724017 
 512 , 18666.85880184 
 513 , 18660.5911464813 
 514 , 18670.4200910821 
 515 , 18699.7771217492 
 516 , 18735.4985560282 
 517 , 18761.1691470493 
 518 , 18773.5700252344 
 519 , 18784.3938506396 
 520 , 18803.9814268983 
 521 , 18829.9178838192 
 522 , 18855.1533296083 
 523 , 18876.6327684085 
 524 , 18898.3005229742 
 525 , 18924.1478834662 
 526 , 18951.5504801896 
 527 , 18974.0679246599 
 528 , 18987.725643059 
 529 , 18995.4135537311 
 530 , 19001.1150945845 
 531 , 19007.5626434787 
 532 , 19016.393170569 
 533 , 19029.1426298621 
 534 , 19047.0704258076 
 535 , 19071.296951328 
 536 , 19100.425941723 
 537 , 19129.7827618781 
 538 , 19155.0183854598 
 539 , 19175.509113574 
 540 , 19192.2072915943 
 541 , 19208.3711007995 
 542 , 19231.7011870358 
 543 , 19269.435210876 
 544 , 19318.0879621698 
 545 , 19367.510619 
 546 , 19408.6995568913 
 547 , 19436.2414105328 
 548 , 19445.8150321679 
 549 , 19441.6672076814 
 550 , 19435.7347108456 
 551 , 19438.8383305066 
 552 , 19455.787820256 
 553 , 19489.6117240257 
 554 , 19537.5512175418 
 555 , 19589.4734142882 
 556 , 19636.437396476 
 557 , 19680.3026570235 
 558 , 19727.1612624826 
 559 , 19777.2567566235 
 560 , 19820.3015524912 
 561 , 19846.0091389147 
 562 , 19854.847151575 
 563 , 19853.3613149328 
 564 , 19847.8362812736 
 565 , 19843.7193492954 
 566 , 19845.8695010877 
 567 , 19852.1485454419 
 568 , 19854.9531168775 
 569 , 19850.2932847539 
 570 , 19847.6882316563 
 571 , 19859.2462983047 
 572 , 19885.7200104583 
 573 , 19915.8423699507 
 574 , 19939.4237116831 
 575 , 19954.6459498803 
 576 , 19962.3757949693 
 577 , 19965.5726668479 
 578 , 19970.1599298999 
 579 , 19981.6739191943 
 580 , 20001.3172246455 
 581 , 20028.4054436812 
 582 , 20060.464569998 
 583 , 20091.6619724248 
 584 , 20116.1314996512 
 585 , 20131.3828247239 
 586 , 20136.8698052728 
 587 , 20133.9388476156 
 588 , 20128.6070258201 
 589 , 20127.2111319184 
 590 , 20130.3968036011 
 591 , 20134.5583026133 
 592 , 20137.264269879 
 593 , 20140.3002019303 
 594 , 20146.2400611429 
 595 , 20155.9419164195 
 596 , 20168.6265827856 
 597 , 20183.411357716 
 598 , 20199.2479427196 
 599 , 20215.0640100169 
 600 , 20230.4715320564 
 601 , 20245.9048578741 
 602 , 20262.4454098529 
 603 , 20284.5382902733 
 604 , 20317.7006505954 
 605 , 20361.841109739 
 606 , 20408.4700834837 
 607 , 20448.8879597772 
 608 , 20477.8593195333 
 609 , 20491.7421666341 
 610 , 20493.9599690941 
 611 , 20500.9815314795 
 612 , 20528.5117133794 
 613 , 20572.0784875093 
 614 , 20616.2900057416 
 615 , 20651.5170200489 
 616 , 20681.4158221604 
 617 , 20711.3769615484 
 618 , 20745.6889821479 
 619 , 20787.9134520011 
 620 , 20838.9756086508 
 621 , 20892.5904130864 
 622 , 20941.686129378 
 623 , 20985.9319998619 
 624 , 21030.2589917686 
 625 , 21075.6876134044 
 626 , 21109.8471951487 
 627 , 21118.3723367657 
 628 , 21102.0469133907 
 629 , 21075.5145493064 
 630 , 21052.5829477811 
 631 , 21041.7651868506 
 632 , 21049.9625757093 
 633 , 21076.1600584103 
 634 , 21110.9706764155 
 635 , 21144.9707086889 
 636 , 21170.4193203114 
 637 , 21180.3473739021 
 638 , 21177.2933123677 
 639 , 21175.2693239897 
 640 , 21186.2059031796 
 641 , 21207.2835514561 
 642 , 21230.8278638998 
 643 , 21250.9553202737 
 644 , 21264.2225862626 
 645 , 21268.9557370872 
 646 , 21273.1844264691 
 647 , 21288.43101802 
 648 , 21317.3739622787 
 649 , 21349.290856725 
 650 , 21373.1983728648 
 651 , 21383.9749971294 
 652 , 21379.0432922913 
 653 , 21362.2110518437 
 654 , 21347.9028570991 
 655 , 21349.8079561646 
 656 , 21368.3704468603 
 657 , 21397.9294438291 
 658 , 21431.4611946628 
 659 , 21459.5363844886 
 660 , 21474.0335790201 
 661 , 21479.8474889069 
 662 , 21488.2764437632 
 663 , 21502.9177035887 
 664 , 21512.3542179451 
 665 , 21505.8167018704 
 666 , 21493.8521675452 
 667 , 21498.2077770548 
 668 , 21528.6597814632 
 669 , 21570.2325008888 
 670 , 21606.1765791476 
 671 , 21631.8036595776 
 672 , 21649.1335444513 
 673 , 21661.1751459671 
 674 , 21672.8999521122 
 675 , 21689.0944468751 
 676 , 21710.1643418079 
 677 , 21733.9966162025 
 678 , 21759.0038286292 
 679 , 21784.8229980344 
 680 , 21811.4430980632 
 681 , 21840.7928361327 
 682 , 21875.9237691774 
 683 , 21916.0766577044 
 684 , 21951.9354333359 
 685 , 21973.6932774204 
 686 , 21978.5076051922 
 687 , 21967.6855877564 
 688 , 21947.2576201468 
 689 , 21933.7115636262 
 690 , 21942.7347182862 
 691 , 21967.0994626163 
 692 , 21986.1205347124 
 693 , 21989.3471289 
 694 , 21989.3472993045 
 695 , 22000.4090585331 
 696 , 22023.0995500104 
 697 , 22050.0644433772 
 698 , 22076.6567337027 
 699 , 22104.2680038142 
 700 , 22134.4407162696 
 701 , 22162.5993996622 
 702 , 22180.7773469786 
 703 , 22186.2939128456 
 704 , 22187.4815640408 
 705 , 22193.193631391 
 706 , 22204.5911584779 
 707 , 22218.7192273559 
 708 , 22232.2226355885 
 709 , 22241.0374764892 
 710 , 22241.5750496401 
 711 , 22234.9700447952 
 712 , 22224.7576211897 
 713 , 22216.6996965703 
 714 , 22220.6087220134 
 715 , 22244.1631807138 
 716 , 22275.1247393155 
 717 , 22292.1135757288 
 718 , 22286.5854079957 
 719 , 22271.824034035 
 720 , 22261.5504701671 
 721 , 22257.7558997812 
 722 , 22257.4793120331 
 723 , 22261.4115697813 
 724 , 22275.9136517377 
 725 , 22305.5370768581 
 726 , 22340.5152601644 
 727 , 22365.8173772067 
 728 , 22377.6965890429 
 729 , 22388.1259293446 
 730 , 22407.9378900087 
 731 , 22435.3285566902 
 732 , 22464.2002583609 
 733 , 22489.0477403653 
 734 , 22505.1041656711 
 735 , 22510.8918841447 
 736 , 22520.3756077649 
 737 , 22551.3296045251 
 738 , 22600.453526151 
 739 , 22641.4897253679 
 740 , 22654.7984297565 
 741 , 22652.4450733126 
 742 , 22654.0711805923 
 743 , 22668.8339924782 
 744 , 22695.9730283411 
 745 , 22732.7115378757 
 746 , 22770.6723121085 
 747 , 22800.583461832 
 748 , 22818.1850354251 
 749 , 22823.2818338781 
 750 , 22817.4602295085 
 751 , 22807.0869255403 
 752 , 22799.2356725509 
 753 , 22799.1394484831 
 754 , 22810.7488221828 
 755 , 22831.7838328388 
 756 , 22845.2352195897 
 757 , 22834.8485680608 
 758 , 22812.8999372723 
 759 , 22807.793433361 
 760 , 22833.765739607 
 761 , 22877.1238975646 
 762 , 22921.0118285291 
 763 , 22948.9790583653 
 764 , 22945.0755882196 
 765 , 22913.1520081763 
 766 , 22888.3898041871 
 767 , 22901.3431521065 
 768 , 22938.0805133249 
 769 , 22968.5898697295 
 770 , 22980.2948267576 
 771 , 22982.9062992791 
 772 , 22985.9199648786 
 773 , 22991.0704026445 
 774 , 22997.7674901565 
 775 , 23003.8603492429 
 776 , 23005.6080061191 
 777 , 23000.8560443494 
 778 , 22993.3751768317 
 779 , 22988.1425167074 
 780 , 22988.2729921378 
 781 , 22995.3819903298 
 782 , 23008.8760500374 
 783 , 23022.2796003427 
 784 , 23029.068359882 
 785 , 23033.1491335729 
 786 , 23044.8728424065 
 787 , 23066.0974385744 
 788 , 23081.0158467189 
 789 , 23075.1313447146 
 790 , 23061.3862100979 
 791 , 23065.4982526346 
 792 , 23100.1122202241 
 793 , 23157.443882346 
 794 , 23226.6037352137 
 795 , 23289.1206698639 
 796 , 23324.3976947025 
 797 , 23328.3254047497 
 798 , 23316.0533677052 
 799 , 23301.9750668697 
 800 , 23293.0180010899 
 801 , 23293.8927484632 
 802 , 23303.3279461308 
 803 , 23314.8528341255 
 804 , 23324.2776504914 
 805 , 23334.4581506629 
 806 , 23349.3572436967 
 807 , 23371.2322508353 
 808 , 23401.2236460818 
 809 , 23436.0678916238 
 810 , 23463.5507923316 
 811 , 23472.3070303175 
 812 , 23465.5880440215 
 813 , 23453.2914130083 
 814 , 23444.5603621551 
 815 , 23447.3916193028 
 816 , 23466.8869305471 
 817 , 23493.9426085935 
 818 , 23515.2971590808 
 819 , 23525.7291857973 
 820 , 23528.3321678831 
 821 , 23526.4239028917 
 822 , 23522.7800215386 
 823 , 23519.8697792555 
 824 , 23517.5380196936 
 825 , 23513.7294402682 
 826 , 23507.7713798579 
 827 , 23502.2503141264 
 828 , 23499.6675662583 
 829 , 23498.0163586637 
 830 , 23493.1256831168 
 831 , 23485.7829832087 
 832 , 23484.4845988913 
 833 , 23495.7547592615 
 834 , 23512.1380538233 
 835 , 23521.8860527652 
 836 , 23521.4647509215 
 837 , 23515.9877328434 
 838 , 23509.5394058284 
 839 , 23501.3262946271 
 840 , 23489.9679583346 
 841 , 23479.9528440412 
 842 , 23479.8862713358 
 843 , 23492.4211136905 
 844 , 23507.1059532813 
 845 , 23513.2754989871 
 846 , 23511.7762158906 
 847 , 23508.7488117664 
 848 , 23509.0679185572 
 849 , 23515.7831248204 
 850 , 23530.3330141482 
 851 , 23547.3159326101 
 852 , 23559.6015180573 
 853 , 23565.099891352 
 854 , 23566.3445959971 
 855 , 23564.9621155358 
 856 , 23559.5278513676 
 857 , 23549.0259294955 
 858 , 23542.1319477688 
 859 , 23553.0775198397 
 860 , 23584.6887048555 
 861 , 23619.6913164141 
 862 , 23642.1870857611 
 863 , 23656.1478140992 
 864 , 23672.3405894089 
 865 , 23690.8582360767 
 866 , 23700.0561743529 
 867 , 23694.6061083187 
 868 , 23692.7407273263 
 869 , 23715.7701468425 
 870 , 23760.6296918183 
 871 , 23807.6555533213 
 872 , 23846.7850714575 
 873 , 23887.935650547 
 874 , 23942.5451910123 
 875 , 24016.1693276783 
 876 , 24111.527459014 
 877 , 24217.3027637854 
 878 , 24305.1119848555 
 879 , 24356.3119801148 
 880 , 24392.7397257263 
 881 , 24443.3974634392 
 882 , 24504.5969124013 
 883 , 24548.7083702407 
 884 , 24559.6503084253 
 885 , 24547.1608707417 
 886 , 24522.5383569828 
 887 , 24484.7202459378 
 888 , 24427.6228996961 
 889 , 24355.1815331832 
 890 , 24283.8333806749 
 891 , 24225.5262002533 
 892 , 24172.2176755336 
 893 , 24111.9945311005 
 894 , 24044.8786757227 
 895 , 23979.5774041162 
 896 , 23923.4532969496 
 897 , 23880.6618306111 
 898 , 23853.2337598126 
 899 , 23831.6322035597 
 900 , 23802.0241816057 
 901 , 23765.0904272715 
 902 , 23738.6322502554 
 903 , 23735.8859231118 
 904 , 23750.6860954488 
 905 , 23772.6855994421 
 906 , 23792.2229192337 
 907 , 23800.1537045162 
 908 , 23793.6300446937 
 909 , 23781.5531849158 
 910 , 23772.4524999463 
 911 , 23765.1827528939 
 912 , 23755.2849213478 
 913 , 23742.7466903753 
 914 , 23732.1474342018 
 915 , 23727.8659906522 
 916 , 23733.0649905382 
 917 , 23749.986108601 
 918 , 23774.0796993367 
 919 , 23796.9662921631 
 920 , 23810.1271153193 
 921 , 23804.8939781987 
 922 , 23777.7558955153 
 923 , 23749.2100176712 
 924 , 23745.1011767194 
 925 , 23763.8426173556 
 926 , 23780.9820382143 
 927 , 23783.6062312722 
 928 , 23787.0053126096 
 929 , 23806.3394813181 
 930 , 23827.4659197081 
 931 , 23824.2295101398 
 932 , 23795.5855060113 
 933 , 23770.5711826752 
 934 , 23769.798244357 
 935 , 23779.2803095852 
 936 , 23779.3744989963 
 937 , 23769.0534569479 
 938 , 23758.8336921422 
 939 , 23754.72306971 
 940 , 23754.8968742616 
 941 , 23756.6635117079 
 942 , 23756.7344119881 
 943 , 23752.0286305175 
 944 , 23746.3444266688 
 945 , 23749.3388364116 
 946 , 23765.3292760916 
 947 , 23785.9187420284 
 948 , 23802.1425309867 
 949 , 23813.4547482907 
 950 , 23822.7913649305 
 951 , 23830.5188321741 
 952 , 23834.0722620049 
 953 , 23833.7704477175 
 954 , 23839.4052584373 
 955 , 23860.6687414722 
 956 , 23888.4545679507 
 957 , 23903.340143333 
 958 , 23898.6190780659 
 959 , 23886.452358567 
 960 , 23877.8993294683 
 961 , 23873.2438687965 
 962 , 23869.9406012153 
 963 , 23864.7787776853 
 964 , 23854.0807297182 
 965 , 23835.2006447085 
 966 , 23807.4314900519 
 967 , 23773.4349752478 
 968 , 23752.660258393 
 969 , 23768.4071181184 
 970 , 23812.1560504093 
 971 , 23847.2869535434 
 972 , 23853.5491919627 
 973 , 23850.6075832855 
 974 , 23859.5649798738 
 975 , 23873.8005868396 
 976 , 23876.0299246191 
 977 , 23866.3411704976 
 978 , 23863.2972014758 
 979 , 23878.2784127539 
 980 , 23900.2063690779 
 981 , 23915.9989567778 
 982 , 23927.8166610158 
 983 , 23945.019306998 
 984 , 23968.7996453671 
 985 , 23990.1650092786 
 986 , 24002.0098313055 
 987 , 24005.4802115899 
 988 , 24003.6032528048 
 989 , 24001.302469499 
 990 , 24004.5530583206 
 991 , 24018.6362995549 
 992 , 24047.8391254064 
 993 , 24092.7725885281 
 994 , 24140.567576252 
 995 , 24176.9499492217 
 996 , 24207.2920261218 
 997 , 24249.1751263195 
 998 , 24311.2571297962 
 999 , 24387.9897317933 
 1000 , 24479.9631155856 
 1001 , 24618.3578550391 
 1002 , 24837.4244277884 
 1003 , 25110.195788778 
 1004 , 25368.1289342092 
 1005 , 25560.2342192813 
 1006 , 25666.3238577637 
 1007 , 25671.2954036782 
 1008 , 25569.5996069718 
 1009 , 25361.869403446 
 1010 , 25096.5622522203 
 1011 , 24856.056690348 
 1012 , 24674.9113896479 
 1013 , 24502.3906647345 
 1014 , 24298.8357562542 
 1015 , 24116.1483994097 
 1016 , 24026.8106097185 
 1017 , 24019.0161759811 
 1018 , 24018.9735066579 
 1019 , 23987.6117005745 
 1020 , 23950.4964761 
 1021 , 23934.4864894111 
 1022 , 23941.1438014859 
 1023 , 23964.1616110504 
 1024 , 23990.6121683139 
 1025 , 24002.8453973393 
 1026 , 23997.8973270035 
 1027 , 23998.9436193791 
 1028 , 24025.3195025961 
 1029 , 24066.5727467946 
 1030 , 24104.9177230293 
 1031 , 24138.5084186342 
 1032 , 24176.8093716959 
 1033 , 24219.8957703545 
 1034 , 24251.4809430485 
 1035 , 24260.3001960929 
 1036 , 24263.7287767998 
 1037 , 24284.2333162829 
 1038 , 24311.1673858323 
 1039 , 24311.82494956 
 1040 , 24276.668576276 
 1041 , 24233.5932025845 
 1042 , 24206.5076648536 
 1043 , 24190.25822177 
 1044 , 24173.2726508101 
 1045 , 24152.8703560132 
 1046 , 24131.9570304413 
 1047 , 24116.4403853168 
 1048 , 24116.4395536412 
 1049 , 24136.6150195627 
 1050 , 24161.1591873471 
 1051 , 24172.1402611061 
 1052 , 24174.4925939373 
 1053 , 24185.3781573387 
 1054 , 24205.4447510518 
 1055 , 24214.072161478 
 1056 , 24199.1935092407 
 1057 , 24179.101969183 
 1058 , 24174.7419786257 
 1059 , 24182.1060726289 
 1060 , 24185.5642074173 
 1061 , 24178.559362497 
 1062 , 24164.612951182 
 1063 , 24146.3038076188 
 1064 , 24122.4596654986 
 1065 , 24092.4725761492 
 1066 , 24063.2825563061 
 1067 , 24044.310589448 
 1068 , 24034.054742259 
 1069 , 24020.9533640863 
 1070 , 24002.4463374306 
 1071 , 23995.7182890446 
 1072 , 24013.549585706 
 1073 , 24032.8870230584 
 1074 , 24021.4648125878 
 1075 , 23981.6919116539 
 1076 , 23942.037849291 
 1077 , 23920.1510237602 
 1078 , 23914.3315179351 
 1079 , 23920.6926240512 
 1080 , 23934.0426774771 
 1081 , 23949.6536202354 
 1082 , 23971.1293357162 
 1083 , 24006.6301432045 
 1084 , 24046.9483874078 
 1085 , 24059.8098727512 
 1086 , 24028.2663877062 
 1087 , 23986.7757207858 
 1088 , 23974.3180615712 
 1089 , 23990.4695126976 
 1090 , 24016.8882036662 
 1091 , 24037.6049084183 
 1092 , 24039.1851418902 
 1093 , 24015.5387447179 
 1094 , 23976.838139209 
 1095 , 23933.8645804293 
 1096 , 23888.7166273382 
 1097 , 23840.9015466983 
 1098 , 23794.6035022498 
 1099 , 23757.4494350455 
 1100 , 23730.1642572561 
 1101 , 23702.019069247 
 1102 , 23663.7353375407 
 1103 , 23615.4974501327 
 1104 , 23560.171288181 
 1105 , 23504.8651245171 
 1106 , 23458.9099025689 
 1107 , 23428.7198462568 
 1108 , 23417.2476027528 
 1109 , 23424.1661461699 
 1110 , 23441.2043170954 
 1111 , 23459.0343069877 
 1112 , 23469.5835475357 
 1113 , 23465.8047705167 
 1114 , 23449.8224455468 
 1115 , 23431.2588740018 
 1116 , 23415.1746221165 
 1117 , 23398.2602394895 
 1118 , 23376.3661579028 
 1119 , 23345.3573873161 
 1120 , 23302.7357268365 
 1121 , 23261.7074543814 
 1122 , 23243.7051260573 
 1123 , 23253.392232098 
 1124 , 23275.6178593187 
 1125 , 23294.8970363484 
 1126 , 23297.7579202336 
 1127 , 23274.9550131264 
 1128 , 23239.9539466413 
 1129 , 23213.2356680475 
 1130 , 23197.8826084801 
 1131 , 23183.5876331052 
 1132 , 23164.5996461435 
 1133 , 23143.0369578545 
 1134 , 23120.4702148975 
 1135 , 23094.0633491271 
 1136 , 23061.1614994832 
 1137 , 23028.4968388406 
 1138 , 23007.0540036673 
 1139 , 22999.8019358442 
 1140 , 23001.540706327 
 1141 , 23006.7984302762 
 1142 , 23010.298803563 
 1143 , 23008.5074511858 
 1144 , 23005.8954231496 
 1145 , 23008.337701439 
 1146 , 23011.3694295744 
 1147 , 23004.2607949051 
 1148 , 22983.7411383914 
 1149 , 22956.1437229368 
 1150 , 22928.4906513843 
 1151 , 22907.9844266484 
 1152 , 22900.3552596365 
 1153 , 22902.4906990137 
 1154 , 22907.9613490367 
 1155 , 22908.9975754072 
 1156 , 22897.0091525433 
 1157 , 22874.2737875165 
 1158 , 22859.617802316 
 1159 , 22863.9685000364 
 1160 , 22868.7101272363 
 1161 , 22854.2485660828 
 1162 , 22835.5339786226 
 1163 , 22840.570736745 
 1164 , 22863.8753830685 
 1165 , 22870.9008767442 
 1166 , 22844.9153533029 
 1167 , 22801.8107160098 
 1168 , 22760.0447628995 
 1169 , 22735.560864614 
 1170 , 22740.3957457546 
 1171 , 22759.7135508399 
 1172 , 22766.8329693891 
 1173 , 22759.0625806399 
 1174 , 22756.6608489308 
 1175 , 22765.9969207525 
 1176 , 22765.4327259918 
 1177 , 22737.3666271526 
 1178 , 22692.3739356074 
 1179 , 22647.0395637543 
 1180 , 22609.8690114893 
 1181 , 22584.9997289027 
 1182 , 22571.4392628273 
 1183 , 22563.0908402617 
 1184 , 22555.4707476948 
 1185 , 22547.6969512088 
 1186 , 22538.5639670681 
 1187 , 22523.8640394508 
 1188 , 22500.2764740398 
 1189 , 22478.9661762617 
 1190 , 22477.6035938572 
 1191 , 22490.3064775835 
 1192 , 22487.6209769651 
 1193 , 22455.453074247 
 1194 , 22411.4351773947 
 1195 , 22373.3074733715 
 1196 , 22344.9533672014 
 1197 , 22326.800260062 
 1198 , 22318.8779442082 
 1199 , 22320.9739266712 
 1200 , 22331.950516416 
 1201 , 22349.7365125486 
 1202 , 22367.4721801572 
 1203 , 22369.6560700628 
 1204 , 22343.3756985979 
 1205 , 22288.4303112652 
 1206 , 22210.7551648152 
 1207 , 22140.947067319 
 1208 , 22118.4864555687 
 1209 , 22139.1274564645 
 1210 , 22160.7870547708 
 1211 , 22160.1924633999 
 1212 , 22146.780329949 
 1213 , 22126.5118395228 
 1214 , 22084.7884712544 
 1215 , 22009.1524037463 
 1216 , 21927.3137567706 
 1217 , 21880.9398354867 
 1218 , 21882.1647337432 
 1219 , 21920.451772109 
 1220 , 21969.6915932978 
 1221 , 21982.8880247643 
 1222 , 21933.14803022 
 1223 , 21850.7125920809 
 1224 , 21771.8628133444 
 1225 , 21715.6813369788 
 1226 , 21693.9143676929 
 1227 , 21699.3310816205 
 1228 , 21712.9009828844 
 1229 , 21716.521556011 
 1230 , 21693.4426051357 
 1231 , 21641.6433706562 
 1232 , 21589.8708120443 
 1233 , 21562.5961841157 
 1234 , 21551.1820187936 
 1235 , 21539.8248789014 
 1236 , 21522.8252848311 
 1237 , 21499.3305235289 
 1238 , 21466.8576781018 
 1239 , 21421.5847350748 
 1240 , 21369.0123751437 
 1241 , 21329.6609396344 
 1242 , 21316.1018545794 
 1243 , 21313.1303035077 
 1244 , 21304.1086764165 
 1245 , 21294.0513157611 
 1246 , 21294.7090575558 
 1247 , 21305.0893511657 
 1248 , 21315.6752603176 
 1249 , 21314.5089898296 
 1250 , 21287.0308171236 
 1251 , 21234.2816452063 
 1252 , 21190.6013250285 
 1253 , 21182.6335345512 
 1254 , 21189.6607092765 
 1255 , 21182.9908885635 
 1256 , 21163.0932325315 
 1257 , 21143.1847183378 
 1258 , 21122.8050108066 
 1259 , 21090.2971173739 
 1260 , 21043.8065089656 
 1261 , 20996.1929141042 
 1262 , 20960.3058394691 
 1263 , 20945.9632521404 
 1264 , 20958.7783044289 
 1265 , 20986.2469311439 
 1266 , 21011.1410998754 
 1267 , 21023.7002336736 
 1268 , 21018.5117400924 
 1269 , 20994.9300953678 
 1270 , 20956.9269761674 
 1271 , 20914.0516403498 
 1272 , 20884.8236206554 
 1273 , 20880.6551461873 
 1274 , 20889.3059708949 
 1275 , 20895.9602406361 
 1276 , 20895.7169263363 
 1277 , 20887.1131378531 
 1278 , 20869.1386937161 
 1279 , 20841.3192459487 
 1280 , 20809.657473141 
 1281 , 20786.7874896826 
 1282 , 20777.5637513542 
 1283 , 20772.4788926889 
 1284 , 20764.3385375406 
 1285 , 20757.8346553432 
 1286 , 20757.6057540941 
 1287 , 20754.6633353069 
 1288 , 20736.4927889465 
 1289 , 20705.0879870799 
 1290 , 20671.2525618708 
 1291 , 20641.4513318415 
 1292 , 20617.4109174262 
 1293 , 20594.4283348609 
 1294 , 20556.8949099712 
 1295 , 20501.2409182551 
 1296 , 20464.0319839857 
 1297 , 20477.1608032176 
 1298 , 20505.1237667232 
 1299 , 20495.1799598399 
 1300 , 20453.1623143688 
 1301 , 20417.9129280598 
 1302 , 20398.8202580917 
 1303 , 20376.286496241 
 1304 , 20341.1453071465 
 1305 , 20303.0338309768 
 1306 , 20270.7266087789 
 1307 , 20245.9412804 
 1308 , 20228.327436124 
 1309 , 20213.3488104339 
 1310 , 20195.5000401841 
 1311 , 20171.8008916254 
 1312 , 20140.7317839845 
 1313 , 20103.5670641645 
 1314 , 20063.9474496048 
 1315 , 20025.738186093 
 1316 , 19993.0194179742 
 1317 , 19971.8518327831 
 1318 , 19972.7859946788 
 1319 , 19998.0260850919 
 1320 , 20014.7137331764 
 1321 , 19989.4296801608 
 1322 , 19943.4027074398 
 1323 , 19917.886191494 
 1324 , 19918.6119263092 
 1325 , 19927.0254227465 
 1326 , 19928.5492381726 
 1327 , 19913.6379142501 
 1328 , 19883.5421606262 
 1329 , 19858.2147937631 
 1330 , 19850.9140485315 
 1331 , 19849.6391347333 
 1332 , 19840.6060249761 
 1333 , 19824.0761395575 
 1334 , 19804.4800450694 
 1335 , 19784.5736874646 
 1336 , 19766.042513924 
 1337 , 19747.1017761278 
 1338 , 19723.2583924094 
 1339 , 19695.0148733311 
 1340 , 19669.4186174807 
 1341 , 19650.5553447605 
 1342 , 19635.5150772608 
 1343 , 19620.0706017814 
 1344 , 19598.4590354418 
 1345 , 19567.8814388126 
 1346 , 19544.0931643762 
 1347 , 19546.3486008494 
 1348 , 19564.6086261828 
 1349 , 19573.1392668198 
 1350 , 19561.6546206953 
 1351 , 19533.7206059981 
 1352 , 19495.5101045067 
 1353 , 19456.0875496212 
 1354 , 19419.7711292638 
 1355 , 19380.2348771451 
 1356 , 19331.9201548395 
 1357 , 19276.6944719227 
 1358 , 19219.0426469723 
 1359 , 19169.1953274603 
 1360 , 19137.6982972982 
 1361 , 19118.6627135282 
 1362 , 19097.5225493719 
 1363 , 19068.277710297 
 1364 , 19032.4527352907 
 1365 , 18995.3514001209 
 1366 , 18966.8533276901 
 1367 , 18950.360062614 
 1368 , 18935.62910152 
 1369 , 18912.7451277264 
 1370 , 18877.9945504676 
 1371 , 18831.2235605751 
 1372 , 18784.1373735437 
 1373 , 18750.9164434165 
 1374 , 18735.12972609 
 1375 , 18734.4746956159 
 1376 , 18737.6962232179 
 1377 , 18727.2742497007 
 1378 , 18698.3865364172 
 1379 , 18660.6686601705 
 1380 , 18620.8867641516 
 1381 , 18579.6375465728 
 1382 , 18537.9406141303 
 1383 , 18499.452224743 
 1384 , 18465.6308790428 
 1385 , 18427.3571424106 
 1386 , 18375.814261482 
 1387 , 18321.1614910447 
 1388 , 18279.603995927 
 1389 , 18252.6446941998 
 1390 , 18233.0707815563 
 1391 , 18214.1806086127 
 1392 , 18189.9425742741 
 1393 , 18158.9001518147 
 1394 , 18125.4618281711 
 1395 , 18091.9159859119 
 1396 , 18055.7594356957 
 1397 , 18017.3363398183 
 1398 , 17986.7323423129 
 1399 , 17973.6562472612 
 1400 , 17978.4751276337 
 1401 , 17996.4198859791 
 1402 , 18005.2223431008 
 1403 , 17978.7762383786 
 1404 , 17929.1073543205 
 1405 , 17890.5845960927 
 1406 , 17874.6245445808 
 1407 , 17871.7933047212 
 1408 , 17872.4655526542 
 1409 , 17867.7750091846 
 1410 , 17854.7335497598 
 1411 , 17841.2362803777 
 1412 , 17830.9900798416 
 1413 , 17812.9171486536 
 1414 , 17779.3704730624 
 1415 , 17747.1772561837 
 1416 , 17734.3903872429 
 1417 , 17727.6041971692 
 1418 , 17704.0463768261 
 1419 , 17666.6923489549 
 1420 , 17631.9502246143 
 1421 , 17601.8296151635 
 1422 , 17567.1629130995 
 1423 , 17529.4907842767 
 1424 , 17502.5395719089 
 1425 , 17488.8071947981 
 1426 , 17472.005206674 
 1427 , 17446.313441634 
 1428 , 17433.3756637191 
 1429 , 17446.4720476857 
 1430 , 17459.0252894236 
 1431 , 17443.6166959138 
 1432 , 17408.1012309788 
 1433 , 17368.8442808108 
 1434 , 17327.3101142639 
 1435 , 17279.7852359294 
 1436 , 17236.5019148529 
 1437 , 17215.0160555203 
 1438 , 17211.322937591 
 1439 , 17203.5953861279 
 1440 , 17189.9672388969 
 1441 , 17192.3825774802 
 1442 , 17208.8209260262 
 1443 , 17196.1523453925 
 1444 , 17137.514282684 
 1445 , 17084.2591667652 
 1446 , 17077.4511944306 
 1447 , 17094.8584946053 
 1448 , 17107.2762131626 
 1449 , 17111.7200005498 
 1450 , 17111.7868608763 
 1451 , 17104.8911958689 
 1452 , 17087.9700681482 
 1453 , 17077.5604134551 
 1454 , 17098.7089360902 
 1455 , 17139.7726361069 
 1456 , 17162.0550234018 
 1457 , 17152.7632986749 
 1458 , 17126.5427059606 
 1459 , 17096.611253613 
 1460 , 17072.3558866635 
 1461 , 17054.3399792585 
 1462 , 17027.0175578731 
 1463 , 16979.6006279162 
 1464 , 16918.1950851301 
 1465 , 16849.3620015755 
 1466 , 16771.6848662924 
 1467 , 16685.2478796274 
 1468 , 16606.4344195382 
 1469 , 16552.8001484907 
 1470 , 16514.9413558122 
 1471 , 16473.9041716612 
 1472 , 16429.4933914092 
 1473 , 16391.7275933724 
 1474 , 16362.8922647435 
 1475 , 16339.4734422569 
 1476 , 16321.7852611121 
 1477 , 16313.8234307609 
 1478 , 16307.6403834015 
 1479 , 16279.585819669 
 1480 , 16225.9390363902 
 1481 , 16179.3849434768 
 1482 , 16160.9307292565 
 1483 , 16156.3300838606 
 1484 , 16151.2119174795 
 1485 , 16146.0517248237 
 1486 , 16143.1012240829 
 1487 , 16140.145538116 
 1488 , 16133.2949796717 
 1489 , 16115.7722274952 
 1490 , 16082.0557184016 
 1491 , 16043.9058533131 
 1492 , 16019.180905564 
 1493 , 16005.9198100341 
 1494 , 15990.8717046642 
 1495 , 15970.7220538606 
 1496 , 15949.8969505947 
 1497 , 15930.5527069709 
 1498 , 15912.3667041146 
 1499 , 15894.4813577827 
 1500 , 15875.465358475 
 1501 , 15851.9274388618 
 1502 , 15817.3919528368 
 1503 , 15773.9628629113 
 1504 , 15742.3156258145 
 1505 , 15732.8026179473 
 1506 , 15721.4371414252 
 1507 , 15688.3194963133 
 1508 , 15648.3440071531 
 1509 , 15618.5862350329 
 1510 , 15590.7849352051 
 1511 , 15553.3952166265 
 1512 , 15519.0386156503 
 1513 , 15505.3484861956 
 1514 , 15498.3158298243 
 1515 , 15471.6453305992 
 1516 , 15428.5171326408 
 1517 , 15389.2265272318 
 1518 , 15364.4323816404 
 1519 , 15356.6144269676 
 1520 , 15353.0508759367 
 1521 , 15327.7742369896 
 1522 , 15280.4245886745 
 1523 , 15240.7088474204 
 1524 , 15220.9555988334 
 1525 , 15205.9935164332 
 1526 , 15183.3225264206 
 1527 , 15149.1068035918 
 1528 , 15108.2762435085 
 1529 , 15083.2892231333 
 1530 , 15086.915747658 
 1531 , 15098.3024543898 
 1532 , 15096.8549648371 
 1533 , 15083.2413969836 
 1534 , 15062.9600454169 
 1535 , 15042.2985722656 
 1536 , 15025.5259061819 
 1537 , 15004.5503932661 
 1538 , 14969.7024611947 
 1539 , 14929.9053280511 
 1540 , 14900.1234370585 
 1541 , 14878.8252228517 
 1542 , 14856.4256928082 
 1543 , 14829.6776203312 
 1544 , 14800.3242540189 
 1545 , 14783.899146325 
 1546 , 14804.7211689159 
 1547 , 14853.0445744577 
 1548 , 14888.2307594295 
 1549 , 14887.7987444228 
 1550 , 14850.9780595759 
 1551 , 14794.2286381012 
 1552 , 14754.8673278199 
 1553 , 14746.8827179649 
 1554 , 14745.3921749269 
 1555 , 14735.426466839 
 1556 , 14727.0671308757 
 1557 , 14724.6558425829 
 1558 , 14713.3820951222 
 1559 , 14686.3162904784 
 1560 , 14664.8989553144 
 1561 , 14662.5325634728 
 1562 , 14651.1111649137 
 1563 , 14606.5550104613 
 1564 , 14553.3622469006 
 1565 , 14521.0720303378 
 1566 , 14507.2533084109 
 1567 , 14500.8820544015 
 1568 , 14495.2647183943 
 1569 , 14485.8623243946 
 1570 , 14472.4683235155 
 1571 , 14456.9550359855 
 1572 , 14443.537170061 
 1573 , 14436.5935082181 
 1574 , 14430.9461917887 
 1575 , 14417.1976576642 
 1576 , 14400.4429024738 
 1577 , 14394.6347980508 
 1578 , 14402.8763579335 
 1579 , 14419.3580058189 
 1580 , 14428.7215724832 
 1581 , 14408.6020779131 
 1582 , 14364.1121915432 
 1583 , 14327.5871011722 
 1584 , 14310.3475527408 
 1585 , 14298.2348870463 
 1586 , 14282.2526760699 
 1587 , 14262.1200489147 
 1588 , 14240.8249478153 
 1589 , 14225.3306568209 
 1590 , 14219.4158319418 
 1591 , 14220.8090884499 
 1592 , 14221.8226287467 
 1593 , 14205.4411077523 
 1594 , 14167.3158644845 
 1595 , 14133.4990145898 
 1596 , 14119.1376205692 
 1597 , 14101.6539650581 
 1598 , 14064.0538442713 
 1599 , 14022.060919424 
 1600 , 13994.9220228564 
 1601 , 13994.4232360912 
 1602 , 14024.1272318307 
 1603 , 14062.8367982907 
 1604 , 14086.030141828 
 1605 , 14079.1537992423 
 1606 , 14038.5363339827 
 1607 , 13999.5681303989 
 1608 , 13998.3494338457 
 1609 , 14013.5662751719 
 1610 , 14009.0136346307 
 1611 , 13973.0813819498 
 1612 , 13906.7597042229 
 1613 , 13834.5226061142 
 1614 , 13785.8758684233 
 1615 , 13755.3789844489 
 1616 , 13723.4371517958 
 1617 , 13685.6752598505 
 1618 , 13645.1078120334 
 1619 , 13601.8393621524 
 1620 , 13555.3578776962 
 1621 , 13516.0682771727 
 1622 , 13498.7759521364 
 1623 , 13491.8305756174 
 1624 , 13468.3033297314 
 1625 , 13431.0558437228 
 1626 , 13403.4780772414 
 1627 , 13393.5576851951 
 1628 , 13396.5971192453 
 1629 , 13401.3871398121 
 1630 , 13392.3753346932 
 1631 , 13370.1161629748 
 1632 , 13349.2050971516 
 1633 , 13330.8092938265 
 1634 , 13302.9894726836 
 1635 , 13263.5233227681 
 1636 , 13220.8567352873 
 1637 , 13184.1641606702 
 1638 , 13162.5119857778 
 1639 , 13153.3604452613 
 1640 , 13140.8242739554 
 1641 , 13121.7235100549 
 1642 , 13109.4834483541 
 1643 , 13105.0550090912 
 1644 , 13091.629179964 
 1645 , 13063.4704375095 
 1646 , 13032.0667860235 
 1647 , 13004.2484976183 
 1648 , 12978.0344495945 
 1649 , 12952.886670492 
 1650 , 12931.5835416123 
 1651 , 12913.116526657 
 1652 , 12889.8881188369 
 1653 , 12861.9951470381 
 1654 , 12843.6769553102 
 1655 , 12837.5018004273 
 1656 , 12822.6972593362 
 1657 , 12790.0741058128 
 1658 , 12756.6259609056 
 1659 , 12735.1576972917 
 1660 , 12724.7180869028 
 1661 , 12720.9827819669 
 1662 , 12716.0154907172 
 1663 , 12701.5727622454 
 1664 , 12669.7608292326 
 1665 , 12628.0104364752 
 1666 , 12616.4849396496 
 1667 , 12647.1642641856 
 1668 , 12660.3697422269 
 1669 , 12621.2566609137 
 1670 , 12573.137333854 
 1671 , 12548.9791917139 
 1672 , 12532.651706235 
 1673 , 12508.7239604854 
 1674 , 12479.9221635842 
 1675 , 12451.1579143772 
 1676 , 12426.2584702257 
 1677 , 12406.3782717575 
 1678 , 12386.5253884414 
 1679 , 12363.5176253623 
 1680 , 12340.9402805015 
 1681 , 12321.1004952396 
 1682 , 12300.5407166753 
 1683 , 12277.9645182606 
 1684 , 12259.7326201252 
 1685 , 12248.8721329211 
 1686 , 12237.0091072337 
 1687 , 12217.4974317724 
 1688 , 12192.5237523137 
 1689 , 12162.9757016812 
 1690 , 12123.035476633 
 1691 , 12077.1185857585 
 1692 , 12057.8428551619 
 1693 , 12077.5793333394 
 1694 , 12087.5814451778 
 1695 , 12054.2367402964 
 1696 , 12004.1516736944 
 1697 , 11966.8980494039 
 1698 , 11957.1205863499 
 1699 , 11973.9661280809 
 1700 , 11984.9269652974 
 1701 , 11969.5496638014 
 1702 , 11946.4260927087 
 1703 , 11929.1125274966 
 1704 , 11906.8639079855 
 1705 , 11876.0754914978 
 1706 , 11856.6244269439 
 1707 , 11855.9695257143 
 1708 , 11847.6901959861 
 1709 , 11817.9856870597 
 1710 , 11789.0521073827 
 1711 , 11773.6157860872 
 1712 , 11755.7762973321 
 1713 , 11730.0447459371 
 1714 , 11718.2518635698 
 1715 , 11726.2779618764 
 1716 , 11723.7626352141 
 1717 , 11697.624118001 
 1718 , 11673.5831961115 
 1719 , 11662.389027834 
 1720 , 11641.5384652055 
 1721 , 11603.3499720128 
 1722 , 11570.3842232893 
 1723 , 11552.9442341169 
 1724 , 11537.3052239864 
 1725 , 11517.869956959 
 1726 , 11504.4617088246 
 1727 , 11497.262181456 
 1728 , 11480.9914768145 
 1729 , 11453.578159272 
 1730 , 11432.3533800042 
 1731 , 11423.9671433188 
 1732 , 11419.5278425148 
 1733 , 11411.5564702907 
 1734 , 11395.6056267402 
 1735 , 11369.1011438287 
 1736 , 11331.7729968852 
 1737 , 11293.0767771509 
 1738 , 11272.0783211333 
 1739 , 11271.9207990485 
 1740 , 11279.4213582714 
 1741 , 11284.0922443583 
 1742 , 11278.9614390583 
 1743 , 11262.9002868749 
 1744 , 11239.9130615225 
 1745 , 11216.5088095119 
 1746 , 11200.6307521245 
 1747 , 11193.6901156474 
 1748 , 11191.614082975 
 1749 , 11183.1908415417 
 1750 , 11154.1201698165 
 1751 , 11110.14833406 
 1752 , 11069.0258827835 
 1753 , 11040.4662944371 
 1754 , 11027.6788653008 
 1755 , 11018.4140359004 
 1756 , 10995.7795980594 
 1757 , 10971.6538300247 
 1758 , 10968.2467340231 
 1759 , 10981.4479351515 
 1760 , 10996.2599955863 
 1761 , 11002.2749175601 
 1762 , 10992.8039058268 
 1763 , 10971.9554493246 
 1764 , 10946.4842947458 
 1765 , 10917.0198875693 
 1766 , 10884.6438958491 
 1767 , 10861.3629081947 
 1768 , 10856.3326418809 
 1769 , 10854.7485740385 
 1770 , 10841.3833591511 
 1771 , 10820.9711855751 
 1772 , 10802.4658754942 
 1773 , 10794.1188378715 
 1774 , 10797.7906273742 
 1775 , 10798.0363836505 
 1776 , 10785.888189149 
 1777 , 10775.4156425669 
 1778 , 10773.8205168382 
 1779 , 10766.1497279386 
 1780 , 10742.7729672839 
 1781 , 10709.649719545 
 1782 , 10676.5431276826 
 1783 , 10656.4730760483 
 1784 , 10652.6380781286 
 1785 , 10653.3829305338 
 1786 , 10647.9118394781 
 1787 , 10628.4149149987 
 1788 , 10597.1384521545 
 1789 , 10567.3900523922 
 1790 , 10550.0233027597 
 1791 , 10552.0266999211 
 1792 , 10565.2891325189 
 1793 , 10569.8913407978 
 1794 , 10562.5321536763 
 1795 , 10552.0408020891 
 1796 , 10538.7276239495 
 1797 , 10518.0130386739 
 1798 , 10494.0096394434 
 1799 , 10475.2321410613 
 1800 , 10465.610427799 
 1801 , 10465.7650409698 
 1802 , 10469.163249306 
 1803 , 10467.197113121 
 1804 , 10456.2558718254 
 1805 , 10436.1550897493 
 1806 , 10414.6106536345 
 1807 , 10399.0540964493 
 1808 , 10386.522967208 
 1809 , 10371.9368565411 
 1810 , 10351.736301213 
 1811 , 10327.2996204362 
 1812 , 10312.7653177457 
 1813 , 10317.1753343604 
 1814 , 10332.6888810885 
 1815 , 10347.4368025497 
 1816 , 10346.5267088766 
 1817 , 10326.9233794721 
 1818 , 10305.2715812697 
 1819 , 10288.9285579951 
 1820 , 10270.3787242039 
 1821 , 10252.3002841465 
 1822 , 10249.41954394 
 1823 , 10256.1541078577 
 1824 , 10248.0579639103 
 1825 , 10223.7311155066 
 1826 , 10200.4651706977 
 1827 , 10188.179155445 
 1828 , 10189.6996905677 
 1829 , 10190.9553893833 
 1830 , 10172.8168090978 
 1831 , 10149.0866115275 
 1832 , 10142.6895528084 
 1833 , 10139.731047544 
 1834 , 10119.6980566224 
 1835 , 10097.1943474463 
 1836 , 10089.5686605016 
 1837 , 10083.3566543968 
 1838 , 10064.649215226 
 1839 , 10041.522587607 
 1840 , 10024.280465674 
 1841 , 10018.0554484347 
 1842 , 10019.9563378141 
 1843 , 10012.694181178 
 1844 , 9991.84597818141 
 1845 , 9976.44600046509 
 1846 , 9969.45049033872 
 1847 , 9950.52131276302 
 1848 , 9923.18007570504 
 1849 , 9916.71972757385 
 1850 , 9930.09140439739 
 1851 , 9935.97346261405 
 1852 , 9924.80328729692 
 1853 , 9901.23792171245 
 1854 , 9880.36370685294 
 1855 , 9878.87244957325 
 1856 , 9882.80005171908 
 1857 , 9869.48765966413 
 1858 , 9845.42667789869 
 1859 , 9825.04103193355 
 1860 , 9812.17929604614 
 1861 , 9804.8013063239 
 1862 , 9790.7570570269 
 1863 , 9763.98066382937 
 1864 , 9740.07526177931 
 1865 , 9730.04247483094 
 1866 , 9728.12967600744 
 1867 , 9726.45871341733 
 1868 , 9717.22391411666 
 1869 , 9699.0453040525 
 1870 , 9678.75738544069 
 1871 , 9664.28403563745 
 1872 , 9663.34754320771 
 1873 , 9671.83543844247 
 1874 , 9676.47873639956 
 1875 , 9666.05170002758 
 1876 , 9634.08256689223 
 1877 , 9600.709507675 
 1878 , 9592.01406402118 
 1879 , 9594.07972081183 
 1880 , 9584.47691214383 
 1881 , 9567.99298555151 
 1882 , 9553.59703161875 
 1883 , 9539.18169874646 
 1884 , 9524.87816026053 
 1885 , 9522.02482643283 
 1886 , 9531.90563517732 
 1887 , 9533.76876128242 
 1888 , 9520.98071138803 
 1889 , 9510.4609559311 
 1890 , 9504.84578090846 
 1891 , 9489.66055494834 
 1892 , 9466.1404478485 
 1893 , 9448.37167407951 
 1894 , 9434.0080023095 
 1895 , 9412.07296853541 
 1896 , 9391.58722672113 
 1897 , 9387.0939071539 
 1898 , 9386.50136647144 
 1899 , 9373.30667830345 
 1900 , 9354.64729381492 
 1901 , 9338.6246817059 
 1902 , 9316.12942802817 
 1903 , 9284.22621774188 
 1904 , 9262.07787685257 
 1905 , 9258.17348886659 
 1906 , 9257.35944543741 
 1907 , 9251.77827114671 
 1908 , 9245.74790100042 
 1909 , 9237.14544068329 
 1910 , 9218.21055083094 
 1911 , 9200.54082220704 
 1912 , 9205.88899984974 
 1913 , 9218.16419254093 
 1914 , 9207.92236153096 
 1915 , 9191.93974921786 
 1916 , 9194.11828745452 
 1917 , 9187.69499045751 
 1918 , 9147.14078211714 
 1919 , 9097.16191133994 
 1920 , 9066.21258574229 
 1921 , 9067.7857563936 
 1922 , 9092.76356255631 
 1923 , 9098.58878882451 
 1924 , 9075.83728792751 
 1925 , 9058.44979453067 
 1926 , 9054.28449628403 
 1927 , 9046.41960856235 
 1928 , 9032.9193791935 
 1929 , 9021.79552114178 
 1930 , 9016.49972806338 
 1931 , 9015.54219779962 
 1932 , 9002.85654202658 
 1933 , 8966.27854585615 
 1934 , 8927.05094950169 
 1935 , 8909.95223630517 
 1936 , 8928.0567164857 
 1937 , 8969.87348942494 
 1938 , 8982.64033449851 
 1939 , 8953.13527401064 
 1940 , 8925.69396269286 
 1941 , 8916.40589935164 
 1942 , 8910.84970449611 
 1943 , 8901.98542484786 
 1944 , 8889.33475122272 
 1945 , 8877.28615597436 
 1946 , 8871.74253477988 
 1947 , 8874.15246264403 
 1948 , 8879.14347943473 
 1949 , 8861.7002268406 
 1950 , 8814.19166388461 
 1951 , 8784.35574917875 
 1952 , 8791.89520317672 
 1953 , 8792.63394994217 
 1954 , 8772.27339149628 
 1955 , 8760.53642514102 
 1956 , 8764.53701757066 
 1957 , 8768.95864669671 
 1958 , 8757.22516566053 
 1959 , 8718.28216536453 
 1960 , 8681.86917003833 
 1961 , 8682.550715363 
 1962 , 8696.77458011325 
 1963 , 8696.07572883387 
 1964 , 8688.39534275064 
 1965 , 8680.73122398376 
 1966 , 8663.8481061249 
 1967 , 8637.26605331133 
 1968 , 8615.68539487473 
 1969 , 8609.00583067449 
 1970 , 8619.5947410124 
 1971 , 8629.40707900259 
 1972 , 8611.54932163654 
 1973 , 8577.97199272737 
 1974 , 8555.1736096633 
 1975 , 8550.63099959157 
 1976 , 8560.88195110646 
 1977 , 8566.31273333567 
 1978 , 8554.85884607532 
 1979 , 8537.79166194102 
 1980 , 8522.60424244893 
 1981 , 8506.88569147047 
 1982 , 8489.42971130058 
 1983 , 8471.07228597183 
 1984 , 8453.3750457185 
 1985 , 8438.31773920998 
 1986 , 8427.7653382979 
 1987 , 8422.82227515866 
 1988 , 8421.24227884792 
 1989 , 8419.14793098689 
 1990 , 8410.76768993168 
 1991 , 8395.93953126866 
 1992 , 8386.156344374 
 1993 , 8384.72286373992 
 1994 , 8382.8048591617 
 1995 , 8381.77468886931 
 1996 , 8390.90231369058 
 1997 , 8398.9966445969 
 1998 , 8386.37710034498 
 1999 , 8357.8661115973 
 2000 , 8328.24152670346 
 2001 , 8313.67809066617 
 2002 , 8319.88060966908 
 2003 , 8325.68171281505 
 2004 , 8318.57392068387 
 2005 , 8306.82653821231 
 2006 , 8299.09789303436 
 2007 , 8300.97390820639 
 2008 , 8298.8340203003 
 2009 , 8270.87897712446 
 2010 , 8236.23608865518 
 2011 , 8223.28365444182 
 2012 , 8215.07361794677 
 2013 , 8194.47577071897 
 2014 , 8181.82077329373 
 2015 , 8192.36062676378 
 2016 , 8219.30510319239 
 2017 , 8239.91008618513 
 2018 , 8218.49865861669 
 2019 , 8167.81288766488 
 2020 , 8134.4779536288 
 2021 , 8129.74402739034 
 2022 , 8143.45764219991 
 2023 , 8148.99399854501 
 2024 , 8130.33747194449 
 2025 , 8118.75741191177 
 2026 , 8125.21911515889 
 2027 , 8106.83555812214 
 2028 , 8062.52626250451 
 2029 , 8045.53381865019 
 2030 , 8058.9247755968 
 2031 , 8067.42135191907 
 2032 , 8061.74036209672 
 2033 , 8047.14022466434 
 2034 , 8034.83397083811 
 2035 , 8031.12775532719 
 2036 , 8023.07485998806 
 2037 , 8003.7736377972 
 2038 , 7983.1618223087 
 2039 , 7967.67132029305 
 2040 , 7957.79659845107 
 2041 , 7953.754455308 
 2042 , 7954.93154441556 
 2043 , 7954.43145508863 
 2044 , 7945.75895786046 
 2045 , 7935.99330089046 
 2046 , 7929.14747093775 
 2047 , 7912.55059606106 
 2048 , 7884.61243537863 
 2049 , 7864.24329314888 
 2050 , 7855.88650410231 
 2051 , 7848.92683052426 
 2052 , 7839.90911416841 
 2053 , 7829.21979842749 
 2054 , 7812.16357284029 
 2055 , 7788.0467391092 
 2056 , 7776.12272912179 
 2057 , 7781.25205492725 
 2058 , 7771.47446093153 
 2059 , 7744.30613122728 
 2060 , 7736.6513774806 
 2061 , 7746.72230807216 
 2062 , 7744.78805096096 
 2063 , 7728.86489888161 
 2064 , 7710.06936234636 
 2065 , 7698.77415624476 
 2066 , 7696.55040195272 
 2067 , 7683.85841368678 
 2068 , 7660.38919782687 
 2069 , 7657.52099606162 
 2070 , 7668.42488120846 
 2071 , 7654.16384063808 
 2072 , 7625.25899404286 
 2073 , 7613.50130224109 
 2074 , 7615.39362961036 
 2075 , 7616.22261677226 
 2076 , 7602.27825630529 
 2077 , 7573.00367251068 
 2078 , 7549.33179278801 
 2079 , 7535.99091887037 
 2080 , 7520.41981863127 
 2081 , 7507.06793306739 
 2082 , 7506.65286093391 
 2083 , 7502.31207919044 
 2084 , 7480.17308580729 
 2085 , 7467.9021909313 
 2086 , 7475.21514049359 
 2087 , 7464.73489549093 
 2088 , 7436.29060393733 
 2089 , 7431.77389520375 
 2090 , 7443.94464037414 
 2091 , 7438.81033291191 
 2092 , 7422.76049538759 
 2093 , 7411.10406985532 
 2094 , 7397.79636016055 
 2095 , 7379.59415672088 
 2096 , 7366.53318017201 
 2097 , 7361.24610691276 
 2098 , 7357.15960430186 
 2099 , 7353.84213732486 
 2100 , 7353.79911218044 
 2101 , 7351.57886682165 
 2102 , 7339.86771879195 
 2103 , 7314.95952262795 
 2104 , 7284.04710025076 
 2105 , 7271.57627126413 
 2106 , 7277.41535600908 
 2107 , 7275.90068428438 
 2108 , 7262.09719851407 
 2109 , 7243.46906615242 
 2110 , 7222.71129757933 
 2111 , 7201.3682920354 
 2112 , 7182.51024961432 
 2113 , 7169.49211430896 
 2114 , 7165.31075472492 
 2115 , 7165.3872501068 
 2116 , 7159.1301758378 
 2117 , 7145.33215331953 
 2118 , 7129.55850817493 
 2119 , 7124.96243538267 
 2120 , 7135.07669914249 
 2121 , 7134.58875213176 
 2122 , 7118.17182563145 
 2123 , 7111.92954502191 
 2124 , 7105.67228706076 
 2125 , 7067.61101458768 
 2126 , 7030.99499315843 
 2127 , 7037.25923846257 
 2128 , 7049.70207447215 
 2129 , 7037.77628729852 
 2130 , 7019.75674731534 
 2131 , 7008.65986006713 
 2132 , 7004.17732114855 
 2133 , 6995.78453800657 
 2134 , 6971.4644719907 
 2135 , 6944.02267404571 
 2136 , 6929.41830378962 
 2137 , 6928.28555663202 
 2138 , 6933.36159374719 
 2139 , 6930.05029163296 
 2140 , 6914.89868839382 
 2141 , 6895.08521556257 
 2142 , 6881.96835797689 
 2143 , 6882.10232232544 
 2144 , 6876.16284248572 
 2145 , 6858.07962196247 
 2146 , 6860.44784077385 
 2147 , 6875.53279312822 
 2148 , 6851.55304993586 
 2149 , 6807.43512065032 
 2150 , 6793.96378350263 
 2151 , 6791.83216621493 
 2152 , 6773.25750187065 
 2153 , 6749.26270437588 
 2154 , 6730.93257021669 
 2155 , 6720.34500356576 
 2156 , 6718.41853794897 
 2157 , 6723.94505558235 
 2158 , 6723.84373144204 
 2159 , 6708.50918507019 
 2160 , 6696.24119798737 
 2161 , 6699.07705752866 
 2162 , 6707.9863028545 
 2163 , 6710.3182403368 
 2164 , 6694.50483046069 
 2165 , 6670.11509473821 
 2166 , 6654.80331481173 
 2167 , 6655.90035465321 
 2168 , 6665.16811411157 
 2169 , 6649.39147499428 
 2170 , 6613.90605234648 
 2171 , 6603.66763132114 
 2172 , 6606.11574927167 
 2173 , 6586.93579990464 
 2174 , 6573.23422924145 
 2175 , 6587.28225318399 
 2176 , 6597.75549432387 
 2177 , 6589.20875773688 
 2178 , 6574.33211835364 
 2179 , 6558.27418372809 
 2180 , 6542.19284658105 
 2181 , 6538.06599618711 
 2182 , 6550.12957620763 
 2183 , 6553.73567471889 
 2184 , 6539.10984389069 
 2185 , 6521.77365452343 
 2186 , 6510.47492154486 
 2187 , 6505.3007780549 
 2188 , 6490.95975956504 
 2189 , 6459.99985697433 
 2190 , 6440.82707664797 
 2191 , 6443.63896321406 
 2192 , 6445.25757431563 
 2193 , 6427.40472753122 
 2194 , 6385.12735034479 
 2195 , 6360.59456187022 
 2196 , 6382.43239994345 
 2197 , 6393.98618202084 
 2198 , 6369.85427648737 
 2199 , 6347.72778923334 
 2200 , 6343.96171217441 
 2201 , 6352.85564384014 
 2202 , 6350.78872639419 
 2203 , 6324.52122934544 
 2204 , 6306.30003058674 
 2205 , 6308.09961288853 
 2206 , 6304.90872724719 
 2207 , 6289.75118116703 
 2208 , 6270.79223776187 
 2209 , 6259.22873667139 
 2210 , 6257.59944046889 
 2211 , 6244.08282484748 
 2212 , 6218.26320207177 
 2213 , 6209.23528416439 
 2214 , 6208.98921839879 
 2215 , 6192.10251488594 
 2216 , 6175.32179264405 
 2217 , 6172.20211848756 
 2218 , 6157.53369759679 
 2219 , 6131.75437622689 
 2220 , 6127.95264179523 
 2221 , 6137.80875507242 
 2222 , 6134.62215321938 
 2223 , 6124.0521142329 
 2224 , 6113.8661741511 
 2225 , 6097.49015543056 
 2226 , 6075.71351850009 
 2227 , 6057.75252975598 
 2228 , 6044.10114924756 
 2229 , 6031.66282250396 
 2230 , 6021.40331585514 
 2231 , 6012.71744112971 
 2232 , 6000.83805485731 
 2233 , 5986.89663878076 
 2234 , 5976.32331751892 
 2235 , 5965.9217104095 
 2236 , 5952.3288880377 
 2237 , 5943.05254363902 
 2238 , 5940.02479644336 
 2239 , 5934.67758276973 
 2240 , 5926.9855016239 
 2241 , 5921.02901144665 
 2242 , 5906.67160700035 
 2243 , 5878.64541938035 
 2244 , 5854.78380401718 
 2245 , 5840.44636154117 
 2246 , 5824.07913151922 
 2247 , 5809.09153982523 
 2248 , 5804.98997878531 
 2249 , 5809.31364902699 
 2250 , 5814.20079412354 
 2251 , 5808.12353107232 
 2252 , 5790.86084090453 
 2253 , 5772.75220101211 
 2254 , 5764.6102652282 
 2255 , 5768.61511345318 
 2256 , 5761.41509151375 
 2257 , 5737.35586165152 
 2258 , 5719.95903337811 
 2259 , 5709.50451281091 
 2260 , 5694.00531650794 
 2261 , 5684.21921523774 
 2262 , 5685.0799055856 
 2263 , 5675.00546603292 
 2264 , 5650.31400888397 
 2265 , 5627.59242515477 
 2266 , 5614.13382218757 
 2267 , 5611.34197117004 
 2268 , 5617.0612358096 
 2269 , 5622.98787662597 
 2270 , 5613.94953585629 
 2271 , 5590.50510315102 
 2272 , 5565.05043942023 
 2273 , 5551.53624496256 
 2274 , 5555.18473936713 
 2275 , 5561.30659750419 
 2276 , 5557.75035830199 
 2277 , 5539.19146011632 
 2278 , 5512.44295990181 
 2279 , 5488.09460508172 
 2280 , 5470.77877392303 
 2281 , 5463.12198646213 
 2282 , 5465.38674474577 
 2283 , 5462.80791228261 
 2284 , 5439.15287870908 
 2285 , 5418.61782975334 
 2286 , 5417.58618495795 
 2287 , 5413.32007539599 
 2288 , 5401.5699634367 
 2289 , 5397.00242847261 
 2290 , 5396.03123001211 
 2291 , 5389.1914907994 
 2292 , 5373.25388631025 
 2293 , 5352.6970420307 
 2294 , 5338.86916123316 
 2295 , 5328.92396374481 
 2296 , 5315.19193157045 
 2297 , 5304.12365610619 
 2298 , 5298.59006361466 
 2299 , 5289.87181359546 
 2300 , 5272.27279939896 
 2301 , 5246.31154809133 
 2302 , 5228.83635680364 
 2303 , 5229.21028739097 
 2304 , 5228.93963535109 
 2305 , 5221.28677697442 
 2306 , 5213.41048773367 
 2307 , 5202.40993329976 
 2308 , 5187.23171436075 
 2309 , 5184.95760953145 
 2310 , 5187.98001298003 
 2311 , 5160.37126607232 
 2312 , 5130.78171223476 
 2313 , 5143.616375271 
 2314 , 5162.85488342934 
 2315 , 5156.9191777531 
 2316 , 5131.78225003314 
 2317 , 5108.93564113263 
 2318 , 5109.11776471742 
 2319 , 5109.05951741779 
 2320 , 5091.47511361392 
 2321 , 5074.6543231627 
 2322 , 5059.65431686776 
 2323 , 5034.11268179343 
 2324 , 5013.35909495658 
 2325 , 5011.7686819529 
 2326 , 5017.46544956051 
 2327 , 5018.63358911061 
 2328 , 5009.17627402285 
 2329 , 4996.37578443914 
 2330 , 4988.28171671313 
 2331 , 4979.00992816684 
 2332 , 4964.6093923422 
 2333 , 4946.346890549 
 2334 , 4925.97782194754 
 2335 , 4907.39199426743 
 2336 , 4900.92489358538 
 2337 , 4906.77241455866 
 2338 , 4910.11193955194 
 2339 , 4902.07470589588 
