11-20-2017,19:36:57
Wavenumber(cm-1),Intensity
 250 , 17935.7219057548 
 251 , 17952.0356019365 
 252 , 17962.7265367818 
 253 , 17966.957081037 
 254 , 17966.8577075121 
 255 , 17964.9061534999 
 256 , 17964.8049113477 
 257 , 17971.1674437317 
 258 , 17987.3416558123 
 259 , 18009.7195048955 
 260 , 18032.3651437383 
 261 , 18052.0741826871 
 262 , 18071.9337238129 
 263 , 18095.7819895522 
 264 , 18124.1231560118 
 265 , 18153.9379446817 
 266 , 18182.2830655244 
 267 , 18208.2093873119 
 268 , 18231.7393357896 
 269 , 18253.4094213593 
 270 , 18275.439616854 
 271 , 18300.3683124506 
 272 , 18329.1951562455 
 273 , 18360.6781992701 
 274 , 18393.3228095394 
 275 , 18424.7054551115 
 276 , 18451.7792586465 
 277 , 18472.5952600143 
 278 , 18490.3847583364 
 279 , 18509.8729046406 
 280 , 18533.668917291 
 281 , 18560.2319583036 
 282 , 18587.614227738 
 283 , 18615.281893887 
 284 , 18643.9559991024 
 285 , 18673.9779418599 
 286 , 18702.9880231523 
 287 , 18727.56820909 
 288 , 18745.8787771101 
 289 , 18760.1641109743 
 290 , 18773.2662130251 
 291 , 18786.4753713803 
 292 , 18799.3209545807 
 293 , 18811.0624098706 
 294 , 18819.4689325459 
 295 , 18821.5558831693 
 296 , 18817.3893571649 
 297 , 18817.1914647822 
 298 , 18833.0659905607 
 299 , 18866.5526800841 
 300 , 18904.3122696079 
 301 , 18932.9010368318 
 302 , 18950.2083932272 
 303 , 18961.2181148191 
 304 , 18970.7073002986 
 305 , 18982.1441652759 
 306 , 18998.6467936625 
 307 , 19022.4928647011 
 308 , 19054.5321262771 
 309 , 19095.1581193694 
 310 , 19140.2274882175 
 311 , 19182.2103392034 
 312 , 19215.2198032603 
 313 , 19241.996689292 
 314 , 19267.9575135445 
 315 , 19296.2249831883 
 316 , 19325.3513625242 
 317 , 19353.3266020714 
 318 , 19377.7672583896 
 319 , 19395.9684631432 
 320 , 19406.5662995487 
 321 , 19416.082025838 
 322 , 19433.8710630889 
 323 , 19465.2814967214 
 324 , 19506.5722955548 
 325 , 19552.7033467542 
 326 , 19597.6186201671 
 327 , 19634.2852142865 
 328 , 19657.3962119724 
 329 , 19673.2518089346 
 330 , 19692.8245753666 
 331 , 19721.4147835549 
 332 , 19750.1212870092 
 333 , 19768.2940975456 
 334 , 19775.9810612099 
 335 , 19784.3674461833 
 336 , 19803.3714958411 
 337 , 19830.1355436791 
 338 , 19856.2461954779 
 339 , 19876.4883884976 
 340 , 19894.2299827 
 341 , 19914.0909551482 
 342 , 19936.3008257206 
 343 , 19956.291378057 
 344 , 19969.6691236699 
 345 , 19975.1733536034 
 346 , 19972.9678357952 
 347 , 19965.8124105158 
 348 , 19963.5804187015 
 349 , 19976.9842785945 
 350 , 20006.2965344896 
 351 , 20040.1807772568 
 352 , 20067.8691305752 
 353 , 20087.4741979249 
 354 , 20101.1669502883 
 355 , 20111.2978502369 
 356 , 20120.6516211174 
 357 , 20132.0906052985 
 358 , 20148.5857259146 
 359 , 20173.2270189066 
 360 , 20208.3682751386 
 361 , 20250.9160337819 
 362 , 20295.3545964973 
 363 , 20338.2773811724 
 364 , 20381.8672578355 
 365 , 20428.9923811538 
 366 , 20476.8693156211 
 367 , 20516.7847017831 
 368 , 20541.6005361255 
 369 , 20556.9177814194 
 370 , 20573.6705932591 
 371 , 20597.7322961373 
 372 , 20622.5082748364 
 373 , 20639.9422507873 
 374 , 20651.1057298159 
 375 , 20665.9522925372 
 376 , 20693.1566795419 
 377 , 20731.1991693046 
 378 , 20774.6617094104 
 379 , 20817.903000263 
 380 , 20854.8050745253 
 381 , 20879.7002607493 
 382 , 20896.3255849854 
 383 , 20916.6467160298 
 384 , 20949.9057816341 
 385 , 20989.1466549244 
 386 , 21022.0443982549 
 387 , 21044.7925330586 
 388 , 21070.0667610223 
 389 , 21111.3184590051 
 390 , 21165.6550404588 
 391 , 21217.723859067 
 392 , 21254.8703772496 
 393 , 21278.141232998 
 394 , 21292.4861389797 
 395 , 21303.4814333017 
 396 , 21317.7316318456 
 397 , 21341.3842858836 
 398 , 21374.195489167 
 399 , 21411.812487394 
 400 , 21450.700579562 
 401 , 21490.6088956874 
 402 , 21532.0078656496 
 403 , 21573.6804832879 
 404 , 21612.1238220142 
 405 , 21644.2518811299 
 406 , 21672.1233539418 
 407 , 21700.4882033694 
 408 , 21732.9626671157 
 409 , 21769.7780804826 
 410 , 21810.5164229648 
 411 , 21853.8523754095 
 412 , 21897.4743496908 
 413 , 21939.2272892171 
 414 , 21978.3325598023 
 415 , 22014.5715185646 
 416 , 22046.9055755103 
 417 , 22072.4483250446 
 418 , 22088.2935097098 
 419 , 22095.5669113183 
 420 , 22098.8083547627 
 421 , 22102.3794692672 
 422 , 22109.2364111302 
 423 , 22121.8892439661 
 424 , 22141.691310813 
 425 , 22168.0390227692 
 426 , 22199.9079078506 
 427 , 22233.6222355569 
 428 , 22263.8161842887 
 429 , 22287.0956808928 
 430 , 22307.0995309947 
 431 , 22328.9176108199 
 432 , 22354.2807567639 
 433 , 22380.7350718654 
 434 , 22405.977764392 
 435 , 22430.8593359083 
 436 , 22457.6774369098 
 437 , 22486.965036259 
 438 , 22514.9011000138 
 439 , 22537.2523123289 
 440 , 22554.4143263714 
 441 , 22570.9217347632 
 442 , 22590.6810478907 
 443 , 22613.673449438 
 444 , 22638.6212296482 
 445 , 22662.9120145157 
 446 , 22681.6759874365 
 447 , 22690.8464868934 
 448 , 22697.6118104688 
 449 , 22716.1372537285 
 450 , 22754.6743779836 
 451 , 22801.5723337478 
 452 , 22841.3891932188 
 453 , 22868.1819527384 
 454 , 22886.9131719094 
 455 , 22902.4928497565 
 456 , 22915.4681223436 
 457 , 22924.6269652937 
 458 , 22933.5599283493 
 459 , 22956.0622147428 
 460 , 23005.8281067441 
 461 , 23075.9693679668 
 462 , 23143.9693139687 
 463 , 23191.1352000011 
 464 , 23215.9432732555 
 465 , 23221.3605977604 
 466 , 23215.4372122881 
 467 , 23213.114756086 
 468 , 23227.2086750572 
 469 , 23249.560202646 
 470 , 23261.9656688098 
 471 , 23257.9100697664 
 472 , 23259.6209641548 
 473 , 23291.9320433222 
 474 , 23349.7804752567 
 475 , 23402.6288372049 
 476 , 23426.1828945675 
 477 , 23428.3311943782 
 478 , 23426.012505226 
 479 , 23429.9984649185 
 480 , 23441.9830582791 
 481 , 23462.5098952667 
 482 , 23488.4439217304 
 483 , 23514.7633105029 
 484 , 23538.6957794577 
 485 , 23563.3018996074 
 486 , 23592.3421943355 
 487 , 23625.4148058178 
 488 , 23658.4617221333 
 489 , 23688.9446578511 
 490 , 23721.9394408223 
 491 , 23764.5318746486 
 492 , 23813.799745247 
 493 , 23852.1411789995 
 494 , 23863.875177007 
 495 , 23859.5023377158 
 496 , 23862.6753390616 
 497 , 23886.9619570311 
 498 , 23920.7434800676 
 499 , 23949.2919615304 
 500 , 23969.9642229116 
 501 , 23990.1744697959 
 502 , 24015.8769872133 
 503 , 24045.4852753687 
 504 , 24075.4088769249 
 505 , 24102.3962280501 
 506 , 24123.6506979566 
 507 , 24136.6431337807 
 508 , 24140.595849823 
 509 , 24135.5283681415 
 510 , 24122.9689621612 
 511 , 24107.7114069991 
 512 , 24095.24274144 
 513 , 24094.6791726397 
 514 , 24117.7653728818 
 515 , 24169.845717561 
 516 , 24233.1730336557 
 517 , 24285.3589210554 
 518 , 24318.993511238 
 519 , 24343.5922487956 
 520 , 24368.5244397426 
 521 , 24396.9099311463 
 522 , 24429.5294888674 
 523 , 24463.3129440218 
 524 , 24488.4612146209 
 525 , 24495.7970076889 
 526 , 24489.1998769123 
 527 , 24480.0860320838 
 528 , 24478.5236921941 
 529 , 24490.6481368418 
 530 , 24521.2986228318 
 531 , 24563.7711047789 
 532 , 24601.2544108164 
 533 , 24621.3324854229 
 534 , 24632.0565122037 
 535 , 24646.7489409889 
 536 , 24668.7283382701 
 537 , 24688.2814079453 
 538 , 24697.3944366718 
 539 , 24705.6291745862 
 540 , 24729.8005044013 
 541 , 24775.9867082874 
 542 , 24829.4862391099 
 543 , 24874.6353221312 
 544 , 24911.343913365 
 545 , 24949.1960618588 
 546 , 24992.0220065586 
 547 , 25026.6456400313 
 548 , 25038.1772336013 
 549 , 25037.145090158 
 550 , 25056.890989335 
 551 , 25121.2604629099 
 552 , 25209.4960938332 
 553 , 25289.2892391734 
 554 , 25347.415135081 
 555 , 25394.9654009543 
 556 , 25442.2238533459 
 557 , 25484.0483737699 
 558 , 25509.2499755923 
 559 , 25514.8446411698 
 560 , 25512.6231142342 
 561 , 25514.965678638 
 562 , 25524.9411800675 
 563 , 25540.3499934249 
 564 , 25556.829923051 
 565 , 25564.6817869095 
 566 , 25554.3858569617 
 567 , 25531.923769407 
 568 , 25515.3847141403 
 569 , 25518.3182204831 
 570 , 25536.8013687256 
 571 , 25563.0914253891 
 572 , 25592.1056145304 
 573 , 25621.5765832612 
 574 , 25649.9389116037 
 575 , 25678.4935071506 
 576 , 25709.3538198453 
 577 , 25740.2648769697 
 578 , 25762.7811771588 
 579 , 25770.2089652776 
 580 , 25771.5860072178 
 581 , 25782.6432712686 
 582 , 25808.5726338285 
 583 , 25834.6542443106 
 584 , 25845.5293168393 
 585 , 25841.4613939513 
 586 , 25831.6847580374 
 587 , 25824.2427135534 
 588 , 25823.9357957185 
 589 , 25834.5157833571 
 590 , 25851.8556304958 
 591 , 25865.9431200363 
 592 , 25870.3470505468 
 593 , 25870.9328278085 
 594 , 25875.8437483966 
 595 , 25887.7680737857 
 596 , 25904.1890352387 
 597 , 25922.6257984034 
 598 , 25941.653585749 
 599 , 25960.1438304298 
 600 , 25977.2995226254 
 601 , 25992.7221036804 
 602 , 26005.8480936683 
 603 , 26015.054093922 
 604 , 26018.4790955948 
 605 , 26021.5136987653 
 606 , 26040.4052543456 
 607 , 26089.0948862305 
 608 , 26158.3941139016 
 609 , 26228.9918719694 
 610 , 26286.956245909 
 611 , 26328.3778148082 
 612 , 26351.8161844942 
 613 , 26368.6907292317 
 614 , 26397.354432191 
 615 , 26446.5699566312 
 616 , 26503.2417563003 
 617 , 26552.4128365648 
 618 , 26592.7415370777 
 619 , 26631.8196043499 
 620 , 26676.0528058834 
 621 , 26728.1593584777 
 622 , 26789.6692342888 
 623 , 26853.5481999028 
 624 , 26906.0773070925 
 625 , 26939.1781808102 
 626 , 26964.0088990197 
 627 , 26994.5681373793 
 628 , 27022.6033812361 
 629 , 27019.5049781133 
 630 , 26968.5377561816 
 631 , 26902.6086716338 
 632 , 26865.6523159449 
 633 , 26871.7085095155 
 634 , 26903.2020440139 
 635 , 26942.9358925625 
 636 , 26982.4521060536 
 637 , 27015.8126820732 
 638 , 27037.1709121596 
 639 , 27040.7899814988 
 640 , 27024.9151009583 
 641 , 27008.9891290725 
 642 , 27019.0005165301 
 643 , 27059.7221163112 
 644 , 27107.0650860448 
 645 , 27139.0083835962 
 646 , 27158.6765486905 
 647 , 27178.5311712807 
 648 , 27204.2476153246 
 649 , 27231.2001238993 
 650 , 27253.7317611827 
 651 , 27265.0003813387 
 652 , 27257.7961871928 
 653 , 27234.3827508469 
 654 , 27212.7986262137 
 655 , 27210.327778952 
 656 , 27227.1468771809 
 657 , 27255.5546448537 
 658 , 27286.769692323 
 659 , 27310.1331983938 
 660 , 27316.6376081363 
 661 , 27312.6919268285 
 662 , 27312.3151498301 
 663 , 27323.457117448 
 664 , 27342.199016211 
 665 , 27363.5277253503 
 666 , 27384.8213405259 
 667 , 27404.7353487152 
 668 , 27423.6945362825 
 669 , 27445.7272525807 
 670 , 27474.6856646193 
 671 , 27508.5106702348 
 672 , 27541.8763928176 
 673 , 27572.6782015301 
 674 , 27605.7796664335 
 675 , 27645.7464553046 
 676 , 27685.180091147 
 677 , 27709.8329071513 
 678 , 27712.8232958651 
 679 , 27703.6790474087 
 680 , 27694.6089128836 
 681 , 27702.8877607539 
 682 , 27748.6814467844 
 683 , 27833.2750163189 
 684 , 27915.6347355161 
 685 , 27953.5066297939 
 686 , 27951.615062535 
 687 , 27942.4775717818 
 688 , 27947.3978983798 
 689 , 27961.7464110066 
 690 , 27977.5518729361 
 691 , 27988.7284743135 
 692 , 27990.3253344265 
 693 , 27982.1808696012 
 694 , 27974.6933618508 
 695 , 27978.7648795407 
 696 , 27996.1321142126 
 697 , 28023.236719416 
 698 , 28057.677798857 
 699 , 28099.686149701 
 700 , 28148.5958539983 
 701 , 28191.7799869679 
 702 , 28209.9957439927 
 703 , 28196.5228373674 
 704 , 28170.6984502586 
 705 , 28153.2045353161 
 706 , 28147.5472401903 
 707 , 28148.0614975764 
 708 , 28150.5871129694 
 709 , 28154.0842641582 
 710 , 28157.8529455348 
 711 , 28160.9997663014 
 712 , 28162.5539544672 
 713 , 28163.5267994532 
 714 , 28168.5659247998 
 715 , 28181.6712667393 
 716 , 28198.7987967854 
 717 , 28212.1958619993 
 718 , 28218.0144027551 
 719 , 28219.0554016701 
 720 , 28218.917948633 
 721 , 28222.2849334487 
 722 , 28234.2477280295 
 723 , 28256.6423205169 
 724 , 28286.2734983257 
 725 , 28319.5864342182 
 726 , 28353.470240939 
 727 , 28384.9960312821 
 728 , 28411.7417654351 
 729 , 28431.9902771682 
 730 , 28445.0852603439 
 731 , 28455.9041511219 
 732 , 28471.0185136524 
 733 , 28490.2193383306 
 734 , 28504.8960985214 
 735 , 28509.0201523001 
 736 , 28511.3423032991 
 737 , 28524.6576255335 
 738 , 28552.3314085704 
 739 , 28587.4563364025 
 740 , 28622.616368739 
 741 , 28650.4353073666 
 742 , 28663.8920116296 
 743 , 28663.1577062734 
 744 , 28655.2072480763 
 745 , 28647.8265564022 
 746 , 28650.6741219742 
 747 , 28672.8273720413 
 748 , 28707.4326642503 
 749 , 28734.732335398 
 750 , 28745.3288763477 
 751 , 28760.6470598963 
 752 , 28804.6032447687 
 753 , 28863.1465101134 
 754 , 28896.291795166 
 755 , 28883.0699529247 
 756 , 28848.84627379 
 757 , 28823.6853154645 
 758 , 28817.6815746905 
 759 , 28829.5535589439 
 760 , 28857.3338359843 
 761 , 28897.9769744229 
 762 , 28946.7033459298 
 763 , 28986.3189118454 
 764 , 28994.1434389657 
 765 , 28965.624587405 
 766 , 28924.9463163474 
 767 , 28896.4155472233 
 768 , 28889.7945675082 
 769 , 28909.0989096887 
 770 , 28945.7612415737 
 771 , 28975.1671342825 
 772 , 28977.590813608 
 773 , 28960.9552201324 
 774 , 28940.9494678123 
 775 , 28926.5540195873 
 776 , 28919.9121355287 
 777 , 28921.8754362859 
 778 , 28929.7785055111 
 779 , 28940.3930056083 
 780 , 28954.0423922338 
 781 , 28973.8980290036 
 782 , 28999.5442015019 
 783 , 29020.6074945265 
 784 , 29026.048840854 
 785 , 29016.0159986171 
 786 , 28997.642856447 
 787 , 28980.2285433709 
 788 , 28977.306848344 
 789 , 29000.5667408711 
 790 , 29043.0627995144 
 791 , 29089.2066309364 
 792 , 29134.2893024859 
 793 , 29190.5844789907 
 794 , 29266.765895167 
 795 , 29342.9052990175 
 796 , 29389.6743004365 
 797 , 29397.2168835467 
 798 , 29378.4311787625 
 799 , 29348.1062495431 
 800 , 29323.4670037866 
 801 , 29321.2458115307 
 802 , 29338.1099698853 
 803 , 29353.2855770074 
 804 , 29352.6778802461 
 805 , 29343.0346682483 
 806 , 29334.8909166459 
 807 , 29339.5874074367 
 808 , 29368.8881171928 
 809 , 29421.425062067 
 810 , 29469.0176223864 
 811 , 29484.8276142708 
 812 , 29476.7587098753 
 813 , 29468.2876987665 
 814 , 29469.7194466046 
 815 , 29472.0825848018 
 816 , 29467.6276914453 
 817 , 29462.4863428786 
 818 , 29466.7211850004 
 819 , 29479.3172456377 
 820 , 29487.8045872224 
 821 , 29483.2968358152 
 822 , 29470.9020723425 
 823 , 29458.3809934262 
 824 , 29449.0765893631 
 825 , 29443.1201492619 
 826 , 29439.8449433444 
 827 , 29436.9247262529 
 828 , 29432.1595989883 
 829 , 29426.3397660281 
 830 , 29421.7479546909 
 831 , 29420.7981750827 
 832 , 29426.0909351119 
 833 , 29439.0476890178 
 834 , 29454.7494525192 
 835 , 29466.3086557168 
 836 , 29470.0204012485 
 837 , 29465.5307031611 
 838 , 29453.492844108 
 839 , 29437.4307756106 
 840 , 29421.3056365992 
 841 , 29406.8363809345 
 842 , 29394.1690049772 
 843 , 29385.700591457 
 844 , 29388.7847163586 
 845 , 29409.1573861936 
 846 , 29435.1919752822 
 847 , 29447.5120916291 
 848 , 29439.7188613732 
 849 , 29423.7658366628 
 850 , 29411.3623266603 
 851 , 29406.6654576587 
 852 , 29411.6440587869 
 853 , 29428.2970351341 
 854 , 29458.6428778097 
 855 , 29497.54629503 
 856 , 29519.6280838465 
 857 , 29500.0800869693 
 858 , 29456.4316561397 
 859 , 29430.8128610769 
 860 , 29443.6592863397 
 861 , 29476.8607318609 
 862 , 29510.6703325486 
 863 , 29538.5061661227 
 864 , 29558.6464102006 
 865 , 29572.1092573645 
 866 , 29582.9159893567 
 867 , 29594.2805084962 
 868 , 29606.1429224853 
 869 , 29617.7866656457 
 870 , 29628.9956529224 
 871 , 29639.9532583936 
 872 , 29658.7518083485 
 873 , 29709.392239308 
 874 , 29811.3433234878 
 875 , 29940.8541955792 
 876 , 30057.1288060329 
 877 , 30144.0856711807 
 878 , 30215.7763201807 
 879 , 30284.0262455519 
 880 , 30345.4527044549 
 881 , 30393.2693648324 
 882 , 30423.0402236859 
 883 , 30432.09108638 
 884 , 30423.9798639481 
 885 , 30415.4749135086 
 886 , 30420.1877863409 
 887 , 30417.5833514466 
 888 , 30373.2586971265 
 889 , 30280.594879096 
 890 , 30167.6429450073 
 891 , 30060.3353540195 
 892 , 29968.3365089861 
 893 , 29896.6382861813 
 894 , 29838.951061162 
 895 , 29780.8227893558 
 896 , 29716.5030529877 
 897 , 29658.7302778937 
 898 , 29620.4726879469 
 899 , 29600.7718338679 
 900 , 29592.9826571972 
 901 , 29591.7121721203 
 902 , 29593.0637236264 
 903 , 29593.5722782455 
 904 , 29590.9814423571 
 905 , 29583.469947238 
 906 , 29571.3005175982 
 907 , 29556.1404831892 
 908 , 29541.1228564315 
 909 , 29532.07185371 
 910 , 29533.697088553 
 911 , 29542.4900251118 
 912 , 29552.0629045973 
 913 , 29558.2399447404 
 914 , 29559.1334987405 
 915 , 29555.6668113099 
 916 , 29556.7595809883 
 917 , 29570.6624479735 
 918 , 29584.7943769589 
 919 , 29575.2112482271 
 920 , 29540.6703908953 
 921 , 29515.3538391761 
 922 , 29526.9214274855 
 923 , 29558.5774718267 
 924 , 29581.8729200907 
 925 , 29589.4266510751 
 926 , 29591.4398545999 
 927 , 29594.3030390434 
 928 , 29594.3833902347 
 929 , 29587.3514910979 
 930 , 29573.9673768612 
 931 , 29557.2684876365 
 932 , 29542.1382040877 
 933 , 29535.6549869939 
 934 , 29539.9850980127 
 935 , 29540.1848169553 
 936 , 29520.2972713672 
 937 , 29493.3811103087 
 938 , 29490.2616133459 
 939 , 29517.9151832278 
 940 , 29542.9856872897 
 941 , 29536.2072662834 
 942 , 29507.2273447862 
 943 , 29477.1154320331 
 944 , 29458.1744987312 
 945 , 29455.1931842037 
 946 , 29468.6325004992 
 947 , 29489.5569001284 
 948 , 29509.0368428218 
 949 , 29527.3186183093 
 950 , 29548.3372881593 
 951 , 29570.1202784032 
 952 , 29583.9713538162 
 953 , 29583.764802601 
 954 , 29572.5117707801 
 955 , 29554.954279733 
 956 , 29535.4232879932 
 957 , 29517.9992029135 
 958 , 29505.7362166328 
 959 , 29500.1835984851 
 960 , 29502.2841583422 
 961 , 29510.9741988539 
 962 , 29524.2110586474 
 963 , 29533.737844781 
 964 , 29526.9258132561 
 965 , 29499.6328981496 
 966 , 29463.6844204641 
 967 , 29431.7708839352 
 968 , 29411.9314260487 
 969 , 29410.1771543728 
 970 , 29423.4147306137 
 971 , 29440.5074831284 
 972 , 29453.8512695256 
 973 , 29464.6130594411 
 974 , 29475.0268667216 
 975 , 29486.242995951 
 976 , 29498.782188791 
 977 , 29508.3785857744 
 978 , 29505.6935940646 
 979 , 29488.0582196143 
 980 , 29472.0344191081 
 981 , 29474.782755603 
 982 , 29491.3023419818 
 983 , 29506.1083253536 
 984 , 29515.0031576675 
 985 , 29527.8704856219 
 986 , 29551.8979825686 
 987 , 29582.5804436198 
 988 , 29613.5895654314 
 989 , 29644.090634879 
 990 , 29676.2706857629 
 991 , 29709.1413600068 
 992 , 29737.1924460864 
 993 , 29756.0731148375 
 994 , 29767.046939846 
 995 , 29773.7476472779 
 996 , 29791.6806152983 
 997 , 29843.5752352368 
 998 , 29937.4256709633 
 999 , 30058.0811382235 
 1000 , 30190.1308521675 
 1001 , 30325.4101963289 
 1002 , 30459.8550880408 
 1003 , 30617.3380836314 
 1004 , 30839.998245948 
 1005 , 31108.9665402193 
 1006 , 31302.4186246172 
 1007 , 31315.9384443651 
 1008 , 31166.6240058333 
 1009 , 30905.8948621713 
 1010 , 30591.4063604038 
 1011 , 30285.0928695668 
 1012 , 30030.3414917485 
 1013 , 29837.8019429583 
 1014 , 29711.2358901789 
 1015 , 29637.827538031 
 1016 , 29600.1516933231 
 1017 , 29583.5794424675 
 1018 , 29575.5904993053 
 1019 , 29567.2399879574 
 1020 , 29555.8824279722 
 1021 , 29540.8218952525 
 1022 , 29527.4365407611 
 1023 , 29522.3012662287 
 1024 , 29523.8304901595 
 1025 , 29524.44232686 
 1026 , 29519.2984931066 
 1027 , 29508.6555334873 
 1028 , 29495.0448929033 
 1029 , 29489.0275253794 
 1030 , 29502.5540672599 
 1031 , 29535.3612353161 
 1032 , 29578.4478175291 
 1033 , 29624.4654385305 
 1034 , 29669.1960539314 
 1035 , 29708.485329022 
 1036 , 29737.1387289476 
 1037 , 29750.1895739699 
 1038 , 29749.004868969 
 1039 , 29739.1589551348 
 1040 , 29721.0214840219 
 1041 , 29686.5756340763 
 1042 , 29634.5916742112 
 1043 , 29593.7871849298 
 1044 , 29596.1985319364 
 1045 , 29628.2581423076 
 1046 , 29648.525994764 
 1047 , 29638.986200094 
 1048 , 29616.0385931675 
 1049 , 29596.144681165 
 1050 , 29586.501200563 
 1051 , 29591.1018965496 
 1052 , 29602.9262461604 
 1053 , 29609.0945124913 
 1054 , 29605.8297144741 
 1055 , 29601.0670643596 
 1056 , 29599.8481380722 
 1057 , 29596.0441839723 
 1058 , 29582.4670902876 
 1059 , 29560.4394225875 
 1060 , 29535.3668598261 
 1061 , 29512.8385256715 
 1062 , 29498.6093291459 
 1063 , 29494.8251823222 
 1064 , 29494.3463065433 
 1065 , 29489.2035576865 
 1066 , 29475.5977087886 
 1067 , 29451.6999614656 
 1068 , 29421.6952055954 
 1069 , 29395.2994149107 
 1070 , 29377.4185494134 
 1071 , 29362.3955302741 
 1072 , 29344.0361231874 
 1073 , 29320.2921323006 
 1074 , 29291.0744419053 
 1075 , 29265.2835770051 
 1076 , 29258.4265574298 
 1077 , 29271.8974322354 
 1078 , 29282.9963511255 
 1079 , 29275.5038906523 
 1080 , 29268.6524115073 
 1081 , 29287.8110807517 
 1082 , 29329.0112479234 
 1083 , 29370.7926675202 
 1084 , 29394.1290728395 
 1085 , 29383.5360459957 
 1086 , 29335.1773992085 
 1087 , 29279.8845289115 
 1088 , 29249.8587740785 
 1089 , 29238.0196530537 
 1090 , 29220.146729069 
 1091 , 29191.443678138 
 1092 , 29166.8903540403 
 1093 , 29156.5088678621 
 1094 , 29157.1869326172 
 1095 , 29162.2094644863 
 1096 , 29155.1082977396 
 1097 , 29117.613399408 
 1098 , 29052.8924756109 
 1099 , 28980.2695563613 
 1100 , 28914.1232579707 
 1101 , 28860.0693964762 
 1102 , 28821.2834542034 
 1103 , 28794.8065623704 
 1104 , 28775.9349047889 
 1105 , 28757.1521613403 
 1106 , 28729.5987759057 
 1107 , 28690.433062921 
 1108 , 28643.9076888865 
 1109 , 28596.915036162 
 1110 , 28562.1064313653 
 1111 , 28550.0524414756 
 1112 , 28553.0591274823 
 1113 , 28556.4590061737 
 1114 , 28544.0523416924 
 1115 , 28498.6478549321 
 1116 , 28425.1560136675 
 1117 , 28367.1980623932 
 1118 , 28358.0304197261 
 1119 , 28374.5110545278 
 1120 , 28382.0013939904 
 1121 , 28369.2993657973 
 1122 , 28338.5403664913 
 1123 , 28300.0960842271 
 1124 , 28273.8255475518 
 1125 , 28270.8215403844 
 1126 , 28278.7233779087 
 1127 , 28282.6729357037 
 1128 , 28274.4149288379 
 1129 , 28248.9771540752 
 1130 , 28215.0661654579 
 1131 , 28191.7921341819 
 1132 , 28187.1456943521 
 1133 , 28190.8402593644 
 1134 , 28192.5385286876 
 1135 , 28187.4994864919 
 1136 , 28172.9377540696 
 1137 , 28152.0403587586 
 1138 , 28130.7637801706 
 1139 , 28111.4741863377 
 1140 , 28092.8544409938 
 1141 , 28070.4391574743 
 1142 , 28033.4840681308 
 1143 , 27975.912775035 
 1144 , 27917.1097952488 
 1145 , 27881.6363296642 
 1146 , 27869.1042860606 
 1147 , 27863.6868795726 
 1148 , 27855.6501400898 
 1149 , 27843.3058462381 
 1150 , 27825.5666333468 
 1151 , 27801.5592171045 
 1152 , 27772.120048974 
 1153 , 27747.946353506 
 1154 , 27742.0787776302 
 1155 , 27749.2444581396 
 1156 , 27750.6208357569 
 1157 , 27745.9132975649 
 1158 , 27763.4981646683 
 1159 , 27818.0652423893 
 1160 , 27873.1162050427 
 1161 , 27888.4231499214 
 1162 , 27869.2239382745 
 1163 , 27839.5745991356 
 1164 , 27809.290366106 
 1165 , 27775.7417845985 
 1166 , 27740.5674637361 
 1167 , 27713.541512621 
 1168 , 27701.7736042652 
 1169 , 27699.7292076526 
 1170 , 27699.1203324578 
 1171 , 27692.6267366693 
 1172 , 27673.4168281087 
 1173 , 27635.1203088354 
 1174 , 27571.9295375736 
 1175 , 27491.593445581 
 1176 , 27427.4490487874 
 1177 , 27404.6812921232 
 1178 , 27405.1363386518 
 1179 , 27402.3865854956 
 1180 , 27390.8411604054 
 1181 , 27375.5206793314 
 1182 , 27359.5185168711 
 1183 , 27343.8970915584 
 1184 , 27328.7426435425 
 1185 , 27312.401827702 
 1186 , 27292.388798431 
 1187 , 27263.6667774182 
 1188 , 27222.1781258 
 1189 , 27178.1566012445 
 1190 , 27148.57650396 
 1191 , 27134.6383762915 
 1192 , 27121.7186977581 
 1193 , 27103.4246322736 
 1194 , 27090.6347790333 
 1195 , 27091.6052982678 
 1196 , 27096.4962547996 
 1197 , 27092.3960505884 
 1198 , 27077.9912664751 
 1199 , 27057.9524682209 
 1200 , 27040.8755530698 
 1201 , 27038.9258792403 
 1202 , 27050.2727318629 
 1203 , 27047.3672946705 
 1204 , 27007.8868418528 
 1205 , 26938.347498251 
 1206 , 26852.9680058101 
 1207 , 26774.7986296167 
 1208 , 26729.607705428 
 1209 , 26719.0971146086 
 1210 , 26724.0351519177 
 1211 , 26727.4006620669 
 1212 , 26716.9164750645 
 1213 , 26685.4876141971 
 1214 , 26641.0719379719 
 1215 , 26594.6897691935 
 1216 , 26557.9129431175 
 1217 , 26541.7696377901 
 1218 , 26546.1856266751 
 1219 , 26562.5603157381 
 1220 , 26575.753214142 
 1221 , 26561.8199559421 
 1222 , 26506.2645104995 
 1223 , 26421.2454296661 
 1224 , 26324.713588272 
 1225 , 26242.2247709718 
 1226 , 26198.9585650038 
 1227 , 26188.2592897045 
 1228 , 26184.0126265637 
 1229 , 26171.686352339 
 1230 , 26150.2938612397 
 1231 , 26120.4265464404 
 1232 , 26084.4416977036 
 1233 , 26046.4766047245 
 1234 , 26016.9928234865 
 1235 , 26005.8967136663 
 1236 , 26005.4464203727 
 1237 , 25999.7873761886 
 1238 , 25982.5587729504 
 1239 , 25955.911092476 
 1240 , 25922.5912254692 
 1241 , 25885.8247604316 
 1242 , 25847.8571429817 
 1243 , 25807.8779755182 
 1244 , 25765.5873920946 
 1245 , 25726.9466834686 
 1246 , 25700.0080051854 
 1247 , 25690.861180824 
 1248 , 25703.8080083701 
 1249 , 25727.8388754387 
 1250 , 25734.0157171279 
 1251 , 25704.5119882879 
 1252 , 25647.1681465584 
 1253 , 25578.0535637604 
 1254 , 25532.9602726217 
 1255 , 25543.596336827 
 1256 , 25572.3868727673 
 1257 , 25553.2732968518 
 1258 , 25482.9258876555 
 1259 , 25409.719647563 
 1260 , 25361.8668158285 
 1261 , 25336.0498114445 
 1262 , 25325.2353531154 
 1263 , 25319.1587827646 
 1264 , 25308.797188125 
 1265 , 25293.7069430305 
 1266 , 25275.7573731659 
 1267 , 25254.0031153367 
 1268 , 25226.213473553 
 1269 , 25195.9523424345 
 1270 , 25172.2834378136 
 1271 , 25157.919168686 
 1272 , 25144.6283154632 
 1273 , 25127.5152284657 
 1274 , 25114.6781413823 
 1275 , 25114.3237011103 
 1276 , 25122.0133370442 
 1277 , 25128.5312913223 
 1278 , 25119.8782645955 
 1279 , 25080.3219510378 
 1280 , 25022.9198015854 
 1281 , 24990.3604575053 
 1282 , 24999.2201798028 
 1283 , 25017.2597812748 
 1284 , 25016.7748507684 
 1285 , 25000.0246255271 
 1286 , 24975.283745129 
 1287 , 24951.7155251304 
 1288 , 24937.7026932137 
 1289 , 24929.5610705193 
 1290 , 24916.1670929377 
 1291 , 24887.1487892586 
 1292 , 24833.191943711 
 1293 , 24758.6318927022 
 1294 , 24691.7079281739 
 1295 , 24653.0984148655 
 1296 , 24632.9927516367 
 1297 , 24617.5751362893 
 1298 , 24602.8491664828 
 1299 , 24588.1866579426 
 1300 , 24573.204737674 
 1301 , 24557.5464027158 
 1302 , 24538.295613462 
 1303 , 24510.1713708077 
 1304 , 24476.749713024 
 1305 , 24456.0603950181 
 1306 , 24453.4424961494 
 1307 , 24435.8133253173 
 1308 , 24373.6157126667 
 1309 , 24285.7402441984 
 1310 , 24203.5145870397 
 1311 , 24139.6698059206 
 1312 , 24096.9850909006 
 1313 , 24071.7022543182 
 1314 , 24054.6405545483 
 1315 , 24039.1653555411 
 1316 , 24022.4025006263 
 1317 , 24002.1646696346 
 1318 , 23977.2049042324 
 1319 , 23949.137733187 
 1320 , 23930.2513795128 
 1321 , 23932.8491104572 
 1322 , 23951.535328428 
 1323 , 23973.6406304375 
 1324 , 23988.0073324796 
 1325 , 23984.6271083079 
 1326 , 23956.1110120093 
 1327 , 23898.1115315555 
 1328 , 23822.1315705692 
 1329 , 23767.5244048043 
 1330 , 23758.322073263 
 1331 , 23765.2515753659 
 1332 , 23756.1029362142 
 1333 , 23732.4202490497 
 1334 , 23705.3746131194 
 1335 , 23678.7099128576 
 1336 , 23652.330993893 
 1337 , 23625.7166640509 
 1338 , 23598.009164786 
 1339 , 23567.8511614763 
 1340 , 23533.2724085446 
 1341 , 23495.3748953542 
 1342 , 23461.6729730883 
 1343 , 23439.6574700097 
 1344 , 23434.0733991132 
 1345 , 23445.8019733625 
 1346 , 23457.182777514 
 1347 , 23446.6699879398 
 1348 , 23418.1993817675 
 1349 , 23389.1513305294 
 1350 , 23359.5994038666 
 1351 , 23314.5739277304 
 1352 , 23255.2170718629 
 1353 , 23205.3797696184 
 1354 , 23178.1099114224 
 1355 , 23159.7258402097 
 1356 , 23134.0415925895 
 1357 , 23088.1805720111 
 1358 , 23015.2073211223 
 1359 , 22937.868073286 
 1360 , 22885.4251242697 
 1361 , 22849.203062407 
 1362 , 22801.1112829144 
 1363 , 22743.7980758938 
 1364 , 22705.9075317204 
 1365 , 22694.2624994065 
 1366 , 22686.0914520588 
 1367 , 22664.7279739654 
 1368 , 22629.7951729151 
 1369 , 22584.9571880798 
 1370 , 22540.4923213293 
 1371 , 22505.3040222228 
 1372 , 22474.6960907968 
 1373 , 22441.0206339103 
 1374 , 22407.8591855401 
 1375 , 22383.4824548488 
 1376 , 22363.5792578193 
 1377 , 22334.7483932845 
 1378 , 22295.207798933 
 1379 , 22256.4350409283 
 1380 , 22222.4581771518 
 1381 , 22183.4955903018 
 1382 , 22134.5036992972 
 1383 , 22086.145264229 
 1384 , 22047.9304914392 
 1385 , 22014.5943170637 
 1386 , 21978.6689980181 
 1387 , 21942.4387402517 
 1388 , 21911.0944274224 
 1389 , 21880.182412033 
 1390 , 21839.850373865 
 1391 , 21786.436122086 
 1392 , 21722.151953538 
 1393 , 21663.3075954408 
 1394 , 21643.9155073967 
 1395 , 21668.4812220331 
 1396 , 21682.8986080526 
 1397 , 21650.5694488517 
 1398 , 21604.2335541162 
 1399 , 21578.7149042837 
 1400 , 21563.3739242537 
 1401 , 21538.2265538361 
 1402 , 21505.0850244995 
 1403 , 21473.9224766046 
 1404 , 21444.279978055 
 1405 , 21409.6981632132 
 1406 , 21372.4089284941 
 1407 , 21342.335170377 
 1408 , 21322.9009549644 
 1409 , 21308.7910941265 
 1410 , 21294.1363862193 
 1411 , 21273.1171517123 
 1412 , 21243.6032255849 
 1413 , 21213.5885431656 
 1414 , 21191.911970688 
 1415 , 21183.7968970671 
 1416 , 21189.8991423446 
 1417 , 21188.2961221749 
 1418 , 21152.2137721641 
 1419 , 21091.3138143617 
 1420 , 21034.1634821532 
 1421 , 20987.4844351131 
 1422 , 20940.6927753984 
 1423 , 20889.1672805128 
 1424 , 20835.6317841087 
 1425 , 20790.3828486112 
 1426 , 20775.0317231718 
 1427 , 20793.6463120808 
 1428 , 20808.3155981946 
 1429 , 20789.0018012157 
 1430 , 20750.4671804576 
 1431 , 20712.2138666898 
 1432 , 20672.3647724832 
 1433 , 20625.311453489 
 1434 , 20584.6380229788 
 1435 , 20569.7140802657 
 1436 , 20572.3693472469 
 1437 , 20568.359365447 
 1438 , 20547.5873296467 
 1439 , 20512.2331337324 
 1440 , 20465.3115573794 
 1441 , 20410.5019862264 
 1442 , 20361.3738641373 
 1443 , 20347.4338789795 
 1444 , 20375.8516412432 
 1445 , 20399.7543328716 
 1446 , 20384.1616557965 
 1447 , 20356.2598724134 
 1448 , 20347.0901415639 
 1449 , 20348.1990057905 
 1450 , 20341.6198567105 
 1451 , 20321.3363603143 
 1452 , 20287.9911501922 
 1453 , 20259.8421800565 
 1454 , 20263.1221900578 
 1455 , 20296.0936587696 
 1456 , 20335.6213518358 
 1457 , 20359.7445611803 
 1458 , 20348.6671685186 
 1459 , 20300.4825290829 
 1460 , 20238.0466975199 
 1461 , 20181.2176111488 
 1462 , 20140.6994615633 
 1463 , 20112.6462247904 
 1464 , 20058.2736112777 
 1465 , 19953.3538633296 
 1466 , 19845.5138486791 
 1467 , 19784.134625387 
 1468 , 19747.6498013055 
 1469 , 19698.305964031 
 1470 , 19638.6633914696 
 1471 , 19586.0516572235 
 1472 , 19534.5748961594 
 1473 , 19467.0617259345 
 1474 , 19396.1132099436 
 1475 , 19355.7622181864 
 1476 , 19350.4038702555 
 1477 , 19354.3494821993 
 1478 , 19347.4829453991 
 1479 , 19318.9442783432 
 1480 , 19273.5064051635 
 1481 , 19241.9199878571 
 1482 , 19239.673672691 
 1483 , 19241.1490225626 
 1484 , 19224.65132394 
 1485 , 19198.3391337709 
 1486 , 19173.2690311438 
 1487 , 19148.716711992 
 1488 , 19122.1272198617 
 1489 , 19097.8454485208 
 1490 , 19081.2895632368 
 1491 , 19067.7049215235 
 1492 , 19047.9403689162 
 1493 , 19015.9673348581 
 1494 , 18968.6129765292 
 1495 , 18917.3170654935 
 1496 , 18883.8608768236 
 1497 , 18867.6088336653 
 1498 , 18845.7105117223 
 1499 , 18810.0325662997 
 1500 , 18772.3465832293 
 1501 , 18739.0410973884 
 1502 , 18705.6387661616 
 1503 , 18671.9103539418 
 1504 , 18648.6199545239 
 1505 , 18637.6393428219 
 1506 , 18612.9692808365 
 1507 , 18557.4849673162 
 1508 , 18501.9289586171 
 1509 , 18477.0307076247 
 1510 , 18464.7693064457 
 1511 , 18437.9083027416 
 1512 , 18398.2579707964 
 1513 , 18357.5226730132 
 1514 , 18320.0606810874 
 1515 , 18286.4024474409 
 1516 , 18253.659811728 
 1517 , 18217.5419344625 
 1518 , 18183.0412691181 
 1519 , 18161.4795255793 
 1520 , 18150.1398951514 
 1521 , 18133.3312552299 
 1522 , 18106.0179239051 
 1523 , 18076.088964808 
 1524 , 18048.0736952863 
 1525 , 18020.6316117173 
 1526 , 17995.2445132317 
 1527 , 17979.2213501728 
 1528 , 17969.7899045084 
 1529 , 17940.3661429221 
 1530 , 17880.5871179119 
 1531 , 17834.2974397838 
 1532 , 17836.1645980375 
 1533 , 17855.9065413391 
 1534 , 17856.753883885 
 1535 , 17835.9129069317 
 1536 , 17802.4433878803 
 1537 , 17779.275120444 
 1538 , 17787.0285325661 
 1539 , 17797.0434150735 
 1540 , 17766.0109478935 
 1541 , 17706.3795478635 
 1542 , 17656.8684009645 
 1543 , 17624.1102764953 
 1544 , 17595.1872569167 
 1545 , 17571.026579045 
 1546 , 17562.4678505504 
 1547 , 17561.9286749127 
 1548 , 17545.5066304655 
 1549 , 17513.116221901 
 1550 , 17491.0349384643 
 1551 , 17483.1832804976 
 1552 , 17462.5773164697 
 1553 , 17423.5422331607 
 1554 , 17397.117281123 
 1555 , 17398.142185646 
 1556 , 17404.9204297571 
 1557 , 17398.565232405 
 1558 , 17375.6258480898 
 1559 , 17340.6182478295 
 1560 , 17313.8788923211 
 1561 , 17307.1218908898 
 1562 , 17295.4697726132 
 1563 , 17257.7642184786 
 1564 , 17216.3340453845 
 1565 , 17195.6285804251 
 1566 , 17180.2592697274 
 1567 , 17148.4496638928 
 1568 , 17108.1128141016 
 1569 , 17076.4477089222 
 1570 , 17063.3384603339 
 1571 , 17073.3679885989 
 1572 , 17092.6502496045 
 1573 , 17099.588065502 
 1574 , 17084.9821204162 
 1575 , 17048.2733405585 
 1576 , 17007.7187004552 
 1577 , 16991.9448992447 
 1578 , 17000.3893292788 
 1579 , 17010.446942405 
 1580 , 17006.0776010628 
 1581 , 16978.1960576646 
 1582 , 16934.122451654 
 1583 , 16897.0604138976 
 1584 , 16878.0188024474 
 1585 , 16873.0052273745 
 1586 , 16872.5682107176 
 1587 , 16861.3939783734 
 1588 , 16836.8472303347 
 1589 , 16815.7901958949 
 1590 , 16804.2273426429 
 1591 , 16786.9266866919 
 1592 , 16757.9074173774 
 1593 , 16733.1870892383 
 1594 , 16717.0123831688 
 1595 , 16681.9977080631 
 1596 , 16618.0982233747 
 1597 , 16569.608293717 
 1598 , 16566.6422531089 
 1599 , 16574.6185915579 
 1600 , 16561.5878456778 
 1601 , 16541.5713601281 
 1602 , 16531.1001614145 
 1603 , 16521.537928458 
 1604 , 16503.6855590093 
 1605 , 16490.2449654917 
 1606 , 16493.913562218 
 1607 , 16500.3817014818 
 1608 , 16490.9732312991 
 1609 , 16466.1032067405 
 1610 , 16432.2372512009 
 1611 , 16394.2344067553 
 1612 , 16355.3832936095 
 1613 , 16312.4245641597 
 1614 , 16261.1308557144 
 1615 , 16210.3106534378 
 1616 , 16172.3938292691 
 1617 , 16140.0986677374 
 1618 , 16097.7819433966 
 1619 , 16044.7008964561 
 1620 , 15988.5325395979 
 1621 , 15938.5253328096 
 1622 , 15903.8363625314 
 1623 , 15881.7794820134 
 1624 , 15862.0508617563 
 1625 , 15836.9467574083 
 1626 , 15801.5372666545 
 1627 , 15763.2261419795 
 1628 , 15738.1398323692 
 1629 , 15728.6664837749 
 1630 , 15725.358847674 
 1631 , 15716.3130380334 
 1632 , 15688.541323996 
 1633 , 15646.5231336688 
 1634 , 15610.9981747979 
 1635 , 15585.3713939772 
 1636 , 15554.8813230582 
 1637 , 15519.1373742813 
 1638 , 15494.1274156616 
 1639 , 15480.4897379444 
 1640 , 15460.0487073164 
 1641 , 15426.0232618697 
 1642 , 15387.2765101385 
 1643 , 15352.0255637723 
 1644 , 15326.1722485836 
 1645 , 15309.2372252772 
 1646 , 15292.0691589808 
 1647 , 15269.8303773517 
 1648 , 15245.0460284613 
 1649 , 15219.7767408588 
 1650 , 15194.408047826 
 1651 , 15168.1223104978 
 1652 , 15138.4358559011 
 1653 , 15108.3931312044 
 1654 , 15090.7100524301 
 1655 , 15089.6764582812 
 1656 , 15092.7493285498 
 1657 , 15087.5736057855 
 1658 , 15065.5040835424 
 1659 , 15027.2632647736 
 1660 , 14990.9496140906 
 1661 , 14967.8490278304 
 1662 , 14951.48155214 
 1663 , 14935.697752399 
 1664 , 14919.4973700659 
 1665 , 14903.1313971504 
 1666 , 14888.1382628037 
 1667 , 14872.2555365295 
 1668 , 14844.4678526589 
 1669 , 14800.1971367155 
 1670 , 14752.1432068822 
 1671 , 14712.3394094633 
 1672 , 14685.7061542937 
 1673 , 14670.5335108248 
 1674 , 14651.8077097025 
 1675 , 14622.7559944268 
 1676 , 14601.1154086846 
 1677 , 14596.4384300478 
 1678 , 14589.3880244001 
 1679 , 14566.4927985349 
 1680 , 14539.5557554498 
 1681 , 14517.1769483921 
 1682 , 14490.344254042 
 1683 , 14454.487277117 
 1684 , 14423.0052591925 
 1685 , 14403.7315498803 
 1686 , 14383.4381769496 
 1687 , 14351.6522768318 
 1688 , 14313.1249386553 
 1689 , 14274.1900835221 
 1690 , 14239.2055463574 
 1691 , 14211.6944247964 
 1692 , 14193.8444366943 
 1693 , 14183.8248733089 
 1694 , 14170.3416878599 
 1695 , 14148.1912329464 
 1696 , 14130.6928166069 
 1697 , 14125.4036613704 
 1698 , 14119.1136079852 
 1699 , 14100.2720340621 
 1700 , 14068.6845348289 
 1701 , 14028.8891514604 
 1702 , 13992.6027164698 
 1703 , 13966.678327939 
 1704 , 13944.474139184 
 1705 , 13920.1192308464 
 1706 , 13893.688487346 
 1707 , 13867.5627603636 
 1708 , 13847.4021002933 
 1709 , 13841.6332755404 
 1710 , 13863.450144277 
 1711 , 13901.7180687772 
 1712 , 13894.6166950007 
 1713 , 13818.0200604248 
 1714 , 13734.3001030134 
 1715 , 13689.1985633067 
 1716 , 13677.4647520396 
 1717 , 13684.5999939992 
 1718 , 13689.7195664771 
 1719 , 13678.5548348271 
 1720 , 13649.7476446327 
 1721 , 13612.0612305818 
 1722 , 13588.7358010506 
 1723 , 13584.6353481384 
 1724 , 13573.3337829366 
 1725 , 13542.6280142582 
 1726 , 13506.136730773 
 1727 , 13475.5079185006 
 1728 , 13456.2265303967 
 1729 , 13444.8455471823 
 1730 , 13426.768034505 
 1731 , 13402.4389853688 
 1732 , 13392.0106411571 
 1733 , 13390.8335454752 
 1734 , 13363.7028515142 
 1735 , 13310.8273275228 
 1736 , 13273.8368777637 
 1737 , 13263.2382698464 
 1738 , 13254.3644750707 
 1739 , 13237.4917331532 
 1740 , 13219.3850651113 
 1741 , 13201.7331506508 
 1742 , 13181.0165724538 
 1743 , 13157.7920725436 
 1744 , 13135.9917272325 
 1745 , 13113.8160924612 
 1746 , 13085.4450899631 
 1747 , 13055.2831579253 
 1748 , 13034.6675747922 
 1749 , 13024.4863934286 
 1750 , 13017.9141448432 
 1751 , 13003.9017916298 
 1752 , 12971.0042510075 
 1753 , 12930.0879786635 
 1754 , 12902.2143419925 
 1755 , 12882.810367426 
 1756 , 12856.4213204718 
 1757 , 12830.6512402073 
 1758 , 12821.6049565858 
 1759 , 12825.6494220363 
 1760 , 12830.4900238707 
 1761 , 12824.0831660917 
 1762 , 12798.4794711639 
 1763 , 12768.5858277317 
 1764 , 12753.9535199481 
 1765 , 12756.2567421887 
 1766 , 12767.9352831232 
 1767 , 12765.3748156547 
 1768 , 12731.8578933558 
 1769 , 12696.7735244231 
 1770 , 12687.8635179563 
 1771 , 12685.6998290514 
 1772 , 12668.2931221229 
 1773 , 12638.5858160362 
 1774 , 12607.0803076605 
 1775 , 12591.6611289806 
 1776 , 12600.4596131707 
 1777 , 12614.7006095742 
 1778 , 12616.7121696934 
 1779 , 12599.9410403221 
 1780 , 12565.7784056346 
 1781 , 12527.8407320185 
 1782 , 12492.6396847288 
 1783 , 12452.7711567476 
 1784 , 12412.1309760588 
 1785 , 12392.5798196161 
 1786 , 12394.1736512379 
 1787 , 12387.6216745731 
 1788 , 12362.5868592293 
 1789 , 12332.3716717322 
 1790 , 12309.4566681011 
 1791 , 12303.7086609256 
 1792 , 12315.3819114632 
 1793 , 12336.1882264121 
 1794 , 12353.4281544702 
 1795 , 12352.9235379259 
 1796 , 12339.9584288525 
 1797 , 12330.5769893538 
 1798 , 12321.0835196676 
 1799 , 12298.6922728601 
 1800 , 12268.3655899497 
 1801 , 12241.9082356934 
 1802 , 12218.71576409 
 1803 , 12194.0824823903 
 1804 , 12169.3300678404 
 1805 , 12147.2204432477 
 1806 , 12127.2754339281 
 1807 , 12107.6739661886 
 1808 , 12085.0760870693 
 1809 , 12059.4746738589 
 1810 , 12043.1326134477 
 1811 , 12044.3851068475 
 1812 , 12053.696922627 
 1813 , 12060.3345424193 
 1814 , 12057.9302771439 
 1815 , 12046.3650514218 
 1816 , 12036.3602698121 
 1817 , 12032.606953024 
 1818 , 12027.9953139126 
 1819 , 12017.892304373 
 1820 , 12002.5425391406 
 1821 , 11982.0243139673 
 1822 , 11956.0572014858 
 1823 , 11929.5555882961 
 1824 , 11911.9158701389 
 1825 , 11903.4517773648 
 1826 , 11897.2231258182 
 1827 , 11889.3785162049 
 1828 , 11878.3325555069 
 1829 , 11862.8856921936 
 1830 , 11842.8496590711 
 1831 , 11824.2763231073 
 1832 , 11813.8185663252 
 1833 , 11804.3684357925 
 1834 , 11786.0330565548 
 1835 , 11760.5037957523 
 1836 , 11734.0714245068 
 1837 , 11717.2387730653 
 1838 , 11714.052958631 
 1839 , 11705.2730398057 
 1840 , 11679.3719506445 
 1841 , 11655.3887536684 
 1842 , 11645.4387719741 
 1843 , 11638.2477903689 
 1844 , 11627.5383194283 
 1845 , 11619.6469075363 
 1846 , 11614.8145885671 
 1847 , 11604.0625205436 
 1848 , 11589.2362853197 
 1849 , 11583.4781169324 
 1850 , 11580.7873905824 
 1851 , 11560.2250618959 
 1852 , 11530.7776766844 
 1853 , 11519.87228499 
 1854 , 11525.299639743 
 1855 , 11529.0816529162 
 1856 , 11522.3580804435 
 1857 , 11501.8283095643 
 1858 , 11472.0257310384 
 1859 , 11440.0365583391 
 1860 , 11412.0178386376 
 1861 , 11393.2593701212 
 1862 , 11386.9629765982 
 1863 , 11390.7595503451 
 1864 , 11388.7984173081 
 1865 , 11370.1511762982 
 1866 , 11338.6110138031 
 1867 , 11303.5317539593 
 1868 , 11280.0026049387 
 1869 , 11271.4276342693 
 1870 , 11265.8841204658 
 1871 , 11256.1850565787 
 1872 , 11240.9504227235 
 1873 , 11219.6761815136 
 1874 , 11193.7900275095 
 1875 , 11180.5149414415 
 1876 , 11201.1319715164 
 1877 , 11231.6917084512 
 1878 , 11232.5901967513 
 1879 , 11199.8996212074 
 1880 , 11146.8615210232 
 1881 , 11104.6839674031 
 1882 , 11095.8176319999 
 1883 , 11097.2858751594 
 1884 , 11089.2528049021 
 1885 , 11083.1120223335 
 1886 , 11085.6950444934 
 1887 , 11086.1012827632 
 1888 , 11073.2256969578 
 1889 , 11039.213357591 
 1890 , 10995.2656295033 
 1891 , 10971.6350665314 
 1892 , 10964.5709529616 
 1893 , 10943.3086786287 
 1894 , 10912.551425485 
 1895 , 10898.2123770686 
 1896 , 10904.6189280461 
 1897 , 10922.5008778531 
 1898 , 10926.3854881485 
 1899 , 10894.7888606141 
 1900 , 10849.3657213123 
 1901 , 10816.7700285544 
 1902 , 10802.4256051881 
 1903 , 10801.1565161995 
 1904 , 10793.0451159415 
 1905 , 10770.4574326084 
 1906 , 10750.2870534357 
 1907 , 10738.5287920224 
 1908 , 10724.5158459037 
 1909 , 10710.2767817722 
 1910 , 10709.5846400977 
 1911 , 10713.2791894822 
 1912 , 10698.5409589142 
 1913 , 10673.7700092317 
 1914 , 10660.5252714677 
 1915 , 10655.5541183505 
 1916 , 10647.8216967327 
 1917 , 10635.657672567 
 1918 , 10618.1151648378 
 1919 , 10588.0503996237 
 1920 , 10547.3149972474 
 1921 , 10521.1960086532 
 1922 , 10519.5600444656 
 1923 , 10521.2313302811 
 1924 , 10517.6042897177 
 1925 , 10518.4925190753 
 1926 , 10520.0560543523 
 1927 , 10506.5734935231 
 1928 , 10480.4235546515 
 1929 , 10455.0960228317 
 1930 , 10434.8095413289 
 1931 , 10418.8923637283 
 1932 , 10404.7289129279 
 1933 , 10389.8681297183 
 1934 , 10374.9377116684 
 1935 , 10362.1436758208 
 1936 , 10355.8906777463 
 1937 , 10356.2315381958 
 1938 , 10354.5842712305 
 1939 , 10348.2346063857 
 1940 , 10343.1586450966 
 1941 , 10336.4488033343 
 1942 , 10317.2558155927 
 1943 , 10290.1342641419 
 1944 , 10268.9997413455 
 1945 , 10255.2148420636 
 1946 , 10244.7405032572 
 1947 , 10238.2397229064 
 1948 , 10233.6080345892 
 1949 , 10212.4766514921 
 1950 , 10170.6586069677 
 1951 , 10149.2431346935 
 1952 , 10163.3086024021 
 1953 , 10170.4167445735 
 1954 , 10158.2514366698 
 1955 , 10157.204047886 
 1956 , 10160.0960411263 
 1957 , 10129.361164941 
 1958 , 10082.5353643649 
 1959 , 10063.9997231672 
 1960 , 10062.8765789891 
 1961 , 10051.1925542673 
 1962 , 10031.9677822269 
 1963 , 10016.1747119212 
 1964 , 10011.6224994026 
 1965 , 10016.1459544721 
 1966 , 10008.4193597248 
 1967 , 9980.29650917508 
 1968 , 9945.88369671138 
 1969 , 9919.769740651 
 1970 , 9914.2313959996 
 1971 , 9927.66577882462 
 1972 , 9948.23283449497 
 1973 , 9958.24172929695 
 1974 , 9943.13867133447 
 1975 , 9917.398583121 
 1976 , 9897.60042823514 
 1977 , 9877.56091997566 
 1978 , 9851.82208145073 
 1979 , 9826.47457313506 
 1980 , 9805.51772157233 
 1981 , 9787.70135024738 
 1982 , 9771.80001938626 
 1983 , 9756.90271123931 
 1984 , 9740.53641070598 
 1985 , 9720.72242553345 
 1986 , 9707.26451066708 
 1987 , 9710.92334705293 
 1988 , 9721.48617090298 
 1989 , 9725.07025359866 
 1990 , 9715.65007095278 
 1991 , 9693.91937795418 
 1992 , 9670.99706769316 
 1993 , 9659.67544056193 
 1994 , 9671.8750356979 
 1995 , 9692.03033844711 
 1996 , 9684.3350895081 
 1997 , 9657.23469894726 
 1998 , 9641.05925624927 
 1999 , 9634.977196908 
 2000 , 9627.77532235219 
 2001 , 9615.67034823592 
 2002 , 9601.96125654415 
 2003 , 9602.78391053153 
 2004 , 9616.86299273813 
 2005 , 9612.34614528063 
 2006 , 9580.53643182107 
 2007 , 9540.55413758287 
 2008 , 9510.95735336131 
 2009 , 9505.16577016077 
 2010 , 9507.82653302494 
 2011 , 9496.6224295139 
 2012 , 9478.46749522395 
 2013 , 9467.93380370442 
 2014 , 9476.91122689628 
 2015 , 9497.56494944215 
 2016 , 9488.11319675971 
 2017 , 9445.55754972424 
 2018 , 9414.82818933974 
 2019 , 9404.70601361716 
 2020 , 9396.00041670473 
 2021 , 9387.98537601009 
 2022 , 9386.12402462375 
 2023 , 9379.00308208891 
 2024 , 9358.02340706404 
 2025 , 9338.98216127055 
 2026 , 9331.68938985143 
 2027 , 9326.08305563545 
 2028 , 9315.42460271764 
 2029 , 9299.69748143107 
 2030 , 9279.67788775865 
 2031 , 9257.17389460324 
 2032 , 9239.99001667627 
 2033 , 9235.35321540552 
 2034 , 9233.47862492467 
 2035 , 9223.79043430338 
 2036 , 9208.33213307451 
 2037 , 9192.28263476777 
 2038 , 9182.00919771608 
 2039 , 9173.85047063449 
 2040 , 9154.06740122628 
 2041 , 9127.23010577987 
 2042 , 9108.91975205038 
 2043 , 9096.60467488421 
 2044 , 9083.9725440988 
 2045 , 9083.37302762491 
 2046 , 9098.1344254446 
 2047 , 9096.60801394444 
 2048 , 9068.49451957624 
 2049 , 9043.89435684822 
 2050 , 9029.78777943818 
 2051 , 9009.15355410132 
 2052 , 8983.86799619715 
 2053 , 8967.0492852346 
 2054 , 8967.21053146115 
 2055 , 8981.66977427053 
 2056 , 8975.68366550366 
 2057 , 8937.20545699634 
 2058 , 8912.95584091673 
 2059 , 8918.78515868791 
 2060 , 8924.70038809393 
 2061 , 8917.87370132378 
 2062 , 8901.28688800474 
 2063 , 8881.51551101138 
 2064 , 8863.57337335408 
 2065 , 8839.2466943916 
 2066 , 8807.69860537942 
 2067 , 8795.11736727027 
 2068 , 8804.54553482426 
 2069 , 8799.88551189519 
 2070 , 8778.65299934583 
 2071 , 8768.42620475834 
 2072 , 8762.4995229009 
 2073 , 8741.9432166684 
 2074 , 8726.17398616836 
 2075 , 8731.37943827949 
 2076 , 8728.02778864102 
 2077 , 8701.65068013799 
 2078 , 8677.08779667428 
 2079 , 8662.91724666845 
 2080 , 8647.86207597431 
 2081 , 8629.87499735091 
 2082 , 8612.50972982331 
 2083 , 8595.39820736747 
 2084 , 8577.90960366154 
 2085 , 8563.20557163049 
 2086 , 8553.70954359265 
 2087 , 8549.04002524219 
 2088 , 8547.74436683841 
 2089 , 8546.92877569602 
 2090 , 8536.6343442276 
 2091 , 8506.47261721771 
 2092 , 8471.10543863543 
 2093 , 8449.07852645462 
 2094 , 8440.50274020004 
 2095 , 8440.5276662724 
 2096 , 8442.35995063269 
 2097 , 8444.12145736654 
 2098 , 8448.89262749269 
 2099 , 8451.92184598235 
 2100 , 8444.88996855565 
 2101 , 8429.34722693363 
 2102 , 8410.19147936391 
 2103 , 8391.30385969189 
 2104 , 8375.03315115004 
 2105 , 8361.30859484015 
 2106 , 8349.08549050321 
 2107 , 8336.68467920183 
 2108 , 8323.6747155433 
 2109 , 8309.398159346 
 2110 , 8287.77220978078 
 2111 , 8258.31414602263 
 2112 , 8241.92270280618 
 2113 , 8243.96500366621 
 2114 , 8239.36833039847 
 2115 , 8223.35629982049 
 2116 , 8210.84103058362 
 2117 , 8199.73830350385 
 2118 , 8181.41326216658 
 2119 , 8160.90680455517 
 2120 , 8146.01385919799 
 2121 , 8141.24415612467 
 2122 , 8142.98867765194 
 2123 , 8137.8419418408 
 2124 , 8124.02512189617 
 2125 , 8108.23857441433 
 2126 , 8087.79905463613 
 2127 , 8059.46766649292 
 2128 , 8033.8527425779 
 2129 , 8019.19722980033 
 2130 , 8012.5371118638 
 2131 , 8011.63209058078 
 2132 , 8015.54177469475 
 2133 , 8011.94507002608 
 2134 , 7986.33908063932 
 2135 , 7951.98687961151 
 2136 , 7926.15685815316 
 2137 , 7910.39954346309 
 2138 , 7901.99362297244 
 2139 , 7896.02272228957 
 2140 , 7889.35599651936 
 2141 , 7880.70294803133 
 2142 , 7869.93193141722 
 2143 , 7858.96861581917 
 2144 , 7855.72072935954 
 2145 , 7860.35601505546 
 2146 , 7854.54848436901 
 2147 , 7829.20234206487 
 2148 , 7789.42770678972 
 2149 , 7754.88697632622 
 2150 , 7747.15828815821 
 2151 , 7753.05902529321 
 2152 , 7752.76607998334 
 2153 , 7739.27561259169 
 2154 , 7715.73587199191 
 2155 , 7696.39080250593 
 2156 , 7691.31526869698 
 2157 , 7702.03886783025 
 2158 , 7698.62345255704 
 2159 , 7659.45423604235 
 2160 , 7633.68238835463 
 2161 , 7643.5467576615 
 2162 , 7641.44473401444 
 2163 , 7624.56305255111 
 2164 , 7630.88158471533 
 2165 , 7634.09595867365 
 2166 , 7595.84190989342 
 2167 , 7563.01130914735 
 2168 , 7567.13899965433 
 2169 , 7565.19791081459 
 2170 , 7545.70997862546 
 2171 , 7538.1523286574 
 2172 , 7538.27708615323 
 2173 , 7527.26432830391 
 2174 , 7516.17530939986 
 2175 , 7513.05485133193 
 2176 , 7498.68359970905 
 2177 , 7475.04621755835 
 2178 , 7471.47695087099 
 2179 , 7478.15039120587 
 2180 , 7465.56763429052 
 2181 , 7441.03529770744 
 2182 , 7421.39449622587 
 2183 , 7415.92470314475 
 2184 , 7419.33788114603 
 2185 , 7410.39864334343 
 2186 , 7390.82724147562 
 2187 , 7376.52846337968 
 2188 , 7368.07839921042 
 2189 , 7363.15022605268 
 2190 , 7366.45289684129 
 2191 , 7371.17617061452 
 2192 , 7355.19753267448 
 2193 , 7328.47895826922 
 2194 , 7318.42351135744 
 2195 , 7312.64287309897 
 2196 , 7294.01029498057 
 2197 , 7273.37551627371 
 2198 , 7258.01531125794 
 2199 , 7243.4237584447 
 2200 , 7225.89090042807 
 2201 , 7204.99470475714 
 2202 , 7192.41061780011 
 2203 , 7191.8669390289 
 2204 , 7173.93912129073 
 2205 , 7140.21911366301 
 2206 , 7137.8717817891 
 2207 , 7153.64536417425 
 2208 , 7140.43144165149 
 2209 , 7112.78987697837 
 2210 , 7095.70535403229 
 2211 , 7084.76962093317 
 2212 , 7072.46253533866 
 2213 , 7054.48616126895 
 2214 , 7040.12404299371 
 2215 , 7042.04106536989 
 2216 , 7045.31329669738 
 2217 , 7034.70155067635 
 2218 , 7015.20554044245 
 2219 , 6995.69943090625 
 2220 , 6984.75688171431 
 2221 , 6976.45887800589 
 2222 , 6961.12986405184 
 2223 , 6950.58208225049 
 2224 , 6949.46528820172 
 2225 , 6935.80830795139 
 2226 , 6907.46102383521 
 2227 , 6884.38943337759 
 2228 , 6871.50500909192 
 2229 , 6864.02385249773 
 2230 , 6851.73478020995 
 2231 , 6831.29797105196 
 2232 , 6813.4461521151 
 2233 , 6803.61964337044 
 2234 , 6799.43854151954 
 2235 , 6785.14061403395 
 2236 , 6752.33159470101 
 2237 , 6731.9984749937 
 2238 , 6732.98696943288 
 2239 , 6723.34143087677 
 2240 , 6702.74393293909 
 2241 , 6690.74342804512 
 2242 , 6678.90727465939 
 2243 , 6659.52228223404 
 2244 , 6649.39878468322 
 2245 , 6649.06718633378 
 2246 , 6638.15984416947 
 2247 , 6617.8506138344 
 2248 , 6600.76246350317 
 2249 , 6593.65344433264 
 2250 , 6591.35445687 
 2251 , 6571.11060177126 
 2252 , 6541.4279736302 
 2253 , 6533.95030465707 
 2254 , 6534.46083850593 
 2255 , 6522.67310282041 
 2256 , 6519.20869592235 
 2257 , 6525.05948661807 
 2258 , 6506.88134400875 
 2259 , 6472.87219583541 
 2260 , 6454.10390311296 
 2261 , 6449.72796035106 
 2262 , 6447.15149443391 
 2263 , 6430.36030830816 
 2264 , 6397.0407317159 
 2265 , 6361.17627302448 
 2266 , 6353.02519160034 
 2267 , 6386.26674844462 
 2268 , 6396.27040882275 
 2269 , 6357.5010209937 
 2270 , 6323.94853592309 
 2271 , 6313.81332588753 
 2272 , 6314.63892228584 
 2273 , 6310.18203553182 
 2274 , 6294.58083980461 
 2275 , 6286.0541263986 
 2276 , 6282.81796046419 
 2277 , 6264.30441890523 
 2278 , 6248.01085779785 
 2279 , 6253.26350518313 
 2280 , 6246.16697897844 
 2281 , 6214.71665496601 
 2282 , 6191.57366107899 
 2283 , 6180.32927486951 
 2284 , 6165.6089527379 
 2285 , 6146.1725883071 
 2286 , 6125.92056124145 
 2287 , 6110.33441214201 
 2288 , 6103.21946993544 
 2289 , 6105.17854983431 
 2290 , 6106.71559097598 
 2291 , 6096.65838026206 
 2292 , 6071.41254876239 
 2293 , 6042.77782552585 
 2294 , 6036.75827668284 
 2295 , 6045.03852981428 
 2296 , 6043.56544190846 
 2297 , 6026.4357798113 
 2298 , 6000.96609522182 
 2299 , 5987.23719421169 
 2300 , 5979.15010462864 
 2301 , 5955.79257881704 
 2302 , 5929.03223792115 
 2303 , 5913.75593347138 
 2304 , 5906.88518102242 
 2305 , 5901.32092273744 
 2306 , 5890.3487455641 
 2307 , 5881.56460975022 
 2308 , 5881.63797108992 
 2309 , 5876.57352590867 
 2310 , 5857.19631962903 
 2311 , 5826.73595391571 
 2312 , 5805.14755691972 
 2313 , 5808.54092170103 
 2314 , 5805.6132731493 
 2315 , 5781.4244425513 
 2316 , 5762.34982412045 
 2317 , 5754.93499357623 
 2318 , 5749.76283613199 
 2319 , 5739.67072992159 
 2320 , 5725.61623058616 
 2321 , 5721.69304423285 
 2322 , 5724.7450373263 
 2323 , 5718.69721135771 
 2324 , 5705.41016532586 
 2325 , 5690.96238714622 
 2326 , 5675.79670876306 
 2327 , 5665.46880418405 
 2328 , 5668.07289479614 
 2329 , 5666.71058488542 
 2330 , 5647.11384343543 
 2331 , 5632.65604838292 
 2332 , 5629.33594516646 
 2333 , 5617.10543278033 
 2334 , 5595.89310622515 
 2335 , 5575.71074215586 
 2336 , 5562.93422871493 
 2337 , 5554.35249101138 
 2338 , 5536.83648827528 
 2339 , 5518.80760539865 
