11-20-2017,19:41:15
Wavenumber(cm-1),Intensity
 250 , 10 
 251 , 10 
 252 , 10 
 253 , 10 
 254 , 10 
 255 , 41.265625 
 256 , 44.458984375 
 257 , 51.767578125 
 258 , 64.609375 
 259 , 72.515625 
 260 , 62.9453125 
 261 , 32.7109375 
 262 ,-0.32421875 
 263 ,-18.29296875 
 264 ,-17.45703125 
 265 ,-7.392578125 
 266 , 2.27734375 
 267 , 8.978515625 
 268 , 10.80859375 
 269 , 8.08984375 
 270 , 6.30859375 
 271 , 11.822265625 
 272 , 24.220703125 
 273 , 33.548828125 
 274 , 30.013671875 
 275 , 16.689453125 
 276 , 6.056640625 
 277 , 8.365234375 
 278 , 20.8359375 
 279 , 37.654296875 
 280 , 55.046875 
 281 , 73.33984375 
 282 , 92.693359375 
 283 , 110.751953125 
 284 , 121.40234375 
 285 , 120.599609375 
 286 , 117.392578125 
 287 , 125.45703125 
 288 , 150.306640625 
 289 , 179.529296875 
 290 , 198.6796875 
 291 , 202.18359375 
 292 , 192.8359375 
 293 , 174.11328125 
 294 , 153.775390625 
 295 , 142.146484375 
 296 , 144.158203125 
 297 , 144.5 
 298 , 123.802734375 
 299 , 81.08203125 
 300 , 41.919921875 
 301 , 31.69921875 
 302 , 43.46484375 
 303 , 51.853515625 
 304 , 39.63671875 
 305 , 17.59765625 
 306 , 3.29296875 
 307 , 5.12890625 
 308 , 18.880859375 
 309 , 39.599609375 
 310 , 60.21875 
 311 , 70.609375 
 312 , 63.064453125 
 313 , 50.46484375 
 314 , 51.5234375 
 315 , 73.763671875 
 316 , 103.482421875 
 317 , 124.953125 
 318 , 135.73046875 
 319 , 145.099609375 
 320 , 160.802734375 
 321 , 180.396484375 
 322 , 197.9921875 
 323 , 210.345703125 
 324 , 218.376953125 
 325 , 223.31640625 
 326 , 227.181640625 
 327 , 233.345703125 
 328 , 245.0859375 
 329 , 264.291015625 
 330 , 292.23046875 
 331 , 325.859375 
 332 , 351.609375 
 333 , 354.96484375 
 334 , 336.7578125 
 335 , 313.7421875 
 336 , 301.58203125 
 337 , 302.564453125 
 338 , 313.025390625 
 339 , 329.080078125 
 340 , 346.583984375 
 341 , 361.37890625 
 342 , 368.544921875 
 343 , 362.373046875 
 344 , 339.130859375 
 345 , 309.923828125 
 346 , 292.46484375 
 347 , 294.70703125 
 348 , 298.005859375 
 349 , 279.970703125 
 350 , 237.310546875 
 351 , 187.78125 
 352 , 148.353515625 
 353 , 122.2890625 
 354 , 106.609375 
 355 , 98.791015625 
 356 , 97.587890625 
 357 , 101.892578125 
 358 , 108.13671875 
 359 , 110.076171875 
 360 , 102.732421875 
 361 , 91.005859375 
 362 , 84.068359375 
 363 , 88.509765625 
 364 , 104.4453125 
 365 , 130.67578125 
 366 , 157.580078125 
 367 , 166.4609375 
 368 , 142.455078125 
 369 , 99.54296875 
 370 , 63.796875 
 371 , 51.615234375 
 372 , 55.55859375 
 373 , 64.89453125 
 374 , 75.8671875 
 375 , 91.572265625 
 376 , 114.03515625 
 377 , 136.705078125 
 378 , 149.791015625 
 379 , 149.435546875 
 380 , 145.13671875 
 381 , 147.634765625 
 382 , 156.634765625 
 383 , 161.912109375 
 384 , 155.796875 
 385 , 146.646484375 
 386 , 148.34765625 
 387 , 167.73828125 
 388 , 197.439453125 
 389 , 228.333984375 
 390 , 252.33984375 
 391 , 262.697265625 
 392 , 255.24609375 
 393 , 236.521484375 
 394 , 215.71875 
 395 , 198.3203125 
 396 , 184.169921875 
 397 , 172.36328125 
 398 , 158.3359375 
 399 , 135.341796875 
 400 , 100.7265625 
 401 , 67.470703125 
 402 , 52.056640625 
 403 , 59.384765625 
 404 , 77.935546875 
 405 , 95.84765625 
 406 , 109.091796875 
 407 , 117.544921875 
 408 , 122.056640625 
 409 , 126.8515625 
 410 , 136.888671875 
 411 , 154.806640625 
 412 , 180.7109375 
 413 , 213.1015625 
 414 , 240.939453125 
 415 , 249.4609375 
 416 , 233.6328125 
 417 , 209.26171875 
 418 , 193.58984375 
 419 , 187.298828125 
 420 , 178.779296875 
 421 , 160.224609375 
 422 , 141.28125 
 423 , 135.474609375 
 424 , 147.03125 
 425 , 165.470703125 
 426 , 179.826171875 
 427 , 186.568359375 
 428 , 186.61328125 
 429 , 179.697265625 
 430 , 163.126953125 
 431 , 135.01171875 
 432 , 104.5234375 
 433 , 93.587890625 
 434 , 120.296875 
 435 , 168.419921875 
 436 , 204.751953125 
 437 , 209.150390625 
 438 , 193.97265625 
 439 , 176.052734375 
 440 , 165.037109375 
 441 , 165.625 
 442 , 180.2421875 
 443 , 198.98828125 
 444 , 207.72265625 
 445 , 201.21875 
 446 , 189.490234375 
 447 , 183.345703125 
 448 , 185.931640625 
 449 , 195.638671875 
 450 , 207.3828125 
 451 , 206.150390625 
 452 , 176.541015625 
 453 , 124.53515625 
 454 , 79.423828125 
 455 , 66.24609375 
 456 , 75.486328125 
 457 , 83.033203125 
 458 , 75.8359375 
 459 , 64.43359375 
 460 , 61.708984375 
 461 , 70.583984375 
 462 , 86.708984375 
 463 , 105.259765625 
 464 , 120.07421875 
 465 , 124.888671875 
 466 , 118.916015625 
 467 , 108.66796875 
 468 , 100.248046875 
 469 , 92.703125 
 470 , 81.12109375 
 471 , 63.017578125 
 472 , 41.392578125 
 473 , 20.681640625 
 474 , 8.654296875 
 475 , 16.296875 
 476 , 50.41015625 
 477 , 96.62890625 
 478 , 133.779296875 
 479 , 149.4921875 
 480 , 144.208984375 
 481 , 120.9296875 
 482 , 91.474609375 
 483 , 71.470703125 
 484 , 69.720703125 
 485 , 79.513671875 
 486 , 93.302734375 
 487 , 107.08984375 
 488 , 120.6484375 
 489 , 133.958984375 
 490 , 145.314453125 
 491 , 151.263671875 
 492 , 152.484375 
 493 , 157.16796875 
 494 , 173.98046875 
 495 , 203.6328125 
 496 , 239.59765625 
 497 , 273.64453125 
 498 , 298.3828125 
 499 , 310.087890625 
 500 , 313.416015625 
 501 , 315.61328125 
 502 , 320.611328125 
 503 , 326.703125 
 504 , 334.462890625 
 505 , 341.9453125 
 506 , 340.509765625 
 507 , 321.404296875 
 508 , 291.1640625 
 509 , 265.37109375 
 510 , 251.634765625 
 511 , 237.521484375 
 512 , 208.109375 
 513 , 173.486328125 
 514 , 163.087890625 
 515 , 195.0859375 
 516 , 244.484375 
 517 , 277.328125 
 518 , 280.96875 
 519 , 267.419921875 
 520 , 248.673828125 
 521 , 226.416015625 
 522 , 198.408203125 
 523 , 170.466796875 
 524 , 162.455078125 
 525 , 192.201171875 
 526 , 244.626953125 
 527 , 284.3671875 
 528 , 290.3828125 
 529 , 282.908203125 
 530 , 288.318359375 
 531 , 307.62109375 
 532 , 319.509765625 
 533 , 307.515625 
 534 , 279.974609375 
 535 , 253.171875 
 536 , 235.537109375 
 537 , 223.466796875 
 538 , 212.345703125 
 539 , 205.248046875 
 540 , 210.451171875 
 541 , 229.888671875 
 542 , 251.234375 
 543 , 260.828125 
 544 , 259.7734375 
 545 , 257.4453125 
 546 , 258.326171875 
 547 , 254.802734375 
 548 , 240.0234375 
 549 , 221.376953125 
 550 , 216.427734375 
 551 , 235.68359375 
 552 , 264.82421875 
 553 , 285.763671875 
 554 , 291.794921875 
 555 , 289.794921875 
 556 , 288.228515625 
 557 , 301.306640625 
 558 , 342.986328125 
 559 , 406.046875 
 560 , 448.994140625 
 561 , 435.3359375 
 562 , 380.57421875 
 563 , 324.439453125 
 564 , 292.51953125 
 565 , 281.607421875 
 566 , 287.359375 
 567 , 300.8203125 
 568 , 307.791015625 
 569 , 299.732421875 
 570 , 291.39453125 
 571 , 300.873046875 
 572 , 325.95703125 
 573 , 346.267578125 
 574 , 348.578125 
 575 , 344.521484375 
 576 , 347.80859375 
 577 , 359.537109375 
 578 , 367.5859375 
 579 , 363.74609375 
 580 , 353.431640625 
 581 , 347.08984375 
 582 , 348.599609375 
 583 , 350.44140625 
 584 , 345.966796875 
 585 , 342.759765625 
 586 , 355.7421875 
 587 , 386.33203125 
 588 , 402.302734375 
 589 , 367.66796875 
 590 , 295.388671875 
 591 , 236.818359375 
 592 , 227.0859375 
 593 , 241.1484375 
 594 , 244.19921875 
 595 , 227.021484375 
 596 , 202.67578125 
 597 , 180.38671875 
 598 , 157.37109375 
 599 , 130.494140625 
 600 , 103.427734375 
 601 , 85.666015625 
 602 , 83.314453125 
 603 , 91.669921875 
 604 , 103.927734375 
 605 , 116.62109375 
 606 , 128.05078125 
 607 , 132.984375 
 608 , 127.44140625 
 609 , 111.828125 
 610 , 90.912109375 
 611 , 74.609375 
 612 , 74.275390625 
 613 , 91.18359375 
 614 , 118.279296875 
 615 , 147.392578125 
 616 , 172.724609375 
 617 , 191.10546875 
 618 , 210.373046875 
 619 , 241.05078125 
 620 , 282.931640625 
 621 , 318.76953125 
 622 , 337.322265625 
 623 , 347.970703125 
 624 , 371.599609375 
 625 , 417.326171875 
 626 , 465.541015625 
 627 , 493.099609375 
 628 , 488.56640625 
 629 , 450.8046875 
 630 , 384.865234375 
 631 , 317.607421875 
 632 , 278.109375 
 633 , 272.15625 
 634 , 284.2421875 
 635 , 302.595703125 
 636 , 318.81640625 
 637 , 319.71875 
 638 , 298.939453125 
 639 , 265.20703125 
 640 , 232.666015625 
 641 , 206.779296875 
 642 , 185.837890625 
 643 , 171.607421875 
 644 , 174.96875 
 645 , 206.220703125 
 646 , 252.95703125 
 647 , 292.4765625 
 648 , 309.494140625 
 649 , 302.244140625 
 650 , 272.515625 
 651 , 232.552734375 
 652 , 200.1328125 
 653 , 184.806640625 
 654 , 180.2109375 
 655 , 177.720703125 
 656 , 174.93359375 
 657 , 171.732421875 
 658 , 168.478515625 
 659 , 167.923828125 
 660 , 173.58203125 
 661 , 181.25 
 662 , 181.705078125 
 663 , 170.93359375 
 664 , 157.501953125 
 665 , 151.419921875 
 666 , 153.19140625 
 667 , 158.763671875 
 668 , 165.9375 
 669 , 174.5546875 
 670 , 182.66796875 
 671 , 187.07421875 
 672 , 186.388671875 
 673 , 181.853515625 
 674 , 173.69140625 
 675 , 157.837890625 
 676 , 137.35546875 
 677 , 124.166015625 
 678 , 127.263671875 
 679 , 136.8671875 
 680 , 135.984375 
 681 , 124.05859375 
 682 , 115.138671875 
 683 , 122.18359375 
 684 , 143.64453125 
 685 , 170.85546875 
 686 , 193.47265625 
 687 , 203.771484375 
 688 , 200.919921875 
 689 , 190.974609375 
 690 , 177.134765625 
 691 , 160.0390625 
 692 , 141.234375 
 693 , 125.15625 
 694 , 117.46484375 
 695 , 122.03515625 
 696 , 135.37890625 
 697 , 151.958984375 
 698 , 171.9921875 
 699 , 201.2734375 
 700 , 240.544921875 
 701 , 281.1015625 
 702 , 311.26953125 
 703 , 324.572265625 
 704 , 321.923828125 
 705 , 305.923828125 
 706 , 283.220703125 
 707 , 261.373046875 
 708 , 243.26171875 
 709 , 226.9375 
 710 , 215.283203125 
 711 , 211.568359375 
 712 , 213.94140625 
 713 , 213.09765625 
 714 , 198.55859375 
 715 , 169.357421875 
 716 , 139.0234375 
 717 , 121.669921875 
 718 , 115.798828125 
 719 , 104.947265625 
 720 , 78.755859375 
 721 , 50.470703125 
 722 , 40.408203125 
 723 , 52.30859375 
 724 , 69.162109375 
 725 , 78.099609375 
 726 , 80.892578125 
 727 , 82.87109375 
 728 , 83.390625 
 729 , 76.3046875 
 730 , 58.328125 
 731 , 38.44921875 
 732 , 29.72265625 
 733 , 37.173828125 
 734 , 54.921875 
 735 , 74.310546875 
 736 , 87.947265625 
 737 , 91.849609375 
 738 , 91.4609375 
 739 , 98.181640625 
 740 , 115.037109375 
 741 , 132.185546875 
 742 , 142.5546875 
 743 , 150.669921875 
 744 , 164.92578125 
 745 , 183.6328125 
 746 , 194.24609375 
 747 , 187.95703125 
 748 , 172.154296875 
 749 , 161.646484375 
 750 , 160.50390625 
 751 , 160.63671875 
 752 , 158.32421875 
 753 , 154.236328125 
 754 , 146.50390625 
 755 , 132.044921875 
 756 , 118.6953125 
 757 , 118.419921875 
 758 , 130.0546875 
 759 , 141.443359375 
 760 , 145.068359375 
 761 , 152.236328125 
 762 , 177.021484375 
 763 , 214.20703125 
 764 , 246.99609375 
 765 , 263.41015625 
 766 , 265.587890625 
 767 , 261.005859375 
 768 , 254.830078125 
 769 , 247.83984375 
 770 , 237.19140625 
 771 , 221.90625 
 772 , 207.53515625 
 773 , 200.28515625 
 774 , 200.73046875 
 775 , 197.4296875 
 776 , 174.990234375 
 777 , 132.380859375 
 778 , 92.9375 
 779 , 77.927734375 
 780 , 82.177734375 
 781 , 85.8515625 
 782 , 80.552734375 
 783 , 74.65625 
 784 , 75.1875 
 785 , 78.380859375 
 786 , 76.642578125 
 787 , 67.61328125 
 788 , 53.173828125 
 789 , 35.43359375 
 790 , 21.490234375 
 791 , 20.810546875 
 792 , 38.83984375 
 793 , 76.0859375 
 794 , 132.427734375 
 795 , 189.263671875 
 796 , 218.0078125 
 797 , 206.435546875 
 798 , 170.392578125 
 799 , 131.55859375 
 800 , 101.33984375 
 801 , 83.25390625 
 802 , 73.837890625 
 803 , 70.728515625 
 804 , 78.919921875 
 805 , 100.373046875 
 806 , 130.595703125 
 807 , 158.4296875 
 808 , 173.21875 
 809 , 172.69921875 
 810 , 164.775390625 
 811 , 158.0703125 
 812 , 160.1015625 
 813 , 177.41015625 
 814 , 205.568359375 
 815 , 225.880859375 
 816 , 223.826171875 
 817 , 206.23046875 
 818 , 184.978515625 
 819 , 166.71484375 
 820 , 155.923828125 
 821 , 157.880859375 
 822 , 168.763671875 
 823 , 181.216796875 
 824 , 187.640625 
 825 , 181.9453125 
 826 , 164.728515625 
 827 , 149.15625 
 828 , 146.9921875 
 829 , 157.142578125 
 830 , 173.619140625 
 831 , 196.333984375 
 832 , 231.662109375 
 833 , 280.8515625 
 834 , 322.74609375 
 835 , 331.50390625 
 836 , 304.9765625 
 837 , 261.904296875 
 838 , 217.5703125 
 839 , 180.630859375 
 840 , 159.099609375 
 841 , 152.240234375 
 842 , 151.205078125 
 843 , 147.734375 
 844 , 141.91796875 
 845 , 137.568359375 
 846 , 140.841796875 
 847 , 156.765625 
 848 , 180.662109375 
 849 , 197.857421875 
 850 , 198.708984375 
 851 , 195.3828125 
 852 , 204.69140625 
 853 , 224.98046875 
 854 , 238.94921875 
 855 , 237.427734375 
 856 , 231.0625 
 857 , 231.21875 
 858 , 232.9921875 
 859 , 223.30859375 
 860 , 203.501953125 
 861 , 198.87109375 
 862 , 230.310546875 
 863 , 279.443359375 
 864 , 314.43359375 
 865 , 326.26953125 
 866 , 331.484375 
 867 , 342.412109375 
 868 , 355.134765625 
 869 , 364.263671875 
 870 , 369.298828125 
 871 , 370.328125 
 872 , 369.908203125 
 873 , 382.00390625 
 874 , 422.0859375 
 875 , 491.537109375 
 876 , 583.21875 
 877 , 680.994140625 
 878 , 764.470703125 
 879 , 823.765625 
 880 , 870.908203125 
 881 , 918.935546875 
 882 , 966.259765625 
 883 , 1004.51953125 
 884 , 1028.88671875 
 885 , 1037.1328125 
 886 , 1025.36328125 
 887 , 985.01953125 
 888 , 907.068359375 
 889 , 800.396484375 
 890 , 694.923828125 
 891 , 613.6328125 
 892 , 550.6875 
 893 , 494.275390625 
 894 , 437.38671875 
 895 , 375.94921875 
 896 , 310.822265625 
 897 , 252.046875 
 898 , 208.306640625 
 899 , 175.55859375 
 900 , 145.1171875 
 901 , 115.431640625 
 902 , 94.11328125 
 903 , 82.87890625 
 904 , 71.248046875 
 905 , 46.818359375 
 906 , 16.525390625 
 907 , 0.615234375 
 908 , 8.216796875 
 909 , 27.76953125 
 910 , 46.189453125 
 911 , 60.2421875 
 912 , 71.47265625 
 913 , 82.677734375 
 914 , 98.904296875 
 915 , 118.556640625 
 916 , 131.294921875 
 917 , 128.140625 
 918 , 116.861328125 
 919 , 113.17578125 
 920 , 121.13671875 
 921 , 129.9140625 
 922 , 132.173828125 
 923 , 134.908203125 
 924 , 146.92578125 
 925 , 159.029296875 
 926 , 149.255859375 
 927 , 111.130859375 
 928 , 70.994140625 
 929 , 54.142578125 
 930 , 55.296875 
 931 , 57.865234375 
 932 , 56.931640625 
 933 , 57.75 
 934 , 62.3125 
 935 , 66.419921875 
 936 , 66.064453125 
 937 , 60.17578125 
 938 , 48.0546875 
 939 , 32.912109375 
 940 , 26.638671875 
 941 , 38.1015625 
 942 , 54.49609375 
 943 , 57.96875 
 944 , 49.546875 
 945 , 40.111328125 
 946 , 37.099609375 
 947 , 29.23046875 
 948 , 7.876953125 
 949 ,-7.208984375 
 950 , 13.55078125 
 951 , 70.60546875 
 952 , 132.70703125 
 953 , 175.017578125 
 954 , 195.689453125 
 955 , 196.865234375 
 956 , 185.900390625 
 957 , 165.4765625 
 958 , 141.927734375 
 959 , 125.34765625 
 960 , 122.443359375 
 961 , 122.068359375 
 962 , 109.173828125 
 963 , 86.09765625 
 964 , 67.384765625 
 965 , 59.9296875 
 966 , 58.314453125 
 967 , 58.10546875 
 968 , 62.001953125 
 969 , 73.796875 
 970 , 91.67578125 
 971 , 110.65625 
 972 , 128.25 
 973 , 144.62109375 
 974 , 158.802734375 
 975 , 164.349609375 
 976 , 153.4921875 
 977 , 126.6640625 
 978 , 92.087890625 
 979 , 59.34765625 
 980 , 43.330078125 
 981 , 57.2890625 
 982 , 91.611328125 
 983 , 125.68359375 
 984 , 146.529296875 
 985 , 150.533203125 
 986 , 138.978515625 
 987 , 124.83203125 
 988 , 120.8203125 
 989 , 121.599609375 
 990 , 113.255859375 
 991 , 98.494140625 
 992 , 101.994140625 
 993 , 138.173828125 
 994 , 179.775390625 
 995 , 194.2734375 
 996 , 192.701171875 
 997 , 212.271484375 
 998 , 272.65625 
 999 , 366.453125 
 1000 , 487.662109375 
 1001 , 646.193359375 
 1002 , 854.1875 
 1003 , 1097.671875 
 1004 , 1344.43359375 
 1005 , 1557.171875 
 1006 , 1692.2109375 
 1007 , 1714.103515625 
 1008 , 1620.998046875 
 1009 , 1420.666015625 
 1010 , 1141.666015625 
 1011 , 829.48046875 
 1012 , 536.1953125 
 1013 , 321.82421875 
 1014 , 225.138671875 
 1015 , 189.541015625 
 1016 , 137.30078125 
 1017 , 64.8046875 
 1018 , 21.462890625 
 1019 , 26.765625 
 1020 , 45.23828125 
 1021 , 45.232421875 
 1022 , 38.416015625 
 1023 , 47.07421875 
 1024 , 68.18359375 
 1025 , 80.51953125 
 1026 , 76.326171875 
 1027 , 73.642578125 
 1028 , 89.984375 
 1029 , 124.236328125 
 1030 , 169.052734375 
 1031 , 215.703125 
 1032 , 255.3984375 
 1033 , 282.869140625 
 1034 , 297.85546875 
 1035 , 301.806640625 
 1036 , 303.408203125 
 1037 , 312.6875 
 1038 , 327.42578125 
 1039 , 336.939453125 
 1040 , 336.248046875 
 1041 , 329.71875 
 1042 , 320.8671875 
 1043 , 306.88671875 
 1044 , 284.853515625 
 1045 , 265.408203125 
 1046 , 266.80078125 
 1047 , 289.662109375 
 1048 , 309.96875 
 1049 , 310.212890625 
 1050 , 301.86328125 
 1051 , 301.1171875 
 1052 , 308.6484375 
 1053 , 316.548828125 
 1054 , 321.302734375 
 1055 , 325.34375 
 1056 , 332.171875 
 1057 , 346.716796875 
 1058 , 371.43359375 
 1059 , 387.927734375 
 1060 , 369.109375 
 1061 , 317.548828125 
 1062 , 268.30859375 
 1063 , 248.05859375 
 1064 , 258.2421875 
 1065 , 294.59765625 
 1066 , 340.9296875 
 1067 , 376.482421875 
 1068 , 386.556640625 
 1069 , 361.939453125 
 1070 , 305.755859375 
 1071 , 246.625 
 1072 , 211.625 
 1073 , 203.123046875 
 1074 , 215.044921875 
 1075 , 235.6796875 
 1076 , 249.419921875 
 1077 , 251.25390625 
 1078 , 253.92578125 
 1079 , 267.328125 
 1080 , 283.71875 
 1081 , 292.5546875 
 1082 , 298.509765625 
 1083 , 314.736328125 
 1084 , 343.662109375 
 1085 , 373.744140625 
 1086 , 396.328125 
 1087 , 414.423828125 
 1088 , 431.99609375 
 1089 , 443.5390625 
 1090 , 439.568359375 
 1091 , 423.013671875 
 1092 , 409.80859375 
 1093 , 407.916015625 
 1094 , 405.599609375 
 1095 , 390.642578125 
 1096 , 363.5546875 
 1097 , 329.27734375 
 1098 , 293.87890625 
 1099 , 264.1796875 
 1100 , 242.04296875 
 1101 , 220.958984375 
 1102 , 195.5078125 
 1103 , 167.638671875 
 1104 , 141.267578125 
 1105 , 121.611328125 
 1106 , 114.375 
 1107 , 118.541015625 
 1108 , 125.20703125 
 1109 , 129.26953125 
 1110 , 136.49609375 
 1111 , 152.677734375 
 1112 , 173.255859375 
 1113 , 189.66796875 
 1114 , 190.763671875 
 1115 , 163.689453125 
 1116 , 109.78125 
 1117 , 55.900390625 
 1118 , 25.111328125 
 1119 , 12.71484375 
 1120 , 8.20703125 
 1121 , 7.927734375 
 1122 , 11.21875 
 1123 , 17.513671875 
 1124 , 23.787109375 
 1125 , 27.83984375 
 1126 , 25.19921875 
 1127 , 11.775390625 
 1128 ,-1.42578125 
 1129 , 1.611328125 
 1130 , 20.484375 
 1131 , 39.99609375 
 1132 , 50.53515625 
 1133 , 54.71875 
 1134 , 54.875 
 1135 , 52.625 
 1136 , 47.90234375 
 1137 , 42.845703125 
 1138 , 42.583984375 
 1139 , 48.947265625 
 1140 , 60.77734375 
 1141 , 75.62109375 
 1142 , 87.470703125 
 1143 , 91.150390625 
 1144 , 89.677734375 
 1145 , 88.568359375 
 1146 , 87.51953125 
 1147 , 81.78125 
 1148 , 69.33203125 
 1149 , 53.771484375 
 1150 , 41.3359375 
 1151 , 40.07421875 
 1152 , 55.27734375 
 1153 , 83.2890625 
 1154 , 119.048828125 
 1155 , 151.302734375 
 1156 , 160.521484375 
 1157 , 145.353515625 
 1158 , 137.662109375 
 1159 , 162.23828125 
 1160 , 207.3515625 
 1161 , 253.275390625 
 1162 , 282.6796875 
 1163 , 281.279296875 
 1164 , 257.81640625 
 1165 , 241.662109375 
 1166 , 248.876953125 
 1167 , 266.7578125 
 1168 , 281.607421875 
 1169 , 294.052734375 
 1170 , 309.4453125 
 1171 , 330.916015625 
 1172 , 359.65234375 
 1173 , 394.126953125 
 1174 , 428.783203125 
 1175 , 454.923828125 
 1176 , 461.197265625 
 1177 , 442.513671875 
 1178 , 416.873046875 
 1179 , 405.5859375 
 1180 , 412.4296875 
 1181 , 432.552734375 
 1182 , 453.7578125 
 1183 , 454.046875 
 1184 , 424.6953125 
 1185 , 387.423828125 
 1186 , 363.771484375 
 1187 , 356.939453125 
 1188 , 364.28515625 
 1189 , 375.318359375 
 1190 , 375.6015625 
 1191 , 365.990234375 
 1192 , 364.53515625 
 1193 , 379.48828125 
 1194 , 394.08203125 
 1195 , 392.197265625 
 1196 , 379.541015625 
 1197 , 368.451171875 
 1198 , 362.20703125 
 1199 , 356.802734375 
 1200 , 357.791015625 
 1201 , 385.55859375 
 1202 , 439.265625 
 1203 , 470.490234375 
 1204 , 442.046875 
 1205 , 384.7890625 
 1206 , 341.615234375 
 1207 , 318.3046875 
 1208 , 303.36328125 
 1209 , 293.919921875 
 1210 , 294.09765625 
 1211 , 298.216796875 
 1212 , 290.96484375 
 1213 , 265.62890625 
 1214 , 229.587890625 
 1215 , 188.33203125 
 1216 , 151.521484375 
 1217 , 135 
 1218 , 153.138671875 
 1219 , 215.4765625 
 1220 , 294.02734375 
 1221 , 314.611328125 
 1222 , 242.8359375 
 1223 , 148.767578125 
 1224 , 103.107421875 
 1225 , 101.5078125 
 1226 , 116.181640625 
 1227 , 125.8984375 
 1228 , 115.419921875 
 1229 , 94.15625 
 1230 , 98.580078125 
 1231 , 135.380859375 
 1232 , 143.841796875 
 1233 , 77.537109375 
 1234 , 1.244140625 
 1235 ,-3.248046875 
 1236 , 44.998046875 
 1237 , 83.2734375 
 1238 , 96.25 
 1239 , 104.701171875 
 1240 , 117.75 
 1241 , 136.7109375 
 1242 , 165.341796875 
 1243 , 191.591796875 
 1244 , 198.65625 
 1245 , 190.72265625 
 1246 , 188.84765625 
 1247 , 212.974609375 
 1248 , 272.66015625 
 1249 , 335.68359375 
 1250 , 326.396484375 
 1251 , 226.0546875 
 1252 , 139.146484375 
 1253 , 151.609375 
 1254 , 211.3515625 
 1255 , 239.208984375 
 1256 , 225.736328125 
 1257 , 196.275390625 
 1258 , 165.791015625 
 1259 , 138.298828125 
 1260 , 114.333984375 
 1261 , 90.046875 
 1262 , 63.3515625 
 1263 , 37.908203125 
 1264 , 18.26171875 
 1265 , 10.3046875 
 1266 , 20.78515625 
 1267 , 45.30859375 
 1268 , 69.0703125 
 1269 , 87.0859375 
 1270 , 112.2421875 
 1271 , 148.1484375 
 1272 , 167.98046875 
 1273 , 149.228515625 
 1274 , 114.658203125 
 1275 , 98.03515625 
 1276 , 101.142578125 
 1277 , 106.669921875 
 1278 , 108.619140625 
 1279 , 116.41015625 
 1280 , 135.53125 
 1281 , 158.853515625 
 1282 , 179.59375 
 1283 , 198.08984375 
 1284 , 213.859375 
 1285 , 221.005859375 
 1286 , 216.705078125 
 1287 , 213.6171875 
 1288 , 226.15234375 
 1289 , 253.1953125 
 1290 , 286.6484375 
 1291 , 312.595703125 
 1292 , 306.962890625 
 1293 , 262.359375 
 1294 , 206.22265625 
 1295 , 164.583984375 
 1296 , 147.01953125 
 1297 , 157.0703125 
 1298 , 174.05078125 
 1299 , 168.6171875 
 1300 , 142.55078125 
 1301 , 119.470703125 
 1302 , 109.08984375 
 1303 , 101.998046875 
 1304 , 92.1484375 
 1305 , 88.125 
 1306 , 97.443359375 
 1307 , 110.08984375 
 1308 , 112.541015625 
 1309 , 103.50390625 
 1310 , 87.2421875 
 1311 , 73.64453125 
 1312 , 74.912109375 
 1313 , 84.45703125 
 1314 , 80.052734375 
 1315 , 58.35546875 
 1316 , 44.564453125 
 1317 , 57.28125 
 1318 , 90.162109375 
 1319 , 129.572265625 
 1320 , 155.740234375 
 1321 , 153.673828125 
 1322 , 139.291015625 
 1323 , 137.603515625 
 1324 , 150.568359375 
 1325 , 168.427734375 
 1326 , 179.720703125 
 1327 , 166.435546875 
 1328 , 130.349609375 
 1329 , 114.23046875 
 1330 , 147.60546875 
 1331 , 203.630859375 
 1332 , 248.65625 
 1333 , 270.177734375 
 1334 , 264.28125 
 1335 , 250.130859375 
 1336 , 257.5078125 
 1337 , 287.685546875 
 1338 , 319.287109375 
 1339 , 337.8515625 
 1340 , 339.46484375 
 1341 , 326.203125 
 1342 , 310.11328125 
 1343 , 303.32421875 
 1344 , 312.28125 
 1345 , 338.171875 
 1346 , 368.99609375 
 1347 , 391.8046875 
 1348 , 411.955078125 
 1349 , 444.427734375 
 1350 , 481.55859375 
 1351 , 493.15625 
 1352 , 470.57421875 
 1353 , 440.978515625 
 1354 , 426.060546875 
 1355 , 421.51171875 
 1356 , 416.54296875 
 1357 , 402.462890625 
 1358 , 376.619140625 
 1359 , 350.021484375 
 1360 , 334.607421875 
 1361 , 330.775390625 
 1362 , 336.193359375 
 1363 , 343.7265625 
 1364 , 336.56640625 
 1365 , 309.748046875 
 1366 , 281.244140625 
 1367 , 266.171875 
 1368 , 263.66796875 
 1369 , 267.73828125 
 1370 , 271.30078125 
 1371 , 271.4765625 
 1372 , 272.7578125 
 1373 , 277.732421875 
 1374 , 279.6015625 
 1375 , 268.234375 
 1376 , 247.966796875 
 1377 , 238.287109375 
 1378 , 243.337890625 
 1379 , 243.09765625 
 1380 , 228.5625 
 1381 , 215.94921875 
 1382 , 215.369140625 
 1383 , 210.4140625 
 1384 , 186.98828125 
 1385 , 166.029296875 
 1386 , 171.443359375 
 1387 , 172.38671875 
 1388 , 123.5703125 
 1389 , 53.95703125 
 1390 , 31.177734375 
 1391 , 61.14453125 
 1392 , 93.236328125 
 1393 , 104.173828125 
 1394 , 113.341796875 
 1395 , 126.111328125 
 1396 , 112.658203125 
 1397 , 56.912109375 
 1398 , 4.7421875 
 1399 , 1.552734375 
 1400 , 28.619140625 
 1401 , 47.7109375 
 1402 , 47.283203125 
 1403 , 32.2734375 
 1404 , 14.35546875 
 1405 , 5.966796875 
 1406 , 8.462890625 
 1407 , 14.7890625 
 1408 , 22.30078125 
 1409 , 28.91015625 
 1410 , 33.04296875 
 1411 , 39.892578125 
 1412 , 56.505859375 
 1413 , 76.703125 
 1414 , 90.59375 
 1415 , 107.666015625 
 1416 , 143.83203125 
 1417 , 180.474609375 
 1418 , 182.35546875 
 1419 , 157.701171875 
 1420 , 145.89453125 
 1421 , 155.125 
 1422 , 157.89453125 
 1423 , 142.4375 
 1424 , 128.7421875 
 1425 , 131.97265625 
 1426 , 144.37890625 
 1427 , 155.8828125 
 1428 , 169.244140625 
 1429 , 189.80078125 
 1430 , 209.041015625 
 1431 , 213.8203125 
 1432 , 202.84765625 
 1433 , 183.44921875 
 1434 , 178.51953125 
 1435 , 210.810546875 
 1436 , 258.630859375 
 1437 , 278.009765625 
 1438 , 263.837890625 
 1439 , 244.291015625 
 1440 , 237.154296875 
 1441 , 244.103515625 
 1442 , 264.580078125 
 1443 , 298.59765625 
 1444 , 342.87890625 
 1445 , 383.943359375 
 1446 , 411.69140625 
 1447 , 433.515625 
 1448 , 456.888671875 
 1449 , 475.59765625 
 1450 , 483.16015625 
 1451 , 480.66015625 
 1452 , 468.779296875 
 1453 , 464.1640625 
 1454 , 498.232421875 
 1455 , 571.853515625 
 1456 , 654.328125 
 1457 , 722.0234375 
 1458 , 768.642578125 
 1459 , 794.671875 
 1460 , 796.095703125 
 1461 , 770.923828125 
 1462 , 736.595703125 
 1463 , 706.64453125 
 1464 , 665.37109375 
 1465 , 596.935546875 
 1466 , 513.458984375 
 1467 , 435.087890625 
 1468 , 373.5703125 
 1469 , 332.328125 
 1470 , 299.19921875 
 1471 , 258.443359375 
 1472 , 216.666015625 
 1473 , 194.158203125 
 1474 , 194.642578125 
 1475 , 205.89453125 
 1476 , 214.001953125 
 1477 , 207.119140625 
 1478 , 188.0546875 
 1479 , 175.708984375 
 1480 , 177.990234375 
 1481 , 185.0078125 
 1482 , 190.27734375 
 1483 , 197.49609375 
 1484 , 208.54296875 
 1485 , 214.7734375 
 1486 , 208.912109375 
 1487 , 198.294921875 
 1488 , 192.142578125 
 1489 , 191.96875 
 1490 , 196.6171875 
 1491 , 201.44921875 
 1492 , 200.244140625 
 1493 , 199.521484375 
 1494 , 214.59375 
 1495 , 236.779296875 
 1496 , 236.998046875 
 1497 , 220.91796875 
 1498 , 230.96875 
 1499 , 267.52734375 
 1500 , 275.021484375 
 1501 , 234.6328125 
 1502 , 191.09375 
 1503 , 173.337890625 
 1504 , 169.490234375 
 1505 , 167.498046875 
 1506 , 161.25390625 
 1507 , 145.03125 
 1508 , 124.875 
 1509 , 110.869140625 
 1510 , 96.80859375 
 1511 , 73.517578125 
 1512 , 56.72265625 
 1513 , 67.44140625 
 1514 , 81.21875 
 1515 , 51.16015625 
 1516 , 1.07421875 
 1517 ,-4.6640625 
 1518 , 39.322265625 
 1519 , 95.31640625 
 1520 , 137.892578125 
 1521 , 153.3125 
 1522 , 142.693359375 
 1523 , 126.978515625 
 1524 , 119.439453125 
 1525 , 114.68359375 
 1526 , 109.39453125 
 1527 , 101.677734375 
 1528 , 86.77734375 
 1529 , 60.39453125 
 1530 , 31.546875 
 1531 , 32.322265625 
 1532 , 80.294921875 
 1533 , 146.443359375 
 1534 , 201.544921875 
 1535 , 239.681640625 
 1536 , 256.86328125 
 1537 , 252.1328125 
 1538 , 229.1015625 
 1539 , 197.52734375 
 1540 , 169.185546875 
 1541 , 146.779296875 
 1542 , 129.498046875 
 1543 , 111.375 
 1544 , 80.533203125 
 1545 , 42.671875 
 1546 , 19.396484375 
 1547 , 22.74609375 
 1548 , 51.498046875 
 1549 , 90.263671875 
 1550 , 115.921875 
 1551 , 121.9296875 
 1552 , 116.947265625 
 1553 , 110.505859375 
 1554 , 113.8515625 
 1555 , 131.533203125 
 1556 , 156.779296875 
 1557 , 182.033203125 
 1558 , 199.15625 
 1559 , 200.748046875 
 1560 , 184.611328125 
 1561 , 157.3984375 
 1562 , 143.32421875 
 1563 , 156.494140625 
 1564 , 169.974609375 
 1565 , 158.232421875 
 1566 , 134.564453125 
 1567 , 118.9453125 
 1568 , 125.06640625 
 1569 , 162.552734375 
 1570 , 208.05078125 
 1571 , 226.525390625 
 1572 , 214.05078125 
 1573 , 184.94140625 
 1574 , 162.189453125 
 1575 , 169.318359375 
 1576 , 196.353515625 
 1577 , 211.841796875 
 1578 , 207.123046875 
 1579 , 193.873046875 
 1580 , 181.12109375 
 1581 , 172.197265625 
 1582 , 172.62109375 
 1583 , 192.837890625 
 1584 , 228.134765625 
 1585 , 252.412109375 
 1586 , 255.044921875 
 1587 , 251.765625 
 1588 , 257.68359375 
 1589 , 279.47265625 
 1590 , 311.00390625 
 1591 , 332.619140625 
 1592 , 340 
 1593 , 351.18359375 
 1594 , 370.076171875 
 1595 , 374.130859375 
 1596 , 353.798828125 
 1597 , 330.72265625 
 1598 , 323.53125 
 1599 , 339.40234375 
 1600 , 377.794921875 
 1601 , 412.7421875 
 1602 , 422.53125 
 1603 , 417.787109375 
 1604 , 416.677734375 
 1605 , 444.849609375 
 1606 , 518.951171875 
 1607 , 593.857421875 
 1608 , 614.986328125 
 1609 , 590.701171875 
 1610 , 549.546875 
 1611 , 502.25 
 1612 , 452.099609375 
 1613 , 406.4140625 
 1614 , 373.275390625 
 1615 , 344.921875 
 1616 , 306.833984375 
 1617 , 256.0390625 
 1618 , 199.341796875 
 1619 , 161.748046875 
 1620 , 169.419921875 
 1621 , 202.47265625 
 1622 , 220.837890625 
 1623 , 217.474609375 
 1624 , 203.5859375 
 1625 , 184.103515625 
 1626 , 162.759765625 
 1627 , 152.083984375 
 1628 , 165.15625 
 1629 , 184.02734375 
 1630 , 171.7890625 
 1631 , 129.18359375 
 1632 , 88.294921875 
 1633 , 69.541015625 
 1634 , 81.666015625 
 1635 , 112.91796875 
 1636 , 126.232421875 
 1637 , 112.876953125 
 1638 , 105 
 1639 , 113.814453125 
 1640 , 115.484375 
 1641 , 104.44140625 
 1642 , 106.177734375 
 1643 , 124.712890625 
 1644 , 127.298828125 
 1645 , 105.814453125 
 1646 , 98.033203125 
 1647 , 121.91796875 
 1648 , 155.94921875 
 1649 , 172.052734375 
 1650 , 137.09765625 
 1651 , 63.75390625 
 1652 , 40.44921875 
 1653 , 95.86328125 
 1654 , 142.810546875 
 1655 , 139.138671875 
 1656 , 150.64453125 
 1657 , 200.6875 
 1658 , 202.90625 
 1659 , 122.046875 
 1660 , 53.84765625 
 1661 , 61.974609375 
 1662 , 108.46484375 
 1663 , 150.826171875 
 1664 , 168.482421875 
 1665 , 154.99609375 
 1666 , 125.240234375 
 1667 , 97.14453125 
 1668 , 87.072265625 
 1669 , 100.775390625 
 1670 , 125.484375 
 1671 , 148.57421875 
 1672 , 159.92578125 
 1673 , 152.94921875 
 1674 , 130.484375 
 1675 , 105.3046875 
 1676 , 111.376953125 
 1677 , 163.0703125 
 1678 , 215.98828125 
 1679 , 231.13671875 
 1680 , 209.18359375 
 1681 , 164.638671875 
 1682 , 129.099609375 
 1683 , 120.892578125 
 1684 , 117.767578125 
 1685 , 103.322265625 
 1686 , 95.78125 
 1687 , 108.603515625 
 1688 , 121.33984375 
 1689 , 111.931640625 
 1690 , 79.951171875 
 1691 , 43.015625 
 1692 , 41.076171875 
 1693 , 87.8359375 
 1694 , 138.111328125 
 1695 , 161.40625 
 1696 , 170.76171875 
 1697 , 173.083984375 
 1698 , 155.443359375 
 1699 , 118.943359375 
 1700 , 100.724609375 
 1701 , 117.109375 
 1702 , 125.322265625 
 1703 , 96.970703125 
 1704 , 55.23046875 
 1705 , 24.42578125 
 1706 , 12.16015625 
 1707 , 17.490234375 
 1708 , 31.83984375 
 1709 , 44.9609375 
 1710 , 36.52734375 
 1711 , 6.802734375 
 1712 , 4.294921875 
 1713 , 48.65234375 
 1714 , 88.947265625 
 1715 , 90.83203125 
 1716 , 69.83984375 
 1717 , 47.46484375 
 1718 , 44.419921875 
 1719 , 64.8203125 
 1720 , 80.96875 
 1721 , 79.607421875 
 1722 , 77.44140625 
 1723 , 92.060546875 
 1724 , 138.560546875 
 1725 , 199.9921875 
 1726 , 210.4765625 
 1727 , 158.935546875 
 1728 , 117.169921875 
 1729 , 113.34375 
 1730 , 110.994140625 
 1731 , 92.7109375 
 1732 , 67.17578125 
 1733 , 39.443359375 
 1734 , 21.150390625 
 1735 , 15.619140625 
 1736 , 8.3203125 
 1737 ,-1.068359375 
 1738 , 10.6171875 
 1739 , 45.90625 
 1740 , 81.068359375 
 1741 , 104.99609375 
 1742 , 120.595703125 
 1743 , 132.57421875 
 1744 , 149.69140625 
 1745 , 163.318359375 
 1746 , 153.486328125 
 1747 , 132.2734375 
 1748 , 136.93359375 
 1749 , 157.564453125 
 1750 , 151.107421875 
 1751 , 119.572265625 
 1752 , 94.001953125 
 1753 , 88.90234375 
 1754 , 107.2578125 
 1755 , 137.68359375 
 1756 , 162.53515625 
 1757 , 181.73828125 
 1758 , 204.982421875 
 1759 , 233.6953125 
 1760 , 259.8828125 
 1761 , 261.90234375 
 1762 , 224.125 
 1763 , 185.93359375 
 1764 , 190.5703125 
 1765 , 201.98046875 
 1766 , 177.568359375 
 1767 , 154.65625 
 1768 , 172.4921875 
 1769 , 186.6796875 
 1770 , 152.107421875 
 1771 , 102.64453125 
 1772 , 79.87890625 
 1773 , 92.6171875 
 1774 , 138.208984375 
 1775 , 196.787109375 
 1776 , 241.716796875 
 1777 , 242.63671875 
 1778 , 198.14453125 
 1779 , 163.396484375 
 1780 , 157.67578125 
 1781 , 126.572265625 
 1782 , 61.47265625 
 1783 , 36.75 
 1784 , 69.34765625 
 1785 , 83.234375 
 1786 , 60.3359375 
 1787 , 65.447265625 
 1788 , 104.80859375 
 1789 , 113.748046875 
 1790 , 84.876953125 
 1791 , 73.103515625 
 1792 , 87.228515625 
 1793 , 92.904296875 
 1794 , 89.171875 
 1795 , 98.353515625 
 1796 , 115.685546875 
 1797 , 121.478515625 
 1798 , 120.6640625 
 1799 , 128.138671875 
 1800 , 138.765625 
 1801 , 143.62109375 
 1802 , 155.291015625 
 1803 , 184.763671875 
 1804 , 198.9140625 
 1805 , 166.24609375 
 1806 , 121.412109375 
 1807 , 103.109375 
 1808 , 96.328125 
 1809 , 82.439453125 
 1810 , 69 
 1811 , 61.845703125 
 1812 , 55.67578125 
 1813 , 51.4921875 
 1814 , 59.814453125 
 1815 , 85.705078125 
 1816 , 129.595703125 
 1817 , 175.845703125 
 1818 , 176.67578125 
 1819 , 127.451171875 
 1820 , 91.720703125 
 1821 , 95.32421875 
 1822 , 112.998046875 
 1823 , 126.310546875 
 1824 , 126.453125 
 1825 , 120.021484375 
 1826 , 125.546875 
 1827 , 137.232421875 
 1828 , 132.115234375 
 1829 , 112.060546875 
 1830 , 94.28125 
 1831 , 89.490234375 
 1832 , 102.90625 
 1833 , 124.23828125 
 1834 , 139.814453125 
 1835 , 151.162109375 
 1836 , 160.408203125 
 1837 , 150.953125 
 1838 , 114.705078125 
 1839 , 86.25390625 
 1840 , 93.48046875 
 1841 , 126.57421875 
 1842 , 161.529296875 
 1843 , 157.861328125 
 1844 , 114.9375 
 1845 , 100.513671875 
 1846 , 130.673828125 
 1847 , 145.912109375 
 1848 , 130.953125 
 1849 , 119.96875 
 1850 , 123.3828125 
 1851 , 131.94140625 
 1852 , 135.71484375 
 1853 , 122.697265625 
 1854 , 100.400390625 
 1855 , 89.94921875 
 1856 , 95.4375 
 1857 , 109.8046875 
 1858 , 122.580078125 
 1859 , 122.740234375 
 1860 , 92.505859375 
 1861 , 31.009765625 
 1862 , 8.673828125 
 1863 , 67.046875 
 1864 , 126.84375 
 1865 , 135.712890625 
 1866 , 140.083984375 
 1867 , 165.0390625 
 1868 , 177.828125 
 1869 , 162.66796875 
 1870 , 137.03515625 
 1871 , 120.013671875 
 1872 , 121.91015625 
 1873 , 134.2109375 
 1874 , 141.494140625 
 1875 , 135.96484375 
 1876 , 112.365234375 
 1877 , 94.185546875 
 1878 , 114.083984375 
 1879 , 148.748046875 
 1880 , 158.927734375 
 1881 , 145.37109375 
 1882 , 122.798828125 
 1883 , 104.529296875 
 1884 , 101.65625 
 1885 , 121.900390625 
 1886 , 158.85546875 
 1887 , 181.052734375 
 1888 , 168.96484375 
 1889 , 125.5078125 
 1890 , 71.068359375 
 1891 , 43.9609375 
 1892 , 61.716796875 
 1893 , 117.990234375 
 1894 , 172.884765625 
 1895 , 175.552734375 
 1896 , 152.728515625 
 1897 , 155.318359375 
 1898 , 155.30078125 
 1899 , 115.115234375 
 1900 , 77.26171875 
 1901 , 81.58203125 
 1902 , 91.779296875 
 1903 , 81.775390625 
 1904 , 84.435546875 
 1905 , 112.470703125 
 1906 , 129.677734375 
 1907 , 127.025390625 
 1908 , 133.9140625 
 1909 , 157.666015625 
 1910 , 185.177734375 
 1911 , 206.55859375 
 1912 , 212.064453125 
 1913 , 205.771484375 
 1914 , 202.41796875 
 1915 , 203.0703125 
 1916 , 198.75390625 
 1917 , 177.498046875 
 1918 , 136.435546875 
 1919 , 96.552734375 
 1920 , 76.78515625 
 1921 , 83.263671875 
 1922 , 111.392578125 
 1923 , 143.318359375 
 1924 , 167.267578125 
 1925 , 178.615234375 
 1926 , 179.00390625 
 1927 , 176.005859375 
 1928 , 169.5703125 
 1929 , 154.029296875 
 1930 , 138.169921875 
 1931 , 135.267578125 
 1932 , 125.88671875 
 1933 , 92.26953125 
 1934 , 72.333984375 
 1935 , 93.216796875 
 1936 , 117.5625 
 1937 , 118.12890625 
 1938 , 106.73046875 
 1939 , 93.697265625 
 1940 , 84.181640625 
 1941 , 91.271484375 
 1942 , 129.888671875 
 1943 , 179.48046875 
 1944 , 201.3203125 
 1945 , 197.982421875 
 1946 , 190.125 
 1947 , 185.921875 
 1948 , 185.611328125 
 1949 , 172.095703125 
 1950 , 137.48046875 
 1951 , 110.4375 
 1952 , 107.029296875 
 1953 , 108.546875 
 1954 , 97.998046875 
 1955 , 70.802734375 
 1956 , 42.990234375 
 1957 , 41.14453125 
 1958 , 66.2734375 
 1959 , 103.890625 
 1960 , 131.712890625 
 1961 , 129.826171875 
 1962 , 105.642578125 
 1963 , 77.22265625 
 1964 , 71.05078125 
 1965 , 92.70703125 
 1966 , 98.283203125 
 1967 , 76.3515625 
 1968 , 72.55078125 
 1969 , 83.064453125 
 1970 , 53.501953125 
 1971 , 20.78515625 
 1972 , 71.68359375 
 1973 , 139.603515625 
 1974 , 114.005859375 
 1975 , 58.82421875 
 1976 , 59.50390625 
 1977 , 74.353515625 
 1978 , 65.55078125 
 1979 , 69.81640625 
 1980 , 103.66796875 
 1981 , 135.83984375 
 1982 , 146.673828125 
 1983 , 133.294921875 
 1984 , 101.630859375 
 1985 , 64.62890625 
 1986 , 43.04296875 
 1987 , 52.94921875 
 1988 , 72.0703125 
 1989 , 79.359375 
 1990 , 94.029296875 
 1991 , 126 
 1992 , 148.546875 
 1993 , 150.71484375 
 1994 , 151.359375 
 1995 , 154.9296875 
 1996 , 149.87109375 
 1997 , 130.173828125 
 1998 , 98.6484375 
 1999 , 88.640625 
 2000 , 125.921875 
 2001 , 157.91015625 
 2002 , 145.7578125 
 2003 , 136.607421875 
 2004 , 155.521484375 
 2005 , 167.73046875 
 2006 , 160.236328125 
 2007 , 149.810546875 
 2008 , 132.513671875 
 2009 , 93.873046875 
 2010 , 65.55859375 
 2011 , 83.783203125 
 2012 , 105.365234375 
 2013 , 94.44921875 
 2014 , 101.69921875 
 2015 , 143.134765625 
 2016 , 143.9609375 
 2017 , 91.375 
 2018 , 57.095703125 
 2019 , 76.681640625 
 2020 , 144.5625 
 2021 , 184.55859375 
 2022 , 121.7734375 
 2023 , 56.92578125 
 2024 , 86.91796875 
 2025 , 131.421875 
 2026 , 124.51953125 
 2027 , 94.55859375 
 2028 , 68.853515625 
 2029 , 55.810546875 
 2030 , 50.474609375 
 2031 , 44.59765625 
 2032 , 51.94140625 
 2033 , 84.23828125 
 2034 , 111.0390625 
 2035 , 110.216796875 
 2036 , 106.78125 
 2037 , 110.119140625 
 2038 , 93.96875 
 2039 , 64.74609375 
 2040 , 62.265625 
 2041 , 82.197265625 
 2042 , 93 
 2043 , 79.86328125 
 2044 , 41.955078125 
 2045 , 11.4140625 
 2046 , 16.244140625 
 2047 , 48.859375 
 2048 , 87.705078125 
 2049 , 101.375 
 2050 , 89.771484375 
 2051 , 82.484375 
 2052 , 72.9140625 
 2053 , 38.984375 
 2054 , 5.875 
 2055 , 7.919921875 
 2056 , 50.26171875 
 2057 , 109.69921875 
 2058 , 120.58984375 
 2059 , 80.21875 
 2060 , 64.923828125 
 2061 , 80.748046875 
 2062 , 81.18359375 
 2063 , 70.060546875 
 2064 , 67.751953125 
 2065 , 61.169921875 
 2066 , 43.9609375 
 2067 , 47.1015625 
 2068 , 71.31640625 
 2069 , 67.857421875 
 2070 , 45.94140625 
 2071 , 62.90625 
 2072 , 101.08203125 
 2073 , 110.91796875 
 2074 , 95.208984375 
 2075 , 77.2421875 
 2076 , 92.01171875 
 2077 , 139.255859375 
 2078 , 155.296875 
 2079 , 124.755859375 
 2080 , 87.154296875 
 2081 , 61.16015625 
 2082 , 49.279296875 
 2083 , 39.833984375 
 2084 , 26.830078125 
 2085 , 43.990234375 
 2086 , 93.875 
 2087 , 104.283203125 
 2088 , 69.109375 
 2089 , 60.9072265625 
 2090 , 73.1630859375 
 2091 , 55.6083984375 
 2092 , 38.2734375 
 2093 , 58.19921875 
 2094 , 65.7744140625 
 2095 , 35.2548828125 
 2096 , 23.349609375 
 2097 , 53.935546875 
 2098 , 102.8623046875 
 2099 , 148.90625 
 2100 , 177.0732421875 
 2101 , 178.6064453125 
 2102 , 152.8603515625 
 2103 , 119.9462890625 
 2104 , 102 
 2105 , 117.4833984375 
 2106 , 154.0576171875 
 2107 , 169.92578125 
 2108 , 161.5546875 
 2109 , 148.1953125 
 2110 , 135.990234375 
 2111 , 123.892578125 
 2112 , 105.5302734375 
 2113 , 84.01171875 
 2114 , 77.705078125 
 2115 , 80.2294921875 
 2116 , 64.8046875 
 2117 , 38.3740234375 
 2118 , 22.5205078125 
 2119 , 23.458984375 
 2120 , 40.1689453125 
 2121 , 63.1787109375 
 2122 , 75.51953125 
 2123 , 55.8798828125 
 2124 , 36.4912109375 
 2125 , 78.181640625 
 2126 , 140.443359375 
 2127 , 157.1416015625 
 2128 , 137.251953125 
 2129 , 109.7880859375 
 2130 , 106.3759765625 
 2131 , 118.837890625 
 2132 , 100.474609375 
 2133 , 69.6923828125 
 2134 , 72.2607421875 
 2135 , 63.5791015625 
 2136 , 11.6416015625 
 2137 , 6.9453125 
 2138 , 74.0556640625 
 2139 , 107.71875 
 2140 , 81.927734375 
 2141 , 46.3125 
 2142 , 34.580078125 
 2143 , 58.3583984375 
 2144 , 78.6513671875 
 2145 , 73.2861328125 
 2146 , 81.6328125 
 2147 , 112.2353515625 
 2148 , 132.4951171875 
 2149 , 133.2119140625 
 2150 , 121.5400390625 
 2151 , 107.001953125 
 2152 , 96.5458984375 
 2153 , 88.732421875 
 2154 , 79.79296875 
 2155 , 65.076171875 
 2156 , 48.5830078125 
 2157 , 38.7041015625 
 2158 , 27.451171875 
 2159 , 10.1572265625 
 2160 , 15.9755859375 
 2161 , 51.0712890625 
 2162 , 71.439453125 
 2163 , 72.9853515625 
 2164 , 88.8525390625 
 2165 , 110.271484375 
 2166 , 110.849609375 
 2167 , 81.552734375 
 2168 , 40.396484375 
 2169 , 48.8095703125 
 2170 , 94.8818359375 
 2171 , 91.48046875 
 2172 , 59.05078125 
 2173 , 67.4111328125 
 2174 , 111.2294921875 
 2175 , 156.3349609375 
 2176 , 155.0556640625 
 2177 , 105.45703125 
 2178 , 62.4365234375 
 2179 , 59.8291015625 
 2180 , 104.77734375 
 2181 , 148.2265625 
 2182 , 146.5419921875 
 2183 , 117.7333984375 
 2184 , 78.748046875 
 2185 , 34.4609375 
 2186 , 20.3837890625 
 2187 , 74.4580078125 
 2188 , 120.9130859375 
 2189 , 96.9443359375 
 2190 , 85.2822265625 
 2191 , 122.0751953125 
 2192 , 148.3955078125 
 2193 , 153.2265625 
 2194 , 158.189453125 
 2195 , 144.736328125 
 2196 , 105.4052734375 
 2197 , 103.0498046875 
 2198 , 148.2109375 
 2199 , 165.2236328125 
 2200 , 135.5439453125 
 2201 , 89.9736328125 
 2202 , 76.611328125 
 2203 , 114.4736328125 
 2204 , 128.755859375 
 2205 , 94.35546875 
 2206 , 71.6279296875 
 2207 , 68.3779296875 
 2208 , 58.55078125 
 2209 , 56.54296875 
 2210 , 79.6904296875 
 2211 , 116.1630859375 
 2212 , 144.6767578125 
 2213 , 141.0458984375 
 2214 , 126.6396484375 
 2215 , 136.7109375 
 2216 , 122.2724609375 
 2217 , 54.00390625 
 2218 , 12.1650390625 
 2219 , 21.3291015625 
 2220 , 27.0654296875 
 2221 , 27.9814453125 
 2222 , 47.9599609375 
 2223 , 73.390625 
 2224 , 87.744140625 
 2225 , 89.34375 
 2226 , 78.9716796875 
 2227 , 61.8427734375 
 2228 , 66.1728515625 
 2229 , 107.6396484375 
 2230 , 113.5537109375 
 2231 , 57.6435546875 
 2232 , 28.271484375 
 2233 , 44.8017578125 
 2234 , 61.0185546875 
 2235 , 69.4697265625 
 2236 , 74.65234375 
 2237 , 63.3701171875 
 2238 , 44.4482421875 
 2239 , 61.3388671875 
 2240 , 112.791015625 
 2241 , 161.46875 
 2242 , 169.548828125 
 2243 , 131.8603515625 
 2244 , 114.056640625 
 2245 , 119.9189453125 
 2246 , 76.3720703125 
 2247 , 13.0908203125 
 2248 , 2.7275390625 
 2249 , 43.4140625 
 2250 , 99.8125 
 2251 , 115.341796875 
 2252 , 85.0439453125 
 2253 , 48.447265625 
 2254 , 28.478515625 
 2255 , 32.9384765625 
 2256 , 35.251953125 
 2257 , 42.6884765625 
 2258 , 109.7119140625 
 2259 , 190.8154296875 
 2260 , 194.494140625 
 2261 , 141.30859375 
 2262 , 79.203125 
 2263 , 38.8134765625 
 2264 , 33.4404296875 
 2265 , 57.6337890625 
 2266 , 74.4501953125 
 2267 , 51.0947265625 
 2268 , 17.974609375 
 2269 , 10.501953125 
 2270 , 45.80859375 
 2271 , 77.2451171875 
 2272 , 42.30859375 
 2273 , 17.650390625 
 2274 , 56.220703125 
 2275 , 67.2841796875 
 2276 , 38.30078125 
 2277 , 42.228515625 
 2278 , 67.29296875 
 2279 , 72.4384765625 
 2280 , 51.490234375 
 2281 , 22.9990234375 
 2282 , 31.7314453125 
 2283 , 75.9677734375 
 2284 , 118.6416015625 
 2285 , 98.86328125 
 2286 , 16.853515625 
 2287 , 2.75390625 
 2288 , 55.45703125 
 2289 , 59.7978515625 
 2290 , 49.806640625 
 2291 , 79.205078125 
 2292 , 78.6552734375 
 2293 , 36.7138671875 
 2294 , 34.9072265625 
 2295 , 62.39453125 
 2296 , 68.7177734375 
 2297 , 61.5185546875 
 2298 , 55.27734375 
 2299 , 69.13671875 
 2300 , 72.63671875 
 2301 , 20.9248046875 
 2302 ,-17.767578125 
 2303 , 6.4912109375 
 2304 , 27.9462890625 
 2305 , 27.279296875 
 2306 , 36.6806640625 
 2307 , 37.6796875 
 2308 , 11.3955078125 
 2309 , 12.958984375 
 2310 , 43.0986328125 
 2311 , 39.8291015625 
 2312 , 26.2373046875 
 2313 , 52.4658203125 
 2314 , 88.595703125 
 2315 , 99.0478515625 
 2316 , 71.265625 
 2317 , 34.755859375 
 2318 , 38.4189453125 
 2319 , 64.19921875 
 2320 , 80.017578125 
 2321 , 71.923828125 
 2322 , 35.9697265625 
 2323 ,-16.43359375 
 2324 ,-47.9052734375 
 2325 ,-38.8779296875 
 2326 ,-6.1083984375 
 2327 , 33.8134765625 
 2328 , 76.025390625 
 2329 , 94.7978515625 
 2330 , 10 
 2331 , 10 
 2332 , 10 
 2333 , 10 
 2334 , 10 
 2335 , 10 
 2336 , 10 
 2337 , 10 
 2338 , 10 
 2339 , 10 
