11-20-2017,19:41:02
Wavenumber(cm-1),Intensity
 250 , 15528.0894686939 
 251 , 15545.1192922134 
 252 , 15563.0094145966 
 253 , 15581.8260747801 
 254 , 15599.9145793591 
 255 , 15615.6283116217 
 256 , 15629.5877842064 
 257 , 15644.0997959721 
 258 , 15660.5771707045 
 259 , 15675.3851149529 
 260 , 15683.2083742282 
 261 , 15682.8535274371 
 262 , 15682.6180093104 
 263 , 15691.8355351612 
 264 , 15712.3458194026 
 265 , 15738.06883885 
 266 , 15763.0061454524 
 267 , 15784.9149432302 
 268 , 15803.3822146619 
 269 , 15819.0579988549 
 270 , 15836.0774927227 
 271 , 15859.2007636249 
 272 , 15888.2500259432 
 273 , 15915.8541658963 
 274 , 15934.8006876709 
 275 , 15946.7924069865 
 276 , 15959.5148273308 
 277 , 15979.1422089433 
 278 , 16004.275950251 
 279 , 16031.319595006 
 280 , 16058.0099408738 
 281 , 16084.6990348144 
 282 , 16111.9225360174 
 283 , 16137.9611930395 
 284 , 16159.094557529 
 285 , 16172.7027311091 
 286 , 16183.633454356 
 287 , 16199.6615890388 
 288 , 16224.7400123867 
 289 , 16252.9294247211 
 290 , 16276.8506022317 
 291 , 16293.1041406651 
 292 , 16302.8070229096 
 293 , 16307.7394024273 
 294 , 16313.2552947807 
 295 , 16326.5171516221 
 296 , 16350.4724815718 
 297 , 16374.0172882566 
 298 , 16383.4006284154 
 299 , 16377.443525955 
 300 , 16372.6740974517 
 301 , 16385.2223776522 
 302 , 16411.9003272446 
 303 , 16437.4270945844 
 304 , 16450.4281970709 
 305 , 16456.5034893209 
 306 , 16465.6052161367 
 307 , 16483.910071647 
 308 , 16511.179695458 
 309 , 16546.2409806235 
 310 , 16583.4700802684 
 311 , 16613.9209208667 
 312 , 16631.5101279849 
 313 , 16644.8772761576 
 314 , 16667.1985054964 
 315 , 16703.82275719 
 316 , 16744.506223857 
 317 , 16777.7054865613 
 318 , 16801.625739978 
 319 , 16822.863977928 
 320 , 16847.3032643583 
 321 , 16875.0623865351 
 322 , 16904.1760503543 
 323 , 16932.8237450962 
 324 , 16959.5195025332 
 325 , 16982.9149775041 
 326 , 17003.6260723965 
 327 , 17024.1574428756 
 328 , 17046.9112195195 
 329 , 17073.1129284528 
 330 , 17103.5061083824 
 331 , 17136.2629703708 
 332 , 17163.1361488289 
 333 , 17175.2960706375 
 334 , 17173.9067188222 
 335 , 17170.5362807585 
 336 , 17175.8747249388 
 337 , 17190.8604361473 
 338 , 17212.187244479 
 339 , 17236.7519064449 
 340 , 17262.0384276275 
 341 , 17285.6116612446 
 342 , 17304.6051952696 
 343 , 17315.6813462788 
 344 , 17316.6960856471 
 345 , 17314.6265061911 
 346 , 17320.5777512264 
 347 , 17339.7556389339 
 348 , 17361.1005968278 
 349 , 17371.195092494 
 350 , 17368.1603808181 
 351 , 17362.9486421373 
 352 , 17366.0452367591 
 353 , 17379.3411852699 
 354 , 17400.8004450763 
 355 , 17428.5786860923 
 356 , 17461.4117374558 
 357 , 17498.0730359344 
 358 , 17535.674377443 
 359 , 17569.5047423826 
 360 , 17595.8148556074 
 361 , 17618.5959807135 
 362 , 17645.2826289176 
 363 , 17680.9670668291 
 364 , 17724.52518244 
 365 , 17773.6262243945 
 366 , 17821.0595714486 
 367 , 17854.4944049582 
 368 , 17864.1387715726 
 369 , 17859.2896367436 
 370 , 17857.2394488553 
 371 , 17869.0191307955 
 372 , 17890.2218319481 
 373 , 17914.3219707158 
 374 , 17939.3283630541 
 375 , 17967.6621616308 
 376 , 18000.9941124496 
 377 , 18035.2178231247 
 378 , 18064.0370431265 
 379 , 18084.9711112742 
 380 , 18103.9921062603 
 381 , 18127.8203187082 
 382 , 18156.1398074627 
 383 , 18182.478278377 
 384 , 18202.0291105579 
 385 , 18220.0969437555 
 386 , 18245.3456703514 
 387 , 18282.067826028 
 388 , 18326.0970401404 
 389 , 18372.2888683255 
 390 , 18415.3340532588 
 391 , 18449.7976900419 
 392 , 18472.099925675 
 393 , 18487.1145618173 
 394 , 18502.0783455452 
 395 , 18521.4281964038 
 396 , 18545.0047731277 
 397 , 18571.9896193711 
 398 , 18598.8780813954 
 399 , 18620.4386782665 
 400 , 18634.1982976533 
 401 , 18648.0143881602 
 402 , 18671.9605565017 
 403 , 18708.5350487763 
 404 , 18749.9739908196 
 405 , 18788.4361974744 
 406 , 18821.8741392989 
 407 , 18851.2726526883 
 408 , 18878.1954889795 
 409 , 18905.8219721134 
 410 , 18937.5646439796 
 411 , 18975.2085506261 
 412 , 19018.7695867241 
 413 , 19067.121919425 
 414 , 19112.1103361883 
 415 , 19142.7331490226 
 416 , 19155.1212475005 
 417 , 19161.4656218405 
 418 , 19175.4013687035 
 419 , 19197.575864087 
 420 , 19217.6394090892 
 421 , 19227.8872943859 
 422 , 19235.3203548837 
 423 , 19251.3602687843 
 424 , 19280.5528191103 
 425 , 19315.8080454535 
 426 , 19349.3979930606 
 427 , 19379.1588660063 
 428 , 19406.4740566576 
 429 , 19431.7253639454 
 430 , 19451.5694432955 
 431 , 19462.0790801274 
 432 , 19467.6555006375 
 433 , 19483.0756055281 
 434 , 19520.636111535 
 435 , 19568.7586622865 
 436 , 19604.8968821099 
 437 , 19616.1026766952 
 438 , 19613.1502992214 
 439 , 19610.0825361849 
 440 , 19615.0998151315 
 441 , 19631.1786854809 
 442 , 19659.4329736033 
 443 , 19692.4617260263 
 444 , 19720.2549612546 
 445 , 19739.2766531674 
 446 , 19756.9465547756 
 447 , 19781.2377730891 
 448 , 19814.553887994 
 449 , 19855.8447115348 
 450 , 19901.4234971139 
 451 , 19939.0545304835 
 452 , 19955.2724633954 
 453 , 19952.6184847746 
 454 , 19952.0106335016 
 455 , 19971.6191519507 
 456 , 20004.5010262543 
 457 , 20033.4733304092 
 458 , 20049.5552273089 
 459 , 20061.2402844463 
 460 , 20078.743384558 
 461 , 20104.7986615781 
 462 , 20136.4600653954 
 463 , 20170.3636375286 
 464 , 20202.0197817726 
 465 , 20226.7473436064 
 466 , 20243.9430522611 
 467 , 20258.5325158264 
 468 , 20275.1729589558 
 469 , 20293.2148379854 
 470 , 20309.462671402 
 471 , 20322.1932929719 
 472 , 20333.3238819056 
 473 , 20345.4561118503 
 474 , 20363.6153871955 
 475 , 20394.8923540978 
 476 , 20443.1129492593 
 477 , 20496.9154214545 
 478 , 20540.7391699537 
 479 , 20565.712716796 
 480 , 20572.8099747592 
 481 , 20564.6443153381 
 482 , 20551.2238435301 
 483 , 20546.348080618 
 484 , 20558.7013002163 
 485 , 20583.7150035481 
 486 , 20614.8540832765 
 487 , 20648.1146131705 
 488 , 20681.716006888 
 489 , 20713.8616336742 
 490 , 20742.330384529 
 491 , 20764.8387879869 
 492 , 20782.242074233 
 493 , 20799.9992055634 
 494 , 20823.3482452503 
 495 , 20852.5478249886 
 496 , 20885.3472445288 
 497 , 20918.580977288 
 498 , 20946.8684311953 
 499 , 20964.908665666 
 500 , 20974.4224097123 
 501 , 20982.9740814701 
 502 , 20996.8070172702 
 503 , 21015.7644585242 
 504 , 21037.9343910967 
 505 , 21059.4119253494 
 506 , 21073.617096024 
 507 , 21075.2581589305 
 508 , 21070.0179477164 
 509 , 21068.4903420662 
 510 , 21074.9434135472 
 511 , 21079.8672978043 
 512 , 21073.3328678072 
 513 , 21064.3678251976 
 514 , 21075.730720304 
 515 , 21121.2548381273 
 516 , 21181.7680088992 
 517 , 21231.2850033309 
 518 , 21260.0379715954 
 519 , 21276.5842397127 
 520 , 21289.1463516617 
 521 , 21298.1339973237 
 522 , 21301.1629295008 
 523 , 21302.1283638331 
 524 , 21315.91555131 
 525 , 21356.0068257302 
 526 , 21410.6696983354 
 527 , 21453.6303304781 
 528 , 21469.9970836141 
 529 , 21476.463139049 
 530 , 21493.9931721662 
 531 , 21523.8782815857 
 532 , 21550.183704089 
 533 , 21560.712924839 
 534 , 21561.9377530117 
 535 , 21565.2143732512 
 536 , 21575.7636455161 
 537 , 21590.814028709 
 538 , 21607.8686690012 
 539 , 21629.9684271116 
 540 , 21662.4229360188 
 541 , 21705.1962168169 
 542 , 21747.9149820426 
 543 , 21780.086783807 
 544 , 21802.9415915178 
 545 , 21824.9918926 
 546 , 21851.2150383637 
 547 , 21876.0816489487 
 548 , 21892.7671143462 
 549 , 21905.6382992937 
 550 , 21929.106766451 
 551 , 21973.2467866295 
 552 , 22027.8184040216 
 553 , 22077.3180773655 
 554 , 22114.8360786291 
 555 , 22144.4127848577 
 556 , 22171.5828876584 
 557 , 22206.9471538066 
 558 , 22262.9455503373 
 559 , 22335.7060380413 
 560 , 22392.0301885764 
 561 , 22399.9446850701 
 562 , 22369.3671292862 
 563 , 22333.8708825602 
 564 , 22317.5888554251 
 565 , 22320.0144661514 
 566 , 22336.5303964722 
 567 , 22358.5369225418 
 568 , 22374.3239729266 
 569 , 22377.372484308 
 570 , 22380.1176355072 
 571 , 22398.6163156402 
 572 , 22432.7099515665 
 573 , 22465.0767689815 
 574 , 22481.7054599151 
 575 , 22489.5030341233 
 576 , 22501.7886681039 
 577 , 22522.9845206629 
 578 , 22544.9021554619 
 579 , 22559.9281474316 
 580 , 22571.2993914657 
 581 , 22586.8898825091 
 582 , 22609.5538114723 
 583 , 22632.6505594779 
 584 , 22649.6401246077 
 585 , 22665.4749555456 
 586 , 22691.6811749548 
 587 , 22729.2589354265 
 588 , 22752.7134070892 
 589 , 22735.2553437242 
 590 , 22689.8087384334 
 591 , 22658.9626637879 
 592 , 22671.1833167497 
 593 , 22705.929004775 
 594 , 22733.5216067322 
 595 , 22744.797460096 
 596 , 22750.1671809377 
 597 , 22758.4828708979 
 598 , 22768.4544246189 
 599 , 22776.1933375314 
 600 , 22782.7182351305 
 601 , 22794.9450731528 
 602 , 22818.5492729627 
 603 , 22850.2671985962 
 604 , 22883.7539438197 
 605 , 22914.8561307041 
 606 , 22942.7061221204 
 607 , 22966.8426000797 
 608 , 22987.7942764476 
 609 , 23006.5440460571 
 610 , 23025.9718446524 
 611 , 23052.4600031331 
 612 , 23091.8700761931 
 613 , 23141.7168924137 
 614 , 23194.9903956031 
 615 , 23245.3450092974 
 616 , 23288.0403341372 
 617 , 23319.3253798392 
 618 , 23344.595789097 
 619 , 23375.2416254866 
 620 , 23417.0144066347 
 621 , 23459.8825087514 
 622 , 23492.1496853961 
 623 , 23517.7534608142 
 624 , 23552.8348755332 
 625 , 23606.5578596499 
 626 , 23663.9464882272 
 627 , 23705.5137426161 
 628 , 23721.0532536077 
 629 , 23708.8493213685 
 630 , 23672.2349468296 
 631 , 23633.1660089949 
 632 , 23617.4367448077 
 633 , 23632.0150066319 
 634 , 23663.9589212158 
 635 , 23700.0644016822 
 636 , 23730.3235847392 
 637 , 23745.8972707052 
 638 , 23746.1639009415 
 639 , 23740.418907964 
 640 , 23737.1357113391 
 641 , 23737.2497515164 
 642 , 23739.3098422648 
 643 , 23746.861094576 
 644 , 23770.2463408506 
 645 , 23817.1036382107 
 646 , 23875.6548124478 
 647 , 23926.9498245655 
 648 , 23959.4076905164 
 649 , 23972.6251356828 
 650 , 23968.3988231849 
 651 , 23957.2183181005 
 652 , 23953.1094261476 
 653 , 23962.2143482895 
 654 , 23977.5292291799 
 655 , 23991.5462832061 
 656 , 24002.3910441791 
 657 , 24010.7896974043 
 658 , 24018.4388318234 
 659 , 24028.7645612363 
 660 , 24044.5519290174 
 661 , 24061.7233120477 
 662 , 24072.8362922464 
 663 , 24075.8851204089 
 664 , 24079.4473635676 
 665 , 24092.3755076529 
 666 , 24115.0810663785 
 667 , 24143.5150652138 
 668 , 24174.6049252608 
 669 , 24207.3631744151 
 670 , 24240.9886151136 
 671 , 24274.0166132125 
 672 , 24304.6134223652 
 673 , 24330.870042023 
 674 , 24350.7249097645 
 675 , 24362.8469000145 
 676 , 24373.4066638648 
 677 , 24392.8574217988 
 678 , 24424.6265299587 
 679 , 24456.5492445988 
 680 , 24475.9674548193 
 681 , 24486.526952636 
 682 , 24501.4356900829 
 683 , 24528.5431141652 
 684 , 24563.4379809756 
 685 , 24600.0622278388 
 686 , 24632.5343614919 
 687 , 24655.0906980535 
 688 , 24664.8051483328 
 689 , 24665.1039550785 
 690 , 24660.1804250843 
 691 , 24653.2353218983 
 692 , 24646.8866327107 
 693 , 24644.222452261 
 694 , 24649.3872099194 
 695 , 24666.0619236434 
 696 , 24691.8393255985 
 697 , 24720.804102883 
 698 , 24749.4954243026 
 699 , 24779.8307542742 
 700 , 24813.7534250553 
 701 , 24846.7098670911 
 702 , 24870.5283944932 
 703 , 24880.066056263 
 704 , 24876.5281454399 
 705 , 24862.2894455985 
 706 , 24843.2145415512 
 707 , 24827.0141550241 
 708 , 24818.9289647176 
 709 , 24819.3223474509 
 710 , 24827.8000136495 
 711 , 24842.3510462286 
 712 , 24860.141092839 
 713 , 24877.3900876087 
 714 , 24888.5949492741 
 715 , 24889.3664698195 
 716 , 24885.3865456168 
 717 , 24886.9407581583 
 718 , 24896.3745713948 
 719 , 24902.5405980513 
 720 , 24895.7864534676 
 721 , 24886.0735126412 
 722 , 24891.5410564114 
 723 , 24918.1115820773 
 724 , 24952.7878781285 
 725 , 24982.8650035205 
 726 , 25007.568065348 
 727 , 25030.6359292665 
 728 , 25052.2228067345 
 729 , 25067.4807788162 
 730 , 25073.1429400412 
 731 , 25076.6456805512 
 732 , 25088.860474223 
 733 , 25113.0888072949 
 734 , 25143.2508892674 
 735 , 25173.0615119469 
 736 , 25198.0336051342 
 737 , 25214.4331534477 
 738 , 25224.417809309 
 739 , 25236.562894099 
 740 , 25257.2189537665 
 741 , 25282.3455057722 
 742 , 25305.5088568515 
 743 , 25325.5833803612 
 744 , 25346.4643172112 
 745 , 25369.815320738 
 746 , 25388.9398053398 
 747 , 25395.9880913161 
 748 , 25393.5472790308 
 749 , 25392.6617774013 
 750 , 25401.1388646896 
 751 , 25416.7889006935 
 752 , 25435.5698676561 
 753 , 25452.5707324794 
 754 , 25462.3012018966 
 755 , 25463.8005725199 
 756 , 25466.8862065973 
 757 , 25481.4477088662 
 758 , 25502.6589939434 
 759 , 25517.3892573033 
 760 , 25521.5127311728 
 761 , 25528.6122532627 
 762 , 25551.76679836 
 763 , 25584.4494697548 
 764 , 25611.1458253719 
 765 , 25624.4468763969 
 766 , 25629.8497038525 
 767 , 25633.2477608206 
 768 , 25636.053355835 
 769 , 25638.0392962031 
 770 , 25639.9992822932 
 771 , 25644.0334768988 
 772 , 25651.882694451 
 773 , 25663.2169090551 
 774 , 25676.9184928334 
 775 , 25687.4713624389 
 776 , 25684.8776712894 
 777 , 25664.5033519382 
 778 , 25641.6021582468 
 779 , 25634.7414550458 
 780 , 25644.4878345307 
 781 , 25656.9534304489 
 782 , 25662.9881590969 
 783 , 25667.4145103028 
 784 , 25676.7703689253 
 785 , 25690.5671609284 
 786 , 25703.9474418735 
 787 , 25713.5636770787 
 788 , 25719.3093442145 
 789 , 25722.1592937486 
 790 , 25728.4652835145 
 791 , 25747.0746845883 
 792 , 25783.7985463716 
 793 , 25839.7075113267 
 794 , 25912.0344427501 
 795 , 25978.6507341318 
 796 , 26011.3664574914 
 797 , 26004.5193154206 
 798 , 25978.7652685229 
 799 , 25953.0090901415 
 800 , 25933.0501897227 
 801 , 25921.3835682135 
 802 , 25920.6343823041 
 803 , 25933.5388062184 
 804 , 25960.7159706645 
 805 , 25996.6970033973 
 806 , 26034.92300316 
 807 , 26068.7847448171 
 808 , 26091.6697900408 
 809 , 26101.1667569252 
 810 , 26103.4375706756 
 811 , 26105.5852355998 
 812 , 26113.9279426644 
 813 , 26134.2458731075 
 814 , 26163.147588373 
 815 , 26183.9037540734 
 816 , 26182.5466655686 
 817 , 26164.4184196918 
 818 , 26140.8757486374 
 819 , 26121.2150409279 
 820 , 26112.5995333648 
 821 , 26118.984294733 
 822 , 26133.7410846709 
 823 , 26148.1287823621 
 824 , 26155.2802483844 
 825 , 26149.7106160694 
 826 , 26130.9938636513 
 827 , 26110.199979305 
 828 , 26098.7859802917 
 829 , 26098.0610146001 
 830 , 26104.3369819694 
 831 , 26117.5632620439 
 832 , 26143.383153898 
 833 , 26184.1969206909 
 834 , 26222.6016430177 
 835 , 26235.3806086187 
 836 , 26217.7125913096 
 837 , 26184.1396407358 
 838 , 26148.7551175217 
 839 , 26121.0136175178 
 840 , 26108.5943034467 
 841 , 26108.6827037145 
 842 , 26111.0683607998 
 843 , 26109.6329614068 
 844 , 26107.475820908 
 845 , 26108.78464755 
 846 , 26116.8334787923 
 847 , 26134.3414581717 
 848 , 26157.7920010576 
 849 , 26174.8827564259 
 850 , 26176.8856948238 
 851 , 26174.7379180446 
 852 , 26184.259931632 
 853 , 26205.0694000954 
 854 , 26221.9250681445 
 855 , 26225.2856215789 
 856 , 26223.295102235 
 857 , 26225.8870954503 
 858 , 26229.4880747806 
 859 , 26222.7438342424 
 860 , 26207.0163513266 
 861 , 26206.1129946248 
 862 , 26239.6955132428 
 863 , 26290.0167760106 
 864 , 26326.6175096895 
 865 , 26341.3602377778 
 866 , 26350.6515852303 
 867 , 26367.7921813354 
 868 , 26391.2224192539 
 869 , 26416.2803140755 
 870 , 26439.0428735678 
 871 , 26456.1385237853 
 872 , 26470.5636947323 
 873 , 26498.1148771432 
 874 , 26553.581644926 
 875 , 26634.691980465 
 876 , 26732.0930964569 
 877 , 26834.3294940818 
 878 , 26927.4140466007 
 879 , 27001.339876754 
 880 , 27061.6333259246 
 881 , 27116.900381099 
 882 , 27167.8105137376 
 883 , 27209.2059700212 
 884 , 27236.1535997781 
 885 , 27244.4866113804 
 886 , 27229.8209223398 
 887 , 27185.551247046 
 888 , 27104.570563185 
 889 , 26995.7608454379 
 890 , 26887.9200156363 
 891 , 26803.956433593 
 892 , 26739.7192472131 
 893 , 26684.9003671933 
 894 , 26632.6958248531 
 895 , 26578.8805147123 
 896 , 26523.3725077555 
 897 , 26474.5883911813 
 898 , 26440.2889120572 
 899 , 26416.7260845814 
 900 , 26395.6312978082 
 901 , 26375.4053458008 
 902 , 26362.3254690818 
 903 , 26359.0362213325 
 904 , 26353.8976486608 
 905 , 26333.768519844 
 906 , 26305.2266158475 
 907 , 26287.9073467981 
 908 , 26290.70869824 
 909 , 26302.0176328503 
 910 , 26309.9625857567 
 911 , 26314.2688755921 
 912 , 26318.7990127293 
 913 , 26326.1008990413 
 914 , 26337.3586144081 
 915 , 26351.408726881 
 916 , 26360.3352805103 
 917 , 26356.3741464711 
 918 , 26345.3288219111 
 919 , 26340.5113744033 
 920 , 26346.9338374034 
 921 , 26356.5979236145 
 922 , 26362.708256092 
 923 , 26369.2590215731 
 924 , 26382.5515050874 
 925 , 26394.9255189024 
 926 , 26387.1110188684 
 927 , 26352.5245692728 
 928 , 26314.6339173968 
 929 , 26297.4795779896 
 930 , 26298.9774612005 
 931 , 26305.8475449757 
 932 , 26311.389183806 
 933 , 26316.8241176279 
 934 , 26323.1054232003 
 935 , 26328.6937465885 
 936 , 26331.4778820742 
 937 , 26328.8628182515 
 938 , 26318.0356343097 
 939 , 26302.3989276599 
 940 , 26295.7548379935 
 941 , 26308.4372922334 
 942 , 26328.8998432128 
 943 , 26339.7588992189 
 944 , 26338.8718519571 
 945 , 26337.101722218 
 946 , 26339.3476679137 
 947 , 26335.8294526401 
 948 , 26318.3601509266 
 949 , 26304.0817759562 
 950 , 26320.002224785 
 951 , 26367.5581138182 
 952 , 26419.1049909094 
 953 , 26452.3877988804 
 954 , 26466.8323346177 
 955 , 26466.0541544457 
 956 , 26453.4941313275 
 957 , 26432.5530733054 
 958 , 26409.6649911626 
 959 , 26395.7247803844 
 960 , 26397.3236424462 
 961 , 26401.8158164416 
 962 , 26392.8597488359 
 963 , 26371.1804182144 
 964 , 26349.6840822016 
 965 , 26336.1358310077 
 966 , 26328.2413119437 
 967 , 26323.3171130318 
 968 , 26322.4396205839 
 969 , 26327.8227814431 
 970 , 26339.6846159215 
 971 , 26356.4747874321 
 972 , 26376.3990936522 
 973 , 26397.2425671957 
 974 , 26416.2304915632 
 975 , 26427.248804392 
 976 , 26423.0669874494 
 977 , 26402.8636052682 
 978 , 26372.6313448035 
 979 , 26341.3776146646 
 980 , 26325.578233423 
 981 , 26340.1785271261 
 982 , 26377.1408866155 
 983 , 26417.4229405153 
 984 , 26449.0520880395 
 985 , 26468.9137600521 
 986 , 26477.2103062938 
 987 , 26483.1976084804 
 988 , 26496.5414043315 
 989 , 26512.9250438031 
 990 , 26520.4707603247 
 991 , 26521.4853912678 
 992 , 26538.3817272358 
 993 , 26584.7070690844 
 994 , 26635.1551817324 
 995 , 26658.9358128048 
 996 , 26665.7702003385 
 997 , 26690.5894944561 
 998 , 26752.0339732857 
 999 , 26842.737904936 
 1000 , 26957.0734056197 
 1001 , 27105.9807983874 
 1002 , 27302.5594410403 
 1003 , 27532.9963540894 
 1004 , 27765.0639387562 
 1005 , 27963.9719323372 
 1006 , 28091.2282677239 
 1007 , 28113.8500629209 
 1008 , 28025.0021198406 
 1009 , 27827.1002958818 
 1010 , 27549.2503122945 
 1011 , 27239.8272479671 
 1012 , 26949.7215262961 
 1013 , 26733.4927914804 
 1014 , 26627.2624803504 
 1015 , 26579.8188113742 
 1016 , 26519.4702980736 
 1017 , 26442.9323954142 
 1018 , 26397.2208126144 
 1019 , 26400.5938443968 
 1020 , 26417.8181441246 
 1021 , 26417.0422136012 
 1022 , 26408.1968361825 
 1023 , 26411.7425860124 
 1024 , 26424.3472754622 
 1025 , 26425.2817074728 
 1026 , 26409.4103113727 
 1027 , 26399.8645962524 
 1028 , 26417.1614375309 
 1029 , 26456.6455261708 
 1030 , 26506.6474463084 
 1031 , 26557.9511035861 
 1032 , 26603.1208882227 
 1033 , 26636.3300764574 
 1034 , 26654.4177413631 
 1035 , 26656.9199207711 
 1036 , 26653.9375821291 
 1037 , 26657.3322909569 
 1038 , 26665.2893608216 
 1039 , 26666.8253384682 
 1040 , 26656.8309013702 
 1041 , 26639.7947325908 
 1042 , 26619.7824270652 
 1043 , 26595.7893684784 
 1044 , 26566.4969206967 
 1045 , 26541.0486270095 
 1046 , 26534.7893621863 
 1047 , 26548.0706156257 
 1048 , 26559.4681547065 
 1049 , 26553.522268916 
 1050 , 26541.8703088044 
 1051 , 26540.4350605141 
 1052 , 26548.9098944662 
 1053 , 26558.1380814151 
 1054 , 26564.2589964787 
 1055 , 26570.301407047 
 1056 , 26579.6026363585 
 1057 , 26595.0707771069 
 1058 , 26617.1845540614 
 1059 , 26627.6758788406 
 1060 , 26600.3262084 
 1061 , 26537.2979197138 
 1062 , 26472.0734724708 
 1063 , 26431.0595792485 
 1064 , 26418.3622810567 
 1065 , 26432.6520772693 
 1066 , 26460.1621527622 
 1067 , 26482.3526199801 
 1068 , 26484.9224516174 
 1069 , 26457.5792567117 
 1070 , 26402.2426899766 
 1071 , 26346.2196604282 
 1072 , 26315.1335332006 
 1073 , 26309.1972225559 
 1074 , 26320.193222931 
 1075 , 26336.8703109736 
 1076 , 26345.8039527534 
 1077 , 26342.3908013276 
 1078 , 26337.0057325466 
 1079 , 26338.4424679397 
 1080 , 26343.3154494886 
 1081 , 26345.8986685822 
 1082 , 26348.1029198129 
 1083 , 26356.2508265291 
 1084 , 26370.2991331874 
 1085 , 26381.6994526033 
 1086 , 26384.868733073 
 1087 , 26385.0146490813 
 1088 , 26387.4072282802 
 1089 , 26382.3355003403 
 1090 , 26354.1895226764 
 1091 , 26309.8262056862 
 1092 , 26278.8539667952 
 1093 , 26274.2504917755 
 1094 , 26269.3085861262 
 1095 , 26238.3401022253 
 1096 , 26190.3430561129 
 1097 , 26144.8080259787 
 1098 , 26104.5957343942 
 1099 , 26060.0527309155 
 1100 , 26007.026190896 
 1101 , 25950.8882832288 
 1102 , 25897.0499971878 
 1103 , 25847.7431432494 
 1104 , 25804.6743726578 
 1105 , 25771.6403472416 
 1106 , 25753.3561846383 
 1107 , 25747.5659759004 
 1108 , 25743.8196134589 
 1109 , 25735.9720048204 
 1110 , 25730.1834793298 
 1111 , 25732.8734156382 
 1112 , 25740.1180586315 
 1113 , 25743.9401363825 
 1114 , 25733.7608742609 
 1115 , 25697.0401976156 
 1116 , 25636.1229066182 
 1117 , 25579.4918055467 
 1118 , 25549.9918427124 
 1119 , 25537.7654494369 
 1120 , 25526.5594837455 
 1121 , 25516.3131384168 
 1122 , 25515.6435509944 
 1123 , 25522.0259121158 
 1124 , 25519.7456346924 
 1125 , 25499.4546783226 
 1126 , 25469.7458627081 
 1127 , 25440.9993897459 
 1128 , 25417.8306464688 
 1129 , 25402.5615446123 
 1130 , 25394.2040483826 
 1131 , 25389.2075308029 
 1132 , 25383.6343805186 
 1133 , 25373.0330007403 
 1134 , 25354.5268980355 
 1135 , 25330.9257236773 
 1136 , 25306.3044026245 
 1137 , 25284.8975343487 
 1138 , 25270.8257108922 
 1139 , 25263.6685566818 
 1140 , 25258.4033911849 
 1141 , 25251.1632987188 
 1142 , 25240.9461510797 
 1143 , 25227.4754829086 
 1144 , 25212.1697009021 
 1145 , 25196.8451948635 
 1146 , 25182.2529540527 
 1147 , 25168.4037899151 
 1148 , 25152.5747425423 
 1149 , 25128.5936722318 
 1150 , 25096.2377816469 
 1151 , 25071.6255169427 
 1152 , 25069.443814304 
 1153 , 25080.2108784786 
 1154 , 25086.237435102 
 1155 , 25078.7153997208 
 1156 , 25055.7427850632 
 1157 , 25025.0578118912 
 1158 , 25008.7899122043 
 1159 , 25022.3631193964 
 1160 , 25056.0312201461 
 1161 , 25094.7261358543 
 1162 , 25121.0685391734 
 1163 , 25117.7864305974 
 1164 , 25087.7252479793 
 1165 , 25051.20545189 
 1166 , 25021.3915916201 
 1167 , 24998.005667973 
 1168 , 24979.3488864291 
 1169 , 24963.4364417924 
 1170 , 24948.4385331259 
 1171 , 24934.2979859098 
 1172 , 24921.8481685051 
 1173 , 24912.670935302 
 1174 , 24909.0109437793 
 1175 , 24907.6891393777 
 1176 , 24895.2215925573 
 1177 , 24863.1156561852 
 1178 , 24827.0651450452 
 1179 , 24806.520510354 
 1180 , 24801.8374011754 
 1181 , 24803.4774607795 
 1182 , 24799.7351894564 
 1183 , 24776.8951628302 
 1184 , 24731.9680013985 
 1185 , 24683.1692720368 
 1186 , 24647.4310956869 
 1187 , 24626.5221037706 
 1188 , 24617.6826527402 
 1189 , 24612.0539637956 
 1190 , 24598.0968215306 
 1191 , 24575.5486650141 
 1192 , 24555.4367377949 
 1193 , 24542.3675085578 
 1194 , 24527.5633295246 
 1195 , 24503.3261114645 
 1196 , 24472.2314064147 
 1197 , 24439.4856788567 
 1198 , 24411.1665763277 
 1199 , 24393.768379307 
 1200 , 24393.381019099 
 1201 , 24415.5380880308 
 1202 , 24449.7353976114 
 1203 , 24456.3383856375 
 1204 , 24408.321675066 
 1205 , 24335.5919922047 
 1206 , 24276.6342672191 
 1207 , 24237.1447733997 
 1208 , 24208.2961439112 
 1209 , 24190.1665902789 
 1210 , 24190.4399014206 
 1211 , 24202.0860997303 
 1212 , 24193.6896660771 
 1213 , 24143.9524032875 
 1214 , 24070.7744120102 
 1215 , 23998.1333599664 
 1216 , 23939.1655608696 
 1217 , 23902.9159737763 
 1218 , 23901.6827099054 
 1219 , 23949.3600743049 
 1220 , 24020.1215059687 
 1221 , 24032.7995677726 
 1222 , 23944.9426143827 
 1223 , 23827.0863595699 
 1224 , 23754.0794057188 
 1225 , 23726.6587057768 
 1226 , 23721.637628091 
 1227 , 23719.5080921475 
 1228 , 23703.7433747762 
 1229 , 23677.8132017655 
 1230 , 23667.7761698965 
 1231 , 23675.6888808289 
 1232 , 23650.639922469 
 1233 , 23559.1332127407 
 1234 , 23465.4990587411 
 1235 , 23446.6217501507 
 1236 , 23479.1156722381 
 1237 , 23493.4252576138 
 1238 , 23472.4874166916 
 1239 , 23446.0388554398 
 1240 , 23429.4552024782 
 1241 , 23412.4603442661 
 1242 , 23386.6403092937 
 1243 , 23356.0369827812 
 1244 , 23326.2902838674 
 1245 , 23298.8779842618 
 1246 , 23274.7085001995 
 1247 , 23265.8900771517 
 1248 , 23290.6290876718 
 1249 , 23325.5502057754 
 1250 , 23298.4861688436 
 1251 , 23188.8781261638 
 1252 , 23091.1977099411 
 1253 , 23083.6145887243 
 1254 , 23121.5253496292 
 1255 , 23137.4123345802 
 1256 , 23122.0471862167 
 1257 , 23092.8738033958 
 1258 , 23059.9637810881 
 1259 , 23027.1030447179 
 1260 , 22995.3196083975 
 1261 , 22961.918340646 
 1262 , 22925.80499634 
 1263 , 22890.8120906212 
 1264 , 22861.1919751161 
 1265 , 22839.3877171651 
 1266 , 22826.9586825078 
 1267 , 22822.2967698121 
 1268 , 22822.1413034628 
 1269 , 22825.31721112 
 1270 , 22832.6101635665 
 1271 , 22840.2608831063 
 1272 , 22836.8139516892 
 1273 , 22815.6873547941 
 1274 , 22786.9518466652 
 1275 , 22762.0655705419 
 1276 , 22743.159032144 
 1277 , 22729.077241028 
 1278 , 22717.6926795736 
 1279 , 22706.3464938555 
 1280 , 22693.7915133794 
 1281 , 22680.2630463877 
 1282 , 22666.7683824165 
 1283 , 22655.5622676709 
 1284 , 22646.4353500517 
 1285 , 22631.0455983914 
 1286 , 22602.6997256184 
 1287 , 22573.2657428474 
 1288 , 22559.6269594597 
 1289 , 22561.2420736319 
 1290 , 22566.6736907671 
 1291 , 22561.865379378 
 1292 , 22530.3676779558 
 1293 , 22470.4388354167 
 1294 , 22406.3882296129 
 1295 , 22359.5430087563 
 1296 , 22334.0560549286 
 1297 , 22327.9832191558 
 1298 , 22323.8749952959 
 1299 , 22301.2570909795 
 1300 , 22262.7715484693 
 1301 , 22224.1918874891 
 1302 , 22192.0043362919 
 1303 , 22163.4933546428 
 1304 , 22137.3427902909 
 1305 , 22115.11302471 
 1306 , 22096.2758873826 
 1307 , 22073.8558126628 
 1308 , 22041.4957848865 
 1309 , 22001.0984386954 
 1310 , 21957.5417551131 
 1311 , 21919.9791243688 
 1312 , 21898.8030072009 
 1313 , 21887.6454233984 
 1314 , 21866.2590093894 
 1315 , 21830.3816612239 
 1316 , 21798.4348025374 
 1317 , 21783.4528934529 
 1318 , 21782.3652195236 
 1319 , 21787.553975853 
 1320 , 21782.378234199 
 1321 , 21752.3752974859 
 1322 , 21713.0022272641 
 1323 , 21690.3118566775 
 1324 , 21686.2490294278 
 1325 , 21686.2041587684 
 1326 , 21676.0976510184 
 1327 , 21642.9880674075 
 1328 , 21591.3761458388 
 1329 , 21556.6152936329 
 1330 , 21561.2344202499 
 1331 , 21580.8729242223 
 1332 , 21586.5706647795 
 1333 , 21569.0223828465 
 1334 , 21527.2877959812 
 1335 , 21480.0347162014 
 1336 , 21454.4449477145 
 1337 , 21452.1767865585 
 1338 , 21454.0489891371 
 1339 , 21446.4784156887 
 1340 , 21423.9525504339 
 1341 , 21386.1239035584 
 1342 , 21342.1814715583 
 1343 , 21301.9957331296 
 1344 , 21273.7711147297 
 1345 , 21262.8268473013 
 1346 , 21260.1796557622 
 1347 , 21253.3879288598 
 1348 , 21245.1670108996 
 1349 , 21245.8257725769 
 1350 , 21247.8741418039 
 1351 , 21228.4305176603 
 1352 , 21181.9485255151 
 1353 , 21127.31544232 
 1354 , 21078.59500337 
 1355 , 21035.6986832106 
 1356 , 20995.5193972565 
 1357 , 20950.8430331535 
 1358 , 20896.2274538788 
 1359 , 20841.3397243341 
 1360 , 20799.7867741867 
 1361 , 20771.8480336154 
 1362 , 20750.3104563819 
 1363 , 20726.8724633057 
 1364 , 20692.5950657588 
 1365 , 20647.4758178127 
 1366 , 20603.202862188 
 1367 , 20568.3081490401 
 1368 , 20543.3915916729 
 1369 , 20526.2308997227 
 1370 , 20508.6802220009 
 1371 , 20483.5564980569 
 1372 , 20454.4935192053 
 1373 , 20427.5575158528 
 1374 , 20400.586686721 
 1375 , 20367.9593429136 
 1376 , 20332.925822826 
 1377 , 20305.043526844 
 1378 , 20282.6892901507 
 1379 , 20251.58610268 
 1380 , 20207.5557477768 
 1381 , 20164.6604253601 
 1382 , 20131.3195390889 
 1383 , 20096.7983052633 
 1384 , 20053.3541072546 
 1385 , 20017.6731875438 
 1386 , 20005.5442023883 
 1387 , 19987.6651800926 
 1388 , 19923.096230124 
 1389 , 19834.2759204704 
 1390 , 19778.6221932456 
 1391 , 19763.8854766944 
 1392 , 19754.2607376387 
 1393 , 19734.5928225262 
 1394 , 19718.2325342041 
 1395 , 19706.7076900864 
 1396 , 19675.3547886898 
 1397 , 19612.6095987204 
 1398 , 19553.066786365 
 1399 , 19528.9371333706 
 1400 , 19525.5271783714 
 1401 , 19517.6960824397 
 1402 , 19497.2767465346 
 1403 , 19463.9935882083 
 1404 , 19426.2921603176 
 1405 , 19397.406542 
 1406 , 19379.5577334174 
 1407 , 19365.1259847821 
 1408 , 19349.6629032041 
 1409 , 19333.263314587 
 1410 , 19316.4104091659 
 1411 , 19299.7511713216 
 1412 , 19283.4316738857 
 1413 , 19266.1721632498 
 1414 , 19248.024929938 
 1415 , 19235.5222393698 
 1416 , 19233.57101734 
 1417 , 19226.6468106217 
 1418 , 19194.4315638561 
 1419 , 19145.7065097699 
 1420 , 19104.1581298886 
 1421 , 19072.9709560715 
 1422 , 19039.2850642918 
 1423 , 19000.7590367921 
 1424 , 18967.2776778786 
 1425 , 18944.0572924747 
 1426 , 18927.8826827013 
 1427 , 18915.7220101841 
 1428 , 18906.6505494165 
 1429 , 18898.610504098 
 1430 , 18884.8727512157 
 1431 , 18859.0541695616 
 1432 , 18821.0465227667 
 1433 , 18774.6782355112 
 1434 , 18738.380878352 
 1435 , 18733.5522645146 
 1436 , 18745.0651789027 
 1437 , 18737.1268330954 
 1438 , 18703.944147808 
 1439 , 18665.2971516287 
 1440 , 18633.4902923466 
 1441 , 18611.047596198 
 1442 , 18599.0314829368 
 1443 , 18597.0244872667 
 1444 , 18601.5877180685 
 1445 , 18602.73059015 
 1446 , 18593.7825112627 
 1447 , 18581.6435876298 
 1448 , 18573.1157530225 
 1449 , 18562.0659443917 
 1450 , 18540.17928639 
 1451 , 18509.2128794007 
 1452 , 18475.7787860987 
 1453 , 18454.0100542517 
 1454 , 18460.8561169624 
 1455 , 18492.6558394014 
 1456 , 18530.1414724895 
 1457 , 18558.2048475371 
 1458 , 18566.5734650979 
 1459 , 18550.9179159117 
 1460 , 18514.9106914365 
 1461 , 18465.5667725804 
 1462 , 18415.0775902921 
 1463 , 18369.2621381736 
 1464 , 18316.007978794 
 1465 , 18245.1875874446 
 1466 , 18163.956460083 
 1467 , 18082.8216386597 
 1468 , 18009.7783335055 
 1469 , 17950.2587427721 
 1470 , 17897.2923518982 
 1471 , 17840.2171418996 
 1472 , 17783.9589147748 
 1473 , 17741.5838889782 
 1474 , 17714.7716393163 
 1475 , 17696.4083237671 
 1476 , 17677.7380929863 
 1477 , 17648.8554256019 
 1478 , 17610.8804867034 
 1479 , 17579.4261866613 
 1480 , 17562.1418690068 
 1481 , 17551.1448555815 
 1482 , 17540.3007495863 
 1483 , 17531.0693565076 
 1484 , 17523.5790067576 
 1485 , 17510.5733159913 
 1486 , 17486.1611636187 
 1487 , 17456.019405694 
 1488 , 17427.7461833104 
 1489 , 17402.8587470545 
 1490 , 17380.511788295 
 1491 , 17358.0028529916 
 1492 , 17332.5360521635 
 1493 , 17309.3882926965 
 1494 , 17297.5844167128 
 1495 , 17289.3086426405 
 1496 , 17264.7359650115 
 1497 , 17229.5122747169 
 1498 , 17214.1348349124 
 1499 , 17217.5980711394 
 1500 , 17197.7717798418 
 1501 , 17140.1458110558 
 1502 , 17079.5649543136 
 1503 , 17039.6705097583 
 1504 , 17011.0744411449 
 1505 , 16983.2832257851 
 1506 , 16954.0809980562 
 1507 , 16923.5812917107 
 1508 , 16895.21678194 
 1509 , 16871.3134722284 
 1510 , 16845.7196054191 
 1511 , 16812.6535576108 
 1512 , 16783.2667593179 
 1513 , 16770.8367595255 
 1514 , 16755.4837422318 
 1515 , 16706.3299624939 
 1516 , 16643.2438904756 
 1517 , 16613.6499945266 
 1518 , 16621.2205371902 
 1519 , 16636.8272667195 
 1520 , 16640.8440092326 
 1521 , 16623.6986253926 
 1522 , 16587.5477990549 
 1523 , 16547.6177617599 
 1524 , 16512.3885179463 
 1525 , 16479.5469549318 
 1526 , 16447.4457610297 
 1527 , 16417.1261323095 
 1528 , 16387.442252288 
 1529 , 16351.7574110712 
 1530 , 16310.7744043935 
 1531 , 16287.7313620392 
 1532 , 16298.9670140188 
 1533 , 16323.0200715452 
 1534 , 16335.0253636031 
 1535 , 16331.5271601426 
 1536 , 16314.9557243271 
 1537 , 16287.727878913 
 1538 , 16252.7867616225 
 1539 , 16216.7740066533 
 1540 , 16187.0673509332 
 1541 , 16163.6497607938 
 1542 , 16142.476485705 
 1543 , 16117.5592252297 
 1544 , 16082.499216777 
 1545 , 16042.7663981646 
 1546 , 16012.6158584094 
 1547 , 16000.1953218664 
 1548 , 16007.4281129387 
 1549 , 16025.2315579956 
 1550 , 16032.9295473189 
 1551 , 16021.1359072256 
 1552 , 15996.1601237596 
 1553 , 15966.4328869268 
 1554 , 15941.9937280214 
 1555 , 15928.1200283529 
 1556 , 15920.8576146665 
 1557 , 15915.2007001102 
 1558 , 15906.0730555326 
 1559 , 15888.8617644857 
 1560 , 15860.2332508301 
 1561 , 15821.8405355507 
 1562 , 15790.835989267 
 1563 , 15779.4889609437 
 1564 , 15768.7293591518 
 1565 , 15738.2380380059 
 1566 , 15697.714281537 
 1567 , 15664.4715980703 
 1568 , 15649.2033610361 
 1569 , 15657.0671375661 
 1570 , 15671.4598916802 
 1571 , 15669.2804620845 
 1572 , 15647.7343789042 
 1573 , 15614.5820216919 
 1574 , 15584.188492206 
 1575 , 15572.7546818109 
 1576 , 15573.9953245368 
 1577 , 15567.7793743619 
 1578 , 15548.7738001839 
 1579 , 15523.044457527 
 1580 , 15495.3190079513 
 1581 , 15468.9522454315 
 1582 , 15448.5591602427 
 1583 , 15439.7373567 
 1584 , 15438.0194164302 
 1585 , 15427.554481352 
 1586 , 15403.2899128761 
 1587 , 15375.206760892 
 1588 , 15352.5203997818 
 1589 , 15341.6508511973 
 1590 , 15340.5113051211 
 1591 , 15332.9371710112 
 1592 , 15312.0445316278 
 1593 , 15291.6606509267 
 1594 , 15277.9787277946 
 1595 , 15255.0226653294 
 1596 , 15213.9009907781 
 1597 , 15171.0515412499 
 1598 , 15142.9850839742 
 1599 , 15135.1848833056 
 1600 , 15145.8310204325 
 1601 , 15155.7278701862 
 1602 , 15148.4242330654 
 1603 , 15130.6101025855 
 1604 , 15115.1342239151 
 1605 , 15118.2792889606 
 1606 , 15148.9811483765 
 1607 , 15177.2799284699 
 1608 , 15169.3572959583 
 1609 , 15131.8099448172 
 1610 , 15082.7658526703 
 1611 , 15029.3137785413 
 1612 , 14974.7364883836 
 1613 , 14924.2127637532 
 1614 , 14882.3576874122 
 1615 , 14843.6222531645 
 1616 , 14798.6146473548 
 1617 , 14744.6653044496 
 1618 , 14683.9925018535 
 1619 , 14633.0232717124 
 1620 , 14612.9972454284 
 1621 , 14612.9122199787 
 1622 , 14604.1118315717 
 1623 , 14580.4815331903 
 1624 , 14550.5780653571 
 1625 , 14518.1226538688 
 1626 , 14483.643607186 
 1627 , 14454.6206055097 
 1628 , 14442.7363911684 
 1629 , 14438.3827094988 
 1630 , 14415.2812254404 
 1631 , 14371.5974086068 
 1632 , 14327.6717265658 
 1633 , 14296.1909834121 
 1634 , 14281.1585492859 
 1635 , 14274.387046787 
 1636 , 14256.0432983986 
 1637 , 14224.0016933671 
 1638 , 14195.9264779614 
 1639 , 14175.6740991098 
 1640 , 14149.925567785 
 1641 , 14117.7375188406 
 1642 , 14094.5989276755 
 1643 , 14082.0392925872 
 1644 , 14061.9699784998 
 1645 , 14032.198080669 
 1646 , 14014.5446629666 
 1647 , 14016.7836341827 
 1648 , 14023.1038408772 
 1649 , 14014.3128231775 
 1650 , 13969.3478843358 
 1651 , 13897.0684930166 
 1652 , 13855.2097029683 
 1653 , 13863.5159496849 
 1654 , 13868.9835218398 
 1655 , 13847.1353146715 
 1656 , 13837.2978194194 
 1657 , 13850.5384638051 
 1658 , 13832.9057277662 
 1659 , 13764.4299404655 
 1660 , 13704.9411930881 
 1661 , 13692.8597526171 
 1662 , 13704.9097676992 
 1663 , 13715.876012312 
 1664 , 13712.0065071447 
 1665 , 13687.4078850973 
 1666 , 13650.0185873214 
 1667 , 13610.1488794615 
 1668 , 13579.361795308 
 1669 , 13563.3413599643 
 1670 , 13554.0384379439 
 1671 , 13542.6385076274 
 1672 , 13522.9627989841 
 1673 , 13491.5903777542 
 1674 , 13450.7726287281 
 1675 , 13408.7473434216 
 1676 , 13386.1746066684 
 1677 , 13391.2235889351 
 1678 , 13396.9995249438 
 1679 , 13380.7489538121 
 1680 , 13343.0478370264 
 1681 , 13292.3510912555 
 1682 , 13247.9142065268 
 1683 , 13220.9737229061 
 1684 , 13198.4272441297 
 1685 , 13170.9536663351 
 1686 , 13148.2743459456 
 1687 , 13136.3527873219 
 1688 , 13124.1937199496 
 1689 , 13101.4077717999 
 1690 , 13065.7968578689 
 1691 , 13024.1139234533 
 1692 , 13002.328213204 
 1693 , 13012.6135087529 
 1694 , 13025.4894434345 
 1695 , 13018.119229125 
 1696 , 12999.6666800943 
 1697 , 12978.0601341825 
 1698 , 12946.5254488162 
 1699 , 12905.5365254138 
 1700 , 12878.0473163845 
 1701 , 12874.4541327966 
 1702 , 12868.0810654057 
 1703 , 12840.3707500942 
 1704 , 12803.522834216 
 1705 , 12770.5405998011 
 1706 , 12746.608512569 
 1707 , 12732.9075154473 
 1708 , 12724.1993924733 
 1709 , 12712.6590147795 
 1710 , 12686.8699924068 
 1711 , 12648.6079325562 
 1712 , 12627.4128974746 
 1713 , 12634.841603933 
 1714 , 12640.3390336522 
 1715 , 12623.4732816385 
 1716 , 12592.4807911183 
 1717 , 12559.0218182382 
 1718 , 12535.0323511067 
 1719 , 12522.6518786443 
 1720 , 12506.9325504685 
 1721 , 12481.5462794664 
 1722 , 12457.4813828515 
 1723 , 12445.6962555337 
 1724 , 12454.1274704092 
 1725 , 12471.4136090069 
 1726 , 12457.9550692387 
 1727 , 12407.2991001596 
 1728 , 12363.5983146228 
 1729 , 12344.7944055634 
 1730 , 12327.9472874744 
 1731 , 12301.3023482696 
 1732 , 12271.2953312356 
 1733 , 12243.0538790949 
 1734 , 12218.53323222 
 1735 , 12196.1904756169 
 1736 , 12171.0187487575 
 1737 , 12146.3244064493 
 1738 , 12133.9948491247 
 1739 , 12133.4057166798 
 1740 , 12131.329569935 
 1741 , 12122.3267059247 
 1742 , 12108.8152575647 
 1743 , 12094.028478351 
 1744 , 12081.1768886096 
 1745 , 12065.8842687 
 1746 , 12038.834578712 
 1747 , 12007.9883369384 
 1748 , 11992.2972015947 
 1749 , 11984.3087867049 
 1750 , 11960.3869065289 
 1751 , 11922.7021003039 
 1752 , 11889.0930609282 
 1753 , 11867.6571694462 
 1754 , 11859.790563931 
 1755 , 11858.9762592331 
 1756 , 11855.6314461068 
 1757 , 11849.1359488739 
 1758 , 11842.8801498989 
 1759 , 11837.7252794176 
 1760 , 11832.0151846717 
 1761 , 11815.1094079918 
 1762 , 11778.2549818887 
 1763 , 11743.9813949745 
 1764 , 11736.9213604939 
 1765 , 11735.4819820898 
 1766 , 11713.4675724761 
 1767 , 11690.6935895125 
 1768 , 11688.5985426907 
 1769 , 11682.5845236984 
 1770 , 11648.8148491595 
 1771 , 11607.4068539985 
 1772 , 11582.0858193002 
 1773 , 11577.1826990434 
 1774 , 11590.2791457953 
 1775 , 11610.7756427002 
 1776 , 11624.8123652521 
 1777 , 11614.0879637742 
 1778 , 11576.1325053355 
 1779 , 11543.7922286905 
 1780 , 11530.1984921432 
 1781 , 11502.7691023365 
 1782 , 11454.0062469211 
 1783 , 11426.1762433465 
 1784 , 11429.879691798 
 1785 , 11423.1314380492 
 1786 , 11396.6177380762 
 1787 , 11387.4880120485 
 1788 , 11399.9695367613 
 1789 , 11398.8701121879 
 1790 , 11379.9973549604 
 1791 , 11370.62048611 
 1792 , 11372.5075967351 
 1793 , 11365.4935327008 
 1794 , 11349.0769329198 
 1795 , 11336.8605129343 
 1796 , 11327.0388715825 
 1797 , 11308.9809232698 
 1798 , 11286.7228218778 
 1799 , 11271.0993459934 
 1800 , 11260.0527707999 
 1801 , 11247.2335113094 
 1802 , 11239.9067030972 
 1803 , 11246.2258580297 
 1804 , 11247.3386278637 
 1805 , 11223.0252127786 
 1806 , 11191.592214972 
 1807 , 11174.915144795 
 1808 , 11163.8060145538 
 1809 , 11146.5177065496 
 1810 , 11128.3078128802 
 1811 , 11114.4646126656 
 1812 , 11100.6579325488 
 1813 , 11085.0302813639 
 1814 , 11075.2406680145 
 1815 , 11076.8488745201 
 1816 , 11088.6010684234 
 1817 , 11099.8067539859 
 1818 , 11086.2192381758 
 1819 , 11047.7563052449 
 1820 , 11018.4507015552 
 1821 , 11010.8916436251 
 1822 , 11010.3154331298 
 1823 , 11006.2498279939 
 1824 , 10994.3327353989 
 1825 , 10978.1743220513 
 1826 , 10966.6556931496 
 1827 , 10956.5062984234 
 1828 , 10937.4640202054 
 1829 , 10911.9406334489 
 1830 , 10889.0118240275 
 1831 , 10873.9335993361 
 1832 , 10868.8413874757 
 1833 , 10867.8064759833 
 1834 , 10863.47612932 
 1835 , 10856.2635019261 
 1836 , 10846.5170754654 
 1837 , 10825.1586949214 
 1838 , 10788.3513847609 
 1839 , 10755.7272474677 
 1840 , 10743.1963297541 
 1841 , 10745.8950988736 
 1842 , 10751.1756092585 
 1843 , 10737.4441796291 
 1844 , 10704.5797377689 
 1845 , 10688.6027335481 
 1846 , 10697.0286618337 
 1847 , 10696.0843728815 
 1848 , 10676.9500213562 
 1849 , 10659.9989273911 
 1850 , 10651.7996871949 
 1851 , 10645.6903871571 
 1852 , 10636.2310751876 
 1853 , 10619.9606861596 
 1854 , 10601.2731003325 
 1855 , 10588.0201241219 
 1856 , 10580.8863032942 
 1857 , 10576.8569387271 
 1858 , 10570.323511945 
 1859 , 10554.3969595952 
 1860 , 10520.5664889621 
 1861 , 10470.6077319139 
 1862 , 10442.7728019057 
 1863 , 10458.6636663553 
 1864 , 10475.6620617233 
 1865 , 10466.0270298542 
 1866 , 10453.9592926023 
 1867 , 10452.3265211439 
 1868 , 10445.5949149352 
 1869 , 10426.3917121504 
 1870 , 10401.1141948916 
 1871 , 10378.4852753884 
 1872 , 10367.8639180434 
 1873 , 10366.1216763001 
 1874 , 10360.8823746159 
 1875 , 10346.784324068 
 1876 , 10324.4951509237 
 1877 , 10306.9484715411 
 1878 , 10308.4408083382 
 1879 , 10316.8542787443 
 1880 , 10314.3878226998 
 1881 , 10300.9180397822 
 1882 , 10281.5018842503 
 1883 , 10262.1599100771 
 1884 , 10248.6971141808 
 1885 , 10245.8181749587 
 1886 , 10250.9217570954 
 1887 , 10248.0047280129 
 1888 , 10227.3772783605 
 1889 , 10190.9873555062 
 1890 , 10149.3948554213 
 1891 , 10121.1708481332 
 1892 , 10114.7032344408 
 1893 , 10127.7502116741 
 1894 , 10139.8013863641 
 1895 , 10123.6737882887 
 1896 , 10094.297614508 
 1897 , 10080.2834837429 
 1898 , 10066.9731848089 
 1899 , 10033.5508232265 
 1900 , 10002.0338169389 
 1901 , 9993.3252052505 
 1902 , 9988.07792754018 
 1903 , 9972.2776496603 
 1904 , 9962.61111147957 
 1905 , 9965.00733710573 
 1906 , 9959.70488747699 
 1907 , 9942.0478688091 
 1908 , 9929.6315249188 
 1909 , 9927.35865091075 
 1910 , 9926.63207261397 
 1911 , 9922.55528562655 
 1912 , 9913.70616052896 
 1913 , 9902.12428008376 
 1914 , 9891.12247055595 
 1915 , 9880.4613989838 
 1916 , 9867.5595827519 
 1917 , 9845.59993841715 
 1918 , 9811.2139384409 
 1919 , 9775.99658457535 
 1920 , 9751.44562014829 
 1921 , 9741.80719589811 
 1922 , 9745.07168821417 
 1923 , 9750.54825164397 
 1924 , 9751.01907411129 
 1925 , 9744.72110487423 
 1926 , 9732.95387408464 
 1927 , 9719.2634140201 
 1928 , 9704.52763311903 
 1929 , 9688.34967275972 
 1930 , 9674.68720140323 
 1931 , 9666.92981113783 
 1932 , 9653.94117578366 
 1933 , 9627.16523764482 
 1934 , 9606.41068808613 
 1935 , 9605.71400678903 
 1936 , 9606.32515187538 
 1937 , 9594.9789801349 
 1938 , 9578.53728355234 
 1939 , 9562.20097859534 
 1940 , 9546.26452230608 
 1941 , 9536.49491778462 
 1942 , 9542.77778915435 
 1943 , 9555.9863100177 
 1944 , 9556.29070267097 
 1945 , 9545.03256926432 
 1946 , 9532.71291705386 
 1947 , 9522.44587011911 
 1948 , 9512.86199165338 
 1949 , 9495.39493158128 
 1950 , 9466.8553317273 
 1951 , 9441.86688970754 
 1952 , 9428.77141072695 
 1953 , 9419.89952168339 
 1954 , 9406.99677555805 
 1955 , 9383.80544453281 
 1956 , 9356.84212457456 
 1957 , 9342.46311862233 
 1958 , 9342.85984017098 
 1959 , 9350.69878643664 
 1960 , 9354.78393094763 
 1961 , 9345.2506250039 
 1962 , 9325.72900152233 
 1963 , 9304.84393139977 
 1964 , 9294.53681430906 
 1965 , 9296.386461165 
 1966 , 9289.49309189818 
 1967 , 9269.07151899746 
 1968 , 9256.30822183772 
 1969 , 9248.73358182185 
 1970 , 9221.81306280767 
 1971 , 9194.27375078121 
 1972 , 9205.94944820752 
 1973 , 9223.93773449218 
 1974 , 9197.33406151151 
 1975 , 9157.3578111627 
 1976 , 9143.17301744862 
 1977 , 9135.89872173751 
 1978 , 9119.81331103251 
 1979 , 9111.37163532854 
 1980 , 9116.48630014137 
 1981 , 9119.83245564158 
 1982 , 9112.31469097121 
 1983 , 9093.04494825196 
 1984 , 9065.07804370424 
 1985 , 9034.47005225288 
 1986 , 9011.50191843828 
 1987 , 9004.36152401256 
 1988 , 9002.25179002447 
 1989 , 8994.99786699619 
 1990 , 8991.44762216925 
 1991 , 8996.13004840781 
 1992 , 8997.99524916255 
 1993 , 8992.93292973151 
 1994 , 8988.12645561585 
 1995 , 8984.22469145059 
 1996 , 8975.59890100981 
 1997 , 8959.21453030008 
 1998 , 8936.13161265391 
 1999 , 8922.66140419723 
 2000 , 8931.40185137504 
 2001 , 8936.93413591067 
 2002 , 8920.84707194055 
 2003 , 8905.52243976986 
 2004 , 8902.56604863705 
 2005 , 8896.30576065928 
 2006 , 8881.38261237187 
 2007 , 8865.44903815596 
 2008 , 8846.32574915436 
 2009 , 8817.38259592743 
 2010 , 8794.81783955934 
 2011 , 8796.73943120107 
 2012 , 8800.85413546636 
 2013 , 8788.33392156638 
 2014 , 8784.03458820266 
 2015 , 8796.03681720208 
 2016 , 8788.41843593782 
 2017 , 8755.60605706964 
 2018 , 8732.45102572063 
 2019 , 8736.24479643126 
 2020 , 8764.50328562551 
 2021 , 8778.41066601269 
 2022 , 8739.16427632729 
 2023 , 8697.03010277424 
 2024 , 8701.06813000429 
 2025 , 8712.87535480328 
 2026 , 8700.39223863672 
 2027 , 8674.69415670509 
 2028 , 8648.27225270471 
 2029 , 8628.90435994749 
 2030 , 8614.60667051892 
 2031 , 8598.03083545734 
 2032 , 8588.31641856526 
 2033 , 8596.67198677231 
 2034 , 8604.69537114537 
 2035 , 8595.76606558521 
 2036 , 8584.2438684367 
 2037 , 8576.85690950112 
 2038 , 8557.43219633307 
 2039 , 8528.71074026276 
 2040 , 8515.48666255456 
 2041 , 8516.54899127772 
 2042 , 8512.73468208123 
 2043 , 8495.85058843887 
 2044 , 8466.23410797044 
 2045 , 8439.00872487258 
 2046 , 8427.21578966359 
 2047 , 8428.606511278 
 2048 , 8434.03983987005 
 2049 , 8428.10353046138 
 2050 , 8410.86490729976 
 2051 , 8396.27431074492 
 2052 , 8380.79068952937 
 2053 , 8353.78856735592 
 2054 , 8327.2709038288 
 2055 , 8317.56852678257 
 2056 , 8327.30640010358 
 2057 , 8345.22596497192 
 2058 , 8338.82325918837 
 2059 , 8306.72649332945 
 2060 , 8286.89931815776 
 2061 , 8281.96019204543 
 2062 , 8268.84037547299 
 2063 , 8249.80630191176 
 2064 , 8235.21345098134 
 2065 , 8217.93863160238 
 2066 , 8194.3973024783 
 2067 , 8181.49673326027 
 2068 , 8180.63020848289 
 2069 , 8166.74275424569 
 2070 , 8143.88996249988 
 2071 , 8140.75039052521 
 2072 , 8148.19055887988 
 2073 , 8140.89921735611 
 2074 , 8120.98671528491 
 2075 , 8100.84896843067 
 2076 , 8096.61529718281 
 2077 , 8107.59230120578 
 2078 , 8104.13375647961 
 2079 , 8079.64172403381 
 2080 , 8053.09779051281 
 2081 , 8031.92107702603 
 2082 , 8015.12741578101 
 2083 , 7998.7175390332 
 2084 , 7981.97844140577 
 2085 , 7977.98887178358 
 2086 , 7986.39364969131 
 2087 , 7978.00203839619 
 2088 , 7951.41959483337 
 2089 , 7936.2625079561 
 2090 , 7929.38395740997 
 2091 , 7910.51199782557 
 2092 , 7891.23536049982 
 2093 , 7885.24912505092 
 2094 , 7873.21217496035 
 2095 , 7846.70258868521 
 2096 , 7830.0726216527 
 2097 , 7833.74890046358 
 2098 , 7848.67738736826 
 2099 , 7863.14802844118 
 2100 , 7865.52328260842 
 2101 , 7850.96920692643 
 2102 , 7820.75814601634 
 2103 , 7787.69296013896 
 2104 , 7764.19571918748 
 2105 , 7757.34123510351 
 2106 , 7761.21620265241 
 2107 , 7758.35472432979 
 2108 , 7746.16366628506 
 2109 , 7730.90179421896 
 2110 , 7716.20343175058 
 2111 , 7703.14715014177 
 2112 , 7688.15500617797 
 2113 , 7672.04574547716 
 2114 , 7663.51938992746 
 2115 , 7658.88625617818 
 2116 , 7644.17884738281 
 2117 , 7623.31053737581 
 2118 , 7607.78404683162 
 2119 , 7598.9581534591 
 2120 , 7594.92112345384 
 2121 , 7592.94070725078 
 2122 , 7585.80597013559 
 2123 , 7561.99375980805 
 2124 , 7536.67422796615 
 2125 , 7539.80398145299 
 2126 , 7553.46495760383 
 2127 , 7547.39078076175 
 2128 , 7525.20593253353 
 2129 , 7500.08845352525 
 2130 , 7487.69728972819 
 2131 , 7484.0158059088 
 2132 , 7465.54319879782 
 2133 , 7441.31897151912 
 2134 , 7433.68998608691 
 2135 , 7421.57155614999 
 2136 , 7389.25768151145 
 2137 , 7378.14548410198 
 2138 , 7398.90318293621 
 2139 , 7401.77994801167 
 2140 , 7375.43281545574 
 2141 , 7344.82736057098 
 2142 , 7326.6198246919 
 2143 , 7326.69196942511 
 2144 , 7326.29245868278 
 2145 , 7314.39106676315 
 2146 , 7307.63530910391 
 2147 , 7309.77270198787 
 2148 , 7307.18683806316 
 2149 , 7296.00112439472 
 2150 , 7279.53438658373 
 2151 , 7264.22090399098 
 2152 , 7254.52468691935 
 2153 , 7247.06774087344 
 2154 , 7238.17346654241 
 2155 , 7225.7705438467 
 2156 , 7210.89596282501 
 2157 , 7196.16324265205 
 2158 , 7179.1747358136 
 2159 , 7159.5783348973 
 2160 , 7150.71943038433 
 2161 , 7154.91576753534 
 2162 , 7151.43175019475 
 2163 , 7138.71816599862 
 2164 , 7133.01170858706 
 2165 , 7131.02429599664 
 2166 , 7121.0020525756 
 2167 , 7098.13753627679 
 2168 , 7069.51053177344 
 2169 , 7061.65335656814 
 2170 , 7069.09404076545 
 2171 , 7053.66504801443 
 2172 , 7025.20667447473 
 2173 , 7015.52295847692 
 2174 , 7023.16425058466 
 2175 , 7033.07399114868 
 2176 , 7022.30365100451 
 2177 , 6989.79912720224 
 2178 , 6961.74744859386 
 2179 , 6953.77194950838 
 2180 , 6968.60906780609 
 2181 , 6982.84171359881 
 2182 , 6975.56503982593 
 2183 , 6954.51187999273 
 2184 , 6927.05898091683 
 2185 , 6895.18998906708 
 2186 , 6875.57427270309 
 2187 , 6886.51345662843 
 2188 , 6895.24782753464 
 2189 , 6874.06661121693 
 2190 , 6858.44350004783 
 2191 , 6864.06380728695 
 2192 , 6865.63256285204 
 2193 , 6857.01228798302 
 2194 , 6845.8377945608 
 2195 , 6825.74269611899 
 2196 , 6795.63155987303 
 2197 , 6783.34254524922 
 2198 , 6793.46283469497 
 2199 , 6792.72839070005 
 2200 , 6772.92840202092 
 2201 , 6747.30899186969 
 2202 , 6735.72261818783 
 2203 , 6745.38071602589 
 2204 , 6743.15978031885 
 2205 , 6717.72095950021 
 2206 , 6695.24706189892 
 2207 , 6679.57490700124 
 2208 , 6659.95426812306 
 2209 , 6642.79528114141 
 2210 , 6636.18873214964 
 2211 , 6636.67123382953 
 2212 , 6635.63406562505 
 2213 , 6621.96258167689 
 2214 , 6605.13453954571 
 2215 , 6600.71037084797 
 2216 , 6585.68835999281 
 2217 , 6546.18086855209 
 2218 , 6518.21906716304 
 2219 , 6513.1900471887 
 2220 , 6507.28064224907 
 2221 , 6499.17595470361 
 2222 , 6498.67962366158 
 2223 , 6500.43565773983 
 2224 , 6497.13327319352 
 2225 , 6486.45399581026 
 2226 , 6469.01231784718 
 2227 , 6448.7395205981 
 2228 , 6437.64149516317 
 2229 , 6441.93264364499 
 2230 , 6430.81621563946 
 2231 , 6393.52478297314 
 2232 , 6368.41792768995 
 2233 , 6363.03466343368 
 2234 , 6356.12853362663 
 2235 , 6344.60055703846 
 2236 , 6330.87396947947 
 2237 , 6309.49357423891 
 2238 , 6285.63248470193 
 2239 , 6280.4026987867 
 2240 , 6291.96708200401 
 2241 , 6301.61362688281 
 2242 , 6293.39221139081 
 2243 , 6265.43423240769 
 2244 , 6246.4485184499 
 2245 , 6237.7855923277 
 2246 , 6208.33905220254 
 2247 , 6171.25108606123 
 2248 , 6157.48146948286 
 2249 , 6164.04850600591 
 2250 , 6175.37463376619 
 2251 , 6169.89224360044 
 2252 , 6145.99342355301 
 2253 , 6119.79877100028 
 2254 , 6102.24387345443 
 2255 , 6096.29536680886 
 2256 , 6088.84187085277 
 2257 , 6081.66166357909 
 2258 , 6097.84566823486 
 2259 , 6118.62433941244 
 2260 , 6106.07319580004 
 2261 , 6070.1767106287 
 2262 , 6031.81122519299 
 2263 , 6003.42375664999 
 2264 , 5990.48133361464 
 2265 , 5990.77264186723 
 2266 , 5988.33672434723 
 2267 , 5969.14646283211 
 2268 , 5946.59208487033 
 2269 , 5935.17759468922 
 2270 , 5940.68978238531 
 2271 , 5943.37419892895 
 2272 , 5917.26154884916 
 2273 , 5894.22284089394 
 2274 , 5897.36928693642 
 2275 , 5891.31589541454 
 2276 , 5870.39191638491 
 2277 , 5862.91690102617 
 2278 , 5864.27908700987 
 2279 , 5857.29522269721 
 2280 , 5837.1969192121 
 2281 , 5811.91956154245 
 2282 , 5802.379722769 
 2283 , 5809.07904700435 
 2284 , 5816.02954199913 
 2285 , 5797.71508864588 
 2286 , 5753.96973576052 
 2287 , 5738.5791675354 
 2288 , 5751.12621259012 
 2289 , 5743.68411437687 
 2290 , 5729.62737806354 
 2291 , 5731.00893859599 
 2292 , 5719.89012894148 
 2293 , 5691.69305607426 
 2294 , 5678.58339150624 
 2295 , 5676.97200429702 
 2296 , 5666.89607307263 
 2297 , 5650.42542918197 
 2298 , 5635.24397269188 
 2299 , 5628.04070959119 
 2300 , 5617.19128823362 
 2301 , 5585.35039411377 
 2302 , 5559.01961148128 
 2303 , 5558.08712287832 
 2304 , 5556.24487457263 
 2305 , 5544.31742427839 
 2306 , 5533.75575254345 
 2307 , 5518.70734387113 
 2308 , 5494.25929128376 
 2309 , 5480.74412017945 
 2310 , 5479.75034687635 
 2311 , 5467.08714231588 
 2312 , 5451.13052199058 
 2313 , 5451.24434789549 
 2314 , 5455.93557293351 
 2315 , 5451.12513597195 
 2316 , 5431.34441617965 
 2317 , 5408.55230767692 
 2318 , 5400.993885924 
 2319 , 5401.37365272741 
 2320 , 5397.77291533506 
 2321 , 5384.30791292128 
 2322 , 5360.07237614341 
 2323 , 5329.45322546001 
 2324 , 5306.47257184271 
 2325 , 5301.16675000277 
 2326 , 5306.19580208759 
 2327 , 5314.19455187009 
 2328 , 5320.08387019939 
 2329 , 5317.30317027505 
 2330 , 5303.89779068536 
 2331 , 5292.2430474837 
 2332 , 5280.47996784238 
 2333 , 5250.63461160233 
 2334 , 5216.97063190398 
 2335 , 5203.31337579196 
 2336 , 5208.17830505127 
 2337 , 5214.29663647735 
 2338 , 5194.25771273695 
 2339 , 5164.30769133602 
