11-20-2017,19:42:27
Wavenumber(cm-1),Intensity
 250 , 16811.2367924616 
 251 , 16803.9974786887 
 252 , 16807.1202203513 
 253 , 16823.569477435 
 254 , 16843.2511327955 
 255 , 16855.5220852126 
 256 , 16858.2665428193 
 257 , 16855.7113091773 
 258 , 16852.4873647811 
 259 , 16854.5946614788 
 260 , 16868.4751530381 
 261 , 16896.0774810328 
 262 , 16929.0064624536 
 263 , 16957.7232290885 
 264 , 16980.4930787932 
 265 , 17003.8288327747 
 266 , 17033.4637108729 
 267 , 17065.562580058 
 268 , 17091.6296365962 
 269 , 17105.7846487947 
 270 , 17110.9261993538 
 271 , 17111.7787853174 
 272 , 17113.48853692 
 273 , 17121.8158080104 
 274 , 17142.1123860387 
 275 , 17174.1216225638 
 276 , 17213.8232854849 
 277 , 17257.3694744491 
 278 , 17302.041865422 
 279 , 17345.4526165514 
 280 , 17385.3469613088 
 281 , 17419.7310408989 
 282 , 17446.8439029765 
 283 , 17468.7174161915 
 284 , 17490.7495168062 
 285 , 17516.9909699815 
 286 , 17542.1484550096 
 287 , 17557.2668342354 
 288 , 17558.5521980221 
 289 , 17555.5672910665 
 290 , 17559.738993751 
 291 , 17574.7806076553 
 292 , 17595.6518947546 
 293 , 17617.1152455879 
 294 , 17636.2837022972 
 295 , 17651.4606414818 
 296 , 17662.4987725979 
 297 , 17674.3679874708 
 298 , 17692.9783750954 
 299 , 17718.5463632476 
 300 , 17743.2690947744 
 301 , 17759.362840942 
 302 , 17765.9939575808 
 303 , 17766.6794447975 
 304 , 17765.6040875378 
 305 , 17769.4459207147 
 306 , 17785.4455221843 
 307 , 17814.3081093487 
 308 , 17845.634660718 
 309 , 17868.8906653552 
 310 , 17887.0244144667 
 311 , 17913.0483515862 
 312 , 17956.4129483392 
 313 , 18007.53777779 
 314 , 18050.9485752786 
 315 , 18077.3230273826 
 316 , 18089.5958102646 
 317 , 18092.3117433069 
 318 , 18092.8362611466 
 319 , 18100.9628397432 
 320 , 18124.5305100376 
 321 , 18159.5122851522 
 322 , 18197.5989517814 
 323 , 18232.5885959289 
 324 , 18263.0675838818 
 325 , 18288.4554909208 
 326 , 18311.9003640186 
 327 , 18340.1354210366 
 328 , 18378.2580005947 
 329 , 18419.6566761087 
 330 , 18453.0049624197 
 331 , 18472.0336421644 
 332 , 18483.138926759 
 333 , 18494.4616169706 
 334 , 18509.1792380142 
 335 , 18525.3020921128 
 336 , 18540.8435752068 
 337 , 18555.5641746267 
 338 , 18569.9849836476 
 339 , 18584.6764353621 
 340 , 18600.3320880264 
 341 , 18617.65693152 
 342 , 18637.1157762765 
 343 , 18658.9109731308 
 344 , 18683.0308120655 
 345 , 18707.95977277 
 346 , 18731.5003636395 
 347 , 18751.4706538851 
 348 , 18765.7407867513 
 349 , 18772.338628198 
 350 , 18773.4703161556 
 351 , 18775.9881523826 
 352 , 18786.1090372968 
 353 , 18803.4134372577 
 354 , 18824.4508949286 
 355 , 18846.9378225377 
 356 , 18871.8279222123 
 357 , 18900.5582628383 
 358 , 18932.7711688876 
 359 , 18966.1401350724 
 360 , 18998.5788692583 
 361 , 19030.5017084026 
 362 , 19063.4355443527 
 363 , 19098.2513050088 
 364 , 19134.0771811004 
 365 , 19169.7276708662 
 366 , 19203.2667574138 
 367 , 19231.9709467849 
 368 , 19253.7272532099 
 369 , 19270.8687386955 
 370 , 19287.5911368288 
 371 , 19306.7765081108 
 372 , 19328.0664932729 
 373 , 19350.7834296574 
 374 , 19377.9492549622 
 375 , 19416.1859181935 
 376 , 19469.5852815434 
 377 , 19525.6499061482 
 378 , 19565.58735319 
 379 , 19580.1876723633 
 380 , 19581.4726979279 
 381 , 19583.7217483686 
 382 , 19590.4561961112 
 383 , 19595.7847456247 
 384 , 19596.18817409 
 385 , 19602.6641767106 
 386 , 19630.9924830195 
 387 , 19685.8019639923 
 388 , 19750.1491491141 
 389 , 19805.416760597 
 390 , 19844.6671501307 
 391 , 19869.8668059188 
 392 , 19884.694274031 
 393 , 19899.5974072892 
 394 , 19926.8027285613 
 395 , 19968.3060839216 
 396 , 20009.3091877507 
 397 , 20035.0156662827 
 398 , 20048.6979530577 
 399 , 20065.2442630624 
 400 , 20095.0653538411 
 401 , 20131.2638924721 
 402 , 20163.1025938459 
 403 , 20187.1034948347 
 404 , 20209.6226242465 
 405 , 20237.3864569522 
 406 , 20274.2004569843 
 407 , 20322.3384158489 
 408 , 20380.5262918779 
 409 , 20437.1524019543 
 410 , 20479.1404002362 
 411 , 20504.5703115993 
 412 , 20523.6495704706 
 413 , 20545.8238120789 
 414 , 20571.379091454 
 415 , 20596.8532627014 
 416 , 20619.4772970134 
 417 , 20638.0663603942 
 418 , 20651.8610787911 
 419 , 20663.730000138 
 420 , 20679.6135377757 
 421 , 20703.5624769329 
 422 , 20729.864043338 
 423 , 20749.8908107316 
 424 , 20761.1587409176 
 425 , 20771.5794916811 
 426 , 20789.437097316 
 427 , 20815.7837985373 
 428 , 20847.0614767026 
 429 , 20880.3977353523 
 430 , 20915.5943915703 
 431 , 20952.9733187702 
 432 , 20990.4550635638 
 433 , 21022.9685699399 
 434 , 21045.5714484792 
 435 , 21055.7329804634 
 436 , 21052.050198133 
 437 , 21038.958385165 
 438 , 21035.2202181646 
 439 , 21060.6086281967 
 440 , 21113.0977042222 
 441 , 21171.1703510085 
 442 , 21215.6566756076 
 443 , 21242.7750297166 
 444 , 21253.6597047024 
 445 , 21253.1972643027 
 446 , 21252.6199300195 
 447 , 21263.1043930865 
 448 , 21288.4574761463 
 449 , 21327.9160975249 
 450 , 21378.5746312331 
 451 , 21430.6674099037 
 452 , 21473.2674618905 
 453 , 21503.0707676097 
 454 , 21525.5250971212 
 455 , 21545.8385410306 
 456 , 21564.3988306207 
 457 , 21579.6221254753 
 458 , 21590.4625139745 
 459 , 21597.0284616867 
 460 , 21599.908671895 
 461 , 21604.5702912417 
 462 , 21620.1847019829 
 463 , 21652.2646904118 
 464 , 21691.0393839372 
 465 , 21723.0593200628 
 466 , 21744.0330008862 
 467 , 21762.0854867082 
 468 , 21785.0586025326 
 469 , 21811.4370168993 
 470 , 21835.2173402002 
 471 , 21853.3488348816 
 472 , 21870.0716869229 
 473 , 21890.5100229523 
 474 , 21916.1093709932 
 475 , 21945.1807543367 
 476 , 21975.3969556684 
 477 , 22001.9775881267 
 478 , 22019.5736708917 
 479 , 22029.6595318705 
 480 , 22043.7519922354 
 481 , 22072.0207485728 
 482 , 22105.9374841882 
 483 , 22127.37738572 
 484 , 22126.7816648864 
 485 , 22116.8535114983 
 486 , 22113.5152774667 
 487 , 22126.8848492973 
 488 , 22161.9815848147 
 489 , 22219.5321641718 
 490 , 22281.1856942857 
 491 , 22323.3840107001 
 492 , 22338.7548108401 
 493 , 22343.6673401583 
 494 , 22354.9640880507 
 495 , 22377.4659526018 
 496 , 22409.9340027856 
 497 , 22448.3246180589 
 498 , 22481.7724618807 
 499 , 22499.1242466011 
 500 , 22501.8521169984 
 501 , 22501.9355624576 
 502 , 22509.0767026873 
 503 , 22521.8883594039 
 504 , 22536.0623849955 
 505 , 22548.87835346 
 506 , 22559.7471241457 
 507 , 22568.7159174534 
 508 , 22579.4515434965 
 509 , 22597.2321367675 
 510 , 22623.6722905791 
 511 , 22652.4201412702 
 512 , 22676.5232185903 
 513 , 22695.0913866032 
 514 , 22711.6257147127 
 515 , 22729.3789589133 
 516 , 22750.3653314176 
 517 , 22776.1897105535 
 518 , 22804.6135888781 
 519 , 22829.055542741 
 520 , 22844.4694979945 
 521 , 22856.2912427878 
 522 , 22873.7531389033 
 523 , 22901.7648397281 
 524 , 22937.6655855788 
 525 , 22977.5550477827 
 526 , 23012.751903172 
 527 , 23031.8234467249 
 528 , 23029.3838930083 
 529 , 23016.6626941063 
 530 , 23007.3905170601 
 531 , 23009.6034995379 
 532 , 23026.3517424852 
 533 , 23058.9095886602 
 534 , 23101.6062966159 
 535 , 23146.8791874196 
 536 , 23186.5208324309 
 537 , 23211.4839460681 
 538 , 23215.8078912683 
 539 , 23214.9911767184 
 540 , 23233.3797741089 
 541 , 23281.2141173656 
 542 , 23341.4389174604 
 543 , 23395.0787949585 
 544 , 23436.360976236 
 545 , 23467.7167982556 
 546 , 23489.6546972531 
 547 , 23496.7841195442 
 548 , 23483.7735504205 
 549 , 23466.5732470739 
 550 , 23480.234521279 
 551 , 23548.0807550993 
 552 , 23639.7440867293 
 553 , 23711.1254988071 
 554 , 23747.5685136128 
 555 , 23771.9317943301 
 556 , 23806.0937829966 
 557 , 23849.8539426137 
 558 , 23894.2532547025 
 559 , 23932.4519000434 
 560 , 23961.4591886788 
 561 , 23979.1627663647 
 562 , 23988.1072767862 
 563 , 23993.4657436177 
 564 , 23998.7740439837 
 565 , 24003.337499075 
 566 , 24005.8549976924 
 567 , 24005.8616301449 
 568 , 24003.5456620318 
 569 , 24000.035671269 
 570 , 23999.7774696275 
 571 , 24007.7881142119 
 572 , 24024.6483369924 
 573 , 24046.2432566101 
 574 , 24069.0772992101 
 575 , 24093.9291429144 
 576 , 24122.7997552672 
 577 , 24151.6825606703 
 578 , 24168.0575870561 
 579 , 24162.1665811866 
 580 , 24148.3829109249 
 581 , 24151.3603856272 
 582 , 24181.0325928294 
 583 , 24219.5149587577 
 584 , 24247.552338298 
 585 , 24262.9474792383 
 586 , 24273.2948740517 
 587 , 24283.631493719 
 588 , 24292.3127705221 
 589 , 24297.0247727325 
 590 , 24300.5615568145 
 591 , 24309.5320749509 
 592 , 24325.613229961 
 593 , 24333.8866185511 
 594 , 24317.2256695267 
 595 , 24284.1984920093 
 596 , 24267.8902852664 
 597 , 24292.6855534886 
 598 , 24341.0082794692 
 599 , 24384.4260246101 
 600 , 24411.3177201239 
 601 , 24430.2660423197 
 602 , 24449.4646339338 
 603 , 24468.1879960585 
 604 , 24482.6885285737 
 605 , 24494.2680829292 
 606 , 24511.7927546879 
 607 , 24543.1744437108 
 608 , 24584.9320049613 
 609 , 24628.605012542 
 610 , 24669.0791387286 
 611 , 24707.4640033251 
 612 , 24745.5926069103 
 613 , 24785.7676075157 
 614 , 24830.5303203332 
 615 , 24878.7757431041 
 616 , 24921.1419706178 
 617 , 24948.3954718567 
 618 , 24966.3403665555 
 619 , 24990.6401272137 
 620 , 25030.5751209376 
 621 , 25077.4111040373 
 622 , 25119.8142455842 
 623 , 25153.6019361456 
 624 , 25180.174498494 
 625 , 25201.3738028591 
 626 , 25220.0116946683 
 627 , 25238.988783609 
 628 , 25259.0107634373 
 629 , 25278.7752460453 
 630 , 25296.7635765125 
 631 , 25310.8975544675 
 632 , 25319.0756411096 
 633 , 25322.1070216396 
 634 , 25323.8790992751 
 635 , 25327.9487955033 
 636 , 25335.6680657931 
 637 , 25347.7029349912 
 638 , 25363.0358161521 
 639 , 25378.6174012487 
 640 , 25392.2243849437 
 641 , 25406.6841568491 
 642 , 25426.4365529768 
 643 , 25453.1494664439 
 644 , 25484.719159196 
 645 , 25518.0924498001 
 646 , 25546.0812162252 
 647 , 25560.1104105683 
 648 , 25561.0905663099 
 649 , 25564.2989145294 
 650 , 25582.5452388707 
 651 , 25603.5319658444 
 652 , 25604.6726804561 
 653 , 25580.6299509943 
 654 , 25554.8438293445 
 655 , 25550.3455475154 
 656 , 25566.3251405783 
 657 , 25591.0299448175 
 658 , 25614.6290924572 
 659 , 25630.8706876995 
 660 , 25635.4195966926 
 661 , 25636.7863670195 
 662 , 25649.7918555819 
 663 , 25680.5228544711 
 664 , 25718.0512465582 
 665 , 25750.6888481433 
 666 , 25777.4550583954 
 667 , 25803.0211518862 
 668 , 25829.8757971297 
 669 , 25855.9273334309 
 670 , 25878.7349338263 
 671 , 25897.8892668265 
 672 , 25914.1193851179 
 673 , 25929.8207604089 
 674 , 25950.9287177418 
 675 , 25982.9539101269 
 676 , 26022.5955592077 
 677 , 26061.4899647856 
 678 , 26092.9764110806 
 679 , 26114.2798399613 
 680 , 26124.0929304145 
 681 , 26130.87097842 
 682 , 26148.7733453277 
 683 , 26184.1045858002 
 684 , 26225.4348679102 
 685 , 26260.0630360024 
 686 , 26287.0808435167 
 687 , 26312.5421074713 
 688 , 26336.4883889164 
 689 , 26345.2902503904 
 690 , 26326.0550141558 
 691 , 26292.6512321191 
 692 , 26274.6532301197 
 693 , 26287.4921502117 
 694 , 26314.8714238359 
 695 , 26338.0633457535 
 696 , 26356.643674399 
 697 , 26380.7476824894 
 698 , 26415.5146910207 
 699 , 26455.0471604785 
 700 , 26491.9277738422 
 701 , 26517.907478298 
 702 , 26524.323958915 
 703 , 26510.5779218763 
 704 , 26492.7605069745 
 705 , 26486.8586604335 
 706 , 26489.0561397569 
 707 , 26485.010206374 
 708 , 26468.0793688326 
 709 , 26446.9171429121 
 710 , 26431.7478103296 
 711 , 26431.043811971 
 712 , 26452.3008138748 
 713 , 26493.6101922386 
 714 , 26535.828766181 
 715 , 26560.2762315383 
 716 , 26566.1759227134 
 717 , 26561.11049152 
 718 , 26552.0712337764 
 719 , 26544.9676120788 
 720 , 26545.1321859154 
 721 , 26554.5902763966 
 722 , 26573.8984226157 
 723 , 26600.3325670675 
 724 , 26626.1094226426 
 725 , 26643.9706570257 
 726 , 26652.6356839346 
 727 , 26653.1275650895 
 728 , 26646.5871806104 
 729 , 26634.3126551906 
 730 , 26618.8559682776 
 731 , 26609.5838356732 
 732 , 26618.0020271945 
 733 , 26649.1137876206 
 734 , 26699.8648194317 
 735 , 26764.8300912163 
 736 , 26829.6812070971 
 737 , 26877.8424650281 
 738 , 26903.5164416353 
 739 , 26912.6469140749 
 740 , 26911.5522281955 
 741 , 26905.6617273636 
 742 , 26900.4064538928 
 743 , 26905.9767077062 
 744 , 26937.063703226 
 745 , 26998.6877391235 
 746 , 27061.9707508043 
 747 , 27092.7447478765 
 748 , 27089.2084809256 
 749 , 27075.7927827214 
 750 , 27070.934700401 
 751 , 27073.6863507199 
 752 , 27079.9688852738 
 753 , 27089.8378458716 
 754 , 27106.17109851 
 755 , 27129.2801540381 
 756 , 27153.2546357933 
 757 , 27171.6770964657 
 758 , 27182.034477628 
 759 , 27184.0612640097 
 760 , 27180.4752493732 
 761 , 27179.7481960961 
 762 , 27189.161748747 
 763 , 27201.7131256171 
 764 , 27203.9254463 
 765 , 27192.927508202 
 766 , 27182.6888433537 
 767 , 27185.4036984663 
 768 , 27193.6353218058 
 769 , 27193.053097886 
 770 , 27184.5791297469 
 771 , 27188.6171612025 
 772 , 27219.2445979588 
 773 , 27255.1485825645 
 774 , 27265.8972317347 
 775 , 27249.2002197676 
 776 , 27231.4447572214 
 777 , 27232.664960047 
 778 , 27245.5837216476 
 779 , 27257.4130863993 
 780 , 27264.7459111497 
 781 , 27271.7085636229 
 782 , 27280.4714990832 
 783 , 27287.3166496653 
 784 , 27288.1515027482 
 785 , 27285.7118813396 
 786 , 27286.9668599982 
 787 , 27295.5529703063 
 788 , 27308.1220597561 
 789 , 27321.1648763645 
 790 , 27336.6715969315 
 791 , 27359.1939524043 
 792 , 27390.7258929739 
 793 , 27429.2638063705 
 794 , 27471.5373715712 
 795 , 27509.071103249 
 796 , 27531.8673582962 
 797 , 27539.3091264333 
 798 , 27541.7372074194 
 799 , 27547.6903134948 
 800 , 27555.912584912 
 801 , 27562.8098434545 
 802 , 27567.2628471268 
 803 , 27570.3070535532 
 804 , 27575.4890186924 
 805 , 27593.3577299166 
 806 , 27634.0274557769 
 807 , 27688.3709145887 
 808 , 27735.049320108 
 809 , 27759.5711416488 
 810 , 27761.8197117309 
 811 , 27744.6856077271 
 812 , 27720.5119852931 
 813 , 27705.7903944007 
 814 , 27708.9157812857 
 815 , 27726.4743597344 
 816 , 27753.4823672888 
 817 , 27781.7163013445 
 818 , 27802.035814807 
 819 , 27807.9017290637 
 820 , 27795.4653552609 
 821 , 27765.3648126201 
 822 , 27733.0855708279 
 823 , 27716.0563675656 
 824 , 27715.0599532472 
 825 , 27718.8033287713 
 826 , 27719.1591624604 
 827 , 27715.8594439292 
 828 , 27710.2091168504 
 829 , 27707.5267922531 
 830 , 27715.0364547483 
 831 , 27734.2589836688 
 832 , 27757.8552839053 
 833 , 27778.2673702653 
 834 , 27790.8178682998 
 835 , 27791.9900001377 
 836 , 27783.5457862134 
 837 , 27772.8015992965 
 838 , 27764.9805543503 
 839 , 27757.3233418675 
 840 , 27745.5556260653 
 841 , 27727.6847317432 
 842 , 27703.3510040976 
 843 , 27675.967155005 
 844 , 27657.0567640101 
 845 , 27657.1762358778 
 846 , 27671.3353691588 
 847 , 27687.5092024382 
 848 , 27700.7971871195 
 849 , 27716.3951055335 
 850 , 27736.5310174941 
 851 , 27746.1254260341 
 852 , 27726.4081993695 
 853 , 27684.8895022282 
 854 , 27653.1780456504 
 855 , 27652.2792466984 
 856 , 27670.6706746706 
 857 , 27692.2503950632 
 858 , 27712.5435690358 
 859 , 27733.8744517716 
 860 , 27756.2877531494 
 861 , 27775.6839487776 
 862 , 27789.3283879084 
 863 , 27804.8902839772 
 864 , 27833.3291436541 
 865 , 27872.6760730258 
 866 , 27906.753085724 
 867 , 27923.4609137764 
 868 , 27927.071064887 
 869 , 27925.5238570403 
 870 , 27929.1092388947 
 871 , 27949.6656094805 
 872 , 27990.9668511174 
 873 , 28040.4888905062 
 874 , 28086.7056712524 
 875 , 28137.9090396743 
 876 , 28210.1153839253 
 877 , 28304.9303992809 
 878 , 28406.397980845 
 879 , 28498.5147998233 
 880 , 28569.0879088365 
 881 , 28608.3054098698 
 882 , 28627.0952369272 
 883 , 28651.5071656143 
 884 , 28688.5304963701 
 885 , 28703.7406581429 
 886 , 28664.1372612763 
 887 , 28584.1686145852 
 888 , 28498.1303678073 
 889 , 28422.1606115489 
 890 , 28349.6881067501 
 891 , 28275.5706935734 
 892 , 28205.4788702299 
 893 , 28147.2964668726 
 894 , 28104.0999416129 
 895 , 28075.4490303824 
 896 , 28058.5628949765 
 897 , 28045.9567801464 
 898 , 28029.6647079141 
 899 , 28002.4284332767 
 900 , 27957.7683849268 
 901 , 27904.5839392686 
 902 , 27869.8959432161 
 903 , 27870.9725051712 
 904 , 27887.3394543751 
 905 , 27892.3152565187 
 906 , 27884.0290717854 
 907 , 27877.103275152 
 908 , 27879.4060674948 
 909 , 27885.6214525885 
 910 , 27888.9405766015 
 911 , 27882.2735986171 
 912 , 27859.0177222165 
 913 , 27826.896416355 
 914 , 27808.404188206 
 915 , 27817.046018194 
 916 , 27837.7537388787 
 917 , 27851.7997511319 
 918 , 27855.9737930034 
 919 , 27855.7888613172 
 920 , 27855.4266685996 
 921 , 27856.8511088525 
 922 , 27860.3615603675 
 923 , 27859.4149796725 
 924 , 27846.4026438501 
 925 , 27829.316131682 
 926 , 27829.122808508 
 927 , 27853.4203748209 
 928 , 27878.0849756053 
 929 , 27878.7768937809 
 930 , 27861.5198923518 
 931 , 27845.170893106 
 932 , 27835.112297108 
 933 , 27820.5522047057 
 934 , 27794.2772216702 
 935 , 27764.4463459174 
 936 , 27742.008754137 
 937 , 27732.7170990042 
 938 , 27739.0261786462 
 939 , 27759.0504319567 
 940 , 27783.729734842 
 941 , 27803.3838648542 
 942 , 27808.6396152454 
 943 , 27791.277369184 
 944 , 27761.7434837163 
 945 , 27746.3883726825 
 946 , 27758.7910582481 
 947 , 27781.9799599628 
 948 , 27797.5037699115 
 949 , 27806.3374630042 
 950 , 27817.5563801245 
 951 , 27836.2382489148 
 952 , 27862.8859769899 
 953 , 27895.4922760459 
 954 , 27925.0043126661 
 955 , 27941.8149257994 
 956 , 27944.2021395181 
 957 , 27934.8848871447 
 958 , 27917.1848563765 
 959 , 27895.2374908705 
 960 , 27872.3862842988 
 961 , 27848.4371653205 
 962 , 27822.5562182531 
 963 , 27797.5839550072 
 964 , 27778.9710918628 
 965 , 27769.7683587608 
 966 , 27768.4552909641 
 967 , 27772.5250942337 
 968 , 27776.8754071182 
 969 , 27775.9511044924 
 970 , 27771.7755178775 
 971 , 27773.0626153937 
 972 , 27784.1691432855 
 973 , 27798.8899033352 
 974 , 27810.8515359282 
 975 , 27822.432657116 
 976 , 27839.3589507256 
 977 , 27861.3756037985 
 978 , 27881.8653735925 
 979 , 27893.9517179959 
 980 , 27890.892179878 
 981 , 27868.8482539165 
 982 , 27847.4737653235 
 983 , 27857.104737903 
 984 , 27900.9820602145 
 985 , 27948.6659528001 
 986 , 27977.0348248228 
 987 , 27993.782098887 
 988 , 28011.3186656244 
 989 , 28026.7322294822 
 990 , 28028.7837312935 
 991 , 28019.871565393 
 992 , 28021.7411656542 
 993 , 28050.2751699029 
 994 , 28093.9569228551 
 995 , 28135.9917666327 
 996 , 28172.3041215005 
 997 , 28206.889340315 
 998 , 28248.124780498 
 999 , 28311.0229463307 
 1000 , 28408.9916740748 
 1001 , 28546.3912537196 
 1002 , 28724.7254630515 
 1003 , 28939.0907644937 
 1004 , 29179.9110163707 
 1005 , 29415.3688264348 
 1006 , 29576.4811449665 
 1007 , 29604.9994947635 
 1008 , 29506.3885750132 
 1009 , 29304.4864275188 
 1010 , 29031.531106504 
 1011 , 28725.8641578438 
 1012 , 28430.0128173122 
 1013 , 28193.6179691272 
 1014 , 28053.0933860432 
 1015 , 27980.0936232638 
 1016 , 27929.6959526756 
 1017 , 27888.0697413579 
 1018 , 27864.3291558989 
 1019 , 27861.973824433 
 1020 , 27873.5085591706 
 1021 , 27890.245058571 
 1022 , 27903.2407313354 
 1023 , 27903.905235703 
 1024 , 27889.6534571954 
 1025 , 27862.4203978924 
 1026 , 27831.5690060218 
 1027 , 27819.3974070457 
 1028 , 27842.3836646479 
 1029 , 27884.3292012636 
 1030 , 27921.0863556583 
 1031 , 27947.2823744388 
 1032 , 27970.9630551315 
 1033 , 27996.5856286711 
 1034 , 28022.0167279936 
 1035 , 28045.7395991946 
 1036 , 28071.6804877799 
 1037 , 28103.7398716879 
 1038 , 28127.1768009418 
 1039 , 28114.983641951 
 1040 , 28062.917267193 
 1041 , 28003.2312923739 
 1042 , 27964.0863524567 
 1043 , 27944.485780863 
 1044 , 27936.0928302332 
 1045 , 27929.5304061101 
 1046 , 27914.9929305972 
 1047 , 27893.5447214152 
 1048 , 27881.948683947 
 1049 , 27892.4273769394 
 1050 , 27916.8182111433 
 1051 , 27942.812844299 
 1052 , 27961.5261343956 
 1053 , 27966.1944741504 
 1054 , 27958.4859316813 
 1055 , 27950.8148472827 
 1056 , 27953.1099513173 
 1057 , 27965.568250975 
 1058 , 27984.8905763029 
 1059 , 27994.64454502 
 1060 , 27972.9846474328 
 1061 , 27922.2678423294 
 1062 , 27871.5389239536 
 1063 , 27838.672452375 
 1064 , 27809.3443901466 
 1065 , 27769.6729035116 
 1066 , 27741.8681963807 
 1067 , 27760.1526137739 
 1068 , 27809.5099072234 
 1069 , 27829.5080683227 
 1070 , 27789.3754893581 
 1071 , 27724.3728572878 
 1072 , 27673.3000277028 
 1073 , 27649.9801730839 
 1074 , 27658.6628705702 
 1075 , 27681.8798332606 
 1076 , 27686.0262510097 
 1077 , 27658.0189099849 
 1078 , 27620.0813404913 
 1079 , 27595.4610230218 
 1080 , 27597.8361125317 
 1081 , 27635.6622778518 
 1082 , 27687.807491137 
 1083 , 27716.050612896 
 1084 , 27706.9917487084 
 1085 , 27680.3974785644 
 1086 , 27654.5265061059 
 1087 , 27636.1248618288 
 1088 , 27628.5167213454 
 1089 , 27625.6271559573 
 1090 , 27617.4402831979 
 1091 , 27602.3704335695 
 1092 , 27587.388017286 
 1093 , 27575.4210622557 
 1094 , 27559.4478304114 
 1095 , 27532.0719917584 
 1096 , 27491.198163807 
 1097 , 27437.2533582057 
 1098 , 27381.5340598685 
 1099 , 27343.3456499665 
 1100 , 27326.8162643851 
 1101 , 27310.8698463269 
 1102 , 27279.9767934766 
 1103 , 27248.3025969953 
 1104 , 27233.1409417916 
 1105 , 27215.6374136429 
 1106 , 27158.537587448 
 1107 , 27066.3255360776 
 1108 , 26992.7129092454 
 1109 , 26971.0314866007 
 1110 , 26974.8209878802 
 1111 , 26973.3643392725 
 1112 , 26967.9247629347 
 1113 , 26970.9423851259 
 1114 , 26980.3808891199 
 1115 , 26982.3172409128 
 1116 , 26967.2153030188 
 1117 , 26933.8319498674 
 1118 , 26884.686546254 
 1119 , 26833.8666081049 
 1120 , 26796.7152632138 
 1121 , 26773.1670193939 
 1122 , 26754.7169609181 
 1123 , 26737.7732640329 
 1124 , 26724.623962409 
 1125 , 26716.6500580794 
 1126 , 26712.1001366221 
 1127 , 26708.4093135092 
 1128 , 26701.110056866 
 1129 , 26685.4100467794 
 1130 , 26661.9362956688 
 1131 , 26635.5019728372 
 1132 , 26610.650815516 
 1133 , 26591.3193945494 
 1134 , 26578.5743623493 
 1135 , 26563.6096035198 
 1136 , 26537.5010410817 
 1137 , 26508.0660991839 
 1138 , 26490.8660155909 
 1139 , 26490.940403608 
 1140 , 26502.5785555758 
 1141 , 26517.6302255088 
 1142 , 26523.8219896071 
 1143 , 26511.9880880487 
 1144 , 26489.8799238141 
 1145 , 26469.2838450691 
 1146 , 26452.0493966463 
 1147 , 26433.8599228647 
 1148 , 26412.1911132572 
 1149 , 26386.9222634684 
 1150 , 26360.8682252364 
 1151 , 26344.2045396184 
 1152 , 26344.090646274 
 1153 , 26342.8372399757 
 1154 , 26316.1124005503 
 1155 , 26274.9588478183 
 1156 , 26256.8394480277 
 1157 , 26277.3707084964 
 1158 , 26317.9621438146 
 1159 , 26357.0193526321 
 1160 , 26372.5018330817 
 1161 , 26346.9177840608 
 1162 , 26295.571042844 
 1163 , 26246.9787016697 
 1164 , 26212.8093627131 
 1165 , 26189.9733091956 
 1166 , 26174.9555206031 
 1167 , 26164.3635402785 
 1168 , 26155.5413804095 
 1169 , 26148.4669578801 
 1170 , 26143.2133199572 
 1171 , 26135.7970104204 
 1172 , 26120.3251264515 
 1173 , 26091.9353284461 
 1174 , 26046.8473706235 
 1175 , 25990.3008239458 
 1176 , 25944.5063194052 
 1177 , 25926.3383740509 
 1178 , 25924.2060059103 
 1179 , 25920.8584777052 
 1180 , 25910.775520395 
 1181 , 25894.7219036366 
 1182 , 25879.5907234845 
 1183 , 25878.2699682377 
 1184 , 25889.9451095099 
 1185 , 25886.4177481486 
 1186 , 25845.4249494044 
 1187 , 25781.5974182924 
 1188 , 25718.7359132619 
 1189 , 25679.2256026216 
 1190 , 25683.1864781222 
 1191 , 25715.2995103233 
 1192 , 25724.8922390238 
 1193 , 25685.6909445486 
 1194 , 25621.6415331279 
 1195 , 25559.5653706722 
 1196 , 25514.9960887272 
 1197 , 25498.5560821483 
 1198 , 25502.926808785 
 1199 , 25512.3660381486 
 1200 , 25522.7868003035 
 1201 , 25541.1975067741 
 1202 , 25562.991502654 
 1203 , 25561.6255708824 
 1204 , 25518.7190382321 
 1205 , 25453.9291755762 
 1206 , 25393.5624074896 
 1207 , 25348.9729428394 
 1208 , 25324.1431375868 
 1209 , 25313.525625079 
 1210 , 25303.3758706797 
 1211 , 25284.527892156 
 1212 , 25255.7232752885 
 1213 , 25217.4988134383 
 1214 , 25173.7794890684 
 1215 , 25129.2046237551 
 1216 , 25088.6995876896 
 1217 , 25057.7178502206 
 1218 , 25047.7393080962 
 1219 , 25074.076741597 
 1220 , 25119.2419629098 
 1221 , 25119.9526134474 
 1222 , 25040.6817079593 
 1223 , 24928.0995526024 
 1224 , 24836.2054727983 
 1225 , 24787.1060652353 
 1226 , 24789.6218175652 
 1227 , 24820.9217990729 
 1228 , 24839.1560248014 
 1229 , 24823.4912706824 
 1230 , 24777.4232589863 
 1231 , 24712.4183250748 
 1232 , 24653.8975740191 
 1233 , 24621.7594476857 
 1234 , 24606.3347520429 
 1235 , 24591.6973057724 
 1236 , 24572.1088632932 
 1237 , 24546.9913458289 
 1238 , 24519.2658327061 
 1239 , 24494.8984623684 
 1240 , 24477.2588868445 
 1241 , 24465.3800189653 
 1242 , 24455.2015943096 
 1243 , 24434.5912428829 
 1244 , 24393.4622642306 
 1245 , 24342.3139933363 
 1246 , 24298.09255825 
 1247 , 24266.1337497692 
 1248 , 24244.0435779798 
 1249 , 24228.3673899887 
 1250 , 24214.5720960024 
 1251 , 24199.4330428871 
 1252 , 24182.6227275805 
 1253 , 24163.9341418271 
 1254 , 24142.1768328069 
 1255 , 24116.4645486852 
 1256 , 24090.1417144604 
 1257 , 24068.2354552025 
 1258 , 24050.9932049101 
 1259 , 24034.7258567081 
 1260 , 24017.3264881628 
 1261 , 23999.15725733 
 1262 , 23980.9713386308 
 1263 , 23964.035320598 
 1264 , 23949.1706551199 
 1265 , 23934.6279867258 
 1266 , 23918.6684842221 
 1267 , 23907.0806246209 
 1268 , 23908.9514690025 
 1269 , 23914.909551312 
 1270 , 23898.08958473 
 1271 , 23853.1520970095 
 1272 , 23811.772903153 
 1273 , 23797.6420104926 
 1274 , 23800.2993939022 
 1275 , 23803.5385025941 
 1276 , 23794.2959645988 
 1277 , 23762.2510066675 
 1278 , 23714.9485699285 
 1279 , 23670.4496749681 
 1280 , 23638.7294583347 
 1281 , 23621.177250739 
 1282 , 23616.0860907355 
 1283 , 23616.9599877933 
 1284 , 23618.7396239667 
 1285 , 23622.41676528 
 1286 , 23628.8194642894 
 1287 , 23631.0564310576 
 1288 , 23620.1960353022 
 1289 , 23595.0533236057 
 1290 , 23559.2110244372 
 1291 , 23515.5176633801 
 1292 , 23466.0079845589 
 1293 , 23414.9910490612 
 1294 , 23370.8398533166 
 1295 , 23339.6914155075 
 1296 , 23319.59709889 
 1297 , 23306.04562523 
 1298 , 23288.9118353279 
 1299 , 23257.6356115386 
 1300 , 23216.7911193545 
 1301 , 23179.6170850401 
 1302 , 23154.7712466836 
 1303 , 23146.180004071 
 1304 , 23147.3374358775 
 1305 , 23135.2113565372 
 1306 , 23097.0473106608 
 1307 , 23052.4097700902 
 1308 , 23020.7273328691 
 1309 , 22994.3100795995 
 1310 , 22958.7298679026 
 1311 , 22911.9134944793 
 1312 , 22858.4156141913 
 1313 , 22807.418635921 
 1314 , 22771.7881955586 
 1315 , 22755.4890313582 
 1316 , 22750.0166751208 
 1317 , 22746.0559574786 
 1318 , 22734.5253513163 
 1319 , 22710.9195466973 
 1320 , 22688.4931919165 
 1321 , 22681.6663219844 
 1322 , 22683.1951501337 
 1323 , 22678.0187328882 
 1324 , 22666.6923607344 
 1325 , 22659.9509887539 
 1326 , 22653.1162033985 
 1327 , 22624.4902324468 
 1328 , 22569.9868592416 
 1329 , 22518.3382559416 
 1330 , 22490.4660954009 
 1331 , 22474.5101302483 
 1332 , 22455.7258886432 
 1333 , 22434.7603716828 
 1334 , 22416.1448481904 
 1335 , 22396.6388957816 
 1336 , 22369.7747817961 
 1337 , 22341.6480702833 
 1338 , 22328.1885490243 
 1339 , 22326.5281236222 
 1340 , 22309.2264996041 
 1341 , 22266.3078657412 
 1342 , 22227.1297369562 
 1343 , 22213.8229170513 
 1344 , 22207.7775638598 
 1345 , 22187.2069787257 
 1346 , 22160.8415848921 
 1347 , 22146.0632325567 
 1348 , 22140.3244155895 
 1349 , 22130.2848751584 
 1350 , 22111.049624514 
 1351 , 22085.307443956 
 1352 , 22056.6954915772 
 1353 , 22029.76894442 
 1354 , 22004.8140765082 
 1355 , 21972.8046683723 
 1356 , 21926.6288454423 
 1357 , 21869.9746496103 
 1358 , 21807.8783471715 
 1359 , 21739.7698805963 
 1360 , 21664.5696696743 
 1361 , 21595.2927789841 
 1362 , 21551.6332071701 
 1363 , 21532.4207169317 
 1364 , 21518.7836735458 
 1365 , 21502.0456463497 
 1366 , 21487.5759459941 
 1367 , 21475.5789048053 
 1368 , 21453.971911541 
 1369 , 21415.5704940544 
 1370 , 21373.3369735347 
 1371 , 21340.3760732447 
 1372 , 21310.3459073031 
 1373 , 21273.2494339082 
 1374 , 21239.8435045882 
 1375 , 21229.2291045715 
 1376 , 21232.5958201672 
 1377 , 21220.8267767287 
 1378 , 21186.1817591799 
 1379 , 21145.4954729436 
 1380 , 21108.167121382 
 1381 , 21068.7766890525 
 1382 , 21022.8918669845 
 1383 , 20972.3409185705 
 1384 , 20920.7884315489 
 1385 , 20875.2846676403 
 1386 , 20841.5796454614 
 1387 , 20811.6707709539 
 1388 , 20773.030111156 
 1389 , 20722.2874749238 
 1390 , 20662.1094344964 
 1391 , 20606.0430199811 
 1392 , 20576.5876954142 
 1393 , 20575.210698949 
 1394 , 20575.8723594711 
 1395 , 20560.6651086834 
 1396 , 20530.7088049148 
 1397 , 20489.7459930208 
 1398 , 20442.9013018524 
 1399 , 20395.745443438 
 1400 , 20354.727719609 
 1401 , 20325.8387425417 
 1402 , 20310.2793207747 
 1403 , 20306.2753494987 
 1404 , 20301.3890163022 
 1405 , 20277.5468228276 
 1406 , 20234.5753345127 
 1407 , 20188.4378074515 
 1408 , 20156.4632789743 
 1409 , 20156.8127450481 
 1410 , 20187.1370618227 
 1411 , 20206.67756508 
 1412 , 20185.2927252644 
 1413 , 20133.5764280891 
 1414 , 20071.116573255 
 1415 , 20025.9735932031 
 1416 , 20021.6969167784 
 1417 , 20040.3136399425 
 1418 , 20050.1454830917 
 1419 , 20040.6175427986 
 1420 , 20013.1634040382 
 1421 , 19972.9880244805 
 1422 , 19928.0340143794 
 1423 , 19881.8241388038 
 1424 , 19832.9131424439 
 1425 , 19784.717535162 
 1426 , 19748.7562401632 
 1427 , 19730.6763792101 
 1428 , 19721.2076047065 
 1429 , 19710.1405878051 
 1430 , 19690.9173062113 
 1431 , 19659.7523499045 
 1432 , 19622.6077509509 
 1433 , 19587.2389379306 
 1434 , 19553.307171872 
 1435 , 19517.5114785518 
 1436 , 19482.4992432335 
 1437 , 19454.0871757551 
 1438 , 19429.6607212856 
 1439 , 19399.653127404 
 1440 , 19362.9639190765 
 1441 , 19328.6793824578 
 1442 , 19303.3175808924 
 1443 , 19288.2548043189 
 1444 , 19282.1388761361 
 1445 , 19278.4939641272 
 1446 , 19272.5754641342 
 1447 , 19267.4722033338 
 1448 , 19265.6470919941 
 1449 , 19259.4834883635 
 1450 , 19241.1169498121 
 1451 , 19220.1087936943 
 1452 , 19212.2846501543 
 1453 , 19225.8239570003 
 1454 , 19263.1403316127 
 1455 , 19304.8776795774 
 1456 , 19316.2291231941 
 1457 , 19290.2043538631 
 1458 , 19248.8704403969 
 1459 , 19210.4323820584 
 1460 , 19185.7006572229 
 1461 , 19169.3928239583 
 1462 , 19126.9216178452 
 1463 , 19041.2337614985 
 1464 , 18948.9268867631 
 1465 , 18883.5245209316 
 1466 , 18837.0718406695 
 1467 , 18793.9504041282 
 1468 , 18746.4572915209 
 1469 , 18689.9639824712 
 1470 , 18624.159817951 
 1471 , 18551.6802123467 
 1472 , 18486.2066518262 
 1473 , 18446.3114241023 
 1474 , 18429.7872852856 
 1475 , 18418.9017719338 
 1476 , 18402.9150840054 
 1477 , 18378.603224929 
 1478 , 18347.6804807221 
 1479 , 18317.8734098755 
 1480 , 18291.880134902 
 1481 , 18262.9743830786 
 1482 , 18228.3203606365 
 1483 , 18196.2045347916 
 1484 , 18172.9340661534 
 1485 , 18153.9104692096 
 1486 , 18134.3089054883 
 1487 , 18117.0674679241 
 1488 , 18106.2879792576 
 1489 , 18101.2867852051 
 1490 , 18099.022811243 
 1491 , 18091.1878534819 
 1492 , 18068.3164940904 
 1493 , 18034.4055168802 
 1494 , 18001.123799311 
 1495 , 17973.5908544326 
 1496 , 17951.6142791262 
 1497 , 17931.7582441861 
 1498 , 17907.5868421168 
 1499 , 17876.1300183574 
 1500 , 17838.983959029 
 1501 , 17796.5847079237 
 1502 , 17747.036861361 
 1503 , 17695.7846418808 
 1504 , 17664.097329476 
 1505 , 17662.4914147477 
 1506 , 17666.916289819 
 1507 , 17655.2668482858 
 1508 , 17632.8038828857 
 1509 , 17608.7251819041 
 1510 , 17582.5412738338 
 1511 , 17551.2946328986 
 1512 , 17513.9640816799 
 1513 , 17470.1345785587 
 1514 , 17418.477154024 
 1515 , 17358.8405172546 
 1516 , 17308.1685273824 
 1517 , 17291.3100380556 
 1518 , 17298.6506229463 
 1519 , 17295.7877062682 
 1520 , 17274.4405201531 
 1521 , 17251.0001258856 
 1522 , 17229.1258891305 
 1523 , 17196.7471088307 
 1524 , 17152.0926439072 
 1525 , 17109.4584090134 
 1526 , 17075.9335590475 
 1527 , 17043.4735561334 
 1528 , 17007.9006401468 
 1529 , 16977.1666138409 
 1530 , 16958.5719070594 
 1531 , 16953.0278729731 
 1532 , 16957.6905828039 
 1533 , 16960.4356124708 
 1534 , 16950.7122182266 
 1535 , 16933.8306120331 
 1536 , 16917.8194658143 
 1537 , 16901.6192506107 
 1538 , 16881.6238866654 
 1539 , 16858.2416134526 
 1540 , 16833.253384335 
 1541 , 16805.4754010207 
 1542 , 16772.2723932059 
 1543 , 16732.1082105052 
 1544 , 16685.0067415162 
 1545 , 16643.690725372 
 1546 , 16629.234502235 
 1547 , 16635.8131252502 
 1548 , 16633.4833483094 
 1549 , 16615.1767009518 
 1550 , 16599.6238616898 
 1551 , 16589.3925364682 
 1552 , 16564.3177069479 
 1553 , 16523.8137156222 
 1554 , 16500.3927403302 
 1555 , 16508.6994688355 
 1556 , 16524.3058139245 
 1557 , 16526.6092529625 
 1558 , 16513.356660777 
 1559 , 16486.3869847489 
 1560 , 16451.8159607576 
 1561 , 16416.4208261405 
 1562 , 16386.804785373 
 1563 , 16367.7119768514 
 1564 , 16356.7630389621 
 1565 , 16349.2066104422 
 1566 , 16337.32274612 
 1567 , 16315.1778266283 
 1568 , 16291.7734174393 
 1569 , 16279.3338586079 
 1570 , 16276.6267089597 
 1571 , 16276.5457333521 
 1572 , 16269.4850835914 
 1573 , 16246.3606608575 
 1574 , 16215.084926103 
 1575 , 16191.7195887616 
 1576 , 16174.3147846997 
 1577 , 16149.9035272413 
 1578 , 16119.2045134155 
 1579 , 16093.3594162016 
 1580 , 16080.5256281563 
 1581 , 16085.3066650401 
 1582 , 16095.9126420604 
 1583 , 16084.9706780813 
 1584 , 16049.5080051624 
 1585 , 16015.1473798194 
 1586 , 15994.5058110025 
 1587 , 15980.9323931986 
 1588 , 15964.6005634624 
 1589 , 15933.0956391569 
 1590 , 15890.47365461 
 1591 , 15869.1333670649 
 1592 , 15878.5649130413 
 1593 , 15878.3406279387 
 1594 , 15843.7242871466 
 1595 , 15797.4560108477 
 1596 , 15761.4061028263 
 1597 , 15739.2137145518 
 1598 , 15728.9140715683 
 1599 , 15720.5861858435 
 1600 , 15708.0230809813 
 1601 , 15701.6976504412 
 1602 , 15709.629583252 
 1603 , 15718.2932260648 
 1604 , 15714.4220244784 
 1605 , 15706.594266892 
 1606 , 15706.1862753602 
 1607 , 15710.859673484 
 1608 , 15711.7695421829 
 1609 , 15686.9632752849 
 1610 , 15619.048675581 
 1611 , 15543.8516529282 
 1612 , 15507.3102005446 
 1613 , 15490.9736539487 
 1614 , 15455.7122026871 
 1615 , 15406.5056863156 
 1616 , 15365.2050392843 
 1617 , 15325.8554864204 
 1618 , 15271.6076117461 
 1619 , 15215.4758116927 
 1620 , 15183.7303357929 
 1621 , 15167.4377770038 
 1622 , 15138.6161911089 
 1623 , 15097.2333561769 
 1624 , 15060.8300719175 
 1625 , 15032.978554312 
 1626 , 15007.5794632319 
 1627 , 14987.0588228054 
 1628 , 14979.6621194584 
 1629 , 14977.2083011388 
 1630 , 14958.5534219349 
 1631 , 14920.5482765577 
 1632 , 14876.58049499 
 1633 , 14838.6019481787 
 1634 , 14816.055139984 
 1635 , 14805.0203031836 
 1636 , 14788.280735497 
 1637 , 14761.521157325 
 1638 , 14735.3287116287 
 1639 , 14717.7104122178 
 1640 , 14712.2785735369 
 1641 , 14707.0325903016 
 1642 , 14671.456343228 
 1643 , 14606.1985568064 
 1644 , 14554.3882362597 
 1645 , 14533.7364950695 
 1646 , 14522.2819612462 
 1647 , 14510.3144507788 
 1648 , 14510.4810576107 
 1649 , 14519.9126807059 
 1650 , 14508.9791955027 
 1651 , 14469.8510086861 
 1652 , 14434.0487007179 
 1653 , 14414.9871038111 
 1654 , 14388.8536783791 
 1655 , 14345.6761177954 
 1656 , 14306.813922462 
 1657 , 14283.5727304971 
 1658 , 14262.4008594929 
 1659 , 14236.659769115 
 1660 , 14218.4001987673 
 1661 , 14211.6609386583 
 1662 , 14200.0565724461 
 1663 , 14177.806450533 
 1664 , 14166.2839685436 
 1665 , 14172.3794613818 
 1666 , 14164.5912250082 
 1667 , 14125.5403761275 
 1668 , 14080.1087039806 
 1669 , 14049.9210163572 
 1670 , 14036.3160716935 
 1671 , 14033.2634157816 
 1672 , 14024.1476058764 
 1673 , 14001.0230159438 
 1674 , 13980.0244664521 
 1675 , 13968.0522192683 
 1676 , 13941.3431440488 
 1677 , 13888.2280568914 
 1678 , 13837.7165263207 
 1679 , 13809.9486536176 
 1680 , 13787.9659789107 
 1681 , 13759.8902489231 
 1682 , 13740.6397012947 
 1683 , 13737.7300143247 
 1684 , 13729.7119079138 
 1685 , 13702.3542735879 
 1686 , 13670.9509970827 
 1687 , 13647.2678022824 
 1688 , 13622.5825958093 
 1689 , 13590.0123541794 
 1690 , 13555.3297803055 
 1691 , 13523.7692284633 
 1692 , 13494.3007496618 
 1693 , 13467.2043016924 
 1694 , 13448.4033241393 
 1695 , 13438.4337154392 
 1696 , 13422.4859165283 
 1697 , 13395.4484337745 
 1698 , 13381.3252103358 
 1699 , 13390.788288654 
 1700 , 13392.3859569546 
 1701 , 13367.4833006397 
 1702 , 13341.8368242563 
 1703 , 13330.8218417625 
 1704 , 13311.5312350093 
 1705 , 13272.7348217073 
 1706 , 13241.1970491503 
 1707 , 13232.5862409838 
 1708 , 13227.2319916327 
 1709 , 13209.3389858507 
 1710 , 13181.1371320661 
 1711 , 13148.9370400337 
 1712 , 13122.6714728202 
 1713 , 13106.9914657319 
 1714 , 13095.2406610166 
 1715 , 13080.0627548751 
 1716 , 13055.3759968533 
 1717 , 13023.475154948 
 1718 , 13001.5450164461 
 1719 , 12993.8277927134 
 1720 , 12979.3034396285 
 1721 , 12950.0182637548 
 1722 , 12924.0295397769 
 1723 , 12910.8804520776 
 1724 , 12902.5666389137 
 1725 , 12891.2417127246 
 1726 , 12871.8039972891 
 1727 , 12845.035538291 
 1728 , 12819.7462125804 
 1729 , 12799.2807111629 
 1730 , 12778.7103546072 
 1731 , 12754.7696488525 
 1732 , 12727.2607811678 
 1733 , 12701.1501021472 
 1734 , 12686.9393255577 
 1735 , 12680.3431851886 
 1736 , 12660.5807645577 
 1737 , 12627.7464088177 
 1738 , 12604.3499297069 
 1739 , 12590.9744104484 
 1740 , 12566.2084972857 
 1741 , 12531.6517044061 
 1742 , 12510.3456509346 
 1743 , 12506.8065273044 
 1744 , 12508.9084290495 
 1745 , 12508.3260569198 
 1746 , 12500.7383184441 
 1747 , 12488.6588899028 
 1748 , 12478.8686475419 
 1749 , 12468.3079790369 
 1750 , 12447.3849225721 
 1751 , 12410.4454320277 
 1752 , 12356.3363057455 
 1753 , 12303.3565306882 
 1754 , 12277.4439408437 
 1755 , 12271.2584422347 
 1756 , 12262.2716194751 
 1757 , 12248.9880366874 
 1758 , 12239.272740564 
 1759 , 12234.4239660891 
 1760 , 12232.4640607576 
 1761 , 12229.0803916534 
 1762 , 12219.5844362807 
 1763 , 12202.4161698996 
 1764 , 12178.1599004784 
 1765 , 12152.6599403232 
 1766 , 12132.0340044307 
 1767 , 12116.0314368954 
 1768 , 12101.556906021 
 1769 , 12081.3380150985 
 1770 , 12052.0811133032 
 1771 , 12028.3974045656 
 1772 , 12021.8426138741 
 1773 , 12021.8576893369 
 1774 , 12018.0424608156 
 1775 , 12012.4432963112 
 1776 , 12007.6602988704 
 1777 , 12002.4196678564 
 1778 , 11994.6267806889 
 1779 , 11981.675238068 
 1780 , 11961.5648084626 
 1781 , 11933.5817727166 
 1782 , 11897.882537377 
 1783 , 11855.9600280119 
 1784 , 11815.7681248479 
 1785 , 11794.1660470636 
 1786 , 11792.8383095469 
 1787 , 11793.371654239 
 1788 , 11789.2289626299 
 1789 , 11788.3296545075 
 1790 , 11787.0987568509 
 1791 , 11771.0980572476 
 1792 , 11749.653848088 
 1793 , 11750.4275267044 
 1794 , 11762.1381886379 
 1795 , 11747.5724278686 
 1796 , 11716.3055605149 
 1797 , 11704.4898940096 
 1798 , 11704.2219768958 
 1799 , 11687.3089652217 
 1800 , 11665.3560736354 
 1801 , 11663.4171181646 
 1802 , 11665.898192161 
 1803 , 11646.2936942106 
 1804 , 11611.9805741581 
 1805 , 11580.5676433473 
 1806 , 11561.636277241 
 1807 , 11558.193409319 
 1808 , 11556.6166174954 
 1809 , 11544.2375022732 
 1810 , 11525.1823235527 
 1811 , 11504.4688850429 
 1812 , 11480.003333439 
 1813 , 11453.9793043261 
 1814 , 11441.2607498625 
 1815 , 11448.5388866053 
 1816 , 11463.1701686425 
 1817 , 11471.6956102964 
 1818 , 11463.1593779742 
 1819 , 11436.031805347 
 1820 , 11401.3759895549 
 1821 , 11369.9677214946 
 1822 , 11350.8900045806 
 1823 , 11346.4695047221 
 1824 , 11352.2715217516 
 1825 , 11358.7382577213 
 1826 , 11353.6704918091 
 1827 , 11340.7392916359 
 1828 , 11332.3336333867 
 1829 , 11321.0994285886 
 1830 , 11291.5714998549 
 1831 , 11251.3514979464 
 1832 , 11216.8108345473 
 1833 , 11192.8412934268 
 1834 , 11178.5194296063 
 1835 , 11165.6947668072 
 1836 , 11148.6928395411 
 1837 , 11140.002022644 
 1838 , 11147.7319512127 
 1839 , 11152.5882359573 
 1840 , 11139.7103919006 
 1841 , 11118.6571668089 
 1842 , 11100.1164776892 
 1843 , 11089.3527481934 
 1844 , 11083.3984095329 
 1845 , 11067.3092080202 
 1846 , 11042.6893682755 
 1847 , 11033.7112255357 
 1848 , 11042.1735660395 
 1849 , 11044.8131681757 
 1850 , 11031.4592630267 
 1851 , 11004.901104994 
 1852 , 10973.6886538159 
 1853 , 10949.6450522171 
 1854 , 10939.8581119926 
 1855 , 10946.6941168938 
 1856 , 10957.6620185577 
 1857 , 10956.1184973856 
 1858 , 10939.7387668704 
 1859 , 10912.3462014795 
 1860 , 10882.4857974028 
 1861 , 10857.2027872106 
 1862 , 10834.0252645082 
 1863 , 10809.8097840688 
 1864 , 10784.9991969462 
 1865 , 10763.8316317053 
 1866 , 10756.9911072176 
 1867 , 10764.624848938 
 1868 , 10768.7850634763 
 1869 , 10758.8085689956 
 1870 , 10735.8684599509 
 1871 , 10712.1187617995 
 1872 , 10707.9262509568 
 1873 , 10711.9227577229 
 1874 , 10691.6326514355 
 1875 , 10661.161705163 
 1876 , 10657.3790140905 
 1877 , 10666.2567740248 
 1878 , 10656.1725232839 
 1879 , 10636.5352395427 
 1880 , 10626.4095190686 
 1881 , 10620.9037154746 
 1882 , 10611.2877195887 
 1883 , 10598.0756037645 
 1884 , 10585.1146933805 
 1885 , 10579.7076320335 
 1886 , 10579.3577021822 
 1887 , 10562.4153583968 
 1888 , 10528.6955502454 
 1889 , 10511.2279684443 
 1890 , 10513.7226491528 
 1891 , 10505.5320394986 
 1892 , 10478.3502846698 
 1893 , 10444.6065932933 
 1894 , 10417.1704427242 
 1895 , 10406.4987098583 
 1896 , 10404.2655849879 
 1897 , 10395.5705981258 
 1898 , 10381.7122007987 
 1899 , 10368.2706815353 
 1900 , 10353.3498477326 
 1901 , 10335.7798826383 
 1902 , 10323.0787654842 
 1903 , 10315.7024110095 
 1904 , 10293.9348647538 
 1905 , 10255.5269496709 
 1906 , 10232.7084596064 
 1907 , 10234.3287174168 
 1908 , 10235.4370449062 
 1909 , 10229.8990721538 
 1910 , 10230.5317171588 
 1911 , 10229.3267667733 
 1912 , 10206.7171684399 
 1913 , 10181.5701226582 
 1914 , 10185.5642110693 
 1915 , 10198.5325710153 
 1916 , 10189.1618216104 
 1917 , 10168.6380653802 
 1918 , 10152.8471127898 
 1919 , 10134.0044571601 
 1920 , 10104.8545159286 
 1921 , 10070.4470831889 
 1922 , 10043.3363986599 
 1923 , 10044.8124090233 
 1924 , 10063.4358412403 
 1925 , 10049.0069935804 
 1926 , 10000.5877865882 
 1927 , 9961.62285990346 
 1928 , 9947.0751106425 
 1929 , 9951.08560847044 
 1930 , 9960.67555226711 
 1931 , 9961.85578088971 
 1932 , 9952.74640618306 
 1933 , 9935.45643194937 
 1934 , 9911.63256644389 
 1935 , 9886.62101920484 
 1936 , 9875.6877524618 
 1937 , 9882.63127361948 
 1938 , 9887.13085643766 
 1939 , 9879.59327734175 
 1940 , 9868.26839131348 
 1941 , 9861.042623353 
 1942 , 9863.30785283097 
 1943 , 9868.35713506318 
 1944 , 9862.39548016447 
 1945 , 9841.64239428519 
 1946 , 9809.62253752241 
 1947 , 9782.56065357102 
 1948 , 9773.80322086355 
 1949 , 9769.95379788838 
 1950 , 9759.34608375073 
 1951 , 9750.38427352064 
 1952 , 9743.63030152593 
 1953 , 9720.84184414177 
 1954 , 9683.74781739007 
 1955 , 9659.98286128214 
 1956 , 9653.06776133335 
 1957 , 9644.96197654909 
 1958 , 9629.49904112278 
 1959 , 9609.31627368949 
 1960 , 9594.05700948778 
 1961 , 9592.44880531282 
 1962 , 9595.41652092832 
 1963 , 9591.94917454218 
 1964 , 9580.8851518299 
 1965 , 9565.12088777251 
 1966 , 9551.96311925447 
 1967 , 9544.07421837592 
 1968 , 9536.96002792655 
 1969 , 9532.05796822918 
 1970 , 9535.80256336006 
 1971 , 9536.35434706186 
 1972 , 9513.65117057792 
 1973 , 9482.76223135355 
 1974 , 9468.24974687268 
 1975 , 9459.1011727124 
 1976 , 9441.58839843321 
 1977 , 9429.49584647572 
 1978 , 9433.15121021131 
 1979 , 9443.15599734496 
 1980 , 9442.51602640273 
 1981 , 9408.52957623289 
 1982 , 9355.57233632182 
 1983 , 9331.37250343733 
 1984 , 9332.7387927104 
 1985 , 9325.69311481369 
 1986 , 9312.54371421745 
 1987 , 9307.08973252053 
 1988 , 9297.83020046354 
 1989 , 9275.81671555088 
 1990 , 9262.70138727088 
 1991 , 9266.50451803632 
 1992 , 9257.22628897319 
 1993 , 9228.95889802934 
 1994 , 9212.45779620185 
 1995 , 9215.29145490719 
 1996 , 9222.57321441018 
 1997 , 9224.54775315419 
 1998 , 9218.16294256228 
 1999 , 9220.39527033134 
 2000 , 9243.5422984891 
 2001 , 9250.79001703827 
 2002 , 9217.13948301156 
 2003 , 9177.23260920509 
 2004 , 9154.74548232693 
 2005 , 9140.68206418269 
 2006 , 9126.37177551257 
 2007 , 9107.69541878226 
 2008 , 9093.66087922538 
 2009 , 9098.39994851403 
 2010 , 9105.16723883472 
 2011 , 9090.9916090286 
 2012 , 9070.55855012006 
 2013 , 9058.9792871166 
 2014 , 9041.11575309668 
 2015 , 9013.53358258492 
 2016 , 9003.31333527426 
 2017 , 9012.82350827602 
 2018 , 9012.78430306713 
 2019 , 8997.19879192108 
 2020 , 8978.58969606405 
 2021 , 8961.50861897105 
 2022 , 8946.64902913556 
 2023 , 8936.49968749844 
 2024 , 8931.38464887825 
 2025 , 8923.38711436122 
 2026 , 8907.60451710957 
 2027 , 8887.83761025005 
 2028 , 8870.76190807129 
 2029 , 8864.91280409518 
 2030 , 8872.13125698774 
 2031 , 8886.72355175287 
 2032 , 8884.47103882427 
 2033 , 8844.74520473794 
 2034 , 8807.92184819501 
 2035 , 8809.69896685598 
 2036 , 8818.97707800704 
 2037 , 8810.86864279108 
 2038 , 8793.09547304719 
 2039 , 8775.64401189143 
 2040 , 8766.17383385523 
 2041 , 8757.93647869127 
 2042 , 8737.83578913107 
 2043 , 8721.11347255645 
 2044 , 8727.12706270937 
 2045 , 8738.78140245584 
 2046 , 8735.96482594683 
 2047 , 8715.67293333795 
 2048 , 8686.09182769874 
 2049 , 8667.66761058953 
 2050 , 8660.47359556824 
 2051 , 8645.36258879648 
 2052 , 8619.66458246128 
 2053 , 8592.66343455082 
 2054 , 8582.56948715867 
 2055 , 8597.47570605888 
 2056 , 8600.18197291668 
 2057 , 8571.74537332945 
 2058 , 8548.88947033033 
 2059 , 8543.22309719776 
 2060 , 8528.66521441434 
 2061 , 8504.68762942949 
 2062 , 8489.43549365561 
 2063 , 8480.12880549194 
 2064 , 8467.63469187456 
 2065 , 8458.55535858233 
 2066 , 8458.2881915761 
 2067 , 8458.47913354733 
 2068 , 8450.36266878807 
 2069 , 8428.42642538355 
 2070 , 8400.8742377467 
 2071 , 8386.25411645125 
 2072 , 8384.5504974966 
 2073 , 8384.69339986483 
 2074 , 8372.75328946294 
 2075 , 8343.51564926499 
 2076 , 8319.72327342319 
 2077 , 8313.02667254196 
 2078 , 8307.86395807765 
 2079 , 8299.51845894737 
 2080 , 8295.74915426138 
 2081 , 8288.64597026581 
 2082 , 8264.66171040378 
 2083 , 8235.88218778944 
 2084 , 8218.44496254071 
 2085 , 8211.62374744685 
 2086 , 8207.63446993088 
 2087 , 8192.5930875639 
 2088 , 8170.31142892831 
 2089 , 8162.31321463526 
 2090 , 8162.40291789824 
 2091 , 8151.07645750286 
 2092 , 8141.23674524239 
 2093 , 8145.54145598077 
 2094 , 8135.27197868075 
 2095 , 8099.06868141438 
 2096 , 8073.29319257764 
 2097 , 8070.81905781112 
 2098 , 8073.86975373202 
 2099 , 8075.24463365395 
 2100 , 8074.16935866559 
 2101 , 8061.39150541394 
 2102 , 8032.56730999686 
 2103 , 8009.12827801423 
 2104 , 8003.34489073046 
 2105 , 8001.83551565789 
 2106 , 7992.07135159164 
 2107 , 7967.00230229345 
 2108 , 7938.78397850961 
 2109 , 7926.54287749766 
 2110 , 7924.92397485032 
 2111 , 7923.09568437075 
 2112 , 7918.48373229114 
 2113 , 7906.6364418872 
 2114 , 7878.63364956346 
 2115 , 7845.89021767604 
 2116 , 7835.50749342582 
 2117 , 7841.07303446895 
 2118 , 7840.290801921 
 2119 , 7821.83834839147 
 2120 , 7790.84593797362 
 2121 , 7784.47768726815 
 2122 , 7807.92218931986 
 2123 , 7817.62243140685 
 2124 , 7805.5959729914 
 2125 , 7791.13606395935 
 2126 , 7766.5637333169 
 2127 , 7723.05012175948 
 2128 , 7693.315187535 
 2129 , 7695.1062365384 
 2130 , 7697.37068453023 
 2131 , 7687.64244063701 
 2132 , 7679.24705932994 
 2133 , 7668.00421166481 
 2134 , 7641.65931005242 
 2135 , 7609.11594624436 
 2136 , 7583.68578438614 
 2137 , 7570.39617745507 
 2138 , 7567.91597436942 
 2139 , 7567.59134675811 
 2140 , 7564.06123096978 
 2141 , 7555.68024737054 
 2142 , 7543.59002534515 
 2143 , 7531.31347813809 
 2144 , 7526.73540350372 
 2145 , 7532.36519068854 
 2146 , 7537.44618963026 
 2147 , 7528.48609023009 
 2148 , 7493.8019280733 
 2149 , 7455.21227935198 
 2150 , 7445.72760610765 
 2151 , 7448.5855978769 
 2152 , 7440.20967261018 
 2153 , 7422.45851779569 
 2154 , 7403.6304667854 
 2155 , 7394.09788681152 
 2156 , 7387.32360788602 
 2157 , 7367.74176332003 
 2158 , 7348.29261252877 
 2159 , 7346.21059922815 
 2160 , 7353.17168451534 
 2161 , 7356.63856442585 
 2162 , 7346.60157375657 
 2163 , 7324.68214845019 
 2164 , 7302.19776995885 
 2165 , 7282.43171310245 
 2166 , 7265.89668270922 
 2167 , 7258.96503573683 
 2168 , 7261.45491161265 
 2169 , 7257.18450365305 
 2170 , 7241.98360285421 
 2171 , 7226.57272712826 
 2172 , 7218.46698354142 
 2173 , 7220.60711300493 
 2174 , 7225.17787587271 
 2175 , 7218.06730595079 
 2176 , 7179.02924347966 
 2177 , 7127.15645015326 
 2178 , 7124.52553950313 
 2179 , 7160.71237735197 
 2180 , 7183.79512419901 
 2181 , 7181.42147926339 
 2182 , 7159.39886194912 
 2183 , 7135.76948159413 
 2184 , 7124.82804946515 
 2185 , 7131.15148898152 
 2186 , 7131.10313544629 
 2187 , 7093.61116270497 
 2188 , 7055.54670252525 
 2189 , 7054.06160404722 
 2190 , 7060.87112041931 
 2191 , 7055.92915075162 
 2192 , 7045.3733777187 
 2193 , 7025.79926813137 
 2194 , 6989.91001370371 
 2195 , 6956.77938981413 
 2196 , 6945.13019353821 
 2197 , 6945.53461063751 
 2198 , 6949.37840441271 
 2199 , 6955.70451865126 
 2200 , 6958.68830725954 
 2201 , 6950.50763570534 
 2202 , 6934.8948449605 
 2203 , 6918.59681262055 
 2204 , 6905.00981600551 
 2205 , 6897.30181972554 
 2206 , 6897.62213338789 
 2207 , 6888.58137039174 
 2208 , 6848.76836742733 
 2209 , 6810.89042587609 
 2210 , 6805.31272275138 
 2211 , 6807.45001563367 
 2212 , 6796.69043682539 
 2213 , 6770.34183019522 
 2214 , 6742.5706398657 
 2215 , 6732.5838938086 
 2216 , 6732.71536981678 
 2217 , 6730.02710810792 
 2218 , 6719.5944837697 
 2219 , 6700.44420930696 
 2220 , 6675.76617897572 
 2221 , 6657.97095467736 
 2222 , 6658.79436835617 
 2223 , 6663.16011550768 
 2224 , 6657.62945418422 
 2225 , 6647.437950084 
 2226 , 6628.9346487679 
 2227 , 6591.47712910946 
 2228 , 6563.87705492225 
 2229 , 6576.14550110445 
 2230 , 6585.93320790005 
 2231 , 6566.26257990933 
 2232 , 6546.34218432408 
 2233 , 6532.82481449824 
 2234 , 6511.18001680554 
 2235 , 6491.95976651607 
 2236 , 6488.66865413803 
 2237 , 6490.08997400512 
 2238 , 6485.37428221238 
 2239 , 6471.61018595295 
 2240 , 6452.57857284668 
 2241 , 6434.68137604995 
 2242 , 6414.91560138208 
 2243 , 6393.22249765167 
 2244 , 6383.8658173627 
 2245 , 6384.00855298735 
 2246 , 6370.9145785126 
 2247 , 6345.24561656431 
 2248 , 6321.19137609094 
 2249 , 6311.39789817598 
 2250 , 6313.9390520422 
 2251 , 6302.33167707896 
 2252 , 6280.93245197752 
 2253 , 6278.31258145382 
 2254 , 6282.56508847578 
 2255 , 6273.18291786929 
 2256 , 6256.64217698338 
 2257 , 6239.96538396545 
 2258 , 6223.97032752842 
 2259 , 6209.81878598544 
 2260 , 6200.04375060926 
 2261 , 6201.18756282805 
 2262 , 6210.09061518454 
 2263 , 6201.42680828077 
 2264 , 6174.42785214209 
 2265 , 6152.58766388706 
 2266 , 6133.20913989513 
 2267 , 6107.58014046324 
 2268 , 6089.74276972788 
 2269 , 6085.77867202312 
 2270 , 6083.68342360397 
 2271 , 6081.63620000293 
 2272 , 6082.23900282073 
 2273 , 6068.65145384592 
 2274 , 6036.55210442725 
 2275 , 6021.33317672174 
 2276 , 6026.07041802681 
 2277 , 6019.62233745475 
 2278 , 6002.82945455659 
 2279 , 5987.07146216911 
 2280 , 5966.57754482917 
 2281 , 5942.24351280527 
 2282 , 5928.35812814267 
 2283 , 5924.18422312551 
 2284 , 5919.98943353745 
 2285 , 5914.75594735417 
 2286 , 5908.64156020766 
 2287 , 5898.93680401857 
 2288 , 5884.85920760132 
 2289 , 5868.13212901554 
 2290 , 5853.18406407339 
 2291 , 5842.4495110043 
 2292 , 5829.77291789818 
 2293 , 5813.54345880575 
 2294 , 5798.96991050665 
 2295 , 5783.54847742863 
 2296 , 5763.55140192401 
 2297 , 5748.79944066934 
 2298 , 5745.10924777565 
 2299 , 5745.8918553305 
 2300 , 5742.27793446766 
 2301 , 5727.27747935184 
 2302 , 5708.44233138686 
 2303 , 5693.56353607927 
 2304 , 5680.45395632228 
 2305 , 5670.86444609941 
 2306 , 5669.92539571618 
 2307 , 5669.56210381181 
 2308 , 5660.86337533142 
 2309 , 5649.34814597639 
 2310 , 5636.84920929589 
 2311 , 5618.80429844445 
 2312 , 5604.85493012585 
 2313 , 5603.80594939845 
 2314 , 5591.11338991337 
 2315 , 5564.52828020016 
 2316 , 5564.68119385997 
 2317 , 5578.85614820348 
 2318 , 5565.94377584197 
 2319 , 5539.73023179281 
 2320 , 5519.29551766902 
 2321 , 5502.66339132192 
 2322 , 5494.73446423486 
 2323 , 5502.35138884869 
 2324 , 5497.34260182268 
 2325 , 5462.27646332233 
 2326 , 5433.85283988246 
 2327 , 5428.40547107797 
 2328 , 5432.48540124529 
 2329 , 5423.34100742468 
 2330 , 5390.87094577165 
 2331 , 5369.28354141614 
 2332 , 5369.50335810928 
 2333 , 5368.17484904915 
 2334 , 5363.07600496393 
 2335 , 5357.77464916531 
 2336 , 5336.12464072285 
 2337 , 5305.58095213928 
 2338 , 5305.96633517996 
 2339 , 5322.48192121258 
