11-20-2017,19:45:13
Wavenumber(cm-1),Intensity
 250 , 15243.0738946559 
 251 , 15260.9804831736 
 252 , 15272.3401057229 
 253 , 15277.9731510591 
 254 , 15279.8443869123 
 255 , 15279.8743989158 
 256 , 15277.9244286967 
 257 , 15272.3239819806 
 258 , 15262.8537953119 
 259 , 15257.3336815904 
 260 , 15266.2612604243 
 261 , 15293.9189268744 
 262 , 15330.2777696641 
 263 , 15363.6071709168 
 264 , 15389.935474938 
 265 , 15413.4907774521 
 266 , 15438.1664521597 
 267 , 15461.9292837654 
 268 , 15479.8593304279 
 269 , 15488.9931793485 
 270 , 15492.9209040363 
 271 , 15496.5756417402 
 272 , 15504.1842254899 
 273 , 15518.9445637904 
 274 , 15543.6746265116 
 275 , 15577.5271268255 
 276 , 15617.1951794555 
 277 , 15659.498323524 
 278 , 15702.0587463516 
 279 , 15742.7253146111 
 280 , 15778.4193521963 
 281 , 15804.2430579674 
 282 , 15815.4682179013 
 283 , 15814.5015882779 
 284 , 15810.0820967304 
 285 , 15810.6719516706 
 286 , 15821.564321418 
 287 , 15846.7968979504 
 288 , 15885.9081863814 
 289 , 15926.8207337221 
 290 , 15955.9619526597 
 291 , 15970.1508070249 
 292 , 15977.9988224172 
 293 , 15987.9638596721 
 294 , 16001.7593380074 
 295 , 16017.6842541422 
 296 , 16033.8978596985 
 297 , 16048.1832140918 
 298 , 16058.2759641392 
 299 , 16063.3496481331 
 300 , 16064.6030146813 
 301 , 16063.6230311963 
 302 , 16064.6285834471 
 303 , 16073.4860969453 
 304 , 16093.7169809082 
 305 , 16119.0100230823 
 306 , 16140.5768820037 
 307 , 16155.249093342 
 308 , 16169.4069386681 
 309 , 16189.9199509107 
 310 , 16217.3904228889 
 311 , 16247.7425057073 
 312 , 16277.5813645671 
 313 , 16307.4811254712 
 314 , 16339.2373868149 
 315 , 16372.3393587342 
 316 , 16401.6817169636 
 317 , 16422.0701515014 
 318 , 16436.4189604409 
 319 , 16454.6224918812 
 320 , 16484.2218545297 
 321 , 16517.6980978321 
 322 , 16542.1180921213 
 323 , 16551.9399655734 
 324 , 16558.3866834408 
 325 , 16574.4834674906 
 326 , 16602.387217206 
 327 , 16633.8042249919 
 328 , 16661.3469671766 
 329 , 16686.3662299309 
 330 , 16713.7359580773 
 331 , 16746.1707319468 
 332 , 16780.9666968759 
 333 , 16814.5966487348 
 334 , 16843.7506643766 
 335 , 16865.3450299946 
 336 , 16877.1009749962 
 337 , 16882.4187160278 
 338 , 16887.1668761357 
 339 , 16895.1429903287 
 340 , 16904.5990831466 
 341 , 16912.9120675685 
 342 , 16918.5018482593 
 343 , 16920.9280742882 
 344 , 16920.4133467425 
 345 , 16921.7133358297 
 346 , 16931.6334091493 
 347 , 16952.7341801982 
 348 , 16975.8853705138 
 349 , 16990.240339493 
 350 , 16992.6409466706 
 351 , 16988.4785264566 
 352 , 16983.6944446067 
 353 , 16985.0108175084 
 354 , 16999.5019061826 
 355 , 17031.0983898189 
 356 , 17075.1196070185 
 357 , 17125.43403079 
 358 , 17176.1711705561 
 359 , 17221.7468919793 
 360 , 17257.1721495632 
 361 , 17281.7173644661 
 362 , 17296.5558204018 
 363 , 17305.8182397394 
 364 , 17321.4089235829 
 365 , 17355.9232846616 
 366 , 17407.5166159288 
 367 , 17459.1929326527 
 368 , 17495.3492773866 
 369 , 17514.8661429508 
 370 , 17522.7061990561 
 371 , 17524.449412745 
 372 , 17527.139736538 
 373 , 17537.8123671063 
 374 , 17558.4787630208 
 375 , 17586.2618780853 
 376 , 17618.0393060412 
 377 , 17650.4217052667 
 378 , 17679.928253796 
 379 , 17705.2361398305 
 380 , 17729.7981300754 
 381 , 17757.5148059673 
 382 , 17788.770452142 
 383 , 17820.8727683517 
 384 , 17851.1565944259 
 385 , 17877.663551916 
 386 , 17898.6936014811 
 387 , 17915.0448269376 
 388 , 17932.3462555905 
 389 , 17956.3182500761 
 390 , 17985.8849765291 
 391 , 18014.7894211897 
 392 , 18037.9579291064 
 393 , 18056.2935443032 
 394 , 18072.403140766 
 395 , 18089.2541432126 
 396 , 18110.4056359243 
 397 , 18139.0758426198 
 398 , 18173.9038050545 
 399 , 18210.5847492177 
 400 , 18244.2607975098 
 401 , 18268.2039234869 
 402 , 18275.5388377276 
 403 , 18271.6287411781 
 404 , 18278.4159610289 
 405 , 18315.8230858664 
 406 , 18375.3736514884 
 407 , 18433.7367796052 
 408 , 18475.6480927878 
 409 , 18509.8169509648 
 410 , 18548.8932585752 
 411 , 18594.2637136541 
 412 , 18635.0714701331 
 413 , 18661.7039539724 
 414 , 18676.9687388282 
 415 , 18688.7518480892 
 416 , 18703.1175974217 
 417 , 18721.9989467834 
 418 , 18746.6021264741 
 419 , 18775.312401375 
 420 , 18804.126444189 
 421 , 18829.8005813433 
 422 , 18853.1952032556 
 423 , 18876.4031049975 
 424 , 18899.4922193477 
 425 , 18919.1039339347 
 426 , 18932.0730347396 
 427 , 18941.234270079 
 428 , 18953.2473483643 
 429 , 18972.888453807 
 430 , 18998.090082009 
 431 , 19025.2832451511 
 432 , 19050.996378293 
 433 , 19071.8792871223 
 434 , 19085.375166254 
 435 , 19094.9195506888 
 436 , 19106.7007745776 
 437 , 19124.4862870999 
 438 , 19146.0604483257 
 439 , 19168.3576190094 
 440 , 19189.2997928781 
 441 , 19207.6920443334 
 442 , 19223.0001124807 
 443 , 19237.8829982484 
 444 , 19255.9731510517 
 445 , 19278.0900296777 
 446 , 19300.2928164894 
 447 , 19318.8722923311 
 448 , 19337.741017916 
 449 , 19365.5363686108 
 450 , 19407.0784941987 
 451 , 19454.3299109886 
 452 , 19496.7314558972 
 453 , 19527.6920348415 
 454 , 19545.1762304499 
 455 , 19548.9694716723 
 456 , 19549.3430519746 
 457 , 19560.8132147023 
 458 , 19589.2406577851 
 459 , 19622.0876323125 
 460 , 19645.3648909106 
 461 , 19658.2487926131 
 462 , 19669.9124319988 
 463 , 19687.657809852 
 464 , 19710.1472178856 
 465 , 19733.8639152042 
 466 , 19756.1988518659 
 467 , 19775.7736447006 
 468 , 19791.5788302832 
 469 , 19804.8592532411 
 470 , 19817.9423144668 
 471 , 19832.8798267682 
 472 , 19851.0327836264 
 473 , 19873.5477069294 
 474 , 19899.6291936751 
 475 , 19926.8271420442 
 476 , 19952.9112336756 
 477 , 19976.8946267281 
 478 , 19998.1604479273 
 479 , 20016.916337283 
 480 , 20034.5833999674 
 481 , 20052.7013576195 
 482 , 20072.996105798 
 483 , 20097.287134525 
 484 , 20126.4256842262 
 485 , 20158.767641182 
 486 , 20192.2574129801 
 487 , 20224.5578152618 
 488 , 20253.0843188202 
 489 , 20276.0631974765 
 490 , 20295.5147354405 
 491 , 20314.5235150044 
 492 , 20334.4464480579 
 493 , 20354.1062110467 
 494 , 20371.9320097223 
 495 , 20384.731390097 
 496 , 20388.5098194501 
 497 , 20384.3619401566 
 498 , 20385.9825418334 
 499 , 20407.9751992622 
 500 , 20447.9843922515 
 501 , 20489.5406242287 
 502 , 20519.4523631166 
 503 , 20540.3582894334 
 504 , 20558.9675131769 
 505 , 20575.5618595976 
 506 , 20581.7955589093 
 507 , 20570.8626147746 
 508 , 20551.9081523311 
 509 , 20541.2268747698 
 510 , 20548.0861740003 
 511 , 20566.4298382609 
 512 , 20588.4379163274 
 513 , 20609.6300891921 
 514 , 20627.9451545102 
 515 , 20642.873231074 
 516 , 20659.257275155 
 517 , 20682.9666689418 
 518 , 20714.9659134707 
 519 , 20750.6771340918 
 520 , 20785.6847384552 
 521 , 20818.2978398955 
 522 , 20847.8138279272 
 523 , 20872.5236282688 
 524 , 20888.9552555175 
 525 , 20894.4683961976 
 526 , 20896.5586236549 
 527 , 20908.5632084843 
 528 , 20936.798950201 
 529 , 20968.2047843852 
 530 , 20987.2007666806 
 531 , 20992.1404996829 
 532 , 20993.5775716643 
 533 , 21000.1672166667 
 534 , 21010.5804423853 
 535 , 21020.9039243497 
 536 , 21031.5985850055 
 537 , 21048.8235981949 
 538 , 21077.9364526118 
 539 , 21116.2100301264 
 540 , 21157.548542829 
 541 , 21196.9700494027 
 542 , 21231.6653132677 
 543 , 21259.4090492352 
 544 , 21281.6916495096 
 545 , 21302.3120598973 
 546 , 21324.1512436376 
 547 , 21347.3437393043 
 548 , 21371.6637992351 
 549 , 21399.3968112003 
 550 , 21435.0819854048 
 551 , 21480.781132216 
 552 , 21527.4879270706 
 553 , 21563.5103698922 
 554 , 21588.6225560196 
 555 , 21617.2084112827 
 556 , 21661.0449453703 
 557 , 21708.9248014617 
 558 , 21740.6270725198 
 559 , 21747.8009652056 
 560 , 21743.47152677 
 561 , 21741.7376231062 
 562 , 21745.385158538 
 563 , 21750.8102656408 
 564 , 21756.3991163973 
 565 , 21765.7722139214 
 566 , 21782.9047119729 
 567 , 21804.6851900819 
 568 , 21822.4672010245 
 569 , 21830.6426956155 
 570 , 21835.0526470182 
 571 , 21843.8406250192 
 572 , 21858.2907856519 
 573 , 21872.4269616696 
 574 , 21882.1127793916 
 575 , 21894.283431565 
 576 , 21919.1690384345 
 577 , 21957.5784783042 
 578 , 21996.9688791043 
 579 , 22025.7721669932 
 580 , 22046.4998198359 
 581 , 22067.6846754049 
 582 , 22091.8009019687 
 583 , 22109.8597137074 
 584 , 22112.9810963618 
 585 , 22106.0330047306 
 586 , 22101.7658192467 
 587 , 22107.3522724878 
 588 , 22115.7945868271 
 589 , 22118.649693404 
 590 , 22117.9404211542 
 591 , 22123.507256435 
 592 , 22140.639440663 
 593 , 22158.9711799693 
 594 , 22165.5887446043 
 595 , 22161.9764702762 
 596 , 22163.3568931461 
 597 , 22181.4351573002 
 598 , 22210.2913227138 
 599 , 22239.4180798281 
 600 , 22264.4748539038 
 601 , 22288.5322066891 
 602 , 22313.9392402953 
 603 , 22336.519708478 
 604 , 22349.9434276587 
 605 , 22354.6979600608 
 606 , 22361.4810707048 
 607 , 22380.883690355 
 608 , 22416.6645777838 
 609 , 22469.4986794053 
 610 , 22532.1088955111 
 611 , 22582.5461706214 
 612 , 22600.6141374993 
 613 , 22597.1013322718 
 614 , 22599.5630358025 
 615 , 22626.1569915112 
 616 , 22673.3984866482 
 617 , 22734.3378053448 
 618 , 22796.2067208966 
 619 , 22842.4317362754 
 620 , 22865.6055254974 
 621 , 22883.6935287235 
 622 , 22917.7494618573 
 623 , 22969.9952312185 
 624 , 23027.9511070739 
 625 , 23079.3122694656 
 626 , 23113.6423928407 
 627 , 23121.5487295157 
 628 , 23106.5984198771 
 629 , 23084.2153294836 
 630 , 23068.0182925862 
 631 , 23062.810872435 
 632 , 23070.9961522758 
 633 , 23089.0121011694 
 634 , 23106.9883188671 
 635 , 23118.1105218971 
 636 , 23131.0521458244 
 637 , 23158.4333455236 
 638 , 23195.8331883121 
 639 , 23218.2649678595 
 640 , 23206.5558575733 
 641 , 23179.0759246479 
 642 , 23166.2232836609 
 643 , 23179.6227637528 
 644 , 23205.3544153641 
 645 , 23230.090600524 
 646 , 23255.227820078 
 647 , 23287.5707417522 
 648 , 23326.6130301276 
 649 , 23360.7633645332 
 650 , 23379.2233143311 
 651 , 23382.9548078659 
 652 , 23377.8066648708 
 653 , 23366.5048417371 
 654 , 23346.5480721596 
 655 , 23316.8054995933 
 656 , 23290.3436181415 
 657 , 23286.6179397246 
 658 , 23311.8923754608 
 659 , 23348.5208530513 
 660 , 23378.5858579023 
 661 , 23402.8736862363 
 662 , 23431.4093551773 
 663 , 23467.5824838809 
 664 , 23501.7938117145 
 665 , 23524.3242060918 
 666 , 23537.7721905664 
 667 , 23551.2283935123 
 668 , 23569.844397059 
 669 , 23590.5747083112 
 670 , 23609.829079338 
 671 , 23628.4192893348 
 672 , 23649.5941267901 
 673 , 23674.9618567315 
 674 , 23702.5642061315 
 675 , 23729.867895298 
 676 , 23753.1877465051 
 677 , 23768.2015437548 
 678 , 23775.7813290203 
 679 , 23788.2596560885 
 680 , 23817.8021782331 
 681 , 23859.1467290005 
 682 , 23896.8081788364 
 683 , 23920.6794021288 
 684 , 23932.9765056876 
 685 , 23937.8726902858 
 686 , 23942.4994277978 
 687 , 23955.7179485706 
 688 , 23981.281197539 
 689 , 24011.4495245074 
 690 , 24037.3409773343 
 691 , 24054.4010016074 
 692 , 24060.6440791784 
 693 , 24057.7769927401 
 694 , 24055.5993169517 
 695 , 24064.0105987971 
 696 , 24083.0065464197 
 697 , 24106.8635948409 
 698 , 24131.5426087277 
 699 , 24156.7822452765 
 700 , 24182.4285743917 
 701 , 24204.6259801569 
 702 , 24217.4721020466 
 703 , 24219.0529090699 
 704 , 24215.7521099458 
 705 , 24214.2974599967 
 706 , 24215.1798763041 
 707 , 24215.5712074842 
 708 , 24214.5875779727 
 709 , 24215.2187671107 
 710 , 24220.4634269437 
 711 , 24229.5816458966 
 712 , 24239.9565349948 
 713 , 24249.4898289551 
 714 , 24257.0606635819 
 715 , 24262.575299383 
 716 , 24273.0955296528 
 717 , 24298.8198824772 
 718 , 24333.9493815884 
 719 , 24345.5589761894 
 720 , 24306.0616660009 
 721 , 24243.6376560299 
 722 , 24209.7950249144 
 723 , 24225.8172593244 
 724 , 24266.1620635634 
 725 , 24304.7610775503 
 726 , 24337.2773207895 
 727 , 24367.6642957032 
 728 , 24396.4648094613 
 729 , 24419.4506140007 
 730 , 24433.5251260865 
 731 , 24443.7361908038 
 732 , 24457.7518067516 
 733 , 24477.7005831239 
 734 , 24498.8462041933 
 735 , 24516.9344086423 
 736 , 24532.0376868709 
 737 , 24545.5522261081 
 738 , 24559.8815280271 
 739 , 24578.5261263747 
 740 , 24603.8799992476 
 741 , 24633.5999566828 
 742 , 24664.0990096656 
 743 , 24691.0245835489 
 744 , 24709.3001048838 
 745 , 24715.668815833 
 746 , 24713.2361370264 
 747 , 24706.669589508 
 748 , 24703.7814320421 
 749 , 24714.9276731172 
 750 , 24745.0195501246 
 751 , 24783.1203657983 
 752 , 24815.9498344859 
 753 , 24836.3358482934 
 754 , 24841.303524665 
 755 , 24831.9423037545 
 756 , 24818.794541333 
 757 , 24812.8185768692 
 758 , 24815.5447664581 
 759 , 24823.1358931129 
 760 , 24831.8081809528 
 761 , 24838.0029291056 
 762 , 24838.6551118166 
 763 , 24834.3063406756 
 764 , 24827.1931481195 
 765 , 24820.7018668824 
 766 , 24820.0235701089 
 767 , 24829.9483642583 
 768 , 24851.8956511624 
 769 , 24885.7989385053 
 770 , 24922.9170747694 
 771 , 24943.4407033005 
 772 , 24933.8983281655 
 773 , 24913.7112721835 
 774 , 24910.8544555702 
 775 , 24929.0056044745 
 776 , 24947.0824287504 
 777 , 24949.8241636767 
 778 , 24946.7521758146 
 779 , 24952.1042270154 
 780 , 24967.0678500016 
 781 , 24982.3516650105 
 782 , 24992.2934279261 
 783 , 25001.8883507718 
 784 , 25016.8200006395 
 785 , 25030.5318358748 
 786 , 25028.9048127551 
 787 , 25007.6644966713 
 788 , 24983.0157300408 
 789 , 24972.902409644 
 790 , 24989.1212950349 
 791 , 25040.2772847067 
 792 , 25117.999212297 
 793 , 25187.571700597 
 794 , 25219.6723458795 
 795 , 25228.2666625206 
 796 , 25241.8468170099 
 797 , 25268.720029869 
 798 , 25293.6006882126 
 799 , 25303.3591621283 
 800 , 25298.9838399703 
 801 , 25285.2635583221 
 802 , 25271.2057722939 
 803 , 25269.4804860844 
 804 , 25287.0377695823 
 805 , 25314.0570909319 
 806 , 25338.6652391816 
 807 , 25359.7092187282 
 808 , 25382.837063418 
 809 , 25409.5216065752 
 810 , 25432.4916368202 
 811 , 25444.7635200203 
 812 , 25449.551826057 
 813 , 25454.6234086806 
 814 , 25462.9081357363 
 815 , 25470.265893299 
 816 , 25473.1129582434 
 817 , 25473.5048714618 
 818 , 25475.1459494422 
 819 , 25478.5050492467 
 820 , 25480.7051354957 
 821 , 25479.7578361323 
 822 , 25477.2245016513 
 823 , 25475.2620499478 
 824 , 25473.8458611694 
 825 , 25471.3696584356 
 826 , 25466.8626171514 
 827 , 25460.8882166015 
 828 , 25454.4181328414 
 829 , 25450.0540229264 
 830 , 25451.2041287734 
 831 , 25460.9269632802 
 832 , 25481.729886967 
 833 , 25511.9338377979 
 834 , 25527.9005175619 
 835 , 25500.257193268 
 836 , 25438.0228567302 
 837 , 25390.6217990109 
 838 , 25393.1013955066 
 839 , 25425.3205257072 
 840 , 25456.4664286157 
 841 , 25468.8979414186 
 842 , 25454.3498956935 
 843 , 25416.75804531 
 844 , 25386.1038014768 
 845 , 25390.7977197684 
 846 , 25421.0830907166 
 847 , 25449.798343877 
 848 , 25460.9517860717 
 849 , 25454.4296704 
 850 , 25433.989917391 
 851 , 25415.8102871478 
 852 , 25418.6076434694 
 853 , 25440.077300979 
 854 , 25458.6386010644 
 855 , 25461.5049725355 
 856 , 25462.7930864126 
 857 , 25479.0434268882 
 858 , 25503.1869127377 
 859 , 25514.4300647744 
 860 , 25503.5835678696 
 861 , 25482.088487427 
 862 , 25463.0780198993 
 863 , 25457.4002948299 
 864 , 25474.5714951807 
 865 , 25510.24198301 
 866 , 25544.8301272059 
 867 , 25563.6449859768 
 868 , 25571.3104429481 
 869 , 25576.7585670707 
 870 , 25591.4364500715 
 871 , 25628.4368092754 
 872 , 25690.5858988524 
 873 , 25759.974726935 
 874 , 25819.4921285626 
 875 , 25874.0738135599 
 876 , 25937.4971628555 
 877 , 26015.876112025 
 878 , 26105.9676178355 
 879 , 26201.661888916 
 880 , 26288.2002248501 
 881 , 26349.9635430882 
 882 , 26387.6753066731 
 883 , 26414.0227492021 
 884 , 26435.0567321151 
 885 , 26442.0787905371 
 886 , 26425.3566992542 
 887 , 26381.2166199454 
 888 , 26308.7382809649 
 889 , 26212.4549456694 
 890 , 26103.678856021 
 891 , 25996.0456877081 
 892 , 25910.3890691525 
 893 , 25866.9267812317 
 894 , 25853.8631550968 
 895 , 25836.1818580922 
 896 , 25794.4090602495 
 897 , 25742.502261964 
 898 , 25696.8724018855 
 899 , 25662.4168991314 
 900 , 25639.2635618131 
 901 , 25626.419775779 
 902 , 25621.5897502569 
 903 , 25622.3974294007 
 904 , 25626.4478873029 
 905 , 25631.3404126921 
 906 , 25634.6540355222 
 907 , 25633.9654804908 
 908 , 25628.0361371516 
 909 , 25617.8413737144 
 910 , 25605.3471512254 
 911 , 25596.880668428 
 912 , 25600.0088444065 
 913 , 25614.1091393305 
 914 , 25630.1089074249 
 915 , 25638.6981881551 
 916 , 25631.0131948534 
 917 , 25600.2443814434 
 918 , 25558.7885670198 
 919 , 25529.685472646 
 920 , 25525.0524071553 
 921 , 25539.8724963171 
 922 , 25566.7186154094 
 923 , 25593.8242575754 
 924 , 25608.8195359694 
 925 , 25610.4581623224 
 926 , 25606.7741629257 
 927 , 25603.1910853065 
 928 , 25598.4615742695 
 929 , 25591.2376624856 
 930 , 25586.1608543742 
 931 , 25590.2414946504 
 932 , 25602.5489936378 
 933 , 25612.6467422745 
 934 , 25613.0218398027 
 935 , 25607.9810099728 
 936 , 25603.5979066896 
 937 , 25597.7493375919 
 938 , 25583.3088340397 
 939 , 25561.058710917 
 940 , 25545.1338451922 
 941 , 25546.9256601778 
 942 , 25558.1234915157 
 943 , 25565.0348876871 
 944 , 25565.4756422616 
 945 , 25567.0885670847 
 946 , 25574.5859757772 
 947 , 25585.2125901813 
 948 , 25595.4830261859 
 949 , 25604.1031159426 
 950 , 25610.7350637395 
 951 , 25615.8390034564 
 952 , 25620.7774860002 
 953 , 25627.0928116003 
 954 , 25636.7349544761 
 955 , 25651.0757656616 
 956 , 25665.1130108238 
 957 , 25670.3560023757 
 958 , 25663.1246652381 
 959 , 25646.8697898738 
 960 , 25625.9815623645 
 961 , 25606.3737904323 
 962 , 25593.9830401654 
 963 , 25589.75770472 
 964 , 25591.0583391142 
 965 , 25593.8847685419 
 966 , 25591.8505459939 
 967 , 25580.6163552427 
 968 , 25568.1095399756 
 969 , 25565.6512824375 
 970 , 25572.1299864597 
 971 , 25575.4444441896 
 972 , 25567.7407314834 
 973 , 25551.8155948489 
 974 , 25532.7454246817 
 975 , 25520.8520854248 
 976 , 25528.1341352451 
 977 , 25554.5430936093 
 978 , 25587.2330932729 
 979 , 25615.0443597762 
 980 , 25633.2265902082 
 981 , 25639.7975890834 
 982 , 25646.3351577256 
 983 , 25670.5323011486 
 984 , 25712.6654849336 
 985 , 25751.3675551147 
 986 , 25769.0683973727 
 987 , 25765.0352233186 
 988 , 25743.385085266 
 989 , 25721.9303005505 
 990 , 25725.7973073516 
 991 , 25761.9094625508 
 992 , 25811.4256265683 
 993 , 25856.6039235847 
 994 , 25891.078384092 
 995 , 25911.7727264873 
 996 , 25922.6695086471 
 997 , 25932.2549348104 
 998 , 25952.9350206414 
 999 , 26003.1169340693 
 1000 , 26097.8045602989 
 1001 , 26235.7164000208 
 1002 , 26410.7260370094 
 1003 , 26608.9071358664 
 1004 , 26810.9118749256 
 1005 , 26990.3171218937 
 1006 , 27109.0045095321 
 1007 , 27131.9941449979 
 1008 , 27043.2873271881 
 1009 , 26836.2477457071 
 1010 , 26559.5754467571 
 1011 , 26301.4626639699 
 1012 , 26115.7245936864 
 1013 , 25994.2730601093 
 1014 , 25919.3519277274 
 1015 , 25857.4434695606 
 1016 , 25773.8981459507 
 1017 , 25682.6001828691 
 1018 , 25632.9839618184 
 1019 , 25641.6924310255 
 1020 , 25665.2890753187 
 1021 , 25665.0191638997 
 1022 , 25653.1930311188 
 1023 , 25655.0887106509 
 1024 , 25668.2919568231 
 1025 , 25670.1255145729 
 1026 , 25654.7752925721 
 1027 , 25647.0555690107 
 1028 , 25667.8900945431 
 1029 , 25706.0886111578 
 1030 , 25742.2467218667 
 1031 , 25769.9916743169 
 1032 , 25792.3023608628 
 1033 , 25812.5953034554 
 1034 , 25834.6834371037 
 1035 , 25860.1397392344 
 1036 , 25880.6648454059 
 1037 , 25886.2508586912 
 1038 , 25878.8820915457 
 1039 , 25868.5326784399 
 1040 , 25856.8325240205 
 1041 , 25831.9288214672 
 1042 , 25786.0786837095 
 1043 , 25732.6403598791 
 1044 , 25689.3918519538 
 1045 , 25664.9961923561 
 1046 , 25662.3383481991 
 1047 , 25678.6610396943 
 1048 , 25703.1886328448 
 1049 , 25727.2898598499 
 1050 , 25752.1276202613 
 1051 , 25780.2166323169 
 1052 , 25806.3264913804 
 1053 , 25821.0394827984 
 1054 , 25818.8218587223 
 1055 , 25799.163841237 
 1056 , 25766.7224153 
 1057 , 25740.9357911653 
 1058 , 25740.2638627485 
 1059 , 25752.8990344314 
 1060 , 25753.2676196923 
 1061 , 25735.9726814544 
 1062 , 25717.9355368577 
 1063 , 25709.2129307974 
 1064 , 25699.2923768264 
 1065 , 25677.0455495788 
 1066 , 25648.5437892963 
 1067 , 25626.321206488 
 1068 , 25614.2789636003 
 1069 , 25608.308353358 
 1070 , 25603.5042235446 
 1071 , 25593.9199759237 
 1072 , 25574.712584972 
 1073 , 25547.4532935304 
 1074 , 25516.0768496307 
 1075 , 25488.7111270334 
 1076 , 25476.5030158404 
 1077 , 25479.2891424294 
 1078 , 25477.6918207131 
 1079 , 25459.1348284685 
 1080 , 25445.894400283 
 1081 , 25465.651927222 
 1082 , 25510.6427498929 
 1083 , 25552.205680295 
 1084 , 25574.2275786559 
 1085 , 25577.583301935 
 1086 , 25566.127868291 
 1087 , 25549.2260738826 
 1088 , 25535.5235500763 
 1089 , 25520.3354015938 
 1090 , 25493.5999357874 
 1091 , 25462.2311933112 
 1092 , 25450.3192190739 
 1093 , 25465.0766659479 
 1094 , 25474.0361341043 
 1095 , 25446.9748242028 
 1096 , 25394.9570704468 
 1097 , 25341.9443496601 
 1098 , 25298.0552842325 
 1099 , 25262.907409605 
 1100 , 25234.9621488408 
 1101 , 25211.212237054 
 1102 , 25187.7890049205 
 1103 , 25158.0912983159 
 1104 , 25116.1042349405 
 1105 , 25067.3176328926 
 1106 , 25023.1808624461 
 1107 , 24985.1025574595 
 1108 , 24942.6385752078 
 1109 , 24893.7882968279 
 1110 , 24860.064141474 
 1111 , 24861.0451446625 
 1112 , 24881.7428547441 
 1113 , 24895.1327580043 
 1114 , 24890.5859058935 
 1115 , 24870.9939154151 
 1116 , 24839.2978218567 
 1117 , 24797.8202116347 
 1118 , 24752.9493479933 
 1119 , 24727.3914384923 
 1120 , 24743.4315208302 
 1121 , 24780.5382817587 
 1122 , 24795.4215266907 
 1123 , 24780.135568233 
 1124 , 24768.5234184101 
 1125 , 24777.8007334303 
 1126 , 24777.2697547202 
 1127 , 24737.2396205196 
 1128 , 24676.9532284359 
 1129 , 24631.5377285377 
 1130 , 24610.219488087 
 1131 , 24602.26816124 
 1132 , 24602.5214272443 
 1133 , 24615.5838473256 
 1134 , 24640.8758460177 
 1135 , 24656.551927733 
 1136 , 24639.8214130495 
 1137 , 24598.2972272761 
 1138 , 24553.9837850137 
 1139 , 24517.5363471205 
 1140 , 24487.9752130774 
 1141 , 24462.1347069792 
 1142 , 24433.3427245293 
 1143 , 24397.7505321837 
 1144 , 24366.7377958723 
 1145 , 24354.6784060736 
 1146 , 24359.8862479915 
 1147 , 24370.6214881237 
 1148 , 24374.781577755 
 1149 , 24360.0184047405 
 1150 , 24324.5804028207 
 1151 , 24294.812685043 
 1152 , 24295.7811762073 
 1153 , 24317.9570574191 
 1154 , 24339.4213312062 
 1155 , 24341.5834733246 
 1156 , 24308.848240044 
 1157 , 24251.8086924107 
 1158 , 24220.7473752599 
 1159 , 24247.3343022749 
 1160 , 24293.4415489404 
 1161 , 24313.5123459312 
 1162 , 24307.4123102709 
 1163 , 24293.8326897166 
 1164 , 24277.7008181355 
 1165 , 24251.951876453 
 1166 , 24216.8031673913 
 1167 , 24185.8136856276 
 1168 , 24169.3781580922 
 1169 , 24161.5388664291 
 1170 , 24153.2907756736 
 1171 , 24141.0191494082 
 1172 , 24123.4605411895 
 1173 , 24094.0108027435 
 1174 , 24041.0760957803 
 1175 , 23969.0887253803 
 1176 , 23913.1609124807 
 1177 , 23900.0959895354 
 1178 , 23910.5101081499 
 1179 , 23916.4497756255 
 1180 , 23914.3180101357 
 1181 , 23912.8573666006 
 1182 , 23917.0628213148 
 1183 , 23928.0031897716 
 1184 , 23939.2098439974 
 1185 , 23929.7717840416 
 1186 , 23886.1214082612 
 1187 , 23831.1974957833 
 1188 , 23794.0260179912 
 1189 , 23775.9546977984 
 1190 , 23764.3887042698 
 1191 , 23756.7123255234 
 1192 , 23760.379964564 
 1193 , 23774.8066352215 
 1194 , 23782.9937722777 
 1195 , 23770.877269237 
 1196 , 23743.3310545325 
 1197 , 23709.937400128 
 1198 , 23680.6961662689 
 1199 , 23665.4057852573 
 1200 , 23665.1320880005 
 1201 , 23672.5602523218 
 1202 , 23678.1026582076 
 1203 , 23668.6495127932 
 1204 , 23632.8017225822 
 1205 , 23566.7190236724 
 1206 , 23473.2698245593 
 1207 , 23393.1744678095 
 1208 , 23380.6446944131 
 1209 , 23420.1706282253 
 1210 , 23436.1520830289 
 1211 , 23399.3635788684 
 1212 , 23359.4106617537 
 1213 , 23349.3937054857 
 1214 , 23327.0806596608 
 1215 , 23248.8043666095 
 1216 , 23158.0306302306 
 1217 , 23128.1384755732 
 1218 , 23163.1630618295 
 1219 , 23214.8850088955 
 1220 , 23242.9203113556 
 1221 , 23219.6396029936 
 1222 , 23137.9996727663 
 1223 , 23042.7886441769 
 1224 , 22979.1740166465 
 1225 , 22949.9235579893 
 1226 , 22943.5152773379 
 1227 , 22943.8322547504 
 1228 , 22932.3552546295 
 1229 , 22904.0520162824 
 1230 , 22869.2819446496 
 1231 , 22835.2061393506 
 1232 , 22800.5136794359 
 1233 , 22764.5401731702 
 1234 , 22733.5824253642 
 1235 , 22713.7761003403 
 1236 , 22695.5073069998 
 1237 , 22662.6442686394 
 1238 , 22621.1237743356 
 1239 , 22596.3395821077 
 1240 , 22598.402456595 
 1241 , 22611.8244674655 
 1242 , 22621.5987658391 
 1243 , 22621.0355875382 
 1244 , 22606.2408479009 
 1245 , 22580.5770474306 
 1246 , 22550.3033264379 
 1247 , 22525.1128717288 
 1248 , 22516.4571593791 
 1249 , 22519.6130085478 
 1250 , 22510.8455878782 
 1251 , 22478.9063550097 
 1252 , 22441.2517402816 
 1253 , 22414.2338070155 
 1254 , 22395.3351916579 
 1255 , 22377.5048107629 
 1256 , 22354.8414804206 
 1257 , 22322.5718000319 
 1258 , 22285.8625715563 
 1259 , 22257.897947824 
 1260 , 22241.0963472986 
 1261 , 22221.9182464694 
 1262 , 22193.9512671566 
 1263 , 22172.5908600576 
 1264 , 22170.5843996432 
 1265 , 22170.7115359677 
 1266 , 22150.1890520626 
 1267 , 22119.96946207 
 1268 , 22108.1659801091 
 1269 , 22111.1832103875 
 1270 , 22095.1094065134 
 1271 , 22052.1352382511 
 1272 , 22019.9477201346 
 1273 , 22023.054310244 
 1274 , 22033.9865663767 
 1275 , 22022.0402943672 
 1276 , 21991.6544669371 
 1277 , 21958.8362167952 
 1278 , 21934.5664399222 
 1279 , 21926.3180039317 
 1280 , 21930.4616629481 
 1281 , 21931.9904420531 
 1282 , 21924.877963165 
 1283 , 21919.9834336205 
 1284 , 21924.1202129409 
 1285 , 21925.9652806592 
 1286 , 21913.6641275244 
 1287 , 21892.6417341849 
 1288 , 21873.1265955778 
 1289 , 21850.6067387552 
 1290 , 21812.215397886 
 1291 , 21764.3255201727 
 1292 , 21733.2289505809 
 1293 , 21720.626573512 
 1294 , 21683.3600632511 
 1295 , 21599.2179287876 
 1296 , 21523.838220957 
 1297 , 21512.7789394464 
 1298 , 21540.075636062 
 1299 , 21555.9544857528 
 1300 , 21551.1711928777 
 1301 , 21539.8207852187 
 1302 , 21526.4705278663 
 1303 , 21506.1641156731 
 1304 , 21477.9844644881 
 1305 , 21448.1785237885 
 1306 , 21420.7777192495 
 1307 , 21391.948252756 
 1308 , 21356.987093126 
 1309 , 21313.4433808256 
 1310 , 21260.5897970522 
 1311 , 21206.8092081931 
 1312 , 21164.5375258645 
 1313 , 21135.1023746054 
 1314 , 21110.4776487559 
 1315 , 21087.3026947759 
 1316 , 21069.0687999395 
 1317 , 21057.4144121877 
 1318 , 21048.5975743622 
 1319 , 21038.9508213457 
 1320 , 21028.0210213182 
 1321 , 21016.1531345591 
 1322 , 21003.7799162407 
 1323 , 20991.037949494 
 1324 , 20973.8453397472 
 1325 , 20945.6332389778 
 1326 , 20911.1022202362 
 1327 , 20887.3277413677 
 1328 , 20881.9345476187 
 1329 , 20884.6361758366 
 1330 , 20885.009808471 
 1331 , 20877.6271254771 
 1332 , 20859.1067131681 
 1333 , 20831.7248938527 
 1334 , 20799.614312676 
 1335 , 20767.7676512706 
 1336 , 20741.466517684 
 1337 , 20723.4832127992 
 1338 , 20714.3404085088 
 1339 , 20707.2448813525 
 1340 , 20686.0836761591 
 1341 , 20643.2475021686 
 1342 , 20589.9184246078 
 1343 , 20540.25912002 
 1344 , 20510.6756089876 
 1345 , 20512.7737027232 
 1346 , 20528.3997204905 
 1347 , 20531.7189768313 
 1348 , 20523.7017666942 
 1349 , 20519.4425317091 
 1350 , 20515.4427546666 
 1351 , 20492.0181020733 
 1352 , 20445.5738956906 
 1353 , 20395.2708875656 
 1354 , 20353.6425134827 
 1355 , 20315.4557532137 
 1356 , 20275.1551683481 
 1357 , 20234.0309064918 
 1358 , 20194.1261601393 
 1359 , 20153.3537972962 
 1360 , 20108.6717997032 
 1361 , 20061.8547531566 
 1362 , 20017.1252384939 
 1363 , 19974.5010156523 
 1364 , 19930.6216682835 
 1365 , 19892.0479303091 
 1366 , 19878.3440348749 
 1367 , 19893.4324551231 
 1368 , 19908.0269085457 
 1369 , 19895.8928749503 
 1370 , 19853.024829932 
 1371 , 19784.2180254957 
 1372 , 19716.6822190114 
 1373 , 19680.3418902888 
 1374 , 19668.7584466438 
 1375 , 19658.7997678484 
 1376 , 19646.2213565404 
 1377 , 19640.5220765158 
 1378 , 19635.07820309 
 1379 , 19604.9472086565 
 1380 , 19544.102240068 
 1381 , 19480.2029500365 
 1382 , 19434.3756493777 
 1383 , 19402.4263602083 
 1384 , 19376.8823342208 
 1385 , 19353.3366240307 
 1386 , 19328.019930302 
 1387 , 19296.2919374293 
 1388 , 19254.1790950198 
 1389 , 19208.2269233406 
 1390 , 19170.5407156657 
 1391 , 19140.5134495481 
 1392 , 19106.5409407903 
 1393 , 19066.580597457 
 1394 , 19031.3847189841 
 1395 , 19006.2290293139 
 1396 , 18984.3040452339 
 1397 , 18960.0072232254 
 1398 , 18935.1210405576 
 1399 , 18912.4843723233 
 1400 , 18893.7752584732 
 1401 , 18879.5890335577 
 1402 , 18865.3091893637 
 1403 , 18844.8575013397 
 1404 , 18820.0193202615 
 1405 , 18797.2011506925 
 1406 , 18778.3075390485 
 1407 , 18761.261583724 
 1408 , 18748.2096938306 
 1409 , 18746.8231791881 
 1410 , 18753.7396965555 
 1411 , 18744.3126761865 
 1412 , 18703.5651736177 
 1413 , 18649.4981879184 
 1414 , 18603.8987129016 
 1415 , 18581.0304714559 
 1416 , 18588.1884720266 
 1417 , 18601.4238229695 
 1418 , 18588.4643688574 
 1419 , 18552.0092902035 
 1420 , 18513.1922470146 
 1421 , 18476.6484834286 
 1422 , 18434.0846734423 
 1423 , 18386.7613426306 
 1424 , 18346.9383022524 
 1425 , 18319.1410387744 
 1426 , 18294.7240913899 
 1427 , 18269.6641421524 
 1428 , 18253.0427202888 
 1429 , 18249.3013674996 
 1430 , 18241.7316400175 
 1431 , 18215.8772177725 
 1432 , 18188.9929928959 
 1433 , 18181.6393242943 
 1434 , 18170.0334303124 
 1435 , 18116.5988212297 
 1436 , 18042.7536611091 
 1437 , 18003.1300684797 
 1438 , 18000.6271393074 
 1439 , 17994.522010994 
 1440 , 17971.057071235 
 1441 , 17949.6944517063 
 1442 , 17939.4145657335 
 1443 , 17929.0628843382 
 1444 , 17912.6550773933 
 1445 , 17900.1432449017 
 1446 , 17897.5663614306 
 1447 , 17891.3263836161 
 1448 , 17869.6821863376 
 1449 , 17847.4816552772 
 1450 , 17842.8612044073 
 1451 , 17845.3642819553 
 1452 , 17836.2030752543 
 1453 , 17827.9789195168 
 1454 , 17848.1434644814 
 1455 , 17883.3089296197 
 1456 , 17890.3871300356 
 1457 , 17866.3091039556 
 1458 , 17849.5075429354 
 1459 , 17850.0769141133 
 1460 , 17836.1059903315 
 1461 , 17791.8599625366 
 1462 , 17738.0047656757 
 1463 , 17691.6216975376 
 1464 , 17650.117776916 
 1465 , 17605.8342495667 
 1466 , 17544.2020877932 
 1467 , 17456.3746694681 
 1468 , 17369.5927287827 
 1469 , 17315.5112120202 
 1470 , 17278.7353930535 
 1471 , 17227.637989222 
 1472 , 17167.6405097446 
 1473 , 17123.8991542439 
 1474 , 17099.9537058675 
 1475 , 17083.0824980996 
 1476 , 17068.2929328678 
 1477 , 17058.5956917091 
 1478 , 17051.1737710988 
 1479 , 17035.1355143705 
 1480 , 17004.658637639 
 1481 , 16963.6905709448 
 1482 , 16919.6650412578 
 1483 , 16885.7935102115 
 1484 , 16868.3883744793 
 1485 , 16850.0025619387 
 1486 , 16817.0019901672 
 1487 , 16790.5623234117 
 1488 , 16794.09111491 
 1489 , 16812.7785509666 
 1490 , 16820.3302091717 
 1491 , 16804.4761371192 
 1492 , 16761.3126052722 
 1493 , 16707.0087370989 
 1494 , 16668.1179635936 
 1495 , 16645.9066988529 
 1496 , 16622.3737901413 
 1497 , 16590.6906839298 
 1498 , 16555.6859593807 
 1499 , 16522.8890294474 
 1500 , 16497.9879560117 
 1501 , 16480.2658533697 
 1502 , 16458.5908488064 
 1503 , 16430.3889483237 
 1504 , 16413.0265561801 
 1505 , 16412.6182728744 
 1506 , 16397.9536017514 
 1507 , 16346.2551337159 
 1508 , 16286.6593791106 
 1509 , 16251.8792387323 
 1510 , 16238.308144805 
 1511 , 16231.7937752749 
 1512 , 16217.6586554678 
 1513 , 16184.2089988492 
 1514 , 16144.9579547936 
 1515 , 16122.493565072 
 1516 , 16108.4311997472 
 1517 , 16077.7747337671 
 1518 , 16035.3627524938 
 1519 , 16007.592030003 
 1520 , 15998.2091688841 
 1521 , 15989.483754802 
 1522 , 15972.1826092851 
 1523 , 15948.0407393188 
 1524 , 15924.0877865551 
 1525 , 15913.9153491229 
 1526 , 15913.8425848337 
 1527 , 15888.4398922497 
 1528 , 15825.0901888903 
 1529 , 15769.3915907267 
 1530 , 15753.7283700212 
 1531 , 15751.6931454857 
 1532 , 15736.6223132005 
 1533 , 15716.547829861 
 1534 , 15703.4482339816 
 1535 , 15693.2699981892 
 1536 , 15679.8411606326 
 1537 , 15669.6553079826 
 1538 , 15670.1303186224 
 1539 , 15664.8084190402 
 1540 , 15631.2771993216 
 1541 , 15584.2435847009 
 1542 , 15555.0110617799 
 1543 , 15543.4672701599 
 1544 , 15530.4329286666 
 1545 , 15510.6577718473 
 1546 , 15489.7180351626 
 1547 , 15471.7930611546 
 1548 , 15459.2959080837 
 1549 , 15448.361142963 
 1550 , 15428.6321478114 
 1551 , 15404.0444365852 
 1552 , 15397.4780735357 
 1553 , 15411.38036541 
 1554 , 15414.1525353258 
 1555 , 15390.7831223416 
 1556 , 15363.0701223955 
 1557 , 15346.534506729 
 1558 , 15333.3941275966 
 1559 , 15314.9892194117 
 1560 , 15288.9008741087 
 1561 , 15256.6971375328 
 1562 , 15229.5049868057 
 1563 , 15214.1455945003 
 1564 , 15193.0568057452 
 1565 , 15149.8203195306 
 1566 , 15101.2945128749 
 1567 , 15071.0877954783 
 1568 , 15065.9620466641 
 1569 , 15084.7545036188 
 1570 , 15112.526382385 
 1571 , 15130.3101580725 
 1572 , 15132.6695849549 
 1573 , 15120.9487288929 
 1574 , 15098.4100685295 
 1575 , 15069.3524322505 
 1576 , 15037.7438813298 
 1577 , 15007.3776978682 
 1578 , 14982.8042805467 
 1579 , 14968.619899655 
 1580 , 14959.6005565992 
 1581 , 14942.5779337371 
 1582 , 14920.1880850045 
 1583 , 14910.6437648021 
 1584 , 14913.5916787399 
 1585 , 14906.8449998262 
 1586 , 14882.6679467459 
 1587 , 14853.8722489457 
 1588 , 14829.2984232086 
 1589 , 14809.6838761139 
 1590 , 14792.7437600117 
 1591 , 14772.2008783721 
 1592 , 14746.0812850612 
 1593 , 14721.5286788608 
 1594 , 14701.6668337713 
 1595 , 14678.4041889984 
 1596 , 14648.3289460302 
 1597 , 14623.5990761089 
 1598 , 14613.0160509242 
 1599 , 14608.8662484171 
 1600 , 14602.5776327691 
 1601 , 14592.3362246229 
 1602 , 14578.2208578106 
 1603 , 14562.2342346126 
 1604 , 14548.9006959869 
 1605 , 14551.4271711333 
 1606 , 14578.1689964693 
 1607 , 14603.8918490157 
 1608 , 14599.1060767313 
 1609 , 14564.3155231372 
 1610 , 14511.0713435891 
 1611 , 14457.6202222625 
 1612 , 14421.4078539789 
 1613 , 14397.8639599737 
 1614 , 14374.3162883123 
 1615 , 14345.3720647603 
 1616 , 14309.7260213424 
 1617 , 14272.4642529441 
 1618 , 14240.2051177501 
 1619 , 14203.6594085964 
 1620 , 14147.1355106101 
 1621 , 14080.5291831512 
 1622 , 14028.0182703379 
 1623 , 13998.9485193982 
 1624 , 13991.8904164102 
 1625 , 13993.81460376 
 1626 , 13984.6110778317 
 1627 , 13960.7872894233 
 1628 , 13931.7136340257 
 1629 , 13904.0865695546 
 1630 , 13881.7885861921 
 1631 , 13863.1205862815 
 1632 , 13841.6177365218 
 1633 , 13815.0209433436 
 1634 , 13785.4596741819 
 1635 , 13758.6849516322 
 1636 , 13743.5303217875 
 1637 , 13735.2002102007 
 1638 , 13714.2590749916 
 1639 , 13681.0555606441 
 1640 , 13659.5421461382 
 1641 , 13650.0343240332 
 1642 , 13622.1774396645 
 1643 , 13574.3137862833 
 1644 , 13544.9309071389 
 1645 , 13543.4908627447 
 1646 , 13535.1613831876 
 1647 , 13509.4840062906 
 1648 , 13496.711681719 
 1649 , 13502.0177188282 
 1650 , 13486.6388641322 
 1651 , 13439.875030814 
 1652 , 13403.0443169798 
 1653 , 13395.0372001406 
 1654 , 13388.0383113202 
 1655 , 13364.8869290714 
 1656 , 13335.785559277 
 1657 , 13308.5830562395 
 1658 , 13281.4051085969 
 1659 , 13254.0048881132 
 1660 , 13231.3473510698 
 1661 , 13214.5642793856 
 1662 , 13195.8725270367 
 1663 , 13171.1903159037 
 1664 , 13146.3890359212 
 1665 , 13127.3202160927 
 1666 , 13117.0828117212 
 1667 , 13112.3057149925 
 1668 , 13096.1230516436 
 1669 , 13059.357554785 
 1670 , 13014.412022866 
 1671 , 12977.5793066768 
 1672 , 12967.2071290384 
 1673 , 12983.9554809715 
 1674 , 12985.9170976068 
 1675 , 12949.1505589701 
 1676 , 12907.9193717958 
 1677 , 12888.5327176537 
 1678 , 12876.7649669787 
 1679 , 12857.8950188032 
 1680 , 12831.070883414 
 1681 , 12800.0057102073 
 1682 , 12774.5352577254 
 1683 , 12759.2679076892 
 1684 , 12743.3005401751 
 1685 , 12718.007588545 
 1686 , 12686.579673609 
 1687 , 12655.4941920821 
 1688 , 12634.8728851303 
 1689 , 12626.6415453093 
 1690 , 12610.674045887 
 1691 , 12576.7173628207 
 1692 , 12547.818242962 
 1693 , 12540.093769204 
 1694 , 12539.6631988823 
 1695 , 12533.063789899 
 1696 , 12519.1492012106 
 1697 , 12499.9498170828 
 1698 , 12480.6804324562 
 1699 , 12463.2913665288 
 1700 , 12440.8242554955 
 1701 , 12410.7042746342 
 1702 , 12383.6566271598 
 1703 , 12366.583524588 
 1704 , 12353.2616393955 
 1705 , 12336.1412357899 
 1706 , 12308.8371330408 
 1707 , 12271.7945281534 
 1708 , 12239.9339942124 
 1709 , 12220.8074561052 
 1710 , 12202.4327327263 
 1711 , 12179.9225366656 
 1712 , 12167.8863639338 
 1713 , 12170.5223715364 
 1714 , 12166.861235081 
 1715 , 12146.1381160534 
 1716 , 12122.5650485227 
 1717 , 12106.917473798 
 1718 , 12098.5208078814 
 1719 , 12091.3220810965 
 1720 , 12072.161569947 
 1721 , 12040.8124866014 
 1722 , 12019.6460847714 
 1723 , 12014.6791664213 
 1724 , 12002.651954983 
 1725 , 11975.7468876089 
 1726 , 11953.321294337 
 1727 , 11941.5565239683 
 1728 , 11924.6385928685 
 1729 , 11899.158740536 
 1730 , 11880.6568138749 
 1731 , 11872.0161885841 
 1732 , 11858.3353855331 
 1733 , 11834.9930409058 
 1734 , 11810.9938630162 
 1735 , 11786.2230302994 
 1736 , 11749.9250489589 
 1737 , 11710.4533239212 
 1738 , 11695.9539755649 
 1739 , 11703.7505804052 
 1740 , 11700.6540870629 
 1741 , 11682.2672235748 
 1742 , 11671.0804999296 
 1743 , 11665.2432108097 
 1744 , 11642.284388588 
 1745 , 11604.170518995 
 1746 , 11572.1544878492 
 1747 , 11552.2774649891 
 1748 , 11538.9445727126 
 1749 , 11528.858661002 
 1750 , 11520.3291867092 
 1751 , 11509.6427001075 
 1752 , 11492.1833133496 
 1753 , 11467.4558810279 
 1754 , 11437.9267792677 
 1755 , 11411.0467101257 
 1756 , 11395.1209454023 
 1757 , 11384.0228376793 
 1758 , 11367.9129265597 
 1759 , 11360.7275711154 
 1760 , 11379.0865092364 
 1761 , 11389.4817782709 
 1762 , 11351.8069312485 
 1763 , 11302.2835967515 
 1764 , 11290.5128023495 
 1765 , 11295.4127171902 
 1766 , 11282.2222311694 
 1767 , 11256.3910227206 
 1768 , 11232.4451481831 
 1769 , 11215.5057648889 
 1770 , 11205.9820932181 
 1771 , 11195.9363265936 
 1772 , 11180.4204157905 
 1773 , 11169.7092743142 
 1774 , 11170.2873211204 
 1775 , 11169.8847554547 
 1776 , 11159.9231395087 
 1777 , 11148.6829107385 
 1778 , 11140.3785498211 
 1779 , 11125.0957890944 
 1780 , 11098.9132348846 
 1781 , 11072.7012316483 
 1782 , 11054.2176610499 
 1783 , 11043.1907343026 
 1784 , 11035.0882756165 
 1785 , 11020.4412281715 
 1786 , 10997.4330196359 
 1787 , 10974.5215732914 
 1788 , 10956.8955220863 
 1789 , 10945.1727982481 
 1790 , 10937.7951243373 
 1791 , 10931.6319170551 
 1792 , 10929.7362644962 
 1793 , 10939.0189089954 
 1794 , 10943.6571933741 
 1795 , 10914.2369710119 
 1796 , 10864.9898806336 
 1797 , 10835.7185969176 
 1798 , 10834.4261680762 
 1799 , 10850.0813273164 
 1800 , 10865.2592129107 
 1801 , 10862.2267652271 
 1802 , 10841.4860230379 
 1803 , 10811.3126292649 
 1804 , 10781.1659212545 
 1805 , 10759.4510326374 
 1806 , 10747.6459940523 
 1807 , 10742.6213204575 
 1808 , 10731.1106091909 
 1809 , 10704.7429111848 
 1810 , 10679.656140702 
 1811 , 10668.4462899452 
 1812 , 10659.9387647769 
 1813 , 10647.891719717 
 1814 , 10646.8042264589 
 1815 , 10659.6591911338 
 1816 , 10661.6096604792 
 1817 , 10640.8040547874 
 1818 , 10611.7662770448 
 1819 , 10588.4676984406 
 1820 , 10580.4230937809 
 1821 , 10585.9534199775 
 1822 , 10591.0831050479 
 1823 , 10586.7954959714 
 1824 , 10570.2111556203 
 1825 , 10549.4679009062 
 1826 , 10540.2059243913 
 1827 , 10543.0258795152 
 1828 , 10548.063900143 
 1829 , 10543.8593079737 
 1830 , 10521.1377806155 
 1831 , 10493.2497190773 
 1832 , 10479.7541189071 
 1833 , 10474.7335306677 
 1834 , 10465.2566100021 
 1835 , 10450.8584305328 
 1836 , 10434.8176260989 
 1837 , 10420.2439978875 
 1838 , 10408.2692117869 
 1839 , 10393.9985190643 
 1840 , 10375.7915818381 
 1841 , 10363.0223521907 
 1842 , 10357.2529510253 
 1843 , 10341.0896419402 
 1844 , 10312.8264068592 
 1845 , 10299.5282226646 
 1846 , 10304.3186298174 
 1847 , 10296.0476119342 
 1848 , 10270.0913425781 
 1849 , 10251.9353390658 
 1850 , 10248.5725496024 
 1851 , 10249.6561652014 
 1852 , 10246.3999576151 
 1853 , 10232.7931993201 
 1854 , 10215.1829547542 
 1855 , 10204.1050277968 
 1856 , 10189.5013764043 
 1857 , 10157.5574086587 
 1858 , 10126.0128214117 
 1859 , 10116.781965216 
 1860 , 10120.9460734915 
 1861 , 10122.8626021141 
 1862 , 10112.9042083175 
 1863 , 10088.8485067093 
 1864 , 10064.6006007078 
 1865 , 10050.9221000999 
 1866 , 10046.6354557852 
 1867 , 10045.7608419189 
 1868 , 10037.1447194289 
 1869 , 10017.2541028365 
 1870 , 9992.92765759245 
 1871 , 9972.7868908405 
 1872 , 9965.50008579474 
 1873 , 9963.11851439463 
 1874 , 9946.85866453085 
 1875 , 9923.099472846 
 1876 , 9911.15228454078 
 1877 , 9907.98305455081 
 1878 , 9902.13019325421 
 1879 , 9896.11430258782 
 1880 , 9895.55544893547 
 1881 , 9897.04176646687 
 1882 , 9896.9241886466 
 1883 , 9899.02428988737 
 1884 , 9900.29009043467 
 1885 , 9876.87945321321 
 1886 , 9827.92104752321 
 1887 , 9801.42495285327 
 1888 , 9809.99554161331 
 1889 , 9808.20171392137 
 1890 , 9786.34148169103 
 1891 , 9777.64403513764 
 1892 , 9779.68114316512 
 1893 , 9760.65602518003 
 1894 , 9725.88667417164 
 1895 , 9702.6415224049 
 1896 , 9693.37676452833 
 1897 , 9688.34844721713 
 1898 , 9679.52842933904 
 1899 , 9661.38155303885 
 1900 , 9636.29922604737 
 1901 , 9610.6418369963 
 1902 , 9596.49560883592 
 1903 , 9598.78687952622 
 1904 , 9603.20391318736 
 1905 , 9596.80486089095 
 1906 , 9574.13435732669 
 1907 , 9545.66618235496 
 1908 , 9539.99602870296 
 1909 , 9552.58778215826 
 1910 , 9548.15864470112 
 1911 , 9527.42304225997 
 1912 , 9515.21554837766 
 1913 , 9508.66977773732 
 1914 , 9493.27944666443 
 1915 , 9477.72120685432 
 1916 , 9474.71543601469 
 1917 , 9473.61230435607 
 1918 , 9461.76692938903 
 1919 , 9441.46266480463 
 1920 , 9419.50002318397 
 1921 , 9406.06269974094 
 1922 , 9402.58097178122 
 1923 , 9395.14729683078 
 1924 , 9374.91250340472 
 1925 , 9341.71487318236 
 1926 , 9308.08326800343 
 1927 , 9295.1843687732 
 1928 , 9295.71080378961 
 1929 , 9286.84225022773 
 1930 , 9274.0988577733 
 1931 , 9271.86225124751 
 1932 , 9268.12010518514 
 1933 , 9248.36315760962 
 1934 , 9222.57938205279 
 1935 , 9203.89792549681 
 1936 , 9198.41098467098 
 1937 , 9205.18614700361 
 1938 , 9212.43199753649 
 1939 , 9212.33120884179 
 1940 , 9204.22050787237 
 1941 , 9192.96068069819 
 1942 , 9186.98160125945 
 1943 , 9178.41233746672 
 1944 , 9152.27754512737 
 1945 , 9128.783616151 
 1946 , 9135.13966468196 
 1947 , 9141.78244642804 
 1948 , 9116.95736550285 
 1949 , 9092.84191980301 
 1950 , 9093.42790753058 
 1951 , 9084.4564154689 
 1952 , 9051.23935798997 
 1953 , 9028.93705913623 
 1954 , 9026.49798646575 
 1955 , 9015.3749737203 
 1956 , 8993.11203625844 
 1957 , 8980.57192064644 
 1958 , 8979.93535972273 
 1959 , 8981.67667129105 
 1960 , 8978.69517290877 
 1961 , 8966.54130825943 
 1962 , 8947.8725549082 
 1963 , 8929.13114024876 
 1964 , 8922.02038968696 
 1965 , 8927.31364627006 
 1966 , 8921.37148015798 
 1967 , 8897.39084927899 
 1968 , 8876.38840103676 
 1969 , 8866.46927195253 
 1970 , 8861.10735565824 
 1971 , 8857.74178929305 
 1972 , 8855.44557595914 
 1973 , 8841.37466692488 
 1974 , 8805.97087993999 
 1975 , 8784.28967080936 
 1976 , 8804.08959391608 
 1977 , 8823.80099278858 
 1978 , 8810.21779462258 
 1979 , 8778.77168736663 
 1980 , 8747.66420746026 
 1981 , 8729.26842146551 
 1982 , 8722.01821988614 
 1983 , 8711.99589822263 
 1984 , 8698.89651275212 
 1985 , 8691.12329606585 
 1986 , 8690.21239941943 
 1987 , 8692.18598099494 
 1988 , 8682.10114333848 
 1989 , 8651.64216492157 
 1990 , 8622.50975227052 
 1991 , 8610.70822459063 
 1992 , 8609.68471157214 
 1993 , 8615.81645870419 
 1994 , 8632.25852315769 
 1995 , 8650.05199375535 
 1996 , 8650.04843415746 
 1997 , 8623.94286347382 
 1998 , 8576.19615538915 
 1999 , 8549.68048209093 
 2000 , 8578.45038424094 
 2001 , 8602.96884822677 
 2002 , 8579.85754376739 
 2003 , 8563.32690012301 
 2004 , 8573.69434492914 
 2005 , 8554.06152494886 
 2006 , 8503.88867072746 
 2007 , 8485.50100973395 
 2008 , 8491.93744617305 
 2009 , 8474.01976307333 
 2010 , 8452.8448141373 
 2011 , 8466.24502498497 
 2012 , 8476.8959703647 
 2013 , 8450.03947772863 
 2014 , 8421.26130481151 
 2015 , 8414.07950266428 
 2016 , 8407.41241823839 
 2017 , 8395.53700706533 
 2018 , 8394.97580173053 
 2019 , 8397.64070766188 
 2020 , 8380.71326792477 
 2021 , 8366.10768806306 
 2022 , 8383.99243923863 
 2023 , 8393.52439063723 
 2024 , 8356.99245464064 
 2025 , 8313.0326956331 
 2026 , 8294.11297519998 
 2027 , 8293.61302490194 
 2028 , 8295.53122256866 
 2029 , 8279.58681769342 
 2030 , 8252.78867089697 
 2031 , 8240.57155446601 
 2032 , 8243.8676061091 
 2033 , 8249.70409771671 
 2034 , 8237.44184813063 
 2035 , 8200.56254731014 
 2036 , 8179.7792568289 
 2037 , 8192.67720230084 
 2038 , 8201.140936853 
 2039 , 8187.2783834584 
 2040 , 8162.66868781006 
 2041 , 8141.25509286396 
 2042 , 8135.31790053756 
 2043 , 8140.84226197399 
 2044 , 8145.86237496668 
 2045 , 8135.4047831913 
 2046 , 8105.77372653547 
 2047 , 8083.49916608126 
 2048 , 8080.97954661662 
 2049 , 8081.88500423848 
 2050 , 8079.02575133058 
 2051 , 8075.78877169981 
 2052 , 8068.35600362423 
 2053 , 8050.56608134564 
 2054 , 8029.68106813169 
 2055 , 8013.95383133589 
 2056 , 7998.23669968927 
 2057 , 7979.31682856878 
 2058 , 7963.68920246469 
 2059 , 7958.75153157532 
 2060 , 7969.94749642368 
 2061 , 7978.65319433501 
 2062 , 7954.35968343052 
 2063 , 7916.49709788693 
 2064 , 7897.82645262464 
 2065 , 7887.27204075721 
 2066 , 7870.70913269956 
 2067 , 7856.23365117928 
 2068 , 7850.36708738099 
 2069 , 7851.97812551656 
 2070 , 7856.51282772368 
 2071 , 7856.67827843167 
 2072 , 7843.42998164535 
 2073 , 7812.77391661197 
 2074 , 7791.65144292503 
 2075 , 7800.24845892483 
 2076 , 7809.7809246098 
 2077 , 7796.2004925127 
 2078 , 7759.59259184642 
 2079 , 7719.13140156454 
 2080 , 7707.22200564182 
 2081 , 7712.6763134247 
 2082 , 7703.12846443397 
 2083 , 7682.11836380209 
 2084 , 7664.04947396697 
 2085 , 7656.16452023588 
 2086 , 7655.87342844828 
 2087 , 7645.78998595816 
 2088 , 7626.45590668697 
 2089 , 7618.11339056188 
 2090 , 7621.6148931199 
 2091 , 7624.7118937762 
 2092 , 7616.27561019841 
 2093 , 7591.83626888632 
 2094 , 7567.29761974275 
 2095 , 7554.63132915902 
 2096 , 7550.48880579251 
 2097 , 7550.25836563758 
 2098 , 7549.83939156037 
 2099 , 7545.65938700518 
 2100 , 7536.01888239471 
 2101 , 7528.41189563767 
 2102 , 7526.15618960819 
 2103 , 7508.57252602485 
 2104 , 7474.55771220613 
 2105 , 7464.99676787295 
 2106 , 7477.79141975682 
 2107 , 7466.38817288541 
 2108 , 7436.27554404345 
 2109 , 7419.19974959538 
 2110 , 7411.4812148284 
 2111 , 7399.96010865084 
 2112 , 7379.32977419403 
 2113 , 7355.38589291814 
 2114 , 7348.42242652004 
 2115 , 7354.61684315672 
 2116 , 7349.60884205025 
 2117 , 7338.35564189373 
 2118 , 7335.02098776874 
 2119 , 7321.74898029109 
 2120 , 7289.49531561785 
 2121 , 7273.61640118284 
 2122 , 7279.88580247433 
 2123 , 7266.94313786017 
 2124 , 7243.24660986263 
 2125 , 7250.38898144113 
 2126 , 7264.3340410666 
 2127 , 7246.63170507473 
 2128 , 7215.22084046174 
 2129 , 7192.07508356724 
 2130 , 7180.50036205748 
 2131 , 7177.08534140994 
 2132 , 7173.72763418953 
 2133 , 7166.11975761817 
 2134 , 7152.5865211135 
 2135 , 7131.88228092172 
 2136 , 7106.61201916868 
 2137 , 7089.73917629378 
 2138 , 7083.72216083603 
 2139 , 7072.7362163785 
 2140 , 7052.15235602006 
 2141 , 7029.00502646247 
 2142 , 7015.98269161385 
 2143 , 7021.6313094993 
 2144 , 7028.4859027464 
 2145 , 7023.8627500009 
 2146 , 7017.73702962982 
 2147 , 7015.05902435603 
 2148 , 7011.79600536423 
 2149 , 7001.24657241799 
 2150 , 6978.61821773653 
 2151 , 6956.23575111726 
 2152 , 6943.06401232212 
 2153 , 6924.59051422392 
 2154 , 6899.0773033943 
 2155 , 6886.82559948903 
 2156 , 6885.85565074324 
 2157 , 6879.07983300356 
 2158 , 6872.94845752378 
 2159 , 6877.93308953851 
 2160 , 6884.729612735 
 2161 , 6882.07707896593 
 2162 , 6863.36002823953 
 2163 , 6839.92885987494 
 2164 , 6835.15773884782 
 2165 , 6835.70600717295 
 2166 , 6819.92378713502 
 2167 , 6808.19743591152 
 2168 , 6811.18691698672 
 2169 , 6798.80469520109 
 2170 , 6768.00733051829 
 2171 , 6747.7332803024 
 2172 , 6737.64207511511 
 2173 , 6724.82220750207 
 2174 , 6722.17051681487 
 2175 , 6736.25482201371 
 2176 , 6741.30555432475 
 2177 , 6726.68714050775 
 2178 , 6705.60577571287 
 2179 , 6687.64157392523 
 2180 , 6677.35063068975 
 2181 , 6670.17939598616 
 2182 , 6662.61680023181 
 2183 , 6661.40187747241 
 2184 , 6667.09864073267 
 2185 , 6669.81069631576 
 2186 , 6658.21302420016 
 2187 , 6626.2835740143 
 2188 , 6601.1800053653 
 2189 , 6604.95184585793 
 2190 , 6613.47283887808 
 2191 , 6604.1657739471 
 2192 , 6569.65638378088 
 2193 , 6532.17800871103 
 2194 , 6525.86146703737 
 2195 , 6532.6078237974 
 2196 , 6527.92851397398 
 2197 , 6523.22723192689 
 2198 , 6520.53912557092 
 2199 , 6502.31576232051 
 2200 , 6482.92282315394 
 2201 , 6490.48488126248 
 2202 , 6491.11264683464 
 2203 , 6456.32754896675 
 2204 , 6434.26070352474 
 2205 , 6443.32323876591 
 2206 , 6445.48549997609 
 2207 , 6430.516644602 
 2208 , 6411.79880381697 
 2209 , 6409.07296808613 
 2210 , 6425.44059824393 
 2211 , 6416.46520790621 
 2212 , 6373.61615765724 
 2213 , 6341.2078108057 
 2214 , 6324.65873051552 
 2215 , 6306.25827761183 
 2216 , 6292.51087282845 
 2217 , 6290.95558574399 
 2218 , 6293.03406309783 
 2219 , 6291.19799910225 
 2220 , 6282.78488944174 
 2221 , 6275.10336134056 
 2222 , 6276.21121321478 
 2223 , 6271.86618574754 
 2224 , 6251.89950825801 
 2225 , 6227.32676014272 
 2226 , 6202.10618804411 
 2227 , 6172.19488401049 
 2228 , 6150.8202789271 
 2229 , 6151.68933266436 
 2230 , 6156.18746769718 
 2231 , 6149.28415308086 
 2232 , 6135.70292780078 
 2233 , 6118.27743902503 
 2234 , 6098.52199501402 
 2235 , 6092.59802508956 
 2236 , 6108.05300317166 
 2237 , 6107.18214921093 
 2238 , 6075.28899157129 
 2239 , 6042.51228209081 
 2240 , 6022.64620186533 
 2241 , 6014.23481441961 
 2242 , 6010.50703579803 
 2243 , 6006.82242128572 
 2244 , 6007.42046533062 
 2245 , 6005.54059186402 
 2246 , 5982.79019706013 
 2247 , 5946.65327881382 
 2248 , 5916.2182475594 
 2249 , 5896.55635604086 
 2250 , 5887.34848079961 
 2251 , 5885.13383897936 
 2252 , 5888.20193991383 
 2253 , 5894.97194160783 
 2254 , 5891.73268318432 
 2255 , 5871.86973326226 
 2256 , 5864.90376770753 
 2257 , 5876.20160813933 
 2258 , 5871.1196888925 
 2259 , 5848.52956249773 
 2260 , 5827.87345032553 
 2261 , 5810.22504942864 
 2262 , 5794.03806253293 
 2263 , 5783.96216876822 
 2264 , 5775.65486449903 
 2265 , 5757.23940100772 
 2266 , 5735.10813575439 
 2267 , 5720.36161326183 
 2268 , 5710.47949332284 
 2269 , 5703.85211212825 
 2270 , 5703.58561853749 
 2271 , 5701.71154997867 
 2272 , 5686.62753198236 
 2273 , 5669.54472871236 
 2274 , 5662.61677133742 
 2275 , 5663.7319892817 
 2276 , 5663.46177440625 
 2277 , 5649.16187358425 
 2278 , 5626.2784084899 
 2279 , 5605.67264598444 
 2280 , 5587.88559531605 
 2281 , 5578.94610786346 
 2282 , 5592.61972654338 
 2283 , 5603.53847184481 
 2284 , 5574.73924834948 
 2285 , 5541.26436747189 
 2286 , 5535.74659134749 
 2287 , 5542.32246266793 
 2288 , 5539.4542737208 
 2289 , 5510.81620067889 
 2290 , 5474.79403528122 
 2291 , 5456.09926263774 
 2292 , 5455.88410698933 
 2293 , 5464.25950706601 
 2294 , 5463.60279539834 
 2295 , 5445.48684007352 
 2296 , 5412.95755257603 
 2297 , 5391.8870174556 
 2298 , 5395.61119656879 
 2299 , 5407.01639749081 
 2300 , 5405.86964678353 
 2301 , 5379.50828911504 
 2302 , 5356.59691239218 
 2303 , 5355.00890065826 
 2304 , 5339.95555716268 
 2305 , 5307.71363816199 
 2306 , 5288.32908277468 
 2307 , 5283.91457468986 
 2308 , 5285.52566622636 
 2309 , 5289.68164402367 
 2310 , 5292.15172577081 
 2311 , 5286.799570459 
 2312 , 5270.1335200844 
 2313 , 5244.38523666764 
 2314 , 5227.07078269322 
 2315 , 5224.17133070017 
 2316 , 5219.49224784876 
 2317 , 5214.93070561174 
 2318 , 5219.92540143053 
 2319 , 5213.35092493454 
 2320 , 5185.22958406112 
 2321 , 5163.42049435932 
 2322 , 5156.93186924929 
 2323 , 5154.71148827588 
 2324 , 5143.76059473923 
 2325 , 5121.15296320683 
 2326 , 5107.77863244395 
 2327 , 5106.44745178619 
 2328 , 5100.18330118171 
 2329 , 5086.41883879026 
 2330 , 5072.32474390799 
 2331 , 5072.66579560873 
 2332 , 5078.70076617628 
 2333 , 5057.73362720507 
 2334 , 5024.5870117057 
 2335 , 5010.19218825844 
 2336 , 5014.87533529853 
 2337 , 5020.92598388073 
 2338 , 4999.14565585818 
 2339 , 4966.2578910667 
